10 100 40

0.00000 1.00000
0.00000 1.00000
0.00000 1.00000
0.00000 1.00000
0.00000 1.00000
0.00000 1.00000
0.00000 1.00000
0.00000 1.00000
0.00000 1.00000
0.00000 1.00000


-0.15057 -4.38698
-0.35712 -4.32357
-0.25362 -4.36496
-0.37718 -3.92910
-0.15647 -4.38257
-0.16095 -4.30860
-0.39082 -4.10050
-0.13412 -3.88167
-0.26753 -4.08262
-0.31033 -4.17709
-0.24982 -4.57649
-0.24772 -4.15296
-0.12606 -4.35482
-0.31495 -4.08667
-0.25383 -3.87653
-0.29241 -4.45305
-0.26452 -4.02260
-0.28484 -3.97558
-0.27709 -4.02572
-0.23063 -4.05841
-0.33722 -4.55972
-0.26724 -4.28065
-0.16074 -3.97965
-0.16983 -3.86525
-0.37608 -4.12725
-0.21385 -4.08555
-0.38287 -4.02548
-0.21459 -4.53109
-0.26843 -4.15546
-0.26404 -4.41477
-0.12957 -3.91134
-0.25761 -4.01178
-0.38428 -4.06340
-0.24832 -3.92232
-0.31550 -4.50389
-0.10225 -3.93812
-0.16500 -4.08652
-0.38592 -4.10977
-0.13600 -4.51776
-0.39908 -3.93182
-0.30237 -3.90697
-0.36231 -4.04218
-0.38782 -3.97614
-0.20701 -4.52639
-0.31998 -4.03512
-0.36670 -4.57462
-0.25957 -4.10854
-0.30780 -4.43256
-0.17013 -4.26245
-0.29836 -4.23369
-0.25205 -4.27065
-0.23855 -3.85168
-0.20072 -4.57784
-0.34968 -4.23703
-0.11039 -4.16504
-0.22987 -4.48111
-0.34234 -3.98685
-0.10501 -3.92109
-0.24687 -4.09186
-0.39930 -3.87315
-0.32217 -3.95859
-0.35006 -4.16504
-0.10629 -4.27351
-0.14867 -4.00038
-0.13375 -3.90026
-0.36913 -4.48541
-0.20848 -3.83611
-0.22906 -4.27276
-0.11223 -3.89142
-0.29505 -3.93075
-0.11659 -4.05455
-0.32752 -3.87780
-0.10806 -4.10102
-0.39932 -4.49529
-0.39864 -4.56876
-0.17057 -4.22126
-0.32752 -3.88457
-0.29651 -4.05384
-0.28762 -4.14381
-0.35453 -4.28173
-0.16051 -4.36569
-0.14755 -4.37079
-0.11839 -4.05532
-0.10650 -4.48419
-0.35299 -4.38445
-0.12832 -4.34584
-0.21938 -3.95317
-0.37204 -3.85860
-0.38250 -3.86898
-0.32072 -4.39133
-0.29138 -3.90038
-0.11161 -4.38440
-0.31046 -4.27124
-0.20477 -4.24319
-0.11914 -3.99172
-0.24105 -4.52918
-0.38988 -4.36386
-0.14846 -3.92834
-0.32943 -4.30062
-0.27660 -4.12707

-0.20453 -4.20287
-0.20999 -4.14864
-0.32958 -4.03009
-0.33764 -3.90217
-0.22449 -3.89621
-0.11392 -4.23102
-0.14518 -3.84253
-0.20938 -4.42140
-0.23270 -4.16579
-0.18867 -4.24829
-0.34367 -4.48691
-0.27223 -4.28760
-0.20650 -4.56996
-0.11353 -4.08078
-0.15651 -3.83528
-0.36643 -3.93523
-0.31323 -4.24210
-0.31193 -4.06113
-0.13201 -4.17872
-0.32812 -4.57366
-0.12775 -3.98095
-0.26442 -3.92466
-0.34722 -4.41701
-0.36069 -4.30592
-0.37456 -4.53164
-0.18584 -4.00182
-0.34890 -4.03243
-0.26136 -3.88111
-0.12861 -4.13650
-0.29964 -4.38917
-0.33641 -4.10016
-0.32918 -3.92884
-0.38967 -4.22900
-0.14056 -4.33563
-0.36301 -4.30168
-0.15555 -4.19334
-0.21105 -4.27825
-0.14072 -4.26770
-0.33777 -3.88911
-0.21635 -4.08969
-0.34124 -4.05246
-0.39991 -3.83257
-0.29777 -4.12668
-0.20449 -4.47278
-0.27937 -4.38177
-0.12688 -4.46774
-0.14586 -3.85107
-0.26724 -4.48936
-0.15975 -3.98349
-0.37335 -4.30075
-0.35026 -4.23589
-0.39410 -4.36928
-0.14185 -4.32836
-0.20542 -4.52647
-0.10718 -4.43104
-0.15802 -4.44300
-0.27552 -4.39944
-0.22383 -4.39205
-0.20518 -4.16610
-0.10232 -4.47933
-0.17852 -4.15584
-0.29234 -4.17189
-0.10577 -4.48360
-0.36603 -4.25560
-0.23940 -4.27005
-0.18233 -4.07109
-0.20981 -3.84007
-0.29749 -4.40377
-0.38447 -4.36370
-0.10635 -4.32789
-0.18679 -3.92044
-0.23757 -4.38195
-0.36624 -4.15077
-0.15819 -4.23619
-0.18756 -3.90742
-0.12279 -4.06646
-0.36382 -3.90465
-0.11843 -4.34735
-0.28779 -4.35561
-0.18716 -4.23130
-0.33881 -4.01585
-0.29989 -4.43250
-0.11073 -4.56166
-0.25487 -4.04095
-0.38269 -3.92116
-0.20173 -3.92602
-0.22110 -4.07665
-0.28410 -4.39281
-0.28766 -3.88301
-0.32399 -4.25280
-0.20088 -4.50850
-0.22226 -4.10623
-0.39509 -4.34073
-0.24736 -4.22573
-0.23475 -3.87898
-0.11291 -4.30959
-0.35981 -4.31380
-0.36151 -4.02011
-0.34433 -4.01856
-0.17518 -3.87694

-0.16842 -4.06798
-0.35070 -4.55266
-0.21135 -4.22159
-0.39881 -4.49041
-0.14715 -3.99344
-0.16291 -4.07810
-0.37127 -3.87226
-0.35346 -4.03422
-0.38524 -4.34380
-0.29565 -4.01137
-0.23200 -3.87211
-0.13940 -4.13305
-0.16189 -4.04389
-0.12238 -4.57949
-0.18929 -4.25117
-0.26513 -4.37394
-0.37978 -4.08775
-0.16932 -3.89835
-0.28275 -3.91810
-0.35598 -3.93392
-0.38375 -4.00169
-0.15943 -4.39779
-0.19335 -4.02760
-0.16856 -4.18523
-0.11515 -4.42291
-0.16086 -3.99032
-0.30413 -4.40684
-0.36513 -4.30173
-0.31190 -4.11391
-0.22609 -4.52259
-0.28075 -4.01005
-0.31279 -4.56237
-0.28445 -4.16950
-0.14295 -4.44298
-0.33670 -4.34688
-0.38646 -4.52949
-0.14865 -3.84169
-0.11953 -4.20611
-0.12275 -4.06281
-0.21397 -4.34773
-0.35888 -4.52855
-0.33465 -4.46431
-0.22244 -4.21643
-0.22524 -4.19928
-0.29278 -3.93933
-0.30104 -4.35700
-0.29485 -4.47835
-0.25985 -4.35541
-0.13195 -4.13260
-0.16406 -3.87436
-0.10582 -4.37433
-0.25013 -4.13694
-0.12340 -4.26327
-0.23754 -4.00541
-0.15558 -4.48443
-0.16786 -4.57604
-0.28672 -4.08282
-0.16584 -4.27172
-0.35795 -4.00971
-0.16806 -3.88001
-0.24207 -3.98085
-0.12518 -4.08768
-0.33877 -4.29201
-0.12063 -3.91636
-0.13753 -4.36023
-0.26275 -4.09071
-0.36383 -4.34448
-0.18107 -4.26928
-0.38855 -4.23447
-0.21076 -4.07382
-0.15450 -4.41012
-0.19131 -4.49141
-0.20198 -4.49985
-0.32607 -4.07396
-0.12735 -4.44757
-0.25544 -4.01959
-0.10297 -3.88632
-0.24657 -4.03756
-0.32635 -4.24778
-0.11136 -4.05515
-0.18025 -4.57745
-0.33005 -4.28122
-0.11718 -3.94168
-0.19734 -3.96931
-0.16815 -3.84451
-0.13444 -3.94915
-0.24111 -4.09348
-0.20097 -4.01481
-0.29057 -3.90235
-0.25594 -4.33263
-0.24950 -3.99148
-0.25926 -4.06447
-0.18908 -4.18294
-0.26671 -4.37135
-0.11067 -4.40001
-0.11799 -4.29657
-0.34897 -4.00300
-0.35033 -4.35452
-0.38495 -3.91218
-0.15919 -3.88096

-0.37578 -4.34905
-0.13073 -3.98160
-0.31121 -4.57451
-0.37454 -4.30256
-0.15653 -3.90634
-0.34327 -3.86201
-0.10086 -3.88697
-0.13510 -4.40629
-0.39568 -4.17241
-0.28642 -4.42964
-0.29310 -4.10849
-0.14285 -3.97910
-0.32368 -4.40651
-0.38206 -3.84453
-0.13061 -4.46933
-0.18437 -3.99180
-0.26351 -4.31289
-0.38133 -4.34546
-0.15911 -4.27182
-0.17607 -4.31211
-0.13030 -3.88690
-0.20824 -4.16268
-0.36756 -4.33683
-0.10862 -4.21656
-0.10740 -4.52161
-0.28459 -3.96854
-0.38440 -4.31138
-0.37962 -4.06427
-0.25763 -3.90923
-0.37420 -4.38805
-0.37127 -4.43525
-0.38912 -3.84906
-0.10542 -4.35091
-0.25584 -4.49077
-0.27618 -3.97785
-0.15993 -4.17125
-0.26514 -4.25607
-0.22122 -3.97917
-0.28385 -4.46971
-0.38089 -4.29876
-0.23590 -4.22915
-0.38599 -4.19715
-0.19774 -3.84298
-0.28404 -4.04903
-0.14554 -4.58408
-0.26421 -4.15631
-0.38746 -3.99985
-0.12689 -4.22574
-0.16574 -4.53059
-0.22758 -3.99351
-0.35061 -3.92784
-0.34041 -4.34372
-0.39458 -3.99324
-0.33332 -4.46917
-0.30607 -4.49608
-0.18431 -4.01869
-0.35091 -4.01966
-0.10625 -4.08343
-0.27462 -4.33515
-0.21248 -3.85215
-0.33340 -4.52542
-0.19316 -4.31653
-0.26449 -4.56385
-0.21287 -4.51926
-0.23380 -4.09583
-0.35683 -4.21455
-0.28347 -4.07455
-0.27128 -4.39012
-0.34714 -4.26901
-0.16121 -3.85069
-0.21797 -4.35454
-0.10528 -3.92306
-0.17462 -4.13708
-0.10066 -4.55514
-0.13300 -4.16380
-0.30558 -4.53212
-0.39039 -4.15460
-0.20194 -4.08031
-0.35250 -4.21686
-0.17660 -3.94066
-0.13145 -3.97036
-0.28093 -4.42743
-0.31795 -4.47366
-0.38338 -4.08047
-0.19290 -3.97680
-0.35346 -4.03900
-0.16341 -4.21937
-0.23893 -4.54103
-0.18724 -4.35737
-0.23288 -3.87862
-0.27039 -4.57415
-0.25071 -4.10947
-0.37606 -4.06639
-0.23185 -4.48333
-0.13175 -4.54742
-0.34756 -4.31677
-0.32324 -4.48543
-0.30136 -3.84695
-0.31261 -4.08015
-0.32372 -4.41304

-0.16637 -4.26646
-0.36188 -4.46417
-0.36424 -4.04686
-0.34196 -4.30024
-0.10405 -4.44657
-0.21575 -4.47269
-0.28425 -4.13240
-0.24849 -4.58039
-0.32375 -4.09513
-0.34096 -3.87056
-0.23276 -3.84901
-0.17261 -4.35333
-0.31134 -4.22926
-0.36668 -4.31793
-0.16392 -4.49940
-0.24335 -4.41822
-0.13850 -4.03224
-0.35396 -4.16668
-0.34780 -4.51347
-0.16167 -4.50565
-0.15368 -4.26291
-0.27138 -4.02761
-0.24677 -4.54847
-0.32711 -4.42089
-0.25773 -4.26081
-0.31825 -3.94512
-0.39131 -4.40230
-0.14777 -3.86355
-0.31855 -3.92979
-0.21890 -4.45433
-0.19843 -4.45986
-0.20247 -4.22658
-0.34178 -3.94637
-0.36503 -4.09398
-0.18723 -4.21700
-0.28534 -4.57143
-0.38312 -3.99645
-0.22899 -4.49524
-0.13368 -4.32079
-0.22947 -4.34223
-0.32936 -4.21008
-0.21210 -4.21295
-0.22178 -4.33737
-0.32217 -4.24251
-0.29566 -4.07323
-0.11030 -4.25137
-0.15696 -4.37740
-0.21982 -4.47088
-0.12124 -4.52067
-0.10039 -3.89747
-0.30868 -4.34997
-0.27286 -4.02525
-0.13006 -4.09140
-0.17113 -3.93692
-0.14059 -4.39219
-0.30837 -4.07379
-0.15887 -4.52784
-0.33866 -4.29920
-0.20542 -4.29251
-0.13919 -4.32333
-0.10858 -4.05204
-0.30072 -3.85324
-0.15484 -4.18288
-0.16856 -3.95878
-0.25151 -4.21425
-0.29422 -4.03373
-0.13204 -4.02961
-0.15207 -4.09999
-0.14912 -4.38197
-0.14114 -4.36966
-0.25991 -4.48681
-0.23602 -4.43633
-0.13185 -4.37026
-0.12094 -4.25989
-0.31831 -4.38299
-0.34319 -4.49894
-0.19686 -4.23359
-0.22108 -4.56927
-0.12315 -3.87598
-0.22890 -4.10568
-0.31379 -4.36806
-0.24749 -4.53792
-0.39474 -3.89841
-0.32197 -4.13806
-0.31674 -4.40894
-0.29615 -4.29100
-0.32530 -3.91824
-0.17620 -4.39053
-0.22484 -4.00228
-0.28863 -4.52485
-0.17220 -3.87775
-0.11250 -4.32906
-0.12174 -4.09723
-0.27878 -4.54544
-0.36411 -4.34803
-0.17182 -4.46154
-0.32803 -4.05568
-0.14968 -4.23306
-0.18044 -3.90958
-0.16590 -4.22882

-0.37719 -4.33356
-0.35034 -4.03151
-0.13600 -4.08302
-0.17765 -4.22578
-0.16618 -4.42015
-0.27552 -3.99056
-0.18584 -4.11163
-0.21826 -4.34128
-0.17355 -4.26675
-0.25132 -4.31467
-0.14294 -4.04187
-0.15416 -4.16109
-0.20291 -4.50239
-0.34207 -4.03626
-0.29241 -4.20669
-0.20049 -3.91516
-0.27234 -4.14567
-0.32874 -4.09193
-0.26289 -4.54638
-0.25007 -4.51464
-0.12862 -4.26967
-0.22356 -4.16713
-0.17433 -3.95158
-0.14862 -4.49471
-0.38548 -3.85474
-0.17793 -4.39075
-0.35640 -3.84222
-0.21030 -4.25694
-0.13637 -3.96153
-0.37888 -4.06195
-0.12312 -4.50445
-0.20005 -4.57495
-0.15881 -4.02031
-0.12900 -3.98330
-0.38882 -4.47948
-0.16827 -3.84399
-0.35992 -4.11283
-0.21506 -4.24229
-0.23312 -4.14413
-0.27252 -3.94810
-0.26337 -4.39910
-0.17850 -4.52854
-0.36223 -3.93024
-0.15501 -4.17165
-0.29697 -4.15987
-0.24782 -3.96329
-0.33127 -4.30896
-0.20720 -4.08305
-0.35728 -4.35802
-0.14150 -3.85294
-0.36055 -4.08486
-0.38319 -4.43687
-0.19845 -4.23481
-0.12859 -3.84337
-0.34387 -4.32772
-0.22312 -3.95042
-0.14989 -4.42384
-0.18438 -4.39487
-0.31461 -4.04793
-0.15117 -4.24476
-0.15923 -3.99057
-0.36506 -4.11924
-0.33247 -4.11450
-0.24617 -4.10049
-0.35181 -4.53278
-0.39391 -3.91861
-0.20862 -4.43573
-0.30682 -4.09233
-0.27882 -4.36992
-0.25591 -3.89405
-0.34589 -4.14161
-0.18473 -4.33344
-0.18162 -4.00109
-0.30326 -4.04673
-0.24763 -4.47564
-0.39557 -4.35556
-0.13782 -4.54137
-0.36018 -3.99941
-0.28990 -4.43027
-0.19411 -4.05099
-0.13127 -4.05940
-0.21224 -4.43023
-0.33128 -4.58045
-0.13272 -4.24614
-0.15164 -3.98971
-0.28796 -4.33034
-0.20239 -3.86486
-0.16783 -4.29792
-0.34568 -3.99635
-0.19107 -4.06511
-0.19716 -4.43521
-0.20932 -3.95312
-0.25185 -4.14072
-0.28731 -3.83969
-0.15176 -4.37286
-0.11812 -4.26852
-0.30316 -4.05531
-0.12217 -3.92409
-0.26598 -3.90346
-0.31383 -3.98323

-0.17279 -3.91675
-0.32546 -3.89924
-0.29057 -3.97971
-0.11503 -4.22573
-0.15428 -3.84966
-0.26021 -4.44805
-0.10794 -3.93379
-0.32714 -4.14916
-0.17505 -4.47839
-0.23039 -4.36943
-0.11228 -4.09413
-0.12708 -4.35685
-0.39258 -4.31180
-0.18529 -4.34672
-0.38407 -4.17509
-0.33071 -4.09393
-0.16743 -4.17962
-0.38401 -4.58454
-0.30132 -4.22678
-0.37651 -3.94668
-0.20943 -4.48259
-0.11866 -3.84300
-0.35169 -4.22403
-0.32265 -4.24144
-0.13560 -4.52666
-0.13130 -4.10641
-0.28360 -4.42172
-0.33588 -4.00990
-0.13100 -4.49421
-0.24024 -3.91368
-0.35772 -4.16449
-0.29759 -3.83228
-0.34003 -3.86747
-0.22108 -4.17362
-0.34599 -4.57873
-0.26083 -4.17834
-0.25869 -4.10291
-0.21260 -3.87868
-0.34721 -4.51915
-0.37652 -4.13951
-0.28116 -4.32941
-0.29620 -4.04953
-0.18704 -4.18222
-0.19350 -4.25532
-0.18786 -4.09616
-0.19032 -4.14757
-0.17800 -4.57870
-0.22957 -4.12443
-0.36649 -4.00744
-0.31104 -4.52242
-0.23557 -4.08172
-0.34704 -4.21070
-0.13424 -4.53192
-0.27989 -4.34575
-0.36172 -4.06649
-0.18543 -4.42571
-0.15136 -3.83736
-0.35571 -4.16284
-0.32234 -4.56077
-0.33934 -4.20380
-0.14576 -4.07703
-0.20831 -4.47028
-0.11786 -4.41362
-0.34564 -4.50304
-0.19106 -4.06757
-0.13736 -3.95218
-0.11059 -4.43986
-0.36256 -4.45052
-0.24234 -4.37474
-0.38389 -3.92956
-0.11715 -4.55711
-0.21627 -3.83596
-0.28800 -4.35146
-0.37788 -4.53794
-0.11580 -3.92950
-0.10343 -3.85633
-0.11384 -3.94843
-0.23728 -3.92059
-0.25094 -4.51794
-0.13887 -4.55339
-0.34094 -4.15784
-0.30818 -4.04317
-0.24840 -4.04189
-0.19548 -4.31461
-0.18345 -4.58415
-0.28009 -4.08545
-0.17015 -4.50656
-0.27170 -4.18623
-0.24757 -4.24814
-0.14217 -4.04795
-0.38432 -4.03599
-0.23069 -4.48369
-0.27284 -4.42350
-0.32035 -4.44135
-0.34836 -4.17774
-0.24798 -4.07671
-0.17134 -4.51249
-0.35298 -3.97094
-0.11439 -4.10137
-0.14845 -4.04251

-0.15421 -4.04824
-0.17839 -4.10048
-0.11860 -4.57366
-0.38119 -4.34193
-0.30115 -4.56206
-0.21133 -3.92026
-0.13474 -3.97528
-0.25730 -3.87565
-0.29619 -4.52187
-0.32014 -4.36442
-0.34071 -3.87168
-0.33594 -3.94244
-0.19079 -4.19137
-0.13667 -3.83409
-0.12842 -4.08175
-0.37096 -4.53615
-0.14135 -4.03660
-0.24347 -4.46983
-0.14279 -4.42470
-0.10905 -3.92769
-0.13085 -4.48348
-0.34098 -3.89205
-0.23149 -3.95379
-0.18090 -4.56362
-0.35339 -4.35719
-0.37002 -3.97998
-0.30814 -4.50112
-0.39971 -4.39368
-0.18782 -4.41092
-0.36601 -4.04302
-0.24579 -4.22960
-0.13310 -4.00866
-0.23245 -4.55843
-0.16471 -4.39577
-0.26089 -4.02786
-0.38077 -4.20315
-0.21938 -4.28673
-0.26758 -4.03905
-0.24410 -4.01597
-0.21863 -4.40456
-0.15253 -4.51449
-0.31437 -3.98317
-0.10773 -3.85269
-0.13812 -4.01294
-0.21094 -4.42841
-0.23315 -4.16216
-0.39940 -4.45306
-0.37964 -4.41805
-0.38124 -4.26981
-0.17863 -4.57928
-0.18932 -4.19963
-0.24695 -4.09142
-0.39740 -4.52727
-0.24252 -4.20645
-0.16744 -4.29944
-0.23963 -4.08426
-0.35632 -4.02705
-0.21975 -3.91800
-0.29828 -4.51578
-0.37401 -4.56518
-0.18756 -4.42777
-0.32961 -4.44092
-0.35500 -4.29740
-0.26878 -4.24693
-0.36524 -4.48693
-0.25204 -4.15557
-0.20170 -4.42321
-0.21810 -3.95541
-0.13570 -4.37476
-0.19133 -4.18288
-0.23674 -4.12046
-0.29717 -3.90182
-0.29311 -4.42963
-0.22992 -4.26705
-0.31485 -4.22553
-0.22390 -3.92110
-0.20196 -4.25698
-0.14631 -4.21226
-0.21423 -4.19171
-0.22891 -4.26837
-0.21322 -4.15774
-0.15962 -4.25992
-0.25285 -4.23746
-0.10684 -4.21376
-0.18804 -3.91572
-0.37512 -4.58467
-0.35338 -4.37539
-0.38225 -4.40715
-0.33966 -4.48268
-0.32653 -4.54673
-0.36833 -4.32166
-0.20507 -4.11868
-0.18577 -4.38606
-0.30993 -3.86574
-0.19541 -4.29139
-0.27938 -3.97320
-0.15194 -4.52763
-0.18023 -3.88864
-0.32005 -4.33556
-0.35277 -4.17334

-0.31813 -4.26743
-0.21514 -4.55321
-0.30001 -4.57392
-0.20583 -4.44491
-0.16362 -4.02452
-0.13428 -4.13731
-0.39854 -4.57119
-0.35346 -4.51546
-0.20081 -4.39791
-0.15517 -4.38183
-0.10721 -4.15808
-0.31710 -3.87556
-0.32957 -4.04043
-0.20541 -4.25617
-0.36888 -3.88975
-0.31164 -4.22460
-0.33671 -4.16373
-0.11947 -4.21669
-0.11233 -3.97717
-0.12755 -3.84067
-0.25146 -4.48870
-0.22680 -4.04600
-0.34451 -3.93640
-0.31050 -3.99309
-0.25608 -3.89945
-0.33516 -4.47543
-0.31367 -4.18990
-0.12317 -4.43829
-0.34292 -4.08955
-0.32805 -4.24263
-0.10411 -4.07325
-0.35989 -4.48132
-0.21489 -4.48409
-0.20801 -4.20701
-0.13619 -4.07154
-0.30798 -4.31973
-0.27839 -4.34305
-0.34964 -4.20045
-0.28419 -3.90036
-0.11420 -4.46415
-0.34293 -4.27487
-0.24241 -4.10196
-0.36239 -4.30822
-0.33598 -4.09768
-0.26247 -4.16778
-0.34241 -3.92929
-0.30823 -4.20823
-0.29773 -4.33490
-0.25034 -4.57857
-0.14820 -4.16610
-0.37948 -4.32153
-0.25870 -4.07029
-0.35234 -4.35283
-0.34886 -4.47369
-0.36838 -4.55047
-0.17085 -4.12579
-0.36347 -4.30414
-0.36844 -4.57892
-0.35371 -4.16996
-0.23976 -4.38928
-0.39906 -4.23312
-0.21390 -4.08170
-0.32234 -4.25960
-0.31842 -4.08799
-0.30577 -4.28522
-0.13813 -4.52983
-0.28125 -4.50887
-0.25662 -4.05503
-0.24814 -4.58332
-0.14838 -4.49630
-0.26555 -4.05258
-0.11590 -4.55321
-0.23524 -4.35627
-0.36326 -3.83418
-0.22000 -4.22720
-0.16123 -4.45825
-0.16791 -3.90145
-0.28477 -3.89794
-0.38028 -4.07904
-0.22593 -4.24641
-0.34014 -4.43766
-0.32524 -4.35399
-0.23613 -4.39650
-0.29285 -3.89201
-0.19385 -4.07885
-0.27742 -4.42518
-0.23070 -3.92579
-0.37840 -4.07140
-0.26473 -4.07314
-0.32499 -4.24238
-0.11751 -4.50072
-0.35348 -4.34810
-0.19455 -3.92858
-0.27137 -4.47474
-0.28192 -4.28372
-0.23852 -3.94553
-0.23692 -4.00868
-0.20810 -4.47533
-0.24525 -3.96472
-0.12239 -4.31278

-0.20053 -4.48094
-0.11681 -4.24665
-0.23778 -3.88570
-0.30803 -4.25846
-0.28923 -4.50509
-0.11407 -4.50724
-0.39822 -4.06084
-0.10429 -4.01250
-0.36353 -4.48785
-0.22983 -4.06343
-0.37682 -4.29548
-0.24002 -4.34864
-0.15736 -3.88914
-0.35714 -4.24173
-0.34930 -4.26119
-0.23090 -4.17518
-0.18050 -4.22109
-0.28866 -4.21621
-0.31110 -4.05589
-0.35877 -4.02145
-0.29075 -4.14830
-0.39304 -4.34643
-0.32248 -3.88839
-0.19590 -4.42315
-0.21474 -3.88305
-0.34575 -3.94553
-0.30566 -4.47126
-0.15328 -3.88236
-0.37143 -4.43979
-0.35501 -4.18844
-0.17581 -4.02096
-0.24805 -4.57802
-0.13521 -4.50020
-0.20638 -3.86060
-0.17834 -4.09709
-0.17845 -4.22333
-0.24496 -4.36750
-0.11670 -3.94591
-0.37784 -4.13426
-0.35710 -4.33664
-0.27130 -4.19566
-0.34617 -4.25374
-0.23359 -3.96109
-0.13874 -3.88743
-0.26896 -4.38358
-0.33391 -4.04167
-0.27919 -4.14532
-0.25743 -4.51867
-0.23716 -4.55087
-0.19051 -4.45337
-0.15383 -4.25929
-0.22371 -4.52974
-0.33580 -4.54061
-0.19556 -3.94416
-0.37286 -4.51706
-0.25353 -4.51376
-0.18542 -4.42694
-0.31565 -4.04613
-0.28674 -4.02053
-0.17482 -3.98104
-0.38965 -4.11267
-0.39851 -4.21058
-0.25877 -3.93941
-0.25873 -3.92306
-0.14373 -3.84922
-0.32689 -4.14843
-0.30553 -4.46504
-0.38713 -4.47076
-0.34083 -4.46978
-0.28717 -4.00626
-0.27320 -4.31431
-0.24023 -4.15129
-0.22382 -4.28205
-0.34490 -4.25933
-0.30859 -3.94040
-0.33906 -3.94865
-0.16522 -4.43256
-0.24465 -4.58217
-0.24643 -3.95086
-0.11077 -4.24695
-0.28555 -3.86139
-0.14933 -4.57860
-0.26763 -4.24514
-0.31151 -4.40373
-0.23269 -4.56320
-0.17883 -4.30898
-0.24079 -4.57776
-0.34180 -4.30124
-0.19767 -3.91021
-0.32696 -4.28491
-0.23314 -4.20203
-0.20733 -4.00667
-0.37392 -3.83756
-0.17995 -4.17238
-0.28099 -4.13108
-0.30400 -4.36745
-0.23141 -4.29230
-0.28216 -4.06475
-0.23889 -3.87992
-0.17479 -4.17996


0.08548 1.25406
0.15891 1.66184
0.12235 1.22530
0.06826 1.70522
0.07915 1.77621
0.06723 1.63497
0.14459 1.70337
0.10842 1.79176
0.15745 1.67619
0.08820 1.53151
0.13158 1.36391
0.09576 1.21153
0.13416 1.28096
0.10824 1.61753
0.13381 1.29949
0.11886 1.58800
0.11377 1.44739
0.10867 1.71337
0.09855 1.72299
0.10299 1.80116
0.15509 1.98377
0.15296 1.31078
0.15636 1.28650
0.15617 1.21893
0.09841 1.72215
0.07211 1.77593
0.06247 1.40347
0.11975 1.25601
0.11186 1.53377
0.12605 1.20022
0.09667 1.98757
0.09823 1.33088
0.08498 1.88658
0.08127 1.29255
0.14937 1.48809
0.13335 1.33780
0.08674 1.69059
0.07713 1.76942
0.08229 1.88158
0.09454 1.48278
0.09258 1.69070
0.09195 1.45042
0.08196 1.44601
0.12157 1.25688
0.10155 1.49671
0.07760 1.57166
0.11656 1.76291
0.12938 1.63971
0.13720 1.70989
0.08516 1.64741
0.08883 1.20412
0.15239 1.28161
0.07809 1.40534
0.12889 1.40896
0.11996 1.60051
0.06756 1.82143
0.06851 1.92035
0.14609 1.44839
0.15555 1.74785
0.11688 1.74500
0.13804 1.53816
0.11775 1.65580
0.11919 1.52966
0.11862 1.52914
0.06616 1.97709
0.07085 1.65756
0.09602 1.33392
0.11770 1.82364
0.12464 1.33600
0.06646 1.23131
0.15709 1.42212
0.06032 1.22821
0.15550 1.90169
0.10099 1.87922
0.15392 1.63787
0.11157 1.52310
0.14540 1.20604
0.08519 1.92337
0.14567 1.59664
0.12071 1.83839
0.07194 1.68959
0.10004 1.59798
0.07472 1.74050
0.10209 1.24863
0.06558 1.57592
0.12730 1.49500
0.11070 1.43715
0.14678 1.87693
0.08507 1.82685
0.13836 1.76218
0.06774 1.45671
0.10280 1.60563
0.11895 1.48405
0.07784 1.58024
0.10149 1.32491
0.10573 1.56147
0.15475 1.87174
0.14933 1.54013
0.11071 1.74964
0.06424 1.86505
