10 100 60

0.00000 1.00000
0.00000 1.00000
0.00000 1.00000
0.00000 1.00000
0.00000 1.00000
0.00000 1.00000
0.00000 1.00000
0.00000 1.00000
0.00000 1.00000
0.00000 1.00000


-0.38122 -4.00667
-0.25307 -3.86276
-0.20043 -3.95222
-0.34904 -3.95563
-0.10002 -3.88168
-0.19380 -4.38101
-0.18541 -3.82510
-0.20786 -4.21836
-0.12680 -4.28315
-0.24981 -4.20068
-0.20906 -4.03172
-0.32716 -3.87953
-0.28489 -4.30452
-0.26710 -3.99604
-0.13279 -4.35363
-0.28600 -4.49612
-0.32607 -4.11811
-0.16007 -3.89594
-0.34367 -4.37875
-0.33432 -3.80328
-0.10921 -4.47387
-0.16373 -4.31671
-0.23456 -4.02936
-0.37522 -4.04291
-0.12807 -4.35845
-0.19010 -3.95480
-0.27561 -4.29839
-0.39636 -4.45845
-0.21363 -4.19991
-0.25360 -3.99492
-0.27592 -3.84293
-0.23471 -4.42227
-0.20174 -4.00782
-0.36597 -4.50876
-0.23871 -4.20947
-0.20528 -4.10230
-0.25075 -3.97514
-0.37644 -4.45662
-0.38123 -4.43041
-0.32454 -4.02928
-0.39705 -4.23968
-0.15916 -3.85666
-0.16033 -4.00028
-0.33468 -4.28432
-0.21681 -4.40673
-0.29068 -3.95272
-0.16110 -4.43109
-0.13205 -3.91721
-0.32449 -3.96718
-0.25499 -4.04822
-0.13098 -4.37436
-0.10117 -4.35653
-0.37268 -4.31015
-0.27571 -3.81972
-0.19305 -4.53082
-0.23565 -4.45233
-0.19049 -4.15161
-0.20744 -4.38544
-0.17781 -3.88359
-0.33170 -4.22025
-0.23915 -3.84923
-0.25092 -4.17168
-0.14494 -4.51575
-0.39058 -4.15677
-0.14928 -4.10183
-0.27745 -4.13214
-0.33268 -3.99174
-0.34835 -3.94320
-0.24818 -4.09612
-0.22592 -4.17292
-0.38299 -3.90696
-0.36380 -4.31102
-0.31963 -4.18311
-0.24670 -4.10029
-0.32442 -4.39417
-0.21888 -3.97704
-0.36096 -4.12584
-0.24733 -4.07818
-0.16220 -4.17121
-0.33072 -4.02708
-0.12098 -4.50238
-0.17038 -4.00624
-0.33429 -4.50793
-0.16502 -4.19994
-0.28578 -3.81257
-0.35793 -4.43985
-0.20757 -4.06594
-0.27508 -4.18837
-0.15241 -4.52623
-0.33980 -4.23591
-0.20910 -3.86892
-0.14709 -3.79574
-0.18497 -3.98668
-0.19744 -4.13503
-0.21121 -3.87715
-0.30171 -3.92299
-0.29175 -3.86939
-0.39986 -4.03900
-0.17918 -4.54130
-0.20646 -3.90524

-0.23556 -4.53550
-0.11734 -4.52749
-0.39412 -4.32736
-0.24108 -4.29419
-0.11926 -4.17800
-0.21748 -4.33637
-0.18796 -4.06736
-0.10907 -4.08101
-0.17287 -3.93374
-0.28247 -4.05820
-0.32063 -4.28213
-0.39829 -4.49801
-0.27928 -4.04928
-0.36780 -4.45551
-0.16435 -4.20354
-0.30678 -4.51650
-0.10656 -4.04804
-0.12524 -4.23860
-0.32138 -3.84266
-0.36499 -3.99559
-0.21977 -4.40382
-0.39014 -4.51781
-0.34963 -3.89570
-0.39727 -4.38956
-0.16672 -4.09136
-0.12645 -3.99814
-0.35406 -3.80861
-0.23339 -3.89686
-0.28503 -4.09344
-0.20958 -4.10496
-0.20841 -4.49496
-0.10594 -3.98057
-0.18791 -3.99241
-0.11269 -4.43887
-0.24036 -4.25149
-0.35687 -4.33833
-0.29446 -4.08128
-0.13827 -3.95077
-0.39110 -4.09038
-0.36747 -4.02873
-0.20577 -4.11005
-0.30295 -4.21321
-0.38590 -4.00702
-0.30724 -4.05167
-0.20462 -3.80236
-0.25574 -3.79272
-0.18958 -3.97857
-0.26339 -4.00820
-0.15541 -3.96712
-0.37009 -4.28985
-0.13449 -4.32218
-0.28828 -4.10033
-0.33397 -4.08259
-0.27852 -3.89430
-0.33853 -4.02110
-0.14860 -4.32085
-0.17618 -4.45305
-0.10544 -4.16451
-0.21923 -4.34685
-0.23890 -3.99603
-0.23860 -3.97770
-0.32910 -4.30800
-0.25605 -4.06673
-0.33318 -4.34258
-0.39270 -4.21653
-0.21657 -4.06353
-0.21974 -4.55002
-0.17717 -4.15407
-0.11825 -3.81544
-0.33270 -4.27462
-0.19885 -4.47497
-0.15548 -4.37090
-0.20244 -4.33017
-0.10700 -4.22879
-0.15890 -4.32113
-0.16496 -4.32976
-0.17753 -4.37522
-0.21785 -4.06388
-0.11538 -4.19104
-0.37290 -4.51254
-0.22122 -4.27044
-0.15100 -4.43605
-0.25627 -4.10345
-0.28455 -4.26984
-0.15708 -4.32743
-0.24624 -4.11835
-0.19917 -4.47883
-0.25322 -4.09980
-0.39934 -3.89856
-0.32802 -4.30977
-0.18450 -4.41417
-0.27029 -4.45650
-0.21773 -3.87750
-0.22900 -4.56150
-0.24932 -4.53763
-0.34101 -4.33854
-0.30464 -3.99274
-0.12304 -4.25550
-0.29343 -4.14971
-0.28745 -4.38266

-0.12443 -4.07897
-0.25455 -4.23986
-0.21694 -4.28665
-0.18073 -3.80026
-0.14357 -4.27777
-0.23966 -4.50827
-0.16733 -4.57219
-0.16141 -4.35757
-0.22394 -4.24982
-0.23011 -4.32801
-0.15374 -3.89987
-0.19885 -4.06261
-0.34778 -3.79477
-0.17327 -4.55208
-0.15639 -4.33458
-0.25040 -3.94909
-0.11755 -3.80493
-0.25962 -4.00087
-0.16535 -3.81376
-0.36293 -4.01071
-0.19472 -4.42987
-0.11427 -4.42425
-0.24110 -4.37837
-0.32790 -4.08548
-0.12032 -4.28364
-0.28571 -4.50121
-0.27100 -4.37873
-0.33263 -4.50952
-0.37972 -3.83366
-0.37456 -4.07329
-0.17201 -4.32302
-0.28747 -4.31613
-0.19223 -4.23420
-0.13545 -4.15756
-0.24140 -4.28775
-0.35590 -4.04591
-0.14779 -4.51284
-0.10981 -4.57410
-0.29289 -4.05621
-0.23543 -4.55241
-0.35227 -3.89074
-0.21119 -4.41152
-0.21928 -4.03525
-0.20836 -4.30167
-0.39034 -3.97926
-0.30178 -4.31684
-0.33847 -4.29111
-0.33444 -4.55186
-0.11471 -4.25363
-0.20694 -4.08482
-0.37626 -4.34799
-0.30150 -3.95456
-0.34226 -3.94816
-0.28864 -3.93593
-0.37890 -4.50100
-0.10028 -3.98346
-0.26229 -4.03636
-0.27879 -4.54514
-0.19747 -4.47918
-0.25826 -4.47513
-0.32984 -4.07070
-0.29967 -3.84497
-0.25471 -4.42211
-0.30601 -4.23212
-0.19270 -4.07924
-0.23401 -4.17244
-0.30193 -4.04754
-0.33078 -3.81750
-0.26166 -3.95596
-0.39209 -3.90349
-0.22774 -4.07377
-0.24719 -4.55298
-0.27918 -4.15269
-0.39521 -4.44474
-0.26016 -4.13852
-0.33762 -4.23270
-0.17040 -3.79895
-0.11232 -4.50998
-0.30574 -3.92500
-0.31109 -3.85692
-0.23525 -4.27149
-0.34886 -4.28093
-0.19316 -4.11618
-0.14234 -4.42304
-0.30399 -4.31975
-0.38435 -4.39181
-0.38990 -4.49985
-0.16735 -3.99740
-0.31455 -3.92051
-0.26732 -3.81208
-0.11299 -4.38924
-0.19334 -4.23838
-0.38592 -3.80594
-0.35066 -4.31422
-0.23659 -4.25124
-0.14395 -3.80983
-0.19787 -3.91770
-0.20497 -4.43363
-0.37427 -4.06042
-0.38222 -4.57121

-0.15316 -4.50064
-0.14043 -4.53501
-0.20145 -3.87129
-0.12101 -4.31543
-0.39100 -4.47446
-0.20437 -3.94268
-0.12136 -4.25523
-0.29562 -4.29389
-0.25381 -4.09573
-0.34445 -4.19803
-0.39314 -4.10873
-0.11761 -3.95009
-0.31896 -3.91334
-0.17323 -3.99429
-0.30893 -4.54838
-0.14139 -4.01082
-0.17684 -4.40922
-0.21676 -4.40660
-0.16075 -4.25093
-0.18673 -4.35575
-0.39477 -3.93083
-0.33765 -4.45315
-0.38520 -4.12822
-0.14399 -4.27605
-0.11975 -4.29428
-0.25772 -4.49004
-0.14070 -4.07524
-0.29458 -4.11483
-0.14948 -4.01250
-0.30112 -4.00861
-0.28547 -3.79852
-0.12344 -4.10582
-0.35217 -4.19953
-0.39949 -4.13439
-0.35214 -4.53788
-0.12287 -3.95338
-0.22963 -4.52545
-0.14779 -4.38209
-0.15981 -4.47707
-0.25675 -4.18153
-0.36101 -4.17899
-0.21057 -4.17701
-0.32847 -4.45318
-0.31837 -4.44986
-0.10228 -4.35659
-0.15036 -4.53084
-0.32659 -3.93283
-0.29265 -4.42252
-0.20817 -4.20576
-0.37513 -4.50091
-0.27191 -4.11543
-0.21282 -4.49471
-0.39282 -4.06359
-0.20811 -4.40941
-0.21411 -4.02312
-0.30659 -3.79483
-0.36285 -4.06116
-0.18913 -4.32583
-0.37968 -3.86945
-0.17792 -4.29328
-0.11894 -4.52116
-0.31144 -4.51916
-0.23899 -4.50951
-0.23905 -3.79400
-0.19031 -4.40219
-0.34765 -4.13051
-0.30520 -4.29917
-0.17756 -4.44747
-0.32564 -4.43406
-0.19195 -4.11304
-0.25491 -4.55977
-0.17977 -4.49481
-0.33078 -4.17580
-0.35743 -4.14087
-0.27508 -4.08403
-0.25594 -4.41454
-0.19669 -4.15370
-0.38264 -4.55236
-0.22159 -3.96466
-0.22099 -4.50078
-0.18588 -4.16363
-0.37638 -4.45002
-0.14692 -3.84947
-0.38421 -4.31659
-0.10357 -3.96868
-0.26658 -4.18361
-0.31302 -4.11914
-0.28729 -3.93120
-0.10843 -4.17539
-0.33206 -3.93879
-0.37612 -4.03356
-0.31361 -3.81765
-0.31601 -4.10370
-0.12398 -4.45192
-0.39716 -3.81627
-0.16027 -4.06914
-0.18130 -4.50477
-0.23798 -3.99580
-0.34289 -4.35913
-0.39390 -3.98038

-0.23667 -4.03680
-0.21315 -4.18429
-0.37222 -4.08481
-0.26895 -4.34144
-0.34097 -4.26659
-0.38363 -4.19103
-0.25285 -3.85062
-0.12494 -4.06091
-0.17294 -3.92947
-0.24153 -4.22090
-0.35251 -3.84174
-0.39155 -4.10282
-0.26568 -4.52764
-0.32488 -4.45752
-0.18074 -4.21298
-0.25604 -4.19051
-0.34886 -4.14306
-0.20663 -3.81461
-0.32473 -3.81028
-0.39713 -3.96312
-0.16177 -4.56643
-0.25327 -4.11937
-0.33081 -4.04163
-0.16106 -4.06139
-0.28463 -4.50978
-0.11991 -4.48486
-0.29346 -4.41959
-0.19907 -4.02012
-0.38030 -4.31503
-0.31731 -4.50226
-0.14932 -4.42162
-0.31581 -4.06148
-0.16897 -4.55386
-0.16992 -4.44078
-0.22488 -3.87456
-0.21123 -4.47647
-0.19356 -4.43505
-0.24899 -4.28868
-0.11006 -4.43675
-0.26092 -4.45139
-0.13296 -4.29782
-0.31184 -4.14720
-0.39922 -4.09673
-0.24173 -4.25131
-0.31414 -4.25264
-0.25659 -4.39600
-0.38784 -4.22532
-0.10621 -4.05630
-0.22532 -3.81284
-0.20522 -4.27959
-0.18955 -3.90776
-0.31606 -4.36230
-0.39619 -4.53799
-0.19365 -4.20316
-0.10813 -3.92596
-0.32899 -4.33256
-0.21077 -4.23083
-0.28593 -4.25650
-0.12628 -4.31456
-0.13413 -4.23474
-0.32534 -4.11543
-0.32748 -4.40347
-0.28541 -3.97072
-0.15892 -4.08703
-0.17228 -4.33820
-0.13784 -4.30985
-0.32400 -3.91537
-0.23063 -4.25822
-0.27938 -3.97808
-0.37747 -3.98203
-0.38974 -4.46603
-0.15328 -4.20327
-0.12226 -4.10710
-0.37046 -4.19866
-0.33543 -4.09885
-0.35988 -3.80473
-0.25409 -4.08454
-0.33000 -3.88032
-0.35415 -4.47849
-0.21541 -4.45066
-0.30798 -4.00009
-0.26365 -3.98223
-0.13765 -4.30230
-0.15041 -4.39365
-0.20102 -3.87917
-0.33529 -4.36351
-0.28175 -3.85582
-0.25625 -3.84510
-0.10357 -4.06945
-0.30362 -3.81678
-0.17147 -4.14368
-0.35696 -4.19977
-0.33804 -4.26764
-0.37642 -4.54053
-0.34005 -3.91431
-0.28159 -4.38328
-0.27249 -4.22650
-0.12854 -4.19538
-0.27987 -4.25868
-0.13482 -4.24980

-0.33617 -4.55809
-0.23842 -4.01330
-0.25048 -4.21024
-0.10543 -3.91550
-0.20415 -4.32818
-0.21524 -4.26911
-0.10519 -3.81755
-0.33329 -4.16190
-0.31309 -3.96424
-0.28894 -3.87341
-0.23584 -4.48818
-0.16626 -4.03446
-0.34494 -4.12296
-0.17836 -4.00423
-0.19979 -4.36733
-0.10086 -3.84519
-0.27617 -3.93304
-0.23579 -3.92990
-0.27726 -4.20099
-0.24046 -4.30967
-0.32183 -4.30500
-0.24394 -3.88557
-0.14902 -3.86991
-0.19637 -3.84730
-0.22347 -4.19607
-0.39690 -4.32388
-0.34824 -3.97586
-0.16392 -4.02140
-0.24832 -4.07478
-0.23143 -4.03036
-0.30116 -4.39232
-0.29100 -4.29790
-0.36285 -3.96155
-0.17354 -4.01514
-0.16388 -3.85796
-0.32051 -4.45653
-0.34676 -4.20554
-0.31033 -4.13871
-0.19340 -3.94196
-0.16423 -4.40338
-0.33126 -4.56076
-0.30599 -4.37818
-0.15983 -4.56000
-0.33120 -4.57424
-0.35234 -4.25509
-0.15721 -4.53928
-0.12025 -3.93133
-0.23035 -3.93024
-0.14819 -4.04500
-0.11005 -4.05319
-0.15077 -4.41742
-0.11175 -4.17745
-0.36680 -4.28549
-0.18008 -4.24081
-0.37745 -3.90486
-0.35712 -3.83784
-0.23139 -4.53238
-0.19790 -4.37014
-0.30743 -4.03313
-0.10540 -4.50641
-0.22577 -4.07579
-0.28613 -4.48466
-0.35225 -4.13484
-0.27899 -4.52053
-0.18732 -4.09776
-0.36463 -3.89230
-0.30947 -4.31400
-0.30485 -3.95548
-0.21414 -3.94398
-0.15270 -3.84716
-0.27970 -3.93811
-0.17103 -4.35123
-0.30908 -3.81005
-0.23819 -4.27333
-0.34164 -4.53553
-0.21636 -3.79279
-0.15912 -4.16298
-0.19058 -3.97739
-0.10897 -4.53571
-0.13769 -4.07610
-0.39249 -4.52007
-0.12513 -3.96318
-0.10185 -4.35141
-0.25475 -4.04136
-0.35578 -4.20030
-0.29904 -4.07743
-0.32063 -4.18801
-0.25019 -4.05502
-0.13390 -4.28402
-0.30166 -4.29029
-0.16793 -4.23049
-0.18105 -4.44770
-0.23240 -4.53881
-0.20993 -4.51960
-0.32744 -3.95314
-0.27030 -4.27874
-0.35587 -3.97005
-0.27421 -3.95958
-0.21414 -4.27379
-0.38466 -3.96640

-0.32464 -4.45929
-0.15061 -4.43819
-0.14591 -3.89651
-0.11137 -4.24636
-0.28512 -3.95117
-0.27383 -3.87416
-0.19047 -3.94281
-0.11308 -4.29586
-0.20045 -4.16315
-0.38934 -4.49062
-0.30821 -4.43132
-0.13084 -3.80149
-0.21270 -4.38436
-0.28305 -4.15394
-0.30760 -4.53550
-0.18505 -4.14702
-0.22424 -4.09405
-0.35070 -4.01971
-0.39366 -4.36050
-0.35893 -4.38640
-0.27714 -4.38574
-0.35719 -4.40770
-0.32205 -4.22933
-0.31490 -4.55030
-0.28367 -4.37277
-0.22953 -4.48920
-0.27043 -3.91690
-0.30416 -3.93097
-0.22992 -4.05261
-0.34791 -4.07693
-0.27075 -3.99435
-0.36347 -3.96283
-0.32483 -3.99841
-0.33074 -4.10225
-0.20908 -4.55135
-0.15257 -3.97024
-0.25339 -4.08428
-0.21165 -4.54614
-0.15282 -4.45487
-0.15261 -4.23640
-0.18569 -4.08773
-0.21143 -4.42343
-0.27375 -4.42550
-0.18340 -4.18756
-0.23071 -4.28426
-0.17908 -4.11405
-0.38401 -4.35265
-0.33162 -4.37803
-0.29377 -3.85059
-0.38253 -4.52382
-0.15956 -4.19994
-0.16436 -4.20847
-0.35485 -4.46795
-0.33032 -3.83480
-0.37912 -3.85128
-0.13470 -4.49243
-0.16852 -3.93721
-0.34897 -4.55415
-0.23029 -4.32142
-0.16780 -4.02973
-0.20250 -4.51223
-0.14259 -4.47526
-0.35656 -3.98692
-0.15025 -4.46312
-0.22247 -4.23319
-0.14399 -4.29782
-0.15815 -3.97974
-0.22875 -4.37178
-0.21499 -3.90550
-0.23752 -4.29431
-0.35390 -4.03412
-0.17863 -3.99352
-0.13898 -4.46478
-0.20321 -4.51442
-0.21596 -3.88981
-0.30719 -3.89719
-0.19098 -4.33804
-0.15729 -4.41368
-0.10796 -4.37101
-0.32473 -4.25702
-0.14725 -4.29695
-0.31387 -4.42744
-0.10188 -4.28173
-0.33890 -4.26423
-0.24216 -4.55848
-0.18712 -3.94829
-0.23285 -4.20375
-0.33349 -4.03116
-0.20590 -4.13208
-0.23049 -3.96276
-0.15705 -3.89796
-0.18071 -4.13712
-0.36478 -4.38974
-0.34105 -4.00316
-0.37956 -4.18699
-0.32482 -3.86634
-0.38080 -4.20620
-0.25611 -3.86236
-0.13164 -4.48889
-0.16150 -4.52184

-0.13260 -4.05462
-0.24645 -4.22452
-0.31003 -3.83768
-0.30585 -4.03310
-0.38512 -4.08481
-0.25302 -4.56227
-0.19957 -4.11428
-0.25364 -4.44889
-0.33390 -4.32834
-0.13991 -3.81337
-0.37085 -4.35804
-0.25473 -3.94677
-0.16088 -4.35104
-0.25339 -3.95570
-0.20234 -3.96924
-0.14272 -4.14480
-0.13654 -3.80379
-0.24227 -4.11623
-0.35944 -4.03149
-0.33977 -3.94386
-0.22422 -4.50708
-0.12065 -3.84039
-0.25787 -4.43705
-0.38714 -4.08795
-0.34096 -3.79608
-0.38594 -4.43699
-0.11431 -4.08016
-0.33448 -4.54962
-0.38373 -4.19288
-0.12235 -3.79449
-0.21383 -4.08093
-0.16271 -3.82272
-0.29663 -4.11878
-0.32433 -4.39994
-0.39209 -4.22366
-0.12469 -4.25662
-0.36813 -3.82974
-0.22274 -4.00453
-0.33070 -4.47789
-0.27892 -4.02142
-0.24368 -4.52608
-0.24535 -4.20758
-0.35332 -4.20908
-0.18543 -4.12710
-0.11453 -4.08505
-0.28363 -4.21690
-0.22645 -3.94386
-0.36474 -3.90330
-0.34871 -3.93240
-0.13720 -4.11838
-0.29218 -3.87153
-0.17233 -3.95509
-0.25601 -4.39286
-0.22276 -4.18955
-0.14215 -4.30279
-0.34553 -4.15324
-0.10649 -4.26485
-0.21694 -4.40983
-0.20599 -4.04122
-0.20073 -4.34121
-0.37870 -3.84352
-0.30415 -3.86421
-0.20124 -4.18000
-0.38098 -4.42009
-0.28578 -4.36328
-0.33510 -4.04377
-0.34707 -3.83164
-0.29915 -4.17785
-0.30942 -4.41774
-0.18845 -4.07286
-0.39017 -3.79287
-0.37528 -4.22184
-0.19243 -4.56108
-0.30060 -4.20235
-0.20704 -4.08930
-0.36940 -4.10450
-0.10915 -4.48031
-0.35698 -4.30400
-0.26795 -4.05328
-0.34607 -4.34039
-0.19437 -4.36820
-0.29039 -4.34681
-0.12427 -4.01370
-0.22536 -4.27485
-0.37088 -4.13042
-0.36644 -4.05122
-0.38715 -3.92303
-0.31574 -4.09181
-0.22333 -4.19544
-0.32672 -4.35462
-0.35319 -4.55334
-0.30798 -4.31529
-0.10011 -4.32513
-0.12746 -4.43418
-0.35758 -4.06187
-0.13215 -4.02770
-0.36022 -3.99940
-0.19986 -4.04386
-0.15815 -4.28745
-0.32392 -4.39038

-0.34330 -4.22574
-0.32355 -3.84795
-0.24933 -4.20719
-0.12388 -4.01879
-0.10772 -4.41837
-0.31067 -4.29021
-0.31410 -4.55816
-0.39388 -3.81868
-0.18460 -3.98059
-0.23546 -4.10565
-0.14833 -4.20630
-0.15448 -4.12628
-0.33737 -3.86685
-0.19628 -4.47134
-0.10157 -3.87444
-0.31753 -4.19397
-0.38280 -4.11063
-0.22334 -4.51040
-0.17752 -4.47462
-0.36625 -4.22412
-0.33473 -4.48650
-0.24548 -4.21641
-0.33340 -4.23491
-0.31144 -3.98033
-0.13863 -3.92452
-0.27923 -3.89336
-0.19370 -4.26692
-0.34854 -4.33162
-0.21960 -4.16525
-0.23571 -4.46871
-0.19659 -3.81329
-0.28722 -3.79459
-0.33445 -4.56188
-0.38378 -4.18715
-0.36235 -4.26131
-0.22560 -4.21377
-0.10119 -4.46840
-0.16378 -4.35873
-0.37829 -4.51545
-0.35353 -3.99365
-0.18585 -4.05315
-0.29240 -3.94681
-0.26374 -4.41103
-0.31642 -3.99944
-0.39655 -4.40173
-0.32691 -4.44485
-0.13929 -4.45946
-0.23726 -3.96958
-0.14234 -3.91912
-0.25302 -4.30334
-0.18676 -4.10913
-0.34617 -4.12064
-0.33923 -4.50704
-0.14419 -3.82350
-0.19353 -3.85046
-0.33082 -4.50888
-0.12064 -3.92491
-0.10106 -4.07966
-0.32803 -4.15593
-0.37243 -3.83492
-0.16120 -4.22554
-0.39058 -3.88544
-0.17034 -4.29752
-0.36316 -4.24337
-0.17451 -4.36615
-0.21245 -4.03672
-0.24093 -4.12523
-0.31969 -4.02591
-0.27088 -3.81172
-0.21036 -4.34088
-0.36761 -3.95972
-0.17332 -4.23248
-0.25989 -4.25753
-0.18919 -3.98123
-0.29536 -3.89033
-0.14583 -3.94100
-0.39070 -4.04341
-0.11171 -4.23761
-0.39047 -4.23769
-0.35806 -4.04347
-0.39355 -4.33052
-0.13644 -3.89741
-0.20315 -4.38371
-0.22060 -3.96833
-0.34379 -4.56910
-0.32661 -3.79698
-0.35621 -4.36296
-0.29656 -4.28133
-0.16620 -3.90687
-0.28545 -4.18401
-0.37780 -4.41522
-0.25159 -4.30995
-0.19344 -4.30473
-0.26604 -3.97132
-0.33590 -4.24753
-0.25184 -4.05378
-0.29466 -4.10953
-0.14154 -4.02774
-0.11794 -4.19623
-0.11243 -4.24778

-0.29971 -4.11577
-0.20213 -3.94230
-0.22778 -4.02013
-0.28730 -4.49333
-0.23806 -3.82677
-0.36128 -3.91175
-0.31027 -3.92035
-0.18967 -4.51795
-0.24572 -3.84341
-0.19465 -3.99788
-0.29246 -4.21507
-0.12956 -4.18824
-0.33967 -4.56465
-0.12966 -4.27541
-0.26300 -3.95307
-0.24914 -3.91598
-0.29472 -3.82615
-0.34741 -4.41027
-0.37225 -4.17940
-0.14617 -4.16005
-0.27446 -4.54874
-0.28307 -4.08884
-0.27120 -3.91002
-0.30762 -4.23677
-0.39196 -3.91448
-0.33629 -3.79517
-0.24771 -4.39315
-0.18778 -4.23286
-0.12809 -4.51246
-0.20996 -4.10482
-0.21026 -4.40600
-0.18236 -4.19219
-0.30858 -4.34954
-0.13415 -4.16676
-0.26803 -4.39084
-0.11533 -4.29061
-0.14200 -3.87006
-0.28013 -4.20618
-0.18536 -4.42688
-0.31079 -4.56815
-0.17909 -4.47243
-0.31018 -3.97735
-0.29563 -4.25627
-0.17966 -4.15208
-0.33384 -4.23517
-0.28222 -4.21180
-0.26412 -3.90816
-0.23048 -4.54873
-0.27677 -4.34351
-0.12324 -4.14167
-0.32466 -4.30515
-0.16944 -4.10428
-0.24259 -3.98801
-0.18956 -3.83369
-0.17154 -4.54997
-0.20547 -4.00260
-0.26524 -4.52017
-0.16948 -4.55105
-0.38060 -3.95397
-0.19580 -4.05340
-0.39398 -3.99337
-0.34416 -4.44900
-0.17029 -4.49746
-0.18746 -4.07026
-0.32880 -4.00762
-0.28296 -4.23575
-0.25742 -4.50202
-0.17186 -4.37881
-0.19619 -3.90142
-0.17525 -3.81240
-0.21473 -3.83466
-0.11252 -4.06024
-0.19932 -3.80101
-0.18928 -4.23919
-0.39323 -4.36397
-0.26143 -4.38815
-0.33479 -4.15707
-0.23467 -4.46778
-0.20587 -4.44845
-0.24223 -4.54505
-0.29411 -4.46712
-0.33343 -4.24321
-0.15732 -3.92263
-0.31689 -4.25122
-0.29776 -4.37258
-0.26262 -4.37899
-0.16964 -4.45525
-0.18906 -3.92951
-0.31154 -4.32622
-0.38386 -4.51933
-0.12463 -4.48593
-0.20334 -3.93111
-0.15871 -3.94256
-0.13109 -4.40878
-0.31251 -3.93590
-0.26280 -4.38433
-0.23152 -4.03044
-0.28251 -4.10250
-0.26555 -4.43045
-0.20318 -4.47505


0.21723 1.85787
0.21519 2.42204
0.14369 2.52115
0.12313 2.27028
0.23891 2.31783
0.17760 2.29737
0.20180 2.10261
0.12711 1.98512
0.20440 1.98278
0.21965 2.66321
0.10610 2.32466
0.20071 2.18914
0.19826 1.84225
0.10269 1.91150
0.21464 2.65569
0.12283 2.46625
0.09814 2.25874
0.23706 1.87500
0.18258 2.61494
0.18149 2.39959
0.22122 2.37568
0.12331 2.83075
0.09009 2.08143
0.23535 2.94557
0.23940 2.25545
0.14265 2.49941
0.11923 1.90975
0.13625 2.51206
0.13569 2.71478
0.11495 2.51781
0.16378 2.08302
0.21755 2.47738
0.19984 2.28240
0.17679 2.58145
0.15744 2.74071
0.13325 2.69722
0.14547 2.89287
0.09178 2.71282
0.20415 2.11779
0.23224 2.23424
0.22596 2.14781
0.22263 2.92931
0.11706 2.29951
0.19675 2.26860
0.12506 2.15372
0.16368 2.08227
0.19343 2.66988
0.22696 1.95620
0.11516 2.70875
0.16953 2.98522
0.17760 2.21105
0.12604 1.92676
0.22564 1.85308
0.09316 2.86769
0.22841 2.36495
0.22020 2.72445
0.20656 2.37757
0.16200 2.51890
0.18919 2.34620
0.18210 2.75282
0.13921 2.96529
0.13256 2.95677
0.19969 2.48609
0.10488 2.50320
0.10528 2.24660
0.21475 1.89296
0.14601 1.92197
0.17699 2.46949
0.11288 2.51942
0.16461 2.49993
0.23226 2.09063
0.19683 2.98060
0.23716 2.24434
0.12903 2.91533
0.18092 2.27060
0.11138 2.80445
0.13327 2.98508
0.17602 2.32456
0.10133 2.37178
0.15043 2.10811
0.18941 2.76020
0.11042 2.93136
0.12271 2.08935
0.12916 2.88686
0.17005 2.41811
0.16428 2.49496
0.21386 2.53644
0.16290 2.62396
0.12338 2.45648
0.19110 2.55064
0.20231 2.03933
0.13394 2.00798
0.17968 2.41561
0.16843 2.84429
0.22201 2.78436
0.09255 1.93784
0.14349 2.11353
0.14879 2.58983
0.15200 1.99012
0.20428 2.80736
