10 100 40

0.00000 1.00000
0.00000 1.00000
0.00000 1.00000
0.00000 1.00000
0.00000 1.00000
0.00000 1.00000
0.00000 1.00000
0.00000 1.00000
0.00000 1.00000
0.00000 1.00000


-0.36065 -4.12773
-0.18956 -4.08631
-0.28834 -3.83980
-0.23184 -3.95251
-0.37341 -3.97712
-0.33302 -4.20319
-0.20460 -3.84642
-0.34156 -4.23902
-0.26019 -4.06163
-0.21245 -4.19477
-0.18513 -3.89426
-0.24310 -4.40886
-0.10784 -3.95930
-0.16094 -4.12962
-0.12368 -4.44067
-0.13017 -3.89624
-0.18785 -4.49811
-0.36137 -4.01689
-0.30244 -3.98442
-0.26821 -4.39094
-0.21098 -4.38800
-0.18733 -3.86627
-0.27817 -3.87515
-0.24794 -4.31727
-0.19068 -4.35059
-0.31379 -4.26511
-0.36163 -4.33733
-0.22755 -3.93226
-0.17516 -4.52404
-0.28698 -4.54086
-0.38828 -4.51107
-0.26608 -3.90857
-0.23003 -4.20451
-0.27749 -4.12793
-0.13318 -3.98062
-0.12885 -4.13364
-0.10194 -4.35512
-0.36946 -4.06199
-0.38499 -3.96402
-0.19740 -4.18757
-0.34594 -4.01764
-0.13483 -3.85646
-0.36054 -4.51244
-0.24039 -4.41800
-0.15618 -4.34718
-0.33905 -4.46968
-0.22297 -4.52007
-0.39313 -4.21826
-0.22495 -4.31299
-0.21078 -4.47494
-0.31936 -4.56643
-0.26270 -3.91964
-0.38972 -3.99661
-0.36407 -4.21684
-0.23493 -4.30251
-0.35669 -4.03983
-0.11938 -4.47530
-0.37226 -4.00124
-0.38677 -4.04413
-0.28111 -4.07013
-0.36498 -4.47584
-0.30313 -3.93563
-0.17483 -4.51278
-0.14318 -4.37453
-0.24985 -4.49196
-0.13522 -4.34734
-0.21391 -4.26960
-0.26670 -4.40779
-0.12988 -4.36452
-0.27624 -4.54981
-0.36627 -4.54951
-0.21327 -4.33678
-0.13869 -4.06448
-0.35752 -3.96879
-0.14862 -4.37201
-0.31308 -4.27263
-0.36338 -4.26016
-0.20527 -4.01579
-0.39685 -4.10781
-0.38654 -4.00066
-0.33386 -4.33233
-0.13140 -4.53700
-0.36854 -4.38074
-0.24061 -4.17170
-0.37062 -4.09242
-0.29005 -4.02431
-0.36427 -4.09961
-0.18141 -4.47529
-0.28394 -4.11046
-0.39075 -4.46218
-0.26366 -3.94818
-0.27291 -3.97953
-0.25737 -4.11840
-0.10858 -4.02983
-0.19166 -4.23109
-0.11835 -4.13057
-0.27237 -4.49839
-0.30190 -4.00784
-0.33479 -3.83566
-0.28758 -4.20290

-0.20714 -4.38555
-0.34521 -4.34215
-0.17842 -4.33623
-0.36979 -4.30840
-0.10166 -3.88934
-0.14539 -3.85665
-0.27810 -3.92229
-0.34654 -4.21487
-0.21442 -4.40472
-0.10734 -4.35704
-0.34224 -4.45536
-0.26884 -4.35343
-0.16975 -3.98984
-0.22963 -4.11358
-0.16720 -4.13334
-0.17413 -4.43198
-0.27429 -4.09328
-0.32366 -4.40015
-0.27625 -3.88088
-0.17352 -4.49191
-0.23874 -4.16984
-0.27784 -4.39486
-0.21168 -4.54431
-0.18959 -3.84540
-0.21121 -4.55124
-0.15454 -4.25897
-0.28094 -4.19512
-0.33175 -4.12165
-0.31386 -4.02608
-0.39812 -4.13705
-0.20230 -3.85759
-0.10984 -4.20580
-0.28530 -4.35857
-0.39191 -4.35005
-0.10231 -4.24348
-0.31379 -4.19599
-0.13487 -3.89013
-0.34592 -4.19620
-0.34992 -3.95057
-0.25943 -4.44519
-0.13158 -4.19141
-0.39603 -3.97542
-0.19043 -3.91392
-0.33563 -4.17077
-0.13420 -4.03226
-0.16166 -4.01459
-0.39579 -3.95115
-0.18706 -3.93299
-0.12432 -3.91808
-0.15502 -3.95414
-0.33984 -4.32163
-0.34007 -4.16174
-0.37458 -4.13028
-0.21684 -4.31463
-0.32046 -4.19739
-0.29760 -3.97330
-0.17911 -3.83653
-0.39475 -4.14912
-0.16991 -4.27931
-0.30208 -4.32606
-0.38372 -4.10293
-0.22784 -4.49157
-0.39483 -4.23804
-0.14131 -4.12413
-0.32720 -4.31762
-0.14209 -3.95044
-0.21117 -3.93591
-0.32671 -4.19929
-0.38777 -4.50376
-0.36913 -4.43272
-0.11630 -3.86475
-0.37420 -4.04621
-0.33703 -4.33986
-0.36995 -4.02476
-0.36239 -4.32424
-0.24702 -4.09655
-0.16742 -4.12404
-0.25182 -4.07246
-0.30846 -4.38663
-0.38190 -3.86095
-0.25089 -4.53234
-0.21669 -4.03533
-0.26579 -4.47566
-0.23453 -4.47925
-0.13672 -3.97606
-0.27988 -4.02380
-0.38695 -4.13521
-0.12152 -3.83944
-0.35423 -3.88582
-0.30363 -4.04719
-0.27000 -3.88872
-0.24828 -4.09314
-0.22897 -3.87885
-0.10238 -4.48115
-0.26730 -4.21172
-0.22967 -4.27217
-0.26789 -4.35553
-0.28352 -4.12023
-0.35319 -4.09514
-0.24450 -3.84135

-0.28565 -4.47586
-0.15251 -4.10247
-0.12747 -3.99563
-0.22762 -3.93442
-0.19800 -4.57716
-0.15571 -4.36727
-0.36371 -4.02779
-0.38192 -4.21608
-0.31091 -4.33778
-0.39190 -4.54648
-0.20113 -4.44322
-0.27908 -4.57487
-0.13225 -4.54217
-0.18764 -4.11724
-0.31188 -4.46139
-0.21570 -3.86348
-0.20635 -4.20526
-0.29369 -3.92377
-0.27137 -4.20568
-0.30185 -4.52745
-0.25023 -4.51045
-0.33750 -4.35383
-0.21936 -4.31647
-0.31712 -4.41254
-0.25583 -4.31176
-0.33197 -4.48421
-0.17294 -4.49455
-0.24065 -3.98668
-0.25943 -4.26788
-0.37552 -4.16936
-0.22337 -4.19050
-0.31538 -4.55433
-0.24802 -3.85903
-0.31119 -3.96940
-0.11783 -4.36106
-0.21477 -3.95539
-0.30487 -4.40270
-0.19797 -4.30038
-0.20412 -4.56726
-0.19618 -4.43143
-0.39497 -4.26447
-0.20624 -3.83378
-0.14925 -4.46793
-0.10547 -4.36530
-0.16692 -4.20326
-0.28243 -4.11499
-0.15006 -4.07713
-0.24344 -3.97641
-0.35824 -4.06793
-0.26046 -4.08068
-0.11329 -4.53610
-0.16320 -3.94639
-0.14964 -4.04318
-0.29731 -3.84226
-0.12617 -4.33400
-0.35822 -4.40259
-0.31885 -3.84542
-0.21479 -4.21461
-0.22415 -4.58480
-0.28116 -4.04792
-0.26069 -4.48920
-0.36479 -3.95636
-0.29456 -4.08352
-0.37665 -4.18675
-0.36539 -3.83577
-0.28600 -3.91422
-0.31642 -4.57694
-0.22314 -4.32049
-0.34121 -3.90142
-0.38063 -4.09639
-0.35422 -4.56406
-0.17311 -4.57161
-0.22728 -4.49908
-0.25228 -4.05641
-0.11072 -3.94576
-0.24744 -4.21728
-0.30383 -4.57789
-0.39901 -3.97134
-0.10077 -4.46305
-0.17841 -4.27961
-0.38191 -3.96811
-0.17147 -4.19053
-0.23392 -3.93520
-0.34218 -4.00633
-0.34986 -4.40686
-0.16431 -4.34709
-0.36832 -4.39575
-0.23627 -4.09833
-0.11654 -4.49653
-0.24487 -4.06454
-0.17850 -3.93233
-0.31728 -4.49587
-0.37694 -4.08559
-0.31030 -3.90558
-0.16570 -3.89610
-0.15061 -4.04024
-0.23038 -4.08731
-0.28604 -3.91213
-0.18656 -4.09769
-0.36818 -3.88662

-0.31187 -4.08833
-0.30013 -4.25529
-0.18648 -4.01973
-0.14368 -4.41173
-0.21018 -4.10541
-0.15916 -3.93864
-0.30249 -4.52827
-0.35424 -4.56416
-0.19746 -3.85598
-0.23535 -4.38084
-0.29689 -4.42607
-0.17785 -4.15977
-0.17861 -4.34753
-0.33495 -4.41301
-0.23144 -3.86162
-0.22252 -4.54001
-0.24486 -4.50008
-0.37601 -4.18227
-0.18699 -3.97859
-0.31326 -4.04923
-0.33860 -4.13393
-0.21819 -4.49002
-0.23927 -4.19641
-0.18362 -3.86077
-0.18486 -3.85330
-0.36694 -4.15048
-0.26319 -3.85330
-0.31517 -4.06894
-0.16130 -4.56164
-0.15836 -4.00816
-0.18684 -4.57029
-0.35171 -4.45485
-0.21718 -4.39547
-0.23861 -4.28012
-0.38606 -4.18893
-0.16411 -3.85570
-0.28611 -4.17243
-0.17267 -4.21255
-0.32129 -3.87422
-0.27066 -3.83364
-0.28555 -3.88948
-0.35801 -4.17791
-0.19005 -4.08652
-0.37520 -4.01151
-0.13321 -4.30035
-0.29001 -4.49698
-0.13192 -4.02709
-0.36667 -4.20774
-0.36574 -4.33001
-0.30455 -4.01632
-0.33883 -3.96888
-0.21038 -3.91035
-0.18733 -4.14337
-0.21734 -4.26204
-0.18999 -4.32005
-0.16789 -4.09518
-0.29915 -3.84906
-0.16480 -4.55301
-0.18296 -4.52913
-0.25401 -3.93485
-0.25346 -4.04255
-0.15213 -3.96837
-0.36893 -3.88806
-0.39290 -4.32955
-0.39621 -3.90040
-0.14825 -3.98014
-0.24300 -4.13003
-0.18785 -4.06594
-0.15227 -4.57021
-0.20727 -3.94028
-0.25695 -3.92573
-0.10045 -4.24979
-0.18153 -4.24723
-0.30139 -4.55085
-0.23846 -4.33312
-0.15627 -3.96985
-0.19719 -4.34259
-0.31973 -3.94841
-0.21229 -3.91439
-0.38608 -3.90475
-0.22042 -3.84038
-0.39800 -4.36842
-0.20145 -4.52335
-0.25841 -4.54519
-0.20927 -4.41635
-0.27064 -4.36528
-0.35007 -4.17279
-0.12559 -4.26899
-0.15959 -3.98899
-0.14149 -3.85712
-0.25435 -4.56094
-0.34263 -4.48844
-0.29766 -3.91688
-0.11620 -4.11804
-0.29563 -4.54058
-0.31572 -4.44278
-0.17660 -4.33606
-0.34669 -4.01277
-0.15734 -4.33773
-0.22456 -4.37062

-0.35633 -4.24123
-0.32413 -4.05724
-0.11729 -4.29789
-0.39967 -4.21410
-0.16004 -4.05168
-0.26331 -4.00588
-0.34202 -4.49630
-0.10208 -4.12646
-0.33103 -4.19162
-0.23210 -3.85629
-0.28184 -3.84472
-0.37124 -3.92420
-0.31811 -4.20676
-0.20639 -4.51942
-0.11827 -3.89713
-0.13670 -3.95096
-0.11313 -4.58458
-0.10030 -3.87042
-0.38707 -4.28937
-0.28207 -4.53176
-0.38176 -4.23221
-0.27977 -3.91307
-0.14215 -3.99271
-0.32760 -4.51016
-0.16647 -3.88864
-0.34232 -4.19248
-0.37309 -4.53944
-0.13085 -4.00732
-0.13732 -4.17175
-0.18516 -4.11143
-0.21790 -4.55007
-0.14586 -4.57059
-0.26370 -4.27492
-0.13142 -4.21523
-0.23085 -3.91875
-0.15363 -4.08387
-0.25695 -4.16408
-0.21780 -4.37253
-0.14764 -4.39845
-0.25446 -4.19082
-0.10065 -4.43737
-0.25868 -4.39825
-0.10572 -4.46759
-0.37952 -4.50329
-0.38768 -4.10469
-0.28160 -4.41526
-0.27004 -4.21689
-0.27967 -4.16500
-0.12717 -4.28906
-0.23551 -4.29316
-0.15583 -3.99676
-0.13990 -4.02774
-0.27985 -4.39087
-0.26692 -3.87614
-0.20816 -4.33593
-0.18636 -4.42414
-0.19235 -4.43855
-0.30312 -4.31460
-0.22012 -4.02038
-0.36850 -4.33072
-0.26873 -4.25597
-0.12749 -3.85221
-0.21331 -3.92843
-0.26024 -4.15114
-0.23972 -4.35034
-0.21085 -3.86448
-0.10964 -3.86774
-0.29013 -3.86015
-0.27189 -4.32372
-0.32799 -3.94473
-0.18864 -4.20589
-0.28361 -4.51845
-0.27595 -3.88231
-0.33498 -4.53699
-0.18006 -4.55037
-0.36882 -4.27419
-0.21056 -4.32052
-0.11584 -4.43697
-0.23045 -3.90956
-0.28110 -3.87950
-0.27072 -4.09782
-0.36706 -4.08114
-0.32495 -3.91010
-0.12878 -4.34407
-0.34978 -4.17627
-0.23299 -3.98928
-0.33174 -4.41380
-0.22715 -4.19228
-0.34958 -3.92849
-0.22399 -3.90889
-0.26545 -4.14468
-0.37049 -4.43739
-0.15891 -4.16714
-0.28218 -4.55140
-0.18803 -4.37231
-0.17154 -3.91563
-0.29465 -4.18839
-0.25192 -4.27436
-0.29289 -4.11072
-0.30761 -3.86859

-0.30699 -4.02160
-0.27327 -4.26625
-0.11109 -4.50317
-0.13897 -4.36866
-0.35584 -4.53429
-0.15436 -4.12382
-0.29788 -3.90831
-0.19817 -3.85216
-0.28506 -4.09529
-0.11501 -4.39664
-0.16280 -4.13321
-0.11704 -4.25575
-0.23024 -4.15702
-0.29449 -3.95173
-0.39680 -4.11093
-0.10745 -4.36709
-0.35046 -4.31632
-0.21531 -4.05000
-0.30465 -3.90063
-0.13240 -4.54864
-0.34502 -4.17205
-0.28551 -4.31238
-0.15663 -3.93232
-0.11443 -4.23109
-0.35911 -3.98480
-0.10287 -4.18936
-0.20773 -4.06978
-0.11453 -4.07464
-0.29128 -4.34110
-0.16516 -4.11042
-0.25651 -3.88168
-0.39068 -4.04567
-0.36211 -4.17343
-0.27745 -4.53709
-0.16399 -4.23147
-0.39508 -4.07474
-0.15731 -4.12030
-0.37540 -4.32864
-0.31929 -4.23019
-0.29037 -4.50098
-0.15656 -4.00754
-0.19241 -3.84593
-0.15389 -4.01637
-0.23551 -4.37060
-0.14534 -4.10427
-0.12569 -4.34834
-0.13850 -3.98351
-0.18760 -4.48653
-0.28779 -4.49393
-0.22411 -3.92226
-0.21955 -4.24072
-0.16462 -4.20824
-0.13500 -4.42900
-0.23149 -4.43229
-0.21728 -4.50581
-0.23692 -4.53261
-0.34122 -4.40937
-0.15605 -4.41216
-0.15802 -4.32011
-0.21220 -4.46627
-0.22773 -4.10816
-0.33729 -4.31065
-0.30506 -4.24358
-0.38532 -4.35448
-0.30145 -3.95793
-0.23781 -4.30031
-0.18959 -4.47589
-0.39821 -4.02031
-0.21088 -3.97391
-0.15577 -3.99175
-0.14200 -4.42022
-0.11030 -4.23394
-0.39072 -4.57185
-0.20230 -4.50363
-0.34260 -4.17506
-0.36604 -4.47671
-0.22840 -4.09673
-0.27598 -4.11803
-0.34446 -4.49688
-0.14180 -4.09797
-0.10595 -4.25439
-0.14274 -4.48455
-0.29603 -4.04741
-0.29033 -4.45603
-0.11427 -4.45512
-0.17462 -3.97955
-0.20821 -4.50158
-0.19077 -4.23458
-0.37967 -4.56352
-0.39929 -4.42811
-0.18185 -3.90666
-0.17247 -3.87637
-0.34659 -4.18746
-0.14376 -4.12449
-0.32822 -3.98632
-0.20380 -4.03259
-0.18485 -4.12189
-0.28779 -4.58496
-0.14385 -4.31599
-0.37992 -3.87637

-0.14794 -4.01046
-0.32458 -4.37728
-0.30943 -3.97520
-0.29417 -3.83353
-0.11123 -4.28370
-0.28747 -4.19323
-0.23379 -4.56202
-0.19828 -4.48935
-0.13358 -3.90321
-0.10201 -4.36938
-0.35459 -4.40974
-0.34688 -3.98409
-0.18941 -4.05787
-0.18384 -4.17082
-0.31338 -4.06626
-0.38477 -4.06292
-0.23727 -4.46944
-0.39603 -4.39243
-0.24722 -4.16828
-0.20870 -4.13651
-0.32307 -4.56843
-0.33082 -3.96109
-0.28074 -3.95405
-0.23937 -4.29697
-0.35761 -4.17723
-0.38886 -3.92300
-0.18682 -4.52882
-0.25149 -4.11897
-0.13339 -4.46652
-0.28721 -4.15189
-0.26975 -4.17776
-0.21762 -4.24925
-0.14121 -4.19190
-0.23730 -4.42470
-0.20803 -3.83758
-0.21188 -4.25612
-0.34491 -4.22512
-0.33230 -4.17906
-0.36612 -4.47365
-0.27245 -3.96348
-0.39657 -4.17026
-0.27919 -4.22418
-0.34911 -4.34441
-0.29905 -3.83898
-0.16184 -4.07561
-0.14128 -4.54242
-0.25544 -4.53682
-0.24875 -4.19987
-0.19869 -3.92867
-0.23917 -4.23274
-0.19138 -4.18173
-0.34903 -3.99747
-0.24256 -4.09856
-0.26504 -4.21261
-0.17745 -4.08865
-0.17364 -4.09628
-0.36506 -3.96672
-0.13315 -4.03294
-0.37533 -4.25516
-0.28617 -4.08419
-0.22559 -4.00580
-0.25733 -4.21613
-0.25786 -4.32009
-0.17608 -4.05969
-0.15200 -3.99802
-0.24317 -3.96401
-0.20301 -4.32539
-0.18232 -4.58508
-0.22243 -4.10347
-0.37080 -4.08416
-0.39494 -4.40428
-0.35253 -4.50534
-0.10866 -4.08631
-0.32906 -4.20693
-0.25096 -3.92141
-0.17705 -3.89692
-0.33697 -4.55457
-0.30664 -4.47742
-0.34207 -4.32091
-0.31299 -4.32644
-0.30838 -4.04359
-0.29708 -3.99096
-0.18284 -3.98753
-0.20086 -4.19258
-0.14934 -4.06362
-0.37638 -3.98734
-0.28391 -4.55593
-0.25016 -3.86547
-0.26809 -4.47006
-0.18516 -4.11982
-0.16409 -4.51323
-0.36750 -4.40160
-0.21134 -4.18232
-0.29373 -4.40596
-0.11700 -4.26226
-0.11583 -4.36719
-0.20054 -4.45420
-0.37384 -3.97428
-0.23751 -4.22819
-0.38624 -4.37234

-0.21896 -4.44191
-0.14776 -4.29132
-0.16666 -4.26199
-0.35817 -3.96685
-0.12565 -4.36206
-0.36539 -4.50555
-0.25515 -4.05471
-0.38596 -4.46746
-0.38987 -4.51291
-0.33502 -3.92227
-0.11764 -4.07246
-0.37255 -3.95442
-0.38797 -4.56468
-0.18342 -4.01626
-0.23554 -3.88850
-0.36418 -4.53282
-0.34224 -4.15485
-0.38643 -4.05789
-0.27970 -4.05865
-0.20512 -4.08661
-0.16210 -4.30796
-0.16375 -4.47106
-0.12309 -4.33913
-0.20566 -4.26325
-0.25632 -4.22053
-0.25786 -4.50887
-0.27997 -4.30147
-0.11446 -4.27006
-0.27742 -4.27570
-0.22664 -4.38491
-0.24130 -4.57382
-0.14123 -4.46590
-0.27403 -4.51483
-0.11377 -4.57290
-0.30078 -3.87619
-0.21991 -4.19888
-0.22200 -4.56145
-0.14813 -4.53225
-0.17112 -3.83484
-0.14961 -4.34415
-0.21649 -4.54775
-0.21353 -4.07196
-0.28263 -4.18403
-0.35386 -4.50568
-0.39745 -4.27714
-0.28372 -3.85336
-0.26410 -4.18031
-0.32401 -4.10664
-0.14272 -4.44955
-0.23283 -3.92977
-0.11278 -4.33143
-0.24295 -3.94403
-0.38244 -4.04594
-0.31422 -4.57425
-0.24939 -4.21289
-0.12550 -4.41367
-0.29281 -4.37256
-0.38302 -3.91333
-0.33286 -3.83691
-0.28641 -4.23654
-0.29399 -4.27245
-0.22983 -4.08248
-0.20080 -4.11137
-0.29087 -4.49839
-0.22775 -4.42919
-0.26385 -4.46193
-0.19570 -4.37173
-0.36810 -4.36425
-0.39081 -4.51849
-0.17559 -4.30733
-0.16781 -4.04328
-0.28435 -4.20983
-0.31824 -4.07685
-0.35446 -3.94472
-0.20684 -4.26644
-0.27607 -3.92281
-0.26086 -4.01278
-0.30108 -3.99499
-0.24367 -4.30738
-0.23042 -4.11510
-0.15412 -4.34241
-0.29800 -3.99546
-0.38507 -4.28172
-0.36436 -4.42277
-0.20677 -4.18118
-0.39674 -3.91095
-0.16068 -4.22981
-0.12338 -4.08164
-0.37464 -4.53651
-0.29313 -4.30356
-0.39841 -4.51690
-0.27713 -4.52030
-0.17231 -4.11472
-0.11428 -3.83841
-0.19110 -4.36514
-0.39583 -4.40925
-0.23851 -4.36788
-0.13301 -3.83293
-0.22985 -3.90611
-0.33388 -4.35713

-0.18208 -4.30060
-0.29743 -4.49282
-0.23693 -4.24327
-0.35521 -3.84583
-0.37373 -4.37077
-0.11689 -4.39627
-0.17732 -4.32179
-0.38579 -4.01919
-0.14269 -4.46961
-0.37159 -3.83921
-0.21036 -4.45769
-0.39984 -4.08522
-0.16858 -4.44700
-0.38737 -4.30690
-0.11418 -4.08816
-0.11027 -4.29214
-0.10148 -3.85842
-0.34815 -4.33030
-0.22854 -4.40207
-0.31106 -4.54649
-0.21127 -4.38690
-0.17204 -4.17221
-0.11412 -4.38207
-0.19644 -4.02102
-0.25954 -4.04886
-0.23070 -4.48162
-0.27913 -4.04340
-0.25784 -4.56974
-0.13346 -4.06180
-0.38234 -4.00184
-0.39659 -4.05135
-0.26493 -4.28739
-0.22631 -4.30396
-0.18032 -4.38391
-0.36439 -4.40513
-0.34882 -3.98438
-0.32954 -4.42590
-0.38853 -4.02220
-0.36857 -4.52110
-0.38735 -4.19185
-0.38975 -4.55246
-0.33502 -4.55873
-0.27002 -4.54520
-0.32014 -4.36546
-0.12570 -4.33511
-0.12465 -4.41819
-0.13227 -4.29873
-0.35758 -4.37364
-0.36445 -4.41756
-0.37367 -4.11813
-0.33734 -4.09196
-0.26628 -4.45924
-0.19588 -4.57720
-0.12978 -3.90795
-0.12968 -4.24587
-0.39959 -4.43596
-0.33772 -4.52407
-0.34300 -4.09372
-0.37279 -4.22559
-0.25710 -4.54302
-0.14173 -3.94186
-0.38160 -4.40147
-0.32707 -4.33900
-0.14228 -4.05250
-0.23939 -4.56297
-0.12999 -4.25318
-0.13605 -4.38075
-0.36159 -4.29955
-0.23181 -4.07526
-0.22367 -4.18637
-0.29876 -4.14270
-0.27730 -4.19068
-0.20447 -3.99237
-0.13462 -3.98170
-0.39609 -4.38331
-0.28385 -4.47067
-0.31780 -4.51831
-0.13144 -4.39675
-0.25092 -4.03361
-0.32771 -4.41960
-0.38619 -4.46509
-0.33450 -4.56450
-0.23168 -3.88157
-0.36601 -4.23249
-0.12991 -4.06650
-0.10424 -4.14112
-0.11948 -4.09800
-0.15444 -4.37267
-0.13011 -4.37970
-0.28854 -4.27828
-0.27157 -4.04907
-0.22971 -4.39067
-0.31034 -4.11555
-0.34619 -4.39014
-0.29067 -4.54234
-0.15546 -3.94958
-0.29074 -4.14067
-0.16354 -4.36969
-0.26347 -4.20775
-0.37183 -4.05156

-0.25505 -4.36160
-0.37708 -3.84211
-0.24806 -4.41130
-0.35583 -3.99855
-0.23330 -4.54907
-0.29295 -4.17326
-0.37696 -4.40851
-0.20431 -4.02693
-0.31300 -4.05111
-0.19383 -4.27273
-0.32331 -4.16989
-0.32586 -3.95438
-0.32621 -4.00695
-0.23871 -3.96241
-0.15028 -4.35586
-0.24175 -4.39250
-0.31407 -3.94650
-0.37426 -4.35446
-0.31422 -4.38432
-0.21768 -4.15365
-0.38596 -4.57388
-0.37688 -4.19539
-0.24561 -3.94370
-0.12837 -4.34476
-0.23279 -4.16251
-0.24706 -3.90068
-0.18752 -4.09571
-0.32654 -4.49863
-0.32805 -4.56900
-0.18764 -4.57704
-0.21136 -3.92024
-0.31626 -3.90561
-0.27700 -3.91227
-0.10059 -4.38024
-0.19439 -4.45473
-0.36239 -4.08119
-0.23494 -4.40108
-0.37552 -4.19591
-0.25775 -4.08232
-0.32195 -4.21282
-0.23421 -4.16061
-0.30852 -4.08941
-0.22610 -4.44378
-0.36008 -3.84123
-0.16102 -4.38485
-0.14485 -4.13327
-0.23362 -4.57170
-0.17789 -4.55129
-0.10926 -4.12555
-0.36860 -4.47928
-0.28713 -4.12947
-0.32409 -4.08122
-0.31084 -4.08845
-0.38198 -3.93048
-0.32284 -4.32818
-0.26231 -3.87890
-0.18969 -3.92841
-0.29986 -4.40820
-0.23774 -4.18953
-0.11390 -4.37094
-0.11663 -3.83863
-0.34501 -4.03919
-0.17766 -4.21004
-0.37647 -4.23361
-0.33312 -3.89688
-0.15089 -3.95970
-0.20368 -4.35591
-0.15195 -4.20824
-0.17000 -4.26498
-0.16549 -4.11778
-0.11096 -4.14810
-0.28820 -4.14771
-0.32611 -4.32127
-0.23911 -3.83382
-0.33457 -3.91766
-0.34527 -4.53971
-0.16207 -4.03722
-0.37865 -4.50075
-0.37644 -4.53105
-0.21470 -3.97604
-0.34091 -4.10559
-0.29339 -3.92428
-0.11996 -4.52973
-0.29421 -4.14130
-0.36455 -4.31219
-0.25189 -4.28804
-0.26039 -4.07528
-0.20427 -4.34438
-0.37919 -4.37208
-0.21533 -4.40921
-0.38028 -4.01600
-0.35436 -4.06846
-0.30167 -4.19937
-0.24657 -4.09275
-0.26508 -4.20514
-0.30192 -4.32364
-0.33559 -3.88902
-0.16654 -4.09406
-0.20577 -4.02560
-0.19338 -4.41126


0.11748 1.90702
0.15128 1.45309
0.06210 1.38887
0.09528 1.59315
0.13227 1.92520
0.15930 1.34145
0.07257 1.33813
0.06690 1.75485
0.09858 1.35073
0.10665 1.42297
0.06781 1.25144
0.06650 1.69717
0.12345 1.46756
0.12056 1.52910
0.13368 1.94291
0.14478 1.32660
0.06566 1.46280
0.13330 1.62718
0.14534 1.37397
0.15895 1.89481
0.14128 1.31773
0.10498 1.38754
0.12022 1.67802
0.12956 1.94776
0.06047 1.59346
0.06893 1.58663
0.14201 1.75510
0.11086 1.91136
0.13503 1.99708
0.08580 1.61061
0.07349 1.89807
0.13946 1.85344
0.09537 1.22550
0.07738 1.33230
0.15491 1.88579
0.11794 1.84971
0.06057 1.28956
0.06476 1.57638
0.13046 1.65267
0.12667 1.34078
0.14645 1.78518
0.13008 1.77805
0.06926 1.56483
0.15190 1.98757
0.07947 1.61639
0.06454 1.98862
0.10516 1.52055
0.09434 1.58910
0.06184 1.68273
0.14665 1.26154
0.08547 1.58089
0.12973 1.40173
0.13599 1.96255
0.15786 1.37259
0.13718 1.81398
0.06821 1.90732
0.09153 1.97578
0.08061 1.98472
0.15173 1.27278
0.13813 1.45111
0.11371 1.77892
0.10900 1.85647
0.09791 1.45492
0.11051 1.85747
0.07587 1.68306
0.11716 1.29194
0.14231 1.41801
0.10230 1.78346
0.09576 1.94915
0.11449 1.52360
0.06277 1.43790
0.08459 1.66016
0.12728 1.92220
0.08634 1.78229
0.06726 1.81363
0.07149 1.32763
0.14912 1.61092
0.13544 1.75016
0.13607 1.65180
0.09391 1.38679
0.14858 1.21630
0.07015 1.47494
0.09849 1.66320
0.10852 1.25180
0.15088 1.77347
0.15137 1.20203
0.09007 1.58240
0.07805 1.40024
0.06180 1.64938
0.14213 1.21261
0.14248 1.53662
0.07100 1.56418
0.13393 1.68905
0.10121 1.61167
0.06306 1.98319
0.13622 1.34183
0.10129 1.49177
0.14972 1.24867
0.08737 1.50539
0.13349 1.22047
