10 10 4

0 1
0 1
0 1
0 1
0 1
0 1
0 1
0 1
0 1
0 1

-0.16974662224928663 -2.115621865486327
-0.392275270123098 -1.9630878950880721
-0.12290817572561458 -1.7000582076417299
-0.10447492652815066 -1.97132835231064
-0.2132082111546347 -1.6014373708494727
-0.38655217035514833 -1.8086271790844508
-0.32628757707402245 -2.073692074871434
-0.23547120186248058 -2.2440434566267884
-0.1252155323248328 -2.1291173553785896
-0.2547213183928378 -2.1634550026082255

-0.10378812919701508 -1.7654478535213207
-0.33774623844831697 -1.6951837091996074
-0.3562224746026289 -1.5783905179941624
-0.2551893057533937 -2.2452080153868033
-0.1026058921826099 -1.958746778699851
-0.22058813692483062 -2.023146107248252
-0.28441347158985886 -2.080066406803522
-0.2978295670711687 -1.8206337795585772
-0.22753217077729376 -1.9552830971561324
-0.10896264018744362 -1.975576602222338

-0.18360493238048908 -1.5737399167474173
-0.2993915112122673 -1.7981594752224104
-0.12354896841523166 -2.247387750467132
-0.195612256824937 -2.232923753484293
-0.3376020535627774 -2.1743335582133234
-0.38423855920103367 -2.1687091752773324
-0.19378203424134613 -2.0920922390009618
-0.3387242292146596 -1.7401631373113657
-0.3840001326117464 -2.1969258385330637
-0.3449360707205585 -1.647535822868882

-0.3178229401828696 -1.928157346256189
-0.11901675381369353 -2.1162081851606582
-0.2088630574507084 -1.870766142834207
-0.11391286210361434 -1.920602231130847
-0.24094451361457955 -2.0966754791603286
-0.21549853119304632 -2.0782130524283398
-0.39018620180835883 -1.5542711048576745
-0.2342667232269589 -2.1561671037806134
-0.15470624228122315 -1.6903357732677935
-0.12804219733917938 -1.9884853297649865

-0.22167849928317432 -2.158419339012666
-0.26294880763111406 -1.9965791837485372
-0.3522133872065477 -1.9622392818935497
-0.13638789138501006 -1.5223837632790485
-0.21314223514768332 -1.992541182244198
-0.3853848877276791 -1.5672534551419783
-0.1275261978561884 -2.047368277103272
-0.19731950146036153 -1.8892583388904798
-0.2678568957795795 -1.683346556348668
-0.1172791542201499 -2.0541258886895135

-0.14559356934265505 -1.6003066839146745
-0.3842382735273139 -1.8586260452327985
-0.3439901928283129 -1.6254351602912387
-0.3875628061160602 -1.5562884796280971
-0.2657487756786805 -1.7076851466882093
-0.3463112573806595 -1.6198388063457827
-0.17248860830116858 -2.0960659464839746
-0.18964799672059404 -1.742692232385553
-0.16609664688816994 -1.737529624503404
-0.3040790137304364 -2.0401321777819668

-0.3734318687688842 -1.7814322297762686
-0.1134812443109931 -2.104842562412193
-0.37851321971825885 -1.7948766130372347
-0.37955183457085834 -1.9977727809788872
-0.36228965708182914 -2.0075785069621475
-0.20813180505647266 -2.2405404219038343
-0.16733318867604458 -1.8511666452453932
-0.2707011938507371 -1.7870110275948095
-0.19220771443538814 -1.7126364134648793
-0.14003821737321032 -1.9996170293522952

-0.12450743685803828 -2.142568317158144
-0.23303878264976022 -1.6321445931855254
-0.21161691336074584 -2.068499845236343
-0.2559325627916764 -1.7522598471192985
-0.32692847117237744 -2.119965555029645
-0.15531969394466935 -1.9537288173255627
-0.2934165462595614 -1.7720588119563327
-0.3026482058459516 -1.9836012771866063
-0.10785753680452187 -1.796501641818419
-0.22869790614477423 -2.2650889458344405

-0.3314498769856312 -1.6952793543567384
-0.14879714962139112 -2.1127495803292344
-0.1822992707730136 -1.5715709780683214
-0.17900526221245788 -2.266778662093408
-0.27460262167126437 -2.209744530860067
-0.12524208366470452 -1.878991611777663
-0.14100122456571995 -1.6528493849488681
-0.24828998708589153 -2.1957035785692485
-0.20996914929061566 -1.8819641583963178
-0.2320177137239065 -1.5945548222706685

-0.18885455613435795 -1.697262956147941
-0.24316276891096217 -2.2645480863857603
-0.13497334083249496 -2.1039308188919295
-0.35676255946523466 -2.061347835077261
-0.3398749028417119 -1.850985804567134
-0.3741188006201392 -1.9221427278853767
-0.3108717244952689 -1.8231069733737475
-0.2855382240185812 -1.9813207650399778
-0.1106753153268813 -2.120766006255093
-0.23597533052024153 -1.6247494971280148


0.12577288197917208 2.276254421891442
0.14819437577029188 1.899364755955503
0.18153622437760575 2.3040052752312485
0.23496824897928675 2.3411812937035705
0.1719237548695231 1.717337469129009
0.13391126769895034 1.9593896553703325
0.2252958050779046 1.902524953298058
0.11921500061217405 1.6766072750121503
0.19561307949347104 2.1797569959826784
0.1736180482042412 2.128501148790966
