10 100 60

0.00000 1.00000
0.00000 1.00000
0.00000 1.00000
0.00000 1.00000
0.00000 1.00000
0.00000 1.00000
0.00000 1.00000
0.00000 1.00000
0.00000 1.00000
0.00000 1.00000


-0.11541 -4.19766
-0.12569 -4.38278
-0.14185 -3.94506
-0.34008 -4.07117
-0.27460 -4.46573
-0.11019 -3.93312
-0.30547 -4.20365
-0.16991 -4.34496
-0.33671 -4.23463
-0.14468 -4.36103
-0.35453 -4.38862
-0.16933 -4.11832
-0.33288 -4.03756
-0.38682 -4.05500
-0.10667 -4.47266
-0.10638 -3.94789
-0.39442 -4.43797
-0.24476 -3.88893
-0.21803 -4.13706
-0.36164 -4.24335
-0.37062 -4.19541
-0.37708 -3.83493
-0.27605 -4.27517
-0.25857 -4.32206
-0.12740 -3.97078
-0.35631 -4.04691
-0.35263 -4.45706
-0.14858 -4.05370
-0.13022 -3.91474
-0.28857 -4.15082
-0.14488 -4.46923
-0.38698 -4.15389
-0.14471 -4.22062
-0.26873 -4.31342
-0.34104 -4.44318
-0.14568 -4.38586
-0.30715 -4.23269
-0.20587 -4.16327
-0.20742 -4.33992
-0.20426 -3.88328
-0.28160 -4.57033
-0.30552 -4.45781
-0.11791 -4.49620
-0.39275 -4.08706
-0.13563 -3.80457
-0.21277 -3.82018
-0.17115 -4.51982
-0.20994 -4.02632
-0.17769 -3.97878
-0.34364 -4.49014
-0.23771 -3.93836
-0.12092 -4.15252
-0.14168 -4.26521
-0.27576 -3.91672
-0.13754 -3.81654
-0.36252 -3.85448
-0.25907 -4.51430
-0.30778 -4.22061
-0.37817 -3.85431
-0.11850 -4.22648
-0.25267 -4.09313
-0.16272 -3.79956
-0.23344 -4.07414
-0.32174 -4.20448
-0.30627 -4.14360
-0.14945 -4.19245
-0.18680 -4.23046
-0.32228 -4.24780
-0.37488 -3.81581
-0.15431 -4.51834
-0.15920 -3.97395
-0.11175 -4.17021
-0.20511 -4.00016
-0.22239 -4.28647
-0.32365 -4.49410
-0.17247 -4.23154
-0.18267 -4.49702
-0.27052 -4.05404
-0.32604 -4.07948
-0.30809 -3.99990
-0.24692 -4.36415
-0.22810 -3.83249
-0.32781 -4.05607
-0.10514 -4.12617
-0.21251 -4.53421
-0.34562 -4.06238
-0.14743 -3.98278
-0.28722 -4.49686
-0.30483 -4.26902
-0.39365 -4.31792
-0.27732 -3.91161
-0.17187 -4.01360
-0.26643 -4.50689
-0.13154 -3.85526
-0.27661 -4.28548
-0.22038 -4.40069
-0.21197 -4.42410
-0.27125 -3.90722
-0.19259 -4.32108
-0.38502 -4.41014

-0.17417 -4.11120
-0.32471 -4.27013
-0.29965 -3.85904
-0.10230 -4.44661
-0.23125 -4.42578
-0.37988 -3.98302
-0.27036 -3.87611
-0.10068 -3.92673
-0.23605 -3.79367
-0.25434 -4.03015
-0.17328 -3.92686
-0.11115 -4.42235
-0.39836 -4.11255
-0.32443 -4.00187
-0.36174 -3.93959
-0.24998 -4.05886
-0.37790 -4.48645
-0.34411 -4.06169
-0.11665 -3.84565
-0.24113 -4.45894
-0.10005 -4.47039
-0.35545 -4.49427
-0.38184 -4.39178
-0.12422 -3.83812
-0.31183 -4.15504
-0.25134 -3.94157
-0.25620 -4.52344
-0.33706 -4.07490
-0.18180 -4.12337
-0.38133 -4.06747
-0.31157 -4.50605
-0.14915 -4.28138
-0.38338 -4.22862
-0.14933 -3.98925
-0.34018 -4.00293
-0.17095 -4.15876
-0.37561 -4.55823
-0.15850 -4.41414
-0.23005 -3.87261
-0.37146 -4.35959
-0.36875 -3.98013
-0.28754 -3.95225
-0.26719 -4.25968
-0.10672 -4.30754
-0.16571 -4.40534
-0.29703 -4.25444
-0.13173 -4.40960
-0.19247 -4.25652
-0.17618 -4.48958
-0.35925 -4.34810
-0.21682 -4.13583
-0.27064 -3.92255
-0.29294 -4.54008
-0.25222 -4.28099
-0.16905 -4.55720
-0.29542 -4.22542
-0.29448 -4.02835
-0.34699 -4.40653
-0.31943 -4.38353
-0.38057 -4.29767
-0.36756 -3.84323
-0.23860 -4.04842
-0.25208 -3.91490
-0.30718 -4.40195
-0.16501 -4.04489
-0.35194 -4.39021
-0.24469 -4.47900
-0.31182 -4.57324
-0.33734 -3.90596
-0.20875 -4.22510
-0.28072 -4.13148
-0.35558 -3.80675
-0.21793 -4.35232
-0.35691 -3.80458
-0.19056 -4.00511
-0.35688 -3.87415
-0.28126 -4.48459
-0.29428 -4.29972
-0.37181 -4.40304
-0.27830 -4.00618
-0.19368 -4.03055
-0.21455 -4.21239
-0.33088 -4.31847
-0.17084 -3.89230
-0.37025 -4.43777
-0.13449 -4.12256
-0.27528 -4.31514
-0.13929 -4.52396
-0.23021 -4.16044
-0.22653 -3.99283
-0.35965 -3.89167
-0.19325 -3.87697
-0.20333 -4.15126
-0.11128 -3.95974
-0.30961 -4.44030
-0.12170 -4.07036
-0.12583 -4.25731
-0.20645 -3.99456
-0.37237 -4.17140
-0.25440 -4.52432

-0.33350 -4.26891
-0.38236 -3.85800
-0.26292 -3.96286
-0.15231 -4.26198
-0.12846 -4.03132
-0.30909 -3.94381
-0.26355 -4.21079
-0.14009 -4.47072
-0.14788 -3.79728
-0.21250 -4.40753
-0.15042 -3.84175
-0.29602 -4.46504
-0.11871 -4.26414
-0.37599 -4.00621
-0.28546 -4.04707
-0.10940 -3.96572
-0.28773 -4.19271
-0.39958 -4.56196
-0.32601 -3.81448
-0.30888 -3.94880
-0.22901 -4.51885
-0.12519 -4.25517
-0.30886 -3.84426
-0.13001 -4.19540
-0.36132 -3.99461
-0.35988 -4.53605
-0.36628 -4.31150
-0.32733 -3.84696
-0.20433 -4.22318
-0.12386 -3.86782
-0.15797 -3.96663
-0.23354 -4.54482
-0.14886 -3.92230
-0.31253 -4.36705
-0.15678 -4.49893
-0.24786 -4.45077
-0.16183 -4.11886
-0.21416 -4.37661
-0.13118 -4.42126
-0.25998 -4.22839
-0.24418 -4.07741
-0.23535 -4.34824
-0.30362 -4.54138
-0.28198 -4.20501
-0.37236 -4.04902
-0.24583 -4.26922
-0.13896 -4.36183
-0.36689 -4.04008
-0.32872 -3.80049
-0.32995 -3.90607
-0.17602 -4.09330
-0.39957 -4.33103
-0.10011 -4.54956
-0.31968 -4.50887
-0.22944 -4.00593
-0.15091 -3.97356
-0.18523 -4.30844
-0.20465 -4.05287
-0.28461 -4.14827
-0.32857 -4.21710
-0.31524 -4.16061
-0.37241 -4.51880
-0.29178 -4.27986
-0.25206 -4.01361
-0.35242 -4.02724
-0.35873 -4.16445
-0.31655 -4.04281
-0.10359 -4.06259
-0.32297 -4.21976
-0.10872 -4.38581
-0.35991 -4.23993
-0.38439 -4.00309
-0.25078 -3.91252
-0.34378 -4.48829
-0.25113 -3.94165
-0.33218 -3.85165
-0.10115 -4.57278
-0.13812 -4.33940
-0.37259 -4.39897
-0.10157 -3.84867
-0.16080 -4.25585
-0.38098 -4.17344
-0.11393 -4.07650
-0.25824 -4.05979
-0.19454 -4.38710
-0.33986 -3.82679
-0.16720 -4.54340
-0.25513 -3.83206
-0.18781 -4.56253
-0.16945 -4.57044
-0.13486 -4.18344
-0.32943 -4.31474
-0.35703 -4.43038
-0.15264 -4.27400
-0.10601 -3.89762
-0.31743 -3.96205
-0.35137 -4.31637
-0.33290 -3.83860
-0.11153 -4.04114
-0.29379 -3.86361

-0.12697 -4.29777
-0.37729 -4.43695
-0.37080 -4.48846
-0.36620 -3.94630
-0.22896 -4.15139
-0.15492 -3.99160
-0.28427 -4.22804
-0.29761 -4.04463
-0.26422 -4.16448
-0.17697 -3.93304
-0.19346 -4.13838
-0.34501 -4.26461
-0.23162 -3.83393
-0.32098 -4.50892
-0.20295 -3.80030
-0.21595 -4.35259
-0.13700 -4.16309
-0.30067 -3.95832
-0.11582 -4.06948
-0.27777 -4.09861
-0.37728 -4.06120
-0.13569 -4.47214
-0.37641 -4.41910
-0.36202 -4.18294
-0.14817 -4.32984
-0.15252 -4.02707
-0.36795 -4.50270
-0.15740 -4.28991
-0.15484 -3.90449
-0.14357 -4.32959
-0.12748 -4.28131
-0.16999 -3.82241
-0.31124 -3.82974
-0.31549 -4.04951
-0.38012 -4.36147
-0.18385 -4.12043
-0.18764 -4.44261
-0.18566 -3.82137
-0.21751 -3.93231
-0.24381 -4.24733
-0.37032 -4.46920
-0.15964 -4.05657
-0.23200 -4.43221
-0.20899 -4.18530
-0.29021 -4.07698
-0.31633 -4.28140
-0.14869 -4.15052
-0.33554 -3.93073
-0.29559 -3.95077
-0.15608 -4.39770
-0.11923 -4.36588
-0.33266 -4.53403
-0.28378 -4.18456
-0.18458 -4.17739
-0.23471 -4.53808
-0.31086 -4.00529
-0.13784 -3.97681
-0.27798 -4.42398
-0.11016 -4.47981
-0.30572 -3.80016
-0.27586 -4.33817
-0.27644 -3.83873
-0.13828 -4.39008
-0.25326 -4.49566
-0.15603 -4.09683
-0.14613 -4.18955
-0.26435 -4.25463
-0.14558 -4.02588
-0.35573 -3.85861
-0.13247 -4.44315
-0.26139 -4.20707
-0.17067 -4.15842
-0.28873 -4.53309
-0.24645 -4.17750
-0.16886 -4.14989
-0.23582 -4.23047
-0.19975 -3.91195
-0.19484 -4.09031
-0.26098 -4.19034
-0.14362 -4.19008
-0.34737 -4.16968
-0.28810 -4.50151
-0.15452 -4.22096
-0.32733 -3.87773
-0.39862 -3.82845
-0.23986 -4.19515
-0.24860 -4.51317
-0.17001 -4.37746
-0.27535 -4.48613
-0.17336 -3.92583
-0.11356 -3.83457
-0.35714 -4.35419
-0.33637 -3.98008
-0.25645 -4.57205
-0.28848 -4.28082
-0.20430 -4.13720
-0.34999 -3.89946
-0.15774 -4.45293
-0.34153 -4.01907
-0.39994 -3.93260

-0.10650 -3.84766
-0.36785 -3.89059
-0.14898 -4.51384
-0.12200 -4.11458
-0.33489 -3.97657
-0.26971 -4.01199
-0.34486 -4.07796
-0.30703 -4.41068
-0.29084 -4.17651
-0.20618 -4.16599
-0.33148 -3.91301
-0.29018 -4.04222
-0.21056 -3.86605
-0.24298 -4.49388
-0.29963 -4.53263
-0.35411 -3.82614
-0.31398 -4.53929
-0.34393 -3.81755
-0.33503 -3.82852
-0.38527 -4.57410
-0.31642 -3.96075
-0.20206 -3.91487
-0.30328 -4.30812
-0.24921 -3.80898
-0.28464 -4.44812
-0.18849 -4.37973
-0.37310 -3.92596
-0.37761 -3.96169
-0.31448 -4.52111
-0.15484 -4.24017
-0.29555 -4.38611
-0.15454 -3.94271
-0.24975 -4.14196
-0.24793 -3.84224
-0.30946 -4.43678
-0.34828 -4.24950
-0.20822 -4.47176
-0.25823 -3.90519
-0.14889 -3.83312
-0.12412 -4.50538
-0.27439 -4.53936
-0.24137 -3.85972
-0.13315 -3.97517
-0.21860 -4.29390
-0.28435 -4.11705
-0.11618 -4.32196
-0.33804 -4.55975
-0.38615 -4.46252
-0.18121 -4.15220
-0.37372 -4.29163
-0.16490 -4.30957
-0.37937 -4.10409
-0.21314 -4.43785
-0.37806 -4.36436
-0.20653 -4.10203
-0.10343 -4.48583
-0.28557 -3.81777
-0.27896 -4.26850
-0.14990 -4.33063
-0.31512 -4.40675
-0.17550 -3.91938
-0.36472 -4.39734
-0.23808 -4.06543
-0.24344 -4.38438
-0.28909 -4.27469
-0.21541 -4.14174
-0.28499 -4.17129
-0.35826 -4.11146
-0.16993 -4.10538
-0.14120 -4.31406
-0.11025 -4.37027
-0.23171 -3.92666
-0.33058 -4.14127
-0.13464 -4.14901
-0.39088 -3.89643
-0.15844 -4.36471
-0.24614 -4.19094
-0.16127 -4.43638
-0.32292 -3.84914
-0.20783 -4.28185
-0.37727 -3.79978
-0.17217 -3.90182
-0.15808 -4.18810
-0.28397 -4.53944
-0.10129 -4.11795
-0.19431 -3.98249
-0.18176 -4.29662
-0.24241 -3.95089
-0.34950 -4.51690
-0.10302 -4.17728
-0.35245 -4.48477
-0.34683 -4.46785
-0.35502 -4.41622
-0.30490 -3.96148
-0.26408 -4.36619
-0.10919 -3.84586
-0.11716 -4.15708
-0.25773 -4.57445
-0.29966 -4.14430
-0.24985 -4.06088

-0.28995 -4.08458
-0.37056 -4.07879
-0.33487 -4.38388
-0.20418 -4.55588
-0.27405 -4.06991
-0.28240 -4.48151
-0.28226 -4.40413
-0.35524 -4.35284
-0.12844 -4.19130
-0.26856 -4.44912
-0.39025 -4.04286
-0.35496 -4.26261
-0.22674 -4.07611
-0.37004 -4.03913
-0.20308 -4.53801
-0.22853 -4.46661
-0.15960 -3.93852
-0.22329 -4.07295
-0.34683 -4.15248
-0.18704 -4.28796
-0.30444 -4.29273
-0.36612 -4.27585
-0.11795 -4.07277
-0.19514 -4.07934
-0.13138 -4.05375
-0.21324 -4.11545
-0.34885 -4.34095
-0.32623 -4.00710
-0.20027 -4.56629
-0.15967 -4.56720
-0.20151 -3.81996
-0.33253 -4.30262
-0.21842 -3.91081
-0.34283 -3.94632
-0.39323 -4.13173
-0.21184 -4.32647
-0.24368 -4.24258
-0.35665 -4.16648
-0.25758 -3.79607
-0.31958 -3.91177
-0.28067 -3.92250
-0.12413 -4.26903
-0.26364 -4.11357
-0.13110 -4.05081
-0.27979 -4.10486
-0.10110 -4.06069
-0.18490 -4.53394
-0.15325 -4.53405
-0.25627 -4.13134
-0.19328 -4.05416
-0.16267 -4.13132
-0.16343 -3.81943
-0.14950 -4.35681
-0.16808 -4.54524
-0.28501 -4.24731
-0.31640 -4.54206
-0.11271 -4.24447
-0.39676 -4.22260
-0.34850 -4.42356
-0.37447 -3.95101
-0.12523 -3.98983
-0.16824 -3.83230
-0.13298 -4.28639
-0.23485 -3.84337
-0.15627 -4.10690
-0.32296 -3.84725
-0.23464 -4.43282
-0.10918 -4.45119
-0.15498 -3.94586
-0.24145 -4.25569
-0.10814 -4.02850
-0.27185 -4.23008
-0.29572 -3.98241
-0.12389 -4.22578
-0.31919 -4.41640
-0.37849 -3.82150
-0.24334 -3.87493
-0.34869 -4.47694
-0.14373 -4.10281
-0.33563 -3.99824
-0.19716 -4.22178
-0.38398 -4.34406
-0.34674 -3.81709
-0.34080 -3.82721
-0.27070 -4.51589
-0.31589 -4.03633
-0.16603 -4.33415
-0.32577 -3.83122
-0.14972 -4.19274
-0.10267 -3.82919
-0.32421 -3.84298
-0.30434 -3.96901
-0.21183 -4.21920
-0.15528 -3.82223
-0.26870 -4.02334
-0.28825 -4.20576
-0.15158 -3.99613
-0.30280 -4.27272
-0.22092 -3.91751
-0.20987 -4.46989

-0.16918 -4.37465
-0.36110 -4.19654
-0.37905 -4.45156
-0.24150 -4.53599
-0.21764 -4.23760
-0.10974 -3.87639
-0.18478 -3.99121
-0.15623 -3.93598
-0.31851 -3.84339
-0.26416 -4.33404
-0.15952 -4.22424
-0.14345 -3.91281
-0.33380 -4.47818
-0.33573 -3.96154
-0.29208 -4.40059
-0.12067 -4.52843
-0.33145 -4.30366
-0.34897 -3.86545
-0.15911 -4.36579
-0.14663 -4.27462
-0.16906 -4.27639
-0.34835 -4.33140
-0.39114 -4.46063
-0.28127 -4.04358
-0.22054 -4.53308
-0.34532 -4.50409
-0.31290 -4.50160
-0.35594 -4.33325
-0.18109 -3.95105
-0.36031 -4.31724
-0.27554 -4.40847
-0.13595 -4.11445
-0.10096 -4.43205
-0.19949 -4.52058
-0.28179 -4.42165
-0.19371 -4.53237
-0.37211 -4.13734
-0.22746 -4.45149
-0.15601 -4.00293
-0.35439 -4.09209
-0.24433 -4.30880
-0.23526 -3.85837
-0.20154 -4.32927
-0.28441 -3.86069
-0.31298 -4.15737
-0.20569 -4.35126
-0.38041 -4.09713
-0.14538 -4.25328
-0.27415 -3.80430
-0.25452 -4.16307
-0.27221 -4.57249
-0.39485 -4.26882
-0.36581 -4.17751
-0.37896 -4.41100
-0.11206 -4.12479
-0.16129 -4.42083
-0.39083 -4.14828
-0.31865 -4.21824
-0.29625 -4.18620
-0.15815 -4.38926
-0.22191 -3.98707
-0.34388 -3.80162
-0.14643 -4.47888
-0.35438 -4.09660
-0.18733 -3.83671
-0.31750 -4.07160
-0.21038 -3.95863
-0.12126 -4.40483
-0.27649 -4.34178
-0.34691 -3.81866
-0.30537 -4.21709
-0.23442 -3.99054
-0.25289 -4.45899
-0.27299 -4.01342
-0.33664 -4.51119
-0.12440 -4.40374
-0.14943 -4.42995
-0.25435 -4.04004
-0.29952 -4.53207
-0.27819 -3.97672
-0.30748 -4.22982
-0.23124 -4.38707
-0.27376 -4.43259
-0.20751 -4.50359
-0.10483 -4.09792
-0.12901 -4.30948
-0.27384 -4.44630
-0.39523 -4.49479
-0.37065 -4.26595
-0.39703 -4.27520
-0.29978 -4.02655
-0.14747 -4.05836
-0.23342 -4.27819
-0.16500 -4.10844
-0.31434 -4.05734
-0.26777 -3.91592
-0.22293 -4.54306
-0.17022 -3.98727
-0.36604 -3.86858
-0.38030 -3.99147

-0.20407 -4.25612
-0.39359 -3.85984
-0.11201 -3.97900
-0.15212 -4.36917
-0.15527 -3.81058
-0.37756 -4.44416
-0.38531 -4.01866
-0.30453 -4.42207
-0.23064 -4.43736
-0.27686 -4.04964
-0.23489 -4.01113
-0.26546 -4.33169
-0.25971 -4.36757
-0.24217 -4.56805
-0.30334 -4.29160
-0.11507 -4.20312
-0.31759 -4.26704
-0.25982 -4.03749
-0.39236 -4.48516
-0.11922 -4.24457
-0.17978 -4.10031
-0.32658 -4.13052
-0.38598 -4.18865
-0.27787 -4.34005
-0.28321 -4.43288
-0.14961 -4.36038
-0.31937 -4.23509
-0.35382 -3.83416
-0.18619 -4.38674
-0.38564 -4.17122
-0.35163 -4.19912
-0.24624 -3.84717
-0.32246 -3.79935
-0.19820 -3.88938
-0.20735 -4.41267
-0.30871 -4.21428
-0.23302 -4.53629
-0.23380 -3.83211
-0.34506 -4.30138
-0.14050 -3.80010
-0.16916 -4.37263
-0.29334 -3.92389
-0.36090 -3.92365
-0.32472 -4.45243
-0.19240 -4.49282
-0.29347 -4.05417
-0.34910 -4.38316
-0.30367 -4.33996
-0.33783 -3.85731
-0.32982 -4.07529
-0.14378 -4.50160
-0.26658 -4.47451
-0.14795 -4.32291
-0.38784 -4.13731
-0.37541 -4.40336
-0.37803 -4.45097
-0.22544 -3.80545
-0.23317 -4.08074
-0.15674 -3.80424
-0.10907 -4.04227
-0.37201 -4.52546
-0.12441 -4.38399
-0.16112 -4.20335
-0.18931 -4.06349
-0.22317 -4.46440
-0.27137 -4.47435
-0.10467 -4.50920
-0.34904 -3.82116
-0.25908 -4.30392
-0.16236 -4.12863
-0.26341 -3.98157
-0.31017 -4.35809
-0.12738 -4.21565
-0.39303 -4.19197
-0.35162 -4.07233
-0.20821 -4.29824
-0.18268 -4.44265
-0.38948 -3.90815
-0.38564 -4.02123
-0.29102 -4.02586
-0.23298 -4.45562
-0.10195 -4.13002
-0.17754 -4.53454
-0.16206 -4.44952
-0.37058 -4.20591
-0.15362 -4.31735
-0.17741 -4.39221
-0.28320 -4.43323
-0.31346 -3.97289
-0.20879 -4.21432
-0.31215 -4.50474
-0.34305 -4.47427
-0.34346 -4.53270
-0.12875 -4.19846
-0.11683 -3.95705
-0.21661 -3.95311
-0.24083 -3.97160
-0.15364 -4.50842
-0.22272 -3.90910
-0.23042 -4.18570

-0.34838 -4.04544
-0.25125 -4.11635
-0.36802 -4.10547
-0.15090 -4.52122
-0.14531 -4.30605
-0.22309 -4.54139
-0.14446 -4.43645
-0.13932 -4.52939
-0.35517 -4.22047
-0.37008 -4.11692
-0.36704 -4.44981
-0.39779 -4.33274
-0.18345 -4.33091
-0.12484 -4.13583
-0.38957 -3.94501
-0.23575 -4.01528
-0.39129 -4.26701
-0.31007 -3.89195
-0.36650 -4.50233
-0.24746 -4.21962
-0.26466 -4.10132
-0.29283 -4.54752
-0.35993 -4.06177
-0.18766 -4.05672
-0.19644 -4.25620
-0.21855 -3.98434
-0.35980 -3.83688
-0.22144 -4.51997
-0.11586 -3.96418
-0.19693 -4.11259
-0.26845 -4.48425
-0.38042 -3.96475
-0.27331 -4.51059
-0.19049 -3.91901
-0.38239 -4.08137
-0.15804 -3.97093
-0.38959 -4.07004
-0.27958 -3.92973
-0.34379 -3.91561
-0.15626 -4.13394
-0.37933 -4.06375
-0.39180 -3.90119
-0.20876 -4.14106
-0.30280 -3.96758
-0.29525 -4.05716
-0.13422 -4.51430
-0.21847 -3.85930
-0.36424 -4.39340
-0.20725 -4.31417
-0.31030 -4.12624
-0.26837 -4.08427
-0.39316 -3.84270
-0.26221 -4.33961
-0.25709 -3.80949
-0.33304 -3.83030
-0.29763 -4.55878
-0.22214 -4.38749
-0.37505 -4.24972
-0.34674 -4.23381
-0.28927 -4.02326
-0.22284 -4.04571
-0.30917 -4.20336
-0.39480 -3.87303
-0.28093 -4.44744
-0.33911 -4.51188
-0.14069 -4.46330
-0.10076 -4.55183
-0.28940 -3.86484
-0.31155 -4.46257
-0.30881 -4.53421
-0.29525 -3.98349
-0.27154 -3.86578
-0.39082 -4.42585
-0.16934 -3.98762
-0.23623 -4.33628
-0.14864 -4.19907
-0.14513 -4.13095
-0.25368 -4.02844
-0.26995 -4.39516
-0.13923 -4.12328
-0.32130 -4.21414
-0.20951 -4.46716
-0.32267 -4.36676
-0.36487 -4.12208
-0.21531 -4.27605
-0.33185 -3.84658
-0.14629 -4.37317
-0.31276 -3.79566
-0.24527 -4.17542
-0.31865 -4.03555
-0.36864 -4.29665
-0.16745 -4.16100
-0.31400 -4.57273
-0.18510 -4.49519
-0.24822 -3.91630
-0.11237 -3.93990
-0.18593 -3.93832
-0.37718 -3.84882
-0.35389 -3.80648
-0.23780 -4.52715

-0.13543 -4.14038
-0.32943 -4.44512
-0.28458 -4.37700
-0.29659 -4.45240
-0.27289 -3.81872
-0.11520 -3.96115
-0.29364 -3.99872
-0.37970 -4.15400
-0.15686 -4.17527
-0.20819 -4.34404
-0.25511 -3.81300
-0.19183 -4.28279
-0.25895 -4.09004
-0.13746 -4.03186
-0.15810 -4.50264
-0.14051 -4.04084
-0.14392 -4.11179
-0.10503 -4.30554
-0.16844 -3.98973
-0.17133 -4.56109
-0.25288 -4.25625
-0.32412 -4.24570
-0.27912 -4.43034
-0.15992 -4.18621
-0.14377 -3.89141
-0.36413 -4.26605
-0.35795 -4.07136
-0.23971 -3.99774
-0.20926 -4.03064
-0.33195 -4.35367
-0.13741 -4.25509
-0.36470 -4.27102
-0.10067 -4.05652
-0.20853 -4.24209
-0.26583 -4.35307
-0.20874 -4.07837
-0.34659 -4.00202
-0.32521 -3.81369
-0.37400 -4.56174
-0.19208 -4.02513
-0.27567 -4.21848
-0.34902 -4.21834
-0.34630 -3.95838
-0.32345 -4.42595
-0.31154 -3.79620
-0.13080 -4.24159
-0.31608 -4.24875
-0.28746 -4.16097
-0.38021 -3.85593
-0.10952 -3.89543
-0.26774 -4.40462
-0.34705 -3.93323
-0.36530 -4.46854
-0.23786 -3.95676
-0.16420 -4.42969
-0.11345 -3.81592
-0.22741 -3.81233
-0.21971 -3.84594
-0.14763 -4.56998
-0.38392 -3.93890
-0.13656 -4.10876
-0.30027 -4.08811
-0.33200 -3.86555
-0.18525 -4.35199
-0.24610 -4.14561
-0.30237 -4.23257
-0.33945 -4.01885
-0.32289 -4.03477
-0.25190 -3.95330
-0.36604 -3.87154
-0.23163 -4.09667
-0.31980 -4.15643
-0.26243 -4.52479
-0.27821 -4.52908
-0.31230 -3.92533
-0.38455 -4.36167
-0.28822 -4.51549
-0.25671 -4.57442
-0.31463 -3.95988
-0.15126 -4.38243
-0.28010 -4.03275
-0.11172 -4.56855
-0.34915 -3.82156
-0.25045 -4.27601
-0.12174 -3.81619
-0.32877 -4.37646
-0.34396 -3.79384
-0.36404 -4.49750
-0.27525 -3.93810
-0.19897 -4.56647
-0.11879 -4.12061
-0.37676 -4.38327
-0.20464 -4.54838
-0.24081 -3.92699
-0.28659 -4.51346
-0.28714 -3.95261
-0.30403 -3.88037
-0.34352 -4.07576
-0.28201 -4.50810
-0.32867 -4.33628


0.17353 2.32068
0.14970 2.13298
0.17262 2.69985
0.21847 2.10370
0.14211 1.95590
0.22482 2.15543
0.17489 2.65588
0.18965 2.65318
0.23167 2.75154
0.11068 2.02531
0.14206 2.19395
0.13323 2.32081
0.19869 2.55132
0.19083 2.60016
0.17402 2.20728
0.19345 2.24469
0.10716 1.93797
0.20587 2.39081
0.16274 2.57656
0.16895 2.58758
0.22350 1.98216
0.13871 2.64363
0.21563 2.84632
0.22256 2.89336
0.09611 2.55160
0.10916 1.98754
0.11822 2.11553
0.23480 2.62248
0.11490 2.73899
0.20169 1.85953
0.13506 2.57277
0.23642 2.42021
0.21764 2.21685
0.22405 2.66894
0.14822 1.91537
0.20976 2.50623
0.15700 2.47923
0.21676 2.94811
0.13374 2.04321
0.15337 2.51853
0.23261 2.05159
0.16002 2.57942
0.18973 2.79164
0.13414 2.44510
0.09871 2.21288
0.11677 2.43172
0.17229 2.39550
0.21644 2.07854
0.14430 2.38768
0.19339 1.88697
0.12382 2.20272
0.16373 2.76423
0.09620 2.89154
0.09611 2.44871
0.14977 2.07614
0.20754 1.93606
0.23174 2.32807
0.14113 2.30126
0.16328 2.64677
0.22748 2.38641
0.23995 2.49864
0.13677 2.78653
0.20255 2.74679
0.13323 2.50515
0.21420 1.80702
0.14176 2.87852
0.17892 2.72600
0.14634 2.14366
0.12241 2.01899
0.09568 2.70337
0.14657 2.57549
0.21095 2.98758
0.14731 2.08511
0.12253 1.91194
0.22245 2.72444
0.09800 1.80628
0.19269 1.95320
0.18441 2.30754
0.15950 2.91431
0.20849 2.30260
0.18757 2.72183
0.21632 2.66992
0.17575 2.01198
0.12523 2.63461
0.19787 1.92891
0.20885 2.80530
0.22843 2.31958
0.21203 2.59004
0.22878 2.05446
0.16568 2.13601
0.13760 2.40215
0.15522 2.55963
0.22920 1.81699
0.22927 2.39699
0.22402 2.37816
0.18356 1.89079
0.18563 1.87899
0.09392 2.89083
0.16144 1.89709
0.17852 1.80775
