10 10 4

0 1
0 1
0 1
0 1
0 1
0 1
0 1
0 1
0 1
0 1

-0.30398136587657437 -1.8279181489450567
-0.20160763466687417 -1.8513967725457752
-0.20656906265302158 -1.8741764498227014
-0.2958255152378625 -2.22111964284691
-0.18812701273429674 -2.055583038201297
-0.2522621909297873 -1.5479395714001534
-0.38544570309963455 -2.027219820771951
-0.38151467019892 -2.0184270215945195
-0.3054314089660739 -1.7181549724793106
-0.20375629285790645 -2.2010045029085505

-0.2222366755713595 -2.1851889706103833
-0.1319455201437299 -2.195551046778646
-0.1833464895505718 -2.04223443641992
-0.24037368048556298 -1.5534487402569022
-0.27805565018310546 -2.201552087762505
-0.34472088850349464 -1.5816488754588474
-0.29044000864944564 -2.155439801510482
-0.11353982385507366 -1.5539281564403429
-0.21882643927542067 -2.063510826896581
-0.11042057042836789 -2.054704947038512

-0.39024554149630786 -1.9631476533879841
-0.13185479080116247 -1.5381403396887896
-0.2906937755130169 -2.216367434592507
-0.22041468537575684 -1.7713617836675826
-0.15005600226338264 -2.2192434818453464
-0.21148449151480886 -1.946776175623104
-0.2611647755477401 -2.1030929644874994
-0.21680429448076052 -1.702331047463788
-0.15118894308265646 -2.219834464605918
-0.19928617160029866 -1.6163432446616346

-0.14991760615353766 -2.050456938425903
-0.3702513949027287 -2.0282852203830597
-0.255748911247896 -1.7585094391272933
-0.31385371323275146 -1.8717711751982364
-0.12583563561815692 -1.980451754365056
-0.3626625141298451 -1.5591363107240133
-0.32217974081873163 -1.7374900295775406
-0.3533761374347779 -1.7674098954141093
-0.14970925052197415 -1.840651688663598
-0.33340810969111956 -1.6095507321280906

-0.21752617190099183 -1.9960645013974718
-0.3648828609848298 -2.0975438019256165
-0.19285852345813015 -2.210240658497062
-0.37979422084017594 -1.8494089765944768
-0.16332832648276466 -1.7355802613343712
-0.19117667112669284 -2.2224771817800284
-0.35846377739585983 -2.138147354397897
-0.22086528978648212 -1.6632691029565598
-0.2317383921750964 -2.0046512982618627
-0.11395228310563937 -1.7562977134387439

-0.25319475874764674 -1.9163929648690876
-0.35463840419324694 -1.6143907179512125
-0.2805145208651307 -1.5971562067635159
-0.39581609867310447 -1.5444536476887376
-0.2849344346074137 -1.7361753506417523
-0.12857827215828083 -1.8793219272655888
-0.28237705125285084 -1.851492979402309
-0.2595942858300803 -1.722033768692372
-0.3235874599362031 -1.7332937088967184
-0.3422564883292043 -1.9880868362657926

-0.12312948563845616 -1.8928821839363597
-0.33097780164016566 -1.8531133643495354
-0.3291106881181409 -1.5374863738716567
-0.2611029274480086 -1.5698764448356402
-0.3543599412050729 -2.2457243346043314
-0.13065423058721576 -2.0679326406050937
-0.353442747977451 -1.7364696859211737
-0.1113393004596887 -1.8728378237018057
-0.21288581410066923 -2.0555066055697595
-0.35575727636963106 -1.7802228180886077

-0.37479053099618564 -1.8331689823737247
-0.34063774723828744 -1.645615255405714
-0.18035913561878775 -2.2371892818207084
-0.3142685128473473 -1.7637296828453857
-0.17841002532909847 -1.5869443652789752
-0.17866383417670725 -1.6850751642296
-0.21215689809847899 -1.6047193312793633
-0.18487601748879912 -1.6535709333184563
-0.2524961248786155 -1.5166638360586653
-0.3504795756468191 -1.7765409954705818

-0.3069216821455459 -2.2220760188153563
-0.12461065885457762 -1.7688649362699658
-0.396048094866451 -1.6957780593205787
-0.20458776738632475 -2.030865890226499
-0.21801192538821185 -1.5775697127389372
-0.281014177885018 -1.5819568181205663
-0.18981681806132017 -1.614203890496764
-0.3977725017154016 -1.829891239960263
-0.30618389491374054 -2.0632304167832745
-0.3800530075590884 -2.269528938107736

-0.125345888048075 -2.1177482623773973
-0.17409351399492756 -2.224916535395155
-0.33658833834968993 -2.144610749025538
-0.25421536217530866 -1.5349006595324521
-0.19088820244822904 -2.1375251065466383
-0.364415995066443 -1.8940263642274695
-0.17365264714793552 -2.0467816048807848
-0.11017209654963811 -1.6005795944093795
-0.2406643560765274 -1.5422079585918351
-0.32227362134238136 -2.1084233503732266


0.17804554890735913 1.8869609691904519
0.155858853571532 2.2309620178887712
0.07676216403242504 1.9436314347594696
0.07544399414977325 1.857612939795764
0.08264149244786227 1.533271884309447
0.1484423812462607 1.784094628470673
0.12946839173928928 2.3696179484952693
0.09026869249528713 1.7073435540662005
0.13575423087482935 1.5482963776531737
0.2469514725230516 2.3794897751202035
