10 100 60

0.00000 1.00000
0.00000 1.00000
0.00000 1.00000
0.00000 1.00000
0.00000 1.00000
0.00000 1.00000
0.00000 1.00000
0.00000 1.00000
0.00000 1.00000
0.00000 1.00000


-0.38544 -4.53793
-0.13471 -4.41816
-0.31542 -4.51232
-0.16455 -4.01977
-0.36627 -4.28729
-0.15621 -3.93077
-0.39608 -3.99512
-0.34137 -4.38829
-0.27464 -4.44091
-0.37714 -4.29301
-0.12369 -4.17712
-0.16616 -4.12691
-0.31971 -4.34613
-0.32118 -4.39033
-0.12925 -4.41952
-0.22405 -3.84327
-0.39782 -4.05990
-0.33689 -4.05596
-0.19062 -4.09436
-0.27967 -4.32111
-0.17468 -4.09546
-0.19764 -4.01773
-0.24876 -3.83833
-0.20437 -4.53009
-0.34850 -4.54994
-0.21905 -4.48942
-0.16271 -4.57509
-0.13769 -4.57483
-0.13265 -4.53493
-0.13917 -4.31905
-0.36646 -4.12563
-0.17098 -3.87464
-0.34267 -4.04072
-0.10138 -4.04226
-0.36179 -4.02287
-0.19304 -4.46822
-0.35681 -3.83460
-0.26499 -4.08709
-0.24838 -4.21385
-0.18589 -3.82444
-0.21832 -4.31073
-0.23316 -4.14913
-0.16054 -4.19762
-0.15999 -4.01162
-0.11125 -4.04456
-0.39260 -3.96020
-0.30543 -3.95737
-0.22735 -4.43432
-0.39310 -3.88992
-0.38953 -3.98831
-0.11050 -4.47872
-0.21924 -4.25765
-0.15655 -4.31830
-0.12913 -3.83878
-0.13570 -4.07644
-0.16206 -3.81113
-0.12565 -4.51977
-0.18812 -4.26354
-0.15513 -3.98972
-0.29003 -3.96382
-0.39967 -4.46157
-0.15710 -4.45996
-0.33136 -4.35710
-0.31318 -3.93906
-0.22054 -4.45637
-0.14787 -4.21860
-0.25205 -4.38511
-0.37797 -3.90522
-0.37470 -4.54311
-0.27527 -4.30861
-0.12854 -3.94025
-0.12982 -4.20245
-0.30091 -4.27990
-0.19756 -4.38589
-0.11346 -3.87035
-0.22643 -4.29266
-0.33377 -4.24375
-0.23989 -3.93381
-0.20863 -3.94006
-0.39162 -3.90117
-0.26516 -3.83441
-0.15697 -3.88121
-0.22287 -4.44765
-0.24144 -3.85949
-0.15225 -4.15641
-0.34001 -3.90875
-0.11985 -4.39573
-0.21351 -4.08408
-0.29402 -4.24822
-0.11715 -4.34553
-0.33323 -4.41246
-0.13274 -3.81529
-0.29312 -4.46002
-0.11219 -4.15802
-0.33875 -4.00607
-0.13094 -4.06814
-0.27968 -4.20935
-0.33723 -3.96326
-0.25451 -3.84071
-0.15750 -4.25917

-0.26483 -4.18221
-0.31908 -4.45586
-0.23236 -4.31927
-0.10162 -4.19568
-0.11030 -3.88050
-0.16353 -4.56184
-0.23739 -3.82589
-0.15171 -4.19312
-0.18402 -4.23975
-0.18100 -4.06587
-0.34623 -4.53785
-0.33401 -4.37137
-0.18996 -4.08744
-0.11855 -4.09670
-0.35566 -4.17147
-0.39801 -4.47721
-0.18930 -4.19902
-0.32586 -4.04747
-0.31308 -4.40041
-0.35663 -4.54140
-0.15881 -4.31701
-0.14124 -3.84854
-0.22560 -4.02700
-0.15413 -3.98062
-0.21265 -4.23585
-0.30217 -4.03604
-0.16013 -4.15480
-0.14246 -4.41181
-0.29815 -4.52873
-0.36786 -4.07161
-0.19512 -4.17805
-0.19429 -4.49285
-0.21912 -4.07459
-0.23231 -4.31451
-0.27425 -4.22466
-0.32610 -4.51717
-0.37142 -4.45297
-0.36640 -4.45951
-0.38227 -4.12666
-0.32557 -3.91827
-0.39556 -3.99352
-0.17193 -4.13759
-0.20710 -4.17079
-0.37654 -4.33036
-0.14205 -4.12055
-0.20821 -4.51994
-0.15621 -4.54307
-0.38589 -4.11110
-0.35945 -4.18570
-0.36823 -4.48959
-0.15256 -3.83053
-0.14225 -3.92529
-0.12575 -4.52758
-0.12573 -4.39829
-0.11932 -4.25353
-0.15652 -4.37134
-0.34557 -4.24696
-0.38358 -4.56582
-0.17033 -4.53602
-0.36762 -4.28125
-0.34729 -4.04155
-0.28070 -4.02757
-0.22407 -4.43629
-0.19388 -4.08852
-0.32186 -4.05374
-0.18022 -4.55863
-0.22861 -4.01309
-0.28169 -3.88226
-0.29975 -4.06730
-0.29364 -4.08765
-0.19932 -4.56478
-0.30653 -4.17413
-0.27636 -4.36645
-0.25052 -4.27815
-0.31942 -4.57378
-0.32129 -4.19656
-0.29803 -3.86378
-0.37612 -4.53946
-0.26131 -4.46346
-0.32164 -4.27283
-0.25276 -4.56202
-0.17239 -4.18946
-0.27398 -4.55161
-0.15502 -4.06563
-0.24962 -4.39159
-0.36237 -4.25088
-0.17389 -4.29151
-0.31455 -3.85076
-0.30418 -3.82314
-0.27434 -4.54933
-0.28163 -4.43702
-0.24383 -3.91549
-0.16374 -3.85157
-0.15548 -3.84763
-0.24580 -4.07590
-0.37558 -4.41070
-0.34908 -4.54406
-0.33429 -4.00616
-0.35474 -4.48680
-0.11423 -3.87763

-0.17255 -4.00144
-0.27774 -4.31782
-0.13546 -4.44091
-0.34554 -4.45152
-0.10453 -3.83700
-0.26631 -4.12629
-0.21620 -3.99333
-0.21129 -4.21542
-0.16887 -4.26600
-0.36021 -3.84884
-0.16124 -4.19960
-0.29548 -3.93624
-0.21680 -4.09732
-0.17312 -3.98468
-0.22378 -4.38340
-0.19197 -4.02017
-0.13494 -4.23076
-0.17297 -3.99693
-0.30267 -4.50582
-0.19645 -4.31615
-0.30910 -4.06759
-0.19086 -3.85799
-0.29324 -4.08774
-0.36180 -4.28866
-0.24431 -4.56651
-0.16165 -4.29857
-0.32917 -3.82366
-0.34817 -4.04011
-0.30784 -3.83046
-0.25486 -3.89441
-0.39249 -4.56426
-0.15175 -4.25643
-0.27158 -4.27206
-0.39842 -4.50458
-0.20594 -4.36270
-0.19892 -4.10288
-0.39125 -4.46244
-0.19138 -4.19092
-0.13855 -3.93057
-0.30912 -4.00614
-0.14430 -3.93396
-0.18148 -3.93287
-0.14401 -3.90092
-0.22760 -4.19143
-0.25452 -4.39387
-0.17902 -3.94055
-0.28076 -4.31316
-0.15711 -4.05609
-0.18418 -4.30290
-0.22890 -4.30730
-0.33715 -4.18571
-0.31592 -4.57078
-0.27180 -4.38232
-0.15801 -4.33905
-0.37036 -4.04914
-0.37752 -4.07035
-0.29441 -4.27777
-0.19295 -4.10177
-0.21263 -3.99439
-0.26485 -3.96540
-0.15191 -4.54101
-0.10098 -3.90328
-0.27457 -4.35681
-0.31182 -4.23499
-0.31587 -4.47433
-0.12904 -4.19905
-0.36564 -3.99049
-0.22032 -4.20747
-0.15051 -4.07717
-0.35122 -4.37272
-0.30800 -4.03133
-0.20474 -4.56007
-0.15391 -4.20296
-0.29319 -4.21060
-0.24855 -4.43213
-0.33340 -4.55562
-0.32780 -4.07944
-0.10622 -4.44389
-0.36017 -3.80403
-0.39165 -3.99288
-0.13914 -3.80141
-0.16790 -3.80033
-0.33003 -3.96219
-0.18453 -4.11340
-0.30863 -3.90952
-0.14350 -4.49466
-0.23248 -4.24192
-0.28157 -3.82678
-0.13024 -4.38147
-0.14116 -3.98659
-0.32201 -4.50407
-0.24022 -4.33706
-0.15227 -3.96113
-0.34930 -4.45420
-0.16785 -3.84376
-0.31226 -4.47577
-0.37655 -4.26385
-0.25762 -4.22559
-0.22078 -4.25809
-0.10087 -4.19074

-0.33034 -4.07641
-0.18331 -4.55175
-0.37788 -4.10540
-0.33849 -3.94351
-0.31090 -4.05227
-0.11277 -4.42549
-0.23605 -4.44423
-0.17973 -4.07569
-0.16886 -3.86323
-0.11650 -4.34899
-0.14595 -4.24132
-0.24917 -3.92448
-0.13151 -4.13350
-0.10721 -4.11322
-0.10754 -3.90565
-0.19891 -4.36220
-0.13892 -4.50651
-0.19840 -4.35673
-0.22327 -3.99197
-0.23982 -4.51180
-0.15237 -4.23977
-0.11825 -4.16206
-0.27792 -4.30067
-0.30801 -3.84588
-0.31066 -3.96328
-0.15608 -4.41314
-0.12012 -3.80201
-0.27268 -3.99445
-0.23035 -4.01112
-0.16014 -4.30720
-0.28803 -4.08284
-0.31696 -4.44616
-0.37636 -4.52680
-0.38688 -3.94264
-0.37194 -4.55522
-0.16541 -4.29325
-0.24420 -4.26151
-0.29332 -4.25976
-0.29217 -4.49851
-0.19410 -4.25430
-0.18316 -4.09793
-0.35956 -4.19403
-0.35980 -4.56011
-0.31958 -4.11063
-0.30708 -4.42412
-0.17570 -4.43531
-0.18975 -4.43885
-0.32064 -4.03510
-0.15623 -4.11099
-0.17856 -4.54858
-0.28751 -4.12895
-0.39184 -4.41820
-0.10448 -4.23520
-0.17962 -4.20411
-0.10176 -4.56833
-0.29534 -4.50797
-0.30169 -4.05848
-0.18807 -4.53104
-0.30714 -4.42757
-0.16172 -4.36205
-0.35988 -4.27119
-0.31546 -4.03463
-0.26409 -4.03892
-0.33430 -3.99636
-0.21751 -3.85927
-0.33095 -4.52114
-0.17034 -4.40977
-0.25983 -4.45350
-0.22526 -4.25777
-0.13838 -4.24036
-0.18258 -4.42828
-0.11102 -4.05367
-0.30155 -3.81857
-0.19754 -3.79666
-0.14482 -4.51249
-0.39071 -4.19093
-0.36254 -4.35294
-0.28347 -4.38710
-0.32555 -4.13452
-0.16100 -4.02277
-0.26881 -3.93369
-0.11561 -4.27178
-0.30169 -4.13388
-0.33254 -4.14239
-0.11470 -4.21100
-0.23664 -3.93612
-0.24872 -4.27795
-0.16016 -4.16327
-0.28451 -4.07816
-0.26275 -3.92999
-0.23949 -4.33105
-0.14592 -4.21303
-0.28313 -4.44959
-0.11607 -3.79338
-0.16520 -4.07538
-0.25003 -4.42484
-0.26367 -4.29052
-0.10477 -3.80797
-0.35520 -4.28661
-0.36057 -4.48019

-0.14553 -3.96841
-0.19344 -3.90574
-0.10197 -4.40926
-0.33820 -4.36485
-0.30369 -4.18577
-0.13261 -4.57132
-0.17992 -4.00657
-0.33370 -4.33966
-0.10753 -4.30944
-0.16265 -4.10149
-0.10573 -4.13868
-0.16755 -4.48692
-0.38605 -3.97668
-0.15686 -3.98930
-0.27783 -3.84213
-0.16660 -3.84647
-0.23927 -4.10385
-0.26816 -4.16398
-0.31155 -3.85703
-0.36845 -4.53366
-0.39078 -4.12391
-0.34054 -3.98992
-0.23059 -4.20384
-0.39357 -4.21120
-0.33891 -3.84783
-0.35674 -3.93315
-0.25626 -4.27536
-0.22114 -4.09785
-0.22495 -4.52454
-0.34491 -4.39956
-0.15759 -4.30894
-0.18806 -4.00316
-0.36547 -3.79258
-0.22783 -3.83095
-0.27775 -4.15942
-0.19170 -3.87668
-0.13194 -4.30943
-0.21796 -4.32509
-0.20357 -3.82224
-0.37893 -4.55669
-0.12745 -3.79461
-0.21492 -4.48469
-0.10908 -4.40422
-0.15761 -3.84553
-0.37308 -4.31990
-0.10381 -4.33597
-0.13651 -4.29682
-0.26544 -4.14358
-0.11876 -4.26470
-0.14714 -4.23463
-0.19380 -4.28060
-0.20616 -4.40366
-0.16590 -4.35242
-0.20238 -4.32568
-0.24236 -4.30787
-0.33449 -4.31471
-0.19809 -4.43005
-0.10512 -4.01615
-0.22835 -4.31239
-0.39916 -4.49916
-0.18833 -3.89893
-0.35860 -4.41956
-0.28079 -4.28849
-0.22629 -4.32396
-0.16167 -3.95473
-0.19133 -4.22894
-0.13673 -4.10821
-0.24819 -3.90996
-0.21626 -3.93582
-0.15217 -3.79996
-0.20025 -4.06337
-0.19944 -4.12970
-0.10407 -4.13579
-0.18702 -4.54255
-0.22426 -3.84463
-0.18229 -3.88967
-0.29016 -4.05096
-0.23987 -3.83887
-0.22059 -3.81777
-0.30517 -3.94169
-0.16394 -4.22891
-0.24910 -4.06990
-0.12638 -4.04026
-0.36643 -4.44233
-0.22809 -3.99700
-0.38887 -3.84405
-0.31683 -3.88851
-0.18544 -4.52035
-0.14839 -4.51246
-0.25112 -4.49644
-0.25810 -3.93118
-0.35245 -4.09162
-0.35501 -4.11010
-0.20777 -3.85331
-0.23671 -3.89636
-0.13260 -4.25124
-0.14873 -4.10797
-0.21809 -4.43977
-0.15937 -4.27711
-0.10721 -3.88062

-0.33552 -4.47670
-0.21561 -3.96829
-0.25336 -4.53604
-0.20618 -3.98970
-0.36017 -3.86586
-0.37227 -3.91403
-0.18231 -4.45464
-0.19899 -3.81872
-0.24508 -4.01463
-0.35876 -4.33856
-0.21102 -4.46674
-0.20302 -4.04152
-0.37843 -4.00526
-0.33956 -3.99552
-0.29074 -4.32187
-0.17144 -3.89161
-0.37782 -3.88361
-0.22979 -3.99915
-0.13533 -4.07567
-0.26533 -4.52461
-0.27392 -3.85050
-0.16598 -3.99866
-0.15994 -4.51876
-0.20605 -3.83165
-0.32374 -4.54728
-0.18825 -3.90118
-0.27876 -3.89224
-0.19430 -3.89908
-0.25971 -4.45585
-0.18268 -4.17911
-0.37396 -4.27477
-0.16354 -3.92353
-0.10519 -4.33204
-0.15506 -3.99743
-0.10060 -4.26016
-0.10054 -3.85627
-0.33697 -4.33436
-0.11531 -3.82457
-0.11024 -3.81674
-0.24079 -4.18683
-0.15893 -3.83279
-0.34561 -4.27620
-0.36248 -4.53378
-0.13473 -4.10706
-0.28629 -4.39978
-0.28930 -4.14122
-0.10115 -4.18203
-0.39032 -4.53848
-0.34028 -4.48448
-0.29100 -4.32547
-0.10248 -3.99121
-0.38491 -4.14148
-0.28640 -3.92158
-0.21592 -4.41415
-0.37941 -4.29053
-0.13727 -4.25406
-0.33037 -4.38546
-0.15469 -4.15478
-0.23792 -4.01344
-0.23909 -4.27407
-0.13271 -4.33512
-0.35164 -4.41967
-0.12761 -4.50249
-0.22759 -3.84777
-0.28435 -3.90447
-0.37067 -4.13018
-0.32635 -4.49988
-0.39349 -4.26212
-0.23394 -4.06697
-0.12701 -4.15905
-0.27853 -4.24988
-0.12722 -4.07846
-0.19536 -3.99607
-0.26518 -4.19077
-0.16156 -3.88265
-0.26412 -4.15689
-0.17726 -4.07137
-0.37435 -4.51523
-0.13873 -4.49067
-0.30217 -3.80301
-0.39385 -4.10724
-0.18872 -4.34097
-0.29656 -3.92696
-0.21696 -4.28958
-0.35499 -4.07826
-0.27625 -4.49911
-0.16368 -4.46106
-0.32071 -4.02278
-0.36064 -4.21708
-0.27521 -4.44087
-0.13533 -3.91983
-0.31480 -4.33323
-0.29806 -4.51645
-0.14666 -4.20549
-0.31959 -4.32354
-0.34492 -4.06400
-0.36006 -4.21059
-0.18859 -4.19967
-0.33168 -3.96615
-0.33843 -3.90980

-0.21991 -4.51734
-0.25378 -3.96128
-0.28664 -3.84825
-0.11768 -4.13912
-0.25351 -4.39504
-0.36879 -4.25750
-0.22279 -3.88334
-0.27240 -4.46779
-0.37177 -4.36355
-0.34467 -3.88180
-0.39712 -3.82193
-0.26612 -3.94794
-0.20344 -4.23085
-0.10988 -4.27525
-0.15011 -4.26963
-0.11804 -4.47156
-0.21924 -4.32989
-0.14109 -4.21189
-0.12726 -4.50606
-0.10618 -4.20070
-0.11178 -4.11004
-0.25214 -4.17059
-0.19303 -3.84214
-0.28295 -4.56914
-0.14961 -4.35842
-0.36959 -4.29687
-0.20932 -4.42896
-0.34460 -4.47611
-0.17117 -4.51907
-0.36426 -4.46686
-0.22518 -4.46389
-0.35180 -4.54234
-0.11321 -4.45381
-0.37637 -4.12277
-0.17283 -4.04176
-0.35270 -4.14112
-0.15354 -4.52482
-0.17390 -4.50434
-0.18664 -3.98954
-0.18322 -4.22155
-0.27779 -4.49066
-0.11261 -4.55579
-0.17748 -4.27653
-0.25097 -4.04558
-0.17949 -4.27829
-0.15027 -3.80645
-0.12676 -4.08878
-0.11386 -4.43930
-0.30990 -4.18228
-0.17377 -4.54450
-0.27983 -4.34221
-0.15958 -4.51971
-0.36181 -4.41372
-0.30055 -4.36947
-0.32152 -4.08845
-0.25787 -3.85344
-0.25206 -4.40268
-0.34248 -3.81742
-0.35772 -3.88917
-0.13537 -4.14698
-0.28956 -4.27909
-0.25292 -4.40011
-0.39593 -4.24765
-0.27753 -3.93782
-0.34193 -3.83745
-0.33130 -4.42481
-0.12067 -4.02322
-0.18690 -4.19280
-0.36898 -3.87222
-0.23830 -4.30695
-0.32467 -4.28231
-0.20464 -4.47483
-0.18561 -4.11175
-0.22301 -4.45668
-0.19476 -4.21971
-0.34765 -4.32945
-0.16202 -4.24059
-0.31014 -4.31145
-0.10945 -3.93691
-0.38332 -4.20796
-0.15055 -4.17809
-0.23060 -4.37933
-0.34819 -4.27248
-0.39420 -3.81966
-0.26142 -3.82723
-0.39763 -4.25458
-0.35822 -4.36619
-0.31571 -4.56301
-0.30173 -4.04962
-0.28058 -4.38545
-0.11684 -4.01925
-0.37826 -4.56257
-0.17894 -4.03814
-0.24149 -3.97771
-0.36876 -4.08644
-0.32773 -3.81821
-0.18188 -3.92645
-0.26169 -3.95838
-0.37098 -4.00048
-0.16035 -3.99585

-0.22210 -4.19620
-0.21559 -3.89120
-0.13953 -4.28407
-0.32608 -3.99758
-0.18774 -4.12814
-0.15664 -3.89640
-0.24484 -4.42993
-0.14012 -4.43173
-0.26056 -4.12431
-0.20955 -4.14988
-0.13373 -4.43965
-0.26466 -4.50115
-0.37996 -3.80003
-0.35469 -4.42144
-0.22881 -4.43665
-0.21746 -3.83711
-0.19990 -4.30066
-0.26514 -4.31264
-0.32302 -4.42770
-0.19690 -3.99066
-0.28424 -3.98377
-0.17585 -4.49861
-0.37522 -3.86643
-0.39514 -3.82363
-0.24202 -4.30888
-0.25521 -4.35611
-0.31209 -4.28991
-0.25703 -4.19660
-0.35088 -4.03061
-0.24182 -4.17962
-0.26459 -4.48437
-0.37435 -4.16074
-0.39968 -4.07075
-0.11981 -4.16018
-0.10863 -3.83923
-0.17529 -3.91593
-0.25835 -3.85738
-0.30056 -4.18459
-0.38777 -3.91515
-0.29729 -4.40056
-0.34674 -4.29685
-0.12701 -4.41514
-0.19447 -4.10799
-0.24656 -4.36431
-0.36717 -4.42869
-0.14199 -4.50505
-0.11484 -4.01297
-0.28900 -3.79946
-0.18590 -4.31632
-0.32560 -3.89524
-0.31612 -4.56757
-0.34831 -4.44170
-0.19186 -4.08315
-0.39212 -4.17110
-0.33817 -4.04900
-0.37649 -3.97958
-0.32453 -4.40482
-0.14730 -4.07488
-0.34035 -3.82825
-0.12360 -4.29803
-0.29232 -4.52723
-0.39322 -4.25031
-0.21672 -4.12540
-0.17405 -3.91385
-0.38569 -4.09138
-0.22308 -4.33523
-0.12070 -4.06755
-0.14425 -4.22963
-0.38122 -3.99055
-0.39600 -3.79972
-0.19830 -4.01400
-0.13796 -3.89806
-0.20384 -3.81852
-0.24717 -4.02538
-0.24721 -4.25897
-0.38464 -4.53495
-0.24673 -4.05617
-0.34508 -4.31273
-0.37417 -4.25448
-0.31709 -4.11799
-0.15148 -3.82196
-0.23254 -3.80139
-0.11322 -4.00431
-0.30676 -4.55602
-0.27714 -4.31731
-0.18239 -4.37106
-0.36101 -4.40166
-0.14394 -3.89538
-0.23737 -4.36830
-0.21230 -4.51527
-0.29664 -4.32041
-0.21115 -3.85858
-0.37786 -4.13084
-0.20288 -4.43352
-0.14006 -4.27404
-0.21599 -4.51582
-0.39157 -4.23009
-0.11595 -4.24647
-0.30874 -3.83072
-0.18066 -4.21529

-0.34721 -4.08959
-0.17248 -4.39511
-0.37178 -4.29917
-0.12386 -4.46291
-0.15268 -4.22885
-0.12432 -4.39056
-0.33335 -4.40519
-0.30352 -4.51104
-0.24868 -4.19548
-0.14541 -4.36964
-0.20745 -4.12216
-0.27120 -4.16654
-0.16479 -3.83838
-0.14526 -4.35852
-0.26758 -3.89620
-0.31586 -4.56997
-0.37407 -4.20690
-0.38233 -4.55012
-0.26280 -3.87028
-0.31563 -3.87709
-0.20467 -4.28560
-0.37574 -4.25722
-0.11515 -4.00661
-0.10908 -3.98229
-0.23369 -4.49239
-0.16168 -4.54244
-0.16910 -4.20587
-0.17409 -4.01937
-0.35616 -3.87951
-0.23867 -4.32689
-0.39556 -4.02133
-0.17954 -4.35949
-0.28305 -4.13549
-0.16064 -4.35317
-0.33409 -4.48460
-0.24517 -4.13573
-0.10701 -3.95578
-0.10454 -4.47541
-0.10519 -4.41164
-0.10877 -4.22649
-0.12048 -4.25843
-0.22734 -4.06417
-0.18597 -3.88341
-0.27068 -4.38589
-0.19390 -4.25126
-0.27024 -4.13479
-0.22435 -3.86779
-0.34340 -4.11273
-0.14983 -4.37939
-0.25178 -4.29197
-0.10758 -3.95795
-0.30979 -4.11007
-0.15676 -4.45297
-0.36844 -3.98514
-0.10206 -3.98992
-0.35875 -4.39242
-0.28507 -3.80173
-0.20413 -4.56472
-0.34063 -4.49140
-0.28210 -4.22924
-0.23534 -3.95969
-0.13823 -4.02645
-0.33444 -3.85493
-0.22727 -4.53686
-0.22038 -4.36151
-0.20524 -4.55049
-0.10353 -4.53713
-0.11129 -4.43266
-0.16294 -3.81473
-0.11439 -4.50819
-0.27967 -4.27201
-0.22323 -4.32735
-0.18258 -4.34820
-0.36274 -4.46852
-0.24973 -4.42653
-0.39837 -3.88865
-0.11547 -4.52348
-0.24409 -3.87035
-0.25415 -4.48675
-0.30047 -4.11332
-0.31818 -4.33621
-0.39104 -4.39753
-0.12683 -3.88022
-0.35005 -3.87593
-0.12991 -3.97085
-0.28138 -4.50517
-0.37904 -4.13880
-0.23776 -4.42383
-0.36505 -4.45206
-0.21077 -3.85745
-0.19404 -3.97207
-0.38328 -4.53029
-0.24807 -4.19876
-0.35511 -4.24872
-0.29648 -4.43066
-0.16667 -3.87401
-0.30660 -3.92731
-0.29463 -3.90416
-0.20518 -4.55048
-0.13412 -4.19431

-0.23745 -4.03588
-0.28471 -3.89782
-0.10954 -4.19047
-0.13405 -4.57396
-0.20874 -4.55289
-0.16260 -4.00872
-0.19453 -4.42275
-0.19958 -3.89354
-0.25762 -3.99708
-0.36214 -4.46028
-0.30506 -3.87080
-0.19990 -4.02837
-0.29102 -4.04591
-0.27192 -4.36444
-0.28092 -3.82220
-0.15296 -4.09240
-0.39805 -3.96616
-0.17727 -4.50484
-0.29356 -4.02728
-0.22822 -4.31438
-0.38717 -4.36207
-0.26820 -4.53896
-0.38856 -4.42538
-0.19838 -4.40470
-0.18336 -4.35677
-0.33174 -4.14913
-0.12748 -4.06966
-0.19563 -4.35782
-0.18976 -4.56729
-0.19237 -3.85956
-0.38275 -4.28040
-0.39075 -4.19956
-0.23611 -3.80465
-0.25871 -4.10838
-0.18796 -4.03295
-0.17192 -4.46546
-0.25474 -4.33229
-0.22081 -4.32323
-0.11910 -4.26440
-0.28897 -4.52472
-0.27633 -4.43602
-0.28819 -3.88251
-0.22035 -3.91431
-0.35530 -3.93527
-0.31470 -4.01776
-0.15398 -4.03701
-0.37644 -4.10249
-0.11765 -4.25287
-0.37083 -4.38463
-0.17592 -3.82057
-0.15700 -4.26503
-0.10658 -4.33664
-0.39353 -4.01651
-0.35154 -4.36245
-0.17551 -4.24574
-0.22706 -4.05755
-0.25027 -4.06601
-0.34990 -4.20898
-0.35557 -4.41532
-0.33446 -4.23508
-0.19184 -3.84702
-0.15542 -4.12148
-0.16542 -3.89910
-0.29779 -4.42796
-0.13837 -4.46614
-0.14020 -4.28247
-0.14354 -4.47208
-0.30588 -4.40618
-0.13115 -4.30802
-0.28024 -3.92372
-0.20250 -4.43575
-0.17778 -4.32070
-0.23598 -4.02962
-0.29616 -4.13550
-0.23449 -3.96374
-0.13392 -3.99441
-0.15426 -3.99705
-0.37685 -3.91428
-0.27806 -4.32303
-0.24557 -3.85734
-0.36663 -4.19236
-0.25458 -4.37999
-0.13316 -4.08603
-0.10815 -4.17550
-0.11570 -4.31767
-0.24942 -3.81362
-0.33651 -4.04578
-0.31525 -4.43383
-0.32930 -3.79314
-0.27232 -4.37632
-0.14333 -4.15400
-0.28803 -3.88551
-0.31677 -4.16992
-0.34747 -4.23026
-0.16173 -4.18054
-0.29464 -4.21136
-0.15800 -4.48003
-0.39881 -4.51718
-0.13090 -4.24284
-0.23051 -3.91128


0.16195 2.18255
0.15928 2.71259
0.19115 2.44070
0.15207 2.37721
0.21518 2.22386
0.19466 2.45311
0.23620 1.80107
0.21459 2.01035
0.22788 2.44512
0.12806 2.85558
0.16796 2.97382
0.12493 2.08798
0.19758 2.84973
0.14310 2.16340
0.19505 2.97140
0.12914 2.74881
0.17635 2.57490
0.21882 2.07246
0.18015 2.53935
0.13587 1.88313
0.21997 1.80622
0.14250 2.10148
0.15741 2.43189
0.15023 2.13459
0.14270 2.44245
0.23464 2.52966
0.10311 2.60762
0.12444 2.99301
0.20190 2.12647
0.15316 1.94512
0.09728 2.90179
0.20234 2.06887
0.23363 2.48772
0.19259 2.02125
0.22152 2.49216
0.17310 2.46091
0.16094 2.67669
0.11331 2.16922
0.17626 2.26677
0.14577 2.16741
0.18655 2.34728
0.22076 2.13726
0.16841 1.85910
0.22258 2.89546
0.15417 2.32474
0.18868 2.65604
0.17764 2.12453
0.11763 2.78860
0.21042 2.68922
0.15853 2.91717
0.17213 2.78165
0.15667 2.77674
0.20353 2.18157
0.14016 1.86550
0.21334 1.93219
0.15409 2.72610
0.10209 2.06508
0.12121 2.08616
0.23016 2.88556
0.10388 2.66178
0.13952 2.02665
0.09349 1.90753
0.10047 2.93503
0.12292 2.73095
0.17547 2.06311
0.20182 2.55878
0.11063 2.46136
0.09742 2.11568
0.20638 2.46962
0.22256 2.91573
0.16301 2.39680
0.15728 2.80086
0.09432 2.32439
0.10372 2.81306
0.11143 2.72106
0.20825 1.83478
0.17982 2.24867
0.13878 2.49955
0.15233 2.67559
0.10059 2.00714
0.19960 2.93493
0.13754 2.73795
0.14262 2.27466
0.13956 1.83098
0.09122 2.17618
0.17440 2.52415
0.17221 2.11306
0.23995 2.48337
0.18580 2.34177
0.17519 2.25925
0.14203 2.05121
0.22498 2.87589
0.11606 2.58635
0.10587 1.85150
0.17212 2.71226
0.14823 2.53707
0.19113 2.34089
0.15880 2.88359
0.14543 2.85330
0.23321 2.28673
