10 10 6

0 1
0 1
0 1
0 1
0 1
0 1
0 1
0 1
0 1
0 1

-0.22166583521052077 -1.5815975288112538
-0.3311277793863088 -2.2276749632706676
-0.34341818188159917 -1.9494792396951643
-0.23593572654631204 -1.5252897551583824
-0.346970471239979 -1.647420894162647
-0.3051124985943603 -2.0751578786516656
-0.1532157985117075 -1.673066446475943
-0.24721080435721451 -2.1983333959114035
-0.2797273742779931 -1.8904619526901032
-0.2984749413161413 -1.9204739343637252

-0.18350943457424704 -1.8023711629203898
-0.1562068125599966 -1.6838947637900934
-0.14979963641592298 -2.154379848338049
-0.32691084010537774 -1.8827946919167629
-0.34144556442272406 -1.7710515659520085
-0.3078297065288688 -2.163242986385901
-0.11732674446380115 -1.6386833182435931
-0.31375912314454585 -1.8147316796789248
-0.284730332524742 -1.8653973387638958
-0.19022016015264173 -2.268174642318936

-0.21882357363328792 -1.948409265001997
-0.29794803211920956 -1.9137354012920158
-0.1894983941813009 -1.6275488517597188
-0.1703015910661738 -1.5920351160561719
-0.16387378889092613 -2.196310511276579
-0.3659407564040696 -2.1264085447164156
-0.33233377989339036 -2.1053334912803496
-0.27951182135303554 -2.0111404680080143
-0.24981373039510987 -2.1809101636695507
-0.11215386276358569 -2.029654988111278

-0.2100290906201812 -1.8346774772390613
-0.2928113960613136 -2.2562992132691853
-0.11976023856093182 -1.8556720262102289
-0.1171293338643632 -2.0201906483469565
-0.18188077888051024 -1.626454641240456
-0.3792263187850891 -1.8196400943359832
-0.2633045949254894 -2.04492147305706
-0.20625371425870234 -2.231155000060616
-0.38790796397227745 -1.5280112130035333
-0.32976977047357003 -2.117023124454394

-0.1486558262900406 -2.1725354385656868
-0.33125617749405456 -1.6963581489850887
-0.16182504172218 -2.161700283698267
-0.3432343937120154 -2.1800784579220207
-0.3527215741772659 -2.1629079512816918
-0.36476261321593506 -1.6252879616348719
-0.1252152685477066 -1.8502727086746185
-0.2443559089091328 -1.9667013404828861
-0.30430682243127066 -1.5592787437313684
-0.15016791594776607 -1.8485183756501251

-0.38854876511651015 -2.2127721947796135
-0.3131465426637037 -1.7222254431228867
-0.16828197488544344 -2.1913753981003388
-0.3022728102390291 -1.871943612654433
-0.16300933359671776 -1.6986759017942406
-0.2656020501659202 -1.888441986494147
-0.18117552446683244 -1.8861746168638582
-0.33662950937650116 -2.192529197159643
-0.11658166020640082 -2.016297667050868
-0.26672319791279164 -1.7183636658508479

-0.3177240367614652 -1.5264999035098046
-0.12904848925445095 -1.6093794042032157
-0.30574263797657864 -2.158615557393145
-0.2914324387264019 -1.5176690453909587
-0.15540845213785817 -1.8940270896006912
-0.1459814643593318 -1.5998200323063607
-0.31702094352048066 -1.7510962461405293
-0.3674099939838933 -2.1348240253204263
-0.14486690388084056 -1.8432893189617763
-0.1861153186533073 -2.2392397268511757

-0.3228700077811097 -1.9101881107112124
-0.31848127349328287 -2.06334012338347
-0.16833766701585798 -1.9363429602328772
-0.2782914331446931 -1.858095994075625
-0.15771516559916404 -1.8158158404723626
-0.12952267800591177 -2.1540533220741693
-0.1518142391877151 -1.7658921690330953
-0.31743254408389665 -1.9738783203491623
-0.3832248057908709 -1.7715037957938817
-0.2046998724762372 -2.024946284473752

-0.22340592001755227 -2.2318000792232175
-0.2868215158233956 -2.0462720139784727
-0.17875880493843313 -1.8271094636660883
-0.2626848415456329 -1.9229126850423277
-0.2443057885575148 -1.8984828483891087
-0.24081855715243775 -2.2135554615272657
-0.3865271067109716 -2.1492279742376255
-0.12123943676464588 -1.6390744114204412
-0.18986931604320784 -2.255932835919282
-0.1238161654207181 -2.2772792798429453

-0.2322667315588271 -1.5444875673901337
-0.10696867927226833 -2.0183750468945405
-0.24735792023340372 -2.169689994704779
-0.39821763326629395 -1.575582566985252
-0.14354443031556868 -2.0554357597523025
-0.16517267710492822 -1.6825040994553353
-0.1173879621573704 -1.7354394011502978
-0.16947060541966558 -2.2213843630406296
-0.18178432310423273 -1.7861117543456837
-0.19368244817320973 -1.956834621092611


0.0959095918689884 1.0017830633414493
0.17974787863516192 1.0591175528186656
0.22639466173796263 1.2204695894050177
0.09653651235733174 1.2359798595825269
0.12842747455405057 1.1449795540163903
0.13907117941342886 1.2362634350373805
0.09866412123127129 1.1941324807877955
0.2246223659623418 1.1461594124829921
0.21150505283114662 0.906759638464351
0.10401544779690772 1.0116630688288388
