10 100 40

0.00000 1.00000
0.00000 1.00000
0.00000 1.00000
0.00000 1.00000
0.00000 1.00000
0.00000 1.00000
0.00000 1.00000
0.00000 1.00000
0.00000 1.00000
0.00000 1.00000


-0.39930 -4.54058
-0.22930 -3.99510
-0.13101 -3.85857
-0.24021 -4.53160
-0.25856 -4.07611
-0.37746 -4.07263
-0.20130 -4.08045
-0.18540 -4.38270
-0.21219 -3.85297
-0.28039 -4.49560
-0.13113 -4.23737
-0.19807 -4.28856
-0.12571 -4.19757
-0.29834 -4.53676
-0.34122 -4.39671
-0.20333 -4.54115
-0.30809 -4.57398
-0.22650 -4.47009
-0.16510 -4.14605
-0.29486 -4.41993
-0.11726 -4.22997
-0.21395 -4.27048
-0.13099 -4.13689
-0.37902 -4.43307
-0.35594 -4.38119
-0.34484 -3.85483
-0.11520 -4.03950
-0.17066 -4.56420
-0.19880 -4.28260
-0.22757 -3.86430
-0.38785 -4.50005
-0.22165 -4.39076
-0.25049 -4.51918
-0.20673 -4.44032
-0.14549 -4.18417
-0.14040 -4.50358
-0.16864 -4.39289
-0.18011 -4.22334
-0.16922 -4.36827
-0.31946 -4.18660
-0.20357 -4.44177
-0.30215 -4.00010
-0.12771 -4.42459
-0.12820 -4.56128
-0.17325 -4.14029
-0.32099 -4.39561
-0.39245 -4.36316
-0.37929 -4.04763
-0.10352 -4.51610
-0.17697 -4.28701
-0.20894 -3.92547
-0.10436 -4.21414
-0.30976 -4.41032
-0.24897 -4.48041
-0.31636 -4.07094
-0.25848 -4.58316
-0.28908 -4.40734
-0.16260 -4.15792
-0.26520 -4.42130
-0.24905 -3.97733
-0.31288 -3.99795
-0.27988 -4.11382
-0.12806 -4.53454
-0.32760 -4.06083
-0.36549 -4.53719
-0.22865 -4.33400
-0.21419 -3.89272
-0.23896 -4.21099
-0.15782 -3.89199
-0.25187 -4.57629
-0.25504 -4.45950
-0.36345 -4.35481
-0.20942 -3.98522
-0.37295 -3.88921
-0.18394 -4.47856
-0.32975 -3.95540
-0.38861 -4.23097
-0.17267 -4.45259
-0.15052 -4.42808
-0.23619 -4.30302
-0.12001 -4.34048
-0.11820 -4.18376
-0.28047 -4.54192
-0.18005 -4.35769
-0.32862 -4.22096
-0.34367 -4.42175
-0.27128 -4.13160
-0.11971 -4.28777
-0.12592 -3.98178
-0.11994 -4.37657
-0.35717 -4.27966
-0.11192 -3.97074
-0.11734 -4.51207
-0.29719 -4.13626
-0.33799 -3.88862
-0.19913 -4.22928
-0.34317 -4.17467
-0.38411 -3.94370
-0.11517 -3.94007
-0.18148 -4.50213

-0.33836 -4.02637
-0.38509 -4.22877
-0.32713 -4.43272
-0.20427 -4.41881
-0.11515 -4.46690
-0.22612 -4.38187
-0.10392 -4.34113
-0.29227 -4.33159
-0.16535 -3.94160
-0.18530 -4.27313
-0.14219 -4.19263
-0.22708 -4.44374
-0.36852 -3.93282
-0.38320 -4.02119
-0.33030 -4.22672
-0.19462 -4.37023
-0.35208 -4.33463
-0.17138 -4.12680
-0.14885 -3.93159
-0.21364 -4.08828
-0.35462 -3.94165
-0.13718 -4.45218
-0.21452 -4.08470
-0.31592 -4.13588
-0.26572 -4.35037
-0.23342 -4.39652
-0.14376 -4.31154
-0.23153 -4.11057
-0.14455 -4.27699
-0.28713 -4.48101
-0.24619 -4.47448
-0.22722 -4.52670
-0.32628 -4.58049
-0.27875 -3.85249
-0.18515 -4.46499
-0.26270 -4.16022
-0.21463 -4.26356
-0.29117 -3.94856
-0.17484 -4.15571
-0.35551 -4.00135
-0.37895 -3.99076
-0.13672 -3.94789
-0.20544 -4.15112
-0.15920 -4.13995
-0.36243 -4.40524
-0.27365 -4.32919
-0.24391 -4.39989
-0.12475 -3.90285
-0.28115 -4.00889
-0.37057 -4.50119
-0.16276 -4.53256
-0.15251 -4.16051
-0.23520 -4.08364
-0.34607 -3.95277
-0.14101 -4.08372
-0.24752 -4.56565
-0.12715 -3.97758
-0.14760 -3.86354
-0.33959 -4.32907
-0.14875 -3.92667
-0.28836 -4.21806
-0.13146 -3.88377
-0.34622 -4.39983
-0.36005 -4.01740
-0.37238 -3.84699
-0.29641 -3.86923
-0.28488 -4.34324
-0.39923 -4.39640
-0.13573 -3.89008
-0.39785 -4.35207
-0.11227 -4.48430
-0.16957 -4.38978
-0.29377 -4.27545
-0.16431 -4.04682
-0.38319 -4.16716
-0.36219 -3.87564
-0.37820 -3.94879
-0.17994 -4.45071
-0.31375 -3.85566
-0.32845 -4.09186
-0.38571 -4.48193
-0.26135 -4.13142
-0.13612 -4.56462
-0.21915 -4.27182
-0.34125 -4.06394
-0.37703 -3.93437
-0.23894 -4.47773
-0.38829 -4.19021
-0.15893 -3.95024
-0.20417 -3.97595
-0.35932 -3.83270
-0.23454 -4.02738
-0.21210 -4.05165
-0.14746 -4.43211
-0.20309 -4.54990
-0.30542 -3.83204
-0.37938 -4.29732
-0.27680 -4.25827
-0.13805 -3.99211
-0.36363 -4.53788

-0.18880 -4.33833
-0.30595 -4.00986
-0.11384 -3.92014
-0.35536 -3.99970
-0.25913 -4.36900
-0.27726 -4.47210
-0.24571 -4.19060
-0.26831 -4.30739
-0.25178 -4.29004
-0.30810 -4.03991
-0.21653 -4.53311
-0.29145 -3.85837
-0.37827 -4.44805
-0.19787 -4.01008
-0.23631 -4.45417
-0.39771 -4.38490
-0.31936 -4.31827
-0.39699 -4.11550
-0.12588 -4.29372
-0.35067 -3.88674
-0.14366 -4.33479
-0.11604 -4.17199
-0.37345 -3.90583
-0.39296 -4.48019
-0.35054 -4.43003
-0.27274 -4.47053
-0.18296 -4.44885
-0.32479 -4.33191
-0.19116 -3.83603
-0.23041 -4.45235
-0.13646 -4.21911
-0.17974 -3.88800
-0.32731 -4.46949
-0.14174 -4.11798
-0.17974 -3.93065
-0.10313 -4.57458
-0.13428 -4.19516
-0.23304 -4.33762
-0.10252 -4.22624
-0.34592 -4.18412
-0.35227 -4.35012
-0.24196 -4.56008
-0.27730 -3.97364
-0.19573 -4.41667
-0.16341 -4.00512
-0.14506 -3.92206
-0.17782 -3.99498
-0.17990 -4.50206
-0.39403 -3.87556
-0.16576 -4.54253
-0.35230 -4.31766
-0.36019 -3.98622
-0.25312 -3.94562
-0.12183 -4.30759
-0.14587 -3.87083
-0.36540 -4.47662
-0.14634 -4.16614
-0.18344 -4.47611
-0.28836 -4.48108
-0.26271 -3.83982
-0.32577 -3.89235
-0.18233 -4.31652
-0.26097 -4.22647
-0.36103 -4.22015
-0.35616 -4.21990
-0.28960 -3.99792
-0.38872 -3.88591
-0.24410 -4.21329
-0.30022 -4.40307
-0.34727 -4.17216
-0.28705 -3.85508
-0.35378 -4.49504
-0.28033 -4.01698
-0.30018 -3.88778
-0.26448 -4.48530
-0.25493 -4.39861
-0.34182 -4.05301
-0.34247 -4.37948
-0.17271 -4.00175
-0.19241 -4.14428
-0.21219 -4.47056
-0.28203 -3.96775
-0.39726 -4.05308
-0.26333 -3.99246
-0.35493 -3.85625
-0.27738 -4.38424
-0.30291 -4.35097
-0.17773 -4.12150
-0.20726 -4.17435
-0.13847 -4.25855
-0.28688 -3.86881
-0.37194 -4.27995
-0.31972 -4.30988
-0.34326 -4.12571
-0.10071 -4.33869
-0.38411 -4.49418
-0.26498 -4.48960
-0.28670 -4.00918
-0.14132 -4.02661
-0.30499 -4.47756

-0.13166 -4.08424
-0.30872 -4.54778
-0.25459 -3.83337
-0.32302 -4.10990
-0.10885 -3.89082
-0.18670 -4.02313
-0.38046 -4.39227
-0.22871 -4.45323
-0.17253 -4.35212
-0.29611 -4.51362
-0.24211 -4.04204
-0.32881 -4.54751
-0.31395 -4.11348
-0.31845 -3.97956
-0.39001 -4.45582
-0.30222 -3.91987
-0.37428 -4.11408
-0.37417 -4.29155
-0.39919 -3.99456
-0.34972 -4.40399
-0.12717 -4.42812
-0.24138 -4.01879
-0.36753 -4.54467
-0.20799 -4.43233
-0.13746 -4.44396
-0.34137 -4.38162
-0.10784 -4.07042
-0.30733 -4.07901
-0.23575 -4.54755
-0.34420 -3.90138
-0.29416 -4.30953
-0.33640 -4.29886
-0.35962 -4.01816
-0.26255 -4.34245
-0.31304 -4.20663
-0.38683 -4.06146
-0.19161 -4.12767
-0.38012 -4.07211
-0.23863 -3.99872
-0.11027 -3.97193
-0.27425 -3.95621
-0.26948 -4.23448
-0.30682 -4.23024
-0.35686 -4.27808
-0.39053 -4.12107
-0.23229 -3.92756
-0.22855 -4.47644
-0.11055 -4.25002
-0.36812 -4.06961
-0.22489 -4.18940
-0.11549 -3.89328
-0.25290 -3.88626
-0.28265 -4.47174
-0.11063 -4.14762
-0.12967 -3.88232
-0.38096 -4.02143
-0.33351 -4.04604
-0.37750 -4.42285
-0.27488 -3.92192
-0.18513 -4.09285
-0.11302 -4.36151
-0.18018 -4.38188
-0.17436 -3.93382
-0.16551 -4.22021
-0.14206 -4.37027
-0.38442 -3.98053
-0.19784 -4.01452
-0.12819 -4.28424
-0.24125 -4.26262
-0.38151 -4.06568
-0.36142 -3.90173
-0.38692 -3.88861
-0.26626 -3.84194
-0.39869 -4.17492
-0.18218 -4.22674
-0.29678 -4.05751
-0.10353 -4.41377
-0.17023 -4.10235
-0.12080 -3.97441
-0.27724 -4.13741
-0.18781 -4.17390
-0.27346 -4.26570
-0.31124 -4.38010
-0.19156 -3.85577
-0.10255 -4.34330
-0.33922 -4.31436
-0.37531 -4.43657
-0.12329 -4.39739
-0.38883 -3.97874
-0.29274 -4.35738
-0.12038 -3.90351
-0.34632 -4.24792
-0.15543 -4.15284
-0.24982 -3.99034
-0.39540 -4.37848
-0.32522 -3.99174
-0.31825 -4.58204
-0.37361 -4.31476
-0.35161 -4.13618
-0.16634 -4.02917

-0.21870 -4.23931
-0.31577 -4.47084
-0.20135 -3.88448
-0.34499 -4.21771
-0.18638 -3.83511
-0.14093 -3.85801
-0.25488 -4.22007
-0.13438 -4.21617
-0.25279 -4.50955
-0.34811 -4.23998
-0.26053 -4.51472
-0.17614 -4.27183
-0.33288 -4.12704
-0.34166 -4.37376
-0.16875 -4.36457
-0.33066 -4.49281
-0.39066 -3.92100
-0.24488 -4.49529
-0.16169 -4.20755
-0.15126 -4.39296
-0.24357 -3.86682
-0.33025 -3.86898
-0.31671 -3.87657
-0.16956 -4.19010
-0.16784 -4.20244
-0.39314 -4.03788
-0.29656 -3.91644
-0.32133 -3.89785
-0.25736 -4.43376
-0.34491 -3.87155
-0.35820 -3.93370
-0.14598 -4.16360
-0.22038 -4.01823
-0.10962 -4.40908
-0.31321 -4.55926
-0.38529 -4.41166
-0.17419 -4.19891
-0.25849 -4.11404
-0.37751 -4.42270
-0.15498 -3.98092
-0.21371 -4.55645
-0.22799 -3.91850
-0.27448 -3.95395
-0.30392 -4.30481
-0.15538 -4.49749
-0.18890 -4.02339
-0.37341 -4.03408
-0.11404 -4.05292
-0.17560 -4.14235
-0.23598 -4.32384
-0.29650 -3.88246
-0.30826 -3.93273
-0.35086 -3.97713
-0.39779 -4.33208
-0.32368 -3.89402
-0.10808 -4.44380
-0.28734 -4.04638
-0.25737 -4.28874
-0.32063 -4.56010
-0.21878 -3.90566
-0.15844 -4.36549
-0.26445 -4.29215
-0.19086 -4.32940
-0.29161 -4.12016
-0.20094 -4.09088
-0.23810 -4.13615
-0.20466 -4.14261
-0.29817 -4.51685
-0.37351 -3.99666
-0.32655 -4.15837
-0.12751 -3.98543
-0.25522 -4.02801
-0.27181 -4.32913
-0.13434 -4.32936
-0.31742 -4.33245
-0.27592 -4.00937
-0.39814 -4.36999
-0.20853 -3.96019
-0.14901 -4.15743
-0.23015 -3.97018
-0.24883 -3.94799
-0.25619 -4.20050
-0.25814 -4.56720
-0.28590 -3.97410
-0.12268 -4.05336
-0.23104 -4.37408
-0.28685 -4.43908
-0.18615 -4.08499
-0.22349 -4.54344
-0.37212 -4.10304
-0.15375 -4.47275
-0.15520 -4.28583
-0.19385 -4.04429
-0.27869 -4.51919
-0.36557 -3.98973
-0.17808 -3.92048
-0.37272 -3.93565
-0.11729 -4.25028
-0.20174 -4.54708
-0.30622 -4.50750

-0.18148 -4.41807
-0.29798 -3.93652
-0.29457 -4.39493
-0.31647 -4.37249
-0.28846 -3.94846
-0.20060 -4.49755
-0.21698 -4.03366
-0.22472 -4.39310
-0.38940 -4.23595
-0.27841 -4.17303
-0.12994 -3.89256
-0.12974 -3.95211
-0.38029 -4.55963
-0.11462 -4.33284
-0.28894 -4.21257
-0.26055 -3.93627
-0.13675 -4.02381
-0.10853 -4.19736
-0.38328 -3.86949
-0.21739 -4.00026
-0.12175 -4.03139
-0.14458 -3.95273
-0.23218 -3.91508
-0.27489 -4.20866
-0.35802 -4.35684
-0.28617 -4.08942
-0.16903 -4.13321
-0.38116 -4.29884
-0.16086 -4.24533
-0.20638 -4.40769
-0.11044 -3.96128
-0.35774 -4.42787
-0.39825 -3.84453
-0.17530 -4.28387
-0.29436 -3.98173
-0.31116 -4.36102
-0.22190 -3.91656
-0.36295 -4.23837
-0.12254 -4.50860
-0.18757 -4.41288
-0.33397 -4.36675
-0.31977 -4.52617
-0.15855 -4.17333
-0.28774 -4.20132
-0.12310 -3.83923
-0.17723 -4.22431
-0.26041 -3.87086
-0.37038 -4.01254
-0.10672 -4.33271
-0.32843 -4.17944
-0.28742 -3.89819
-0.13430 -3.98373
-0.31342 -3.98600
-0.22577 -4.07672
-0.21695 -4.00901
-0.32930 -3.87632
-0.35624 -4.10488
-0.30480 -4.40865
-0.22929 -4.28016
-0.14584 -4.57323
-0.31854 -4.34933
-0.39932 -4.52851
-0.39025 -4.15881
-0.11630 -4.45448
-0.13515 -4.10394
-0.24533 -4.15875
-0.33308 -4.08162
-0.38773 -3.88347
-0.11919 -4.05796
-0.36185 -3.95324
-0.38305 -4.42329
-0.39483 -4.02356
-0.15015 -4.19135
-0.30180 -4.24673
-0.10292 -4.34150
-0.39464 -4.53206
-0.39613 -3.99497
-0.20163 -3.89858
-0.37070 -4.15552
-0.26670 -4.12991
-0.26239 -4.13863
-0.13235 -4.37845
-0.15973 -4.55300
-0.17088 -4.11938
-0.39141 -4.31908
-0.29939 -4.05765
-0.29228 -4.54628
-0.35904 -4.07804
-0.13145 -4.51553
-0.30387 -4.54670
-0.18184 -3.89839
-0.36911 -4.02040
-0.11332 -4.20160
-0.13633 -3.97523
-0.35879 -3.91928
-0.22714 -4.36296
-0.35476 -3.96819
-0.29192 -4.18058
-0.28848 -4.54298
-0.16296 -4.13602

-0.14700 -4.41864
-0.35462 -4.10798
-0.21705 -4.22222
-0.31236 -3.99706
-0.24895 -4.44614
-0.31046 -4.13539
-0.37267 -4.01024
-0.21536 -4.56214
-0.34933 -4.44591
-0.14241 -4.56535
-0.17464 -4.01459
-0.21313 -4.39406
-0.12705 -4.35898
-0.35811 -4.38901
-0.32606 -4.19972
-0.10744 -4.46314
-0.31109 -3.88066
-0.27875 -4.35001
-0.36844 -4.38925
-0.21404 -4.04097
-0.31139 -4.54812
-0.33297 -4.52872
-0.11859 -4.48440
-0.33909 -3.89953
-0.14553 -3.89216
-0.10480 -4.00233
-0.32322 -4.50123
-0.11591 -4.57219
-0.36973 -4.44556
-0.22370 -4.15680
-0.26306 -4.28646
-0.16406 -4.35692
-0.16306 -4.01002
-0.38522 -4.53718
-0.25223 -4.51202
-0.20002 -4.19357
-0.25119 -4.11659
-0.15359 -4.10243
-0.18080 -4.17036
-0.27042 -4.16144
-0.25299 -4.10335
-0.36111 -3.91613
-0.31717 -4.23346
-0.11527 -4.12130
-0.21349 -4.28207
-0.33127 -4.31885
-0.10365 -4.00833
-0.24818 -4.21784
-0.27838 -4.06081
-0.38057 -3.91126
-0.35531 -4.54921
-0.14959 -4.28083
-0.27663 -3.89278
-0.24898 -4.26142
-0.38604 -4.10440
-0.36452 -4.44406
-0.38797 -3.85991
-0.32734 -4.30491
-0.10337 -4.20012
-0.29420 -3.92808
-0.23243 -4.45147
-0.25273 -4.36499
-0.23736 -4.12701
-0.23999 -4.25702
-0.17698 -4.30229
-0.39803 -4.55437
-0.24190 -4.31017
-0.25927 -4.50492
-0.14852 -4.15029
-0.25867 -4.11103
-0.37282 -4.08848
-0.23061 -4.17904
-0.28741 -3.91985
-0.33606 -4.04020
-0.34912 -4.00462
-0.21075 -4.17195
-0.37350 -4.29559
-0.39294 -4.21843
-0.34297 -4.48708
-0.39511 -3.92809
-0.23913 -3.94622
-0.11021 -4.30899
-0.22556 -4.54051
-0.24721 -4.20923
-0.37869 -3.98737
-0.38911 -4.15496
-0.31583 -3.90274
-0.31683 -4.34963
-0.25102 -4.50888
-0.22279 -4.30633
-0.17506 -3.97699
-0.21635 -4.30941
-0.22280 -4.02419
-0.21267 -4.44899
-0.18339 -4.24115
-0.38396 -3.90186
-0.12437 -4.42437
-0.30645 -4.23816
-0.29835 -4.10448
-0.27161 -4.06023

-0.30764 -4.05300
-0.13778 -4.04197
-0.13397 -4.35164
-0.13513 -4.31356
-0.34558 -4.03104
-0.14633 -4.51244
-0.23280 -4.10675
-0.22952 -4.21953
-0.27940 -4.29296
-0.30785 -4.00112
-0.30541 -3.85074
-0.18092 -3.96855
-0.13547 -3.94695
-0.20090 -4.09716
-0.22641 -4.27936
-0.39474 -4.18344
-0.28903 -4.14783
-0.26339 -4.39935
-0.21670 -4.33015
-0.26880 -4.27404
-0.27156 -3.88546
-0.33509 -4.15629
-0.26141 -4.22576
-0.13026 -4.28217
-0.21042 -4.48118
-0.21361 -3.90276
-0.22005 -3.84918
-0.14599 -4.19997
-0.19706 -4.16769
-0.34099 -4.54487
-0.24664 -4.45211
-0.37701 -4.50276
-0.33268 -4.22427
-0.29894 -4.10658
-0.37080 -4.28514
-0.28627 -4.26523
-0.28436 -4.21731
-0.18086 -4.20104
-0.17852 -4.37929
-0.20243 -4.36787
-0.29741 -4.09224
-0.10310 -3.85901
-0.16969 -4.12454
-0.12915 -4.14040
-0.19575 -3.92213
-0.16823 -4.11233
-0.22489 -3.96306
-0.37700 -4.51546
-0.26247 -3.92909
-0.13192 -4.29712
-0.30132 -4.21304
-0.36173 -4.53157
-0.28775 -4.56945
-0.24666 -4.56089
-0.35533 -4.17129
-0.38324 -4.30663
-0.36708 -4.58483
-0.35849 -4.25905
-0.37998 -4.49355
-0.21312 -4.11795
-0.15489 -4.11391
-0.33112 -4.53542
-0.21514 -4.39618
-0.23223 -4.57651
-0.31504 -3.91428
-0.21143 -3.87211
-0.30369 -3.95464
-0.37467 -3.99927
-0.19728 -4.52013
-0.37098 -4.20900
-0.25800 -4.28883
-0.17339 -3.85547
-0.15995 -4.43678
-0.18993 -4.10967
-0.20000 -3.97645
-0.12972 -4.35597
-0.21353 -4.26231
-0.29091 -4.05555
-0.25168 -4.18905
-0.21056 -3.99962
-0.19070 -4.15701
-0.33094 -4.10758
-0.28775 -4.17112
-0.26131 -4.05550
-0.32141 -3.91265
-0.25585 -4.52408
-0.38053 -4.50597
-0.37452 -4.26802
-0.31163 -4.12898
-0.38275 -4.33394
-0.23383 -4.49501
-0.24708 -3.89157
-0.39565 -4.55621
-0.15240 -4.38100
-0.38857 -3.95865
-0.20084 -4.12887
-0.28066 -4.30126
-0.38521 -4.16055
-0.11036 -3.83795
-0.26054 -3.95335

-0.21590 -4.49681
-0.15818 -4.14815
-0.29207 -4.39745
-0.38605 -4.16167
-0.19091 -3.85147
-0.26810 -4.17249
-0.28448 -4.13985
-0.17079 -4.19544
-0.36951 -4.22318
-0.37427 -4.23920
-0.16273 -4.39841
-0.16844 -4.45782
-0.12330 -4.02819
-0.15018 -4.37768
-0.30641 -3.95305
-0.35471 -4.00895
-0.14855 -4.01538
-0.26268 -4.05744
-0.19644 -3.95570
-0.22707 -4.09928
-0.13327 -3.89166
-0.30074 -4.29158
-0.16116 -3.96580
-0.22712 -3.98131
-0.27279 -4.16371
-0.31749 -4.14680
-0.14946 -4.06975
-0.31212 -3.93769
-0.23349 -4.06351
-0.16030 -4.08543
-0.16888 -4.07032
-0.17379 -4.16636
-0.10211 -4.55849
-0.31418 -4.27356
-0.28291 -4.53651
-0.29498 -4.27435
-0.34138 -4.49524
-0.36544 -3.94684
-0.23079 -4.53638
-0.39222 -4.44851
-0.18367 -3.90656
-0.37425 -4.35969
-0.32836 -3.87650
-0.19014 -4.37243
-0.26435 -4.22749
-0.16364 -3.96954
-0.36273 -4.32464
-0.20443 -4.02960
-0.18294 -4.57854
-0.32432 -4.16964
-0.20723 -4.34890
-0.27441 -4.43402
-0.29296 -4.32968
-0.21260 -4.30153
-0.27959 -4.25215
-0.18894 -4.49338
-0.14926 -4.50096
-0.37081 -4.29847
-0.30680 -3.83858
-0.23561 -4.44114
-0.23683 -4.38232
-0.31619 -4.24146
-0.16482 -4.32800
-0.31544 -3.86181
-0.39053 -3.87140
-0.38097 -4.10234
-0.37114 -4.30014
-0.37022 -4.50839
-0.24089 -3.99999
-0.26893 -3.96732
-0.39986 -3.95061
-0.34168 -4.15747
-0.30521 -3.86402
-0.20531 -4.41289
-0.31106 -4.18737
-0.24837 -4.45644
-0.21893 -4.51594
-0.39632 -4.00831
-0.14809 -4.49050
-0.35562 -3.86353
-0.17620 -4.38014
-0.20373 -4.02084
-0.34628 -4.51329
-0.36160 -3.85369
-0.23197 -4.20570
-0.15340 -4.38317
-0.30378 -4.15426
-0.21588 -3.98119
-0.17619 -4.02183
-0.14621 -4.51635
-0.27806 -3.96371
-0.21795 -4.41672
-0.25347 -4.10656
-0.15455 -4.18897
-0.23001 -4.46644
-0.22343 -4.08154
-0.26253 -4.02285
-0.15331 -4.46777
-0.34798 -3.96251
-0.18382 -4.28331

-0.17931 -4.22436
-0.32361 -4.00850
-0.32649 -4.20205
-0.33658 -4.25373
-0.27478 -4.04508
-0.30721 -4.47888
-0.13890 -4.07156
-0.13414 -4.48716
-0.22375 -4.00258
-0.12733 -4.28037
-0.24058 -4.40252
-0.20736 -4.52249
-0.25845 -4.16755
-0.24657 -4.22499
-0.21149 -4.32102
-0.11519 -3.85299
-0.31605 -4.24148
-0.25608 -4.34401
-0.28727 -3.83338
-0.33544 -4.13580
-0.35144 -4.11823
-0.38486 -3.96100
-0.34037 -4.32760
-0.24757 -4.10427
-0.38106 -3.85979
-0.24629 -4.02030
-0.26254 -4.41526
-0.30893 -4.32060
-0.17645 -4.45049
-0.14234 -4.56703
-0.23478 -4.14548
-0.15087 -4.17637
-0.34906 -4.05230
-0.34038 -3.84160
-0.28312 -4.05666
-0.12964 -4.32990
-0.14045 -4.27385
-0.23488 -3.99473
-0.17407 -4.12928
-0.30358 -4.51654
-0.32106 -4.21635
-0.13725 -4.36841
-0.19418 -4.01894
-0.21317 -4.41014
-0.33235 -4.47310
-0.25163 -4.24543
-0.27872 -3.85482
-0.19462 -4.22856
-0.32147 -4.45685
-0.31130 -4.00035
-0.22272 -4.14468
-0.37354 -4.29157
-0.10694 -4.08271
-0.20909 -4.31688
-0.25475 -3.99760
-0.28781 -4.31472
-0.15283 -3.97840
-0.25857 -3.84847
-0.30892 -4.21268
-0.27453 -4.11171
-0.18680 -4.20825
-0.17252 -4.19004
-0.31115 -4.04569
-0.33334 -4.02659
-0.32809 -4.36308
-0.31512 -4.13567
-0.30885 -3.87028
-0.34590 -4.09146
-0.18085 -4.12294
-0.12120 -4.56945
-0.11532 -4.32270
-0.36850 -4.31448
-0.10738 -4.10171
-0.17010 -3.89712
-0.26117 -4.13317
-0.35249 -4.19157
-0.26591 -4.06193
-0.22680 -4.01510
-0.17319 -3.92233
-0.29462 -3.95706
-0.37413 -4.30002
-0.13567 -4.47765
-0.32991 -4.17978
-0.37889 -3.89612
-0.34419 -4.58420
-0.26857 -4.38794
-0.16757 -4.37816
-0.22095 -3.99318
-0.34309 -3.92484
-0.33790 -4.17209
-0.14620 -4.40823
-0.38523 -4.02701
-0.38087 -3.90464
-0.17445 -4.12209
-0.33102 -3.97166
-0.17093 -3.84709
-0.26527 -4.11868
-0.11829 -3.88602
-0.28759 -4.42266
-0.33043 -4.13214


0.09890 1.60358
0.08372 1.27109
0.15462 1.47249
0.11943 1.22556
0.10074 1.43618
0.06286 1.62146
0.08304 1.82695
0.07643 1.25271
0.07325 1.21151
0.09797 1.53066
0.12363 1.45498
0.08344 1.68841
0.10438 1.61539
0.14524 1.63311
0.08808 1.63389
0.09489 1.84644
0.12634 1.43550
0.06304 1.24208
0.12465 1.59259
0.12404 1.72813
0.13494 1.76788
0.07903 1.66540
0.15977 1.23453
0.10232 1.45119
0.07616 1.29383
0.15817 1.82559
0.07962 1.40942
0.06149 1.84131
0.15729 1.47193
0.07393 1.37547
0.09131 1.69555
0.12072 1.21484
0.07748 1.41689
0.11670 1.93949
0.10018 1.64579
0.15502 1.65201
0.11315 1.55511
0.07068 1.77116
0.07984 1.38395
0.06021 1.28904
0.11975 1.40053
0.08853 1.26017
0.10977 1.24875
0.14603 1.92324
0.11025 1.66603
0.09392 1.49279
0.10092 1.92837
0.15450 1.95650
0.11564 1.64556
0.06304 1.56371
0.15893 1.80059
0.07284 1.66194
0.14910 1.26160
0.13412 1.51747
0.11528 1.33628
0.14090 1.51556
0.09984 1.45766
0.09765 1.44116
0.12122 1.80135
0.09356 1.29624
0.15125 1.73093
0.13139 1.49347
0.11433 1.42861
0.15948 1.91062
0.10252 1.48401
0.12061 1.51630
0.06887 1.62702
0.10395 1.54341
0.14320 1.33491
0.09770 1.36921
0.09522 1.37715
0.14555 1.55829
0.09066 1.54593
0.08390 1.57604
0.10715 1.63296
0.09308 1.75863
0.10046 1.78081
0.15558 1.69058
0.12911 1.40274
0.08164 1.94899
0.09606 1.89472
0.15187 1.49628
0.12380 1.40331
0.09381 1.68909
0.14795 1.20416
0.14622 1.87450
0.09166 1.25886
0.10909 1.35547
0.11170 1.22976
0.14550 1.40106
0.15494 1.22762
0.07435 1.55393
0.14028 1.64953
0.07075 1.93055
0.11750 1.83837
0.11338 1.58900
0.07486 1.48090
0.15066 1.77722
0.11801 1.36658
0.06342 1.77192
