10 10 6

0 1
0 1
0 1
0 1
0 1
0 1
0 1
0 1
0 1
0 1

-0.34469820368207965 -2.2026548066627254
-0.26044824334874705 -1.8297081736818612
-0.3475657241785885 -1.7034382639903107
-0.20631563327693217 -1.5451672068467017
-0.35722867655396406 -1.5419256471231422
-0.31685208424387196 -2.214687960331671
-0.22973517631836077 -2.0301783732929195
-0.3294667454511217 -2.244758932170176
-0.3034127482516036 -1.5435549813674454
-0.387413950128318 -1.5780424971633682

-0.38233083578234195 -2.11812990225549
-0.20868342905921908 -1.5162179928389696
-0.2011755254692637 -2.073607175864627
-0.38264811922094555 -1.53164179624341
-0.3696821260068547 -1.7115467835420028
-0.3282770165469193 -1.607667609823219
-0.10849450642278496 -2.1647850462941483
-0.36217205055068186 -1.6536540517337532
-0.3102905242055943 -1.6264559732387096
-0.3624722475378299 -2.053362057879108

-0.13023389450471756 -2.1592979139417263
-0.23601854462089794 -1.9036359834534404
-0.13833717156701703 -2.144645534171482
-0.3687388382367829 -2.006625976148171
-0.10243238682989475 -1.8523085977381515
-0.24813307218157551 -1.8917259271814448
-0.25893397214432745 -2.002508497923937
-0.3340516171416098 -1.6990846205093233
-0.34674985818519394 -2.2141356277888993
-0.13613826015279173 -2.1497387462336297

-0.38802724593122423 -1.5168066839822592
-0.2204063696256454 -1.9545807799486754
-0.3010925294561305 -2.184591805894204
-0.34475529732026244 -1.9113029028651691
-0.3391714481456277 -1.6305155167176362
-0.2549768681521266 -1.955987489172336
-0.377770414101173 -2.1009518384805395
-0.14795184812561013 -1.8397559002370332
-0.23124208058407958 -2.109563453308469
-0.26618296724445517 -1.804723314158541

-0.26049663416464475 -2.040849502554649
-0.20812602368197697 -2.206274262225011
-0.356732907164633 -1.618046620710192
-0.11195032465951582 -1.7299676197302765
-0.22940160023509124 -1.9962500373350074
-0.3302904078253863 -2.1222138430971422
-0.2999200648557676 -1.8136489120317678
-0.2541120389675658 -1.8455713080132279
-0.2228648725287107 -1.8172212478864962
-0.33846592819972066 -1.615010348761266

-0.22487210002776345 -2.257718196118936
-0.34781872598486047 -2.2332870321943448
-0.3874105486743918 -2.0637078146133483
-0.24970970973738427 -1.9983311630243903
-0.23919607316155728 -1.9563848485283635
-0.3632799204591599 -1.8942626910653937
-0.12886649748344176 -1.8090933481586826
-0.26272605022392576 -1.9847805589628018
-0.19138792162809173 -1.8697733299834938
-0.27322248098592705 -1.7457146042950797

-0.21316592896688327 -2.0319254747462634
-0.22691991257747426 -1.950230757732236
-0.15340591007841511 -1.950174193709751
-0.29177578705521734 -1.5728673141876783
-0.33579195040269616 -1.7881398171634655
-0.12443261638456393 -1.946134879182611
-0.2602214232920562 -1.6308160761902686
-0.16183866438119013 -2.208169483819147
-0.21993072269141192 -1.6437455214630603
-0.3546259229047365 -2.055982899962381

-0.18529197700295674 -1.981527741611489
-0.15595672347910455 -1.960297459401135
-0.29092467862138205 -1.997233559669234
-0.3204669786375137 -1.7620769107091196
-0.3509404580801671 -2.049213889412577
-0.3925880351571179 -1.85624292895359
-0.1682580919108085 -2.2032293290650777
-0.1776519844190561 -1.8803777989928503
-0.35071848678638673 -1.6975095349938192
-0.2747773124791899 -1.8930649236608037

-0.3991996890360977 -2.0284688525064634
-0.139837908284759 -1.779847841361924
-0.3941137987498825 -1.8667676995294684
-0.394281852347304 -2.255580038676256
-0.396232743113341 -2.2213545146639206
-0.21305714271221496 -1.7316318001014532
-0.11007560357399043 -2.183366178452526
-0.34844409573708457 -2.1788902834020565
-0.32694450439812195 -1.9754427919131041
-0.3388271950974072 -1.6648912038845174

-0.2651974669317744 -1.7893066583260928
-0.13301998589209685 -1.7961878858932032
-0.3307125883828185 -1.6616305869316816
-0.35643421019630694 -1.9794057907923777
-0.35292802484562275 -2.054313815927866
-0.2582782474387458 -1.5392414942658088
-0.32092640628792235 -2.2251044439488497
-0.3490959678979985 -1.772577455213562
-0.269842222679918 -1.877956917804553
-0.10305219610757105 -2.076636739903101


0.08861716582051613 2.2048717965947953
0.1853219074013489 1.8027966825966373
0.08056643338306531 1.7962863324711251
0.0955087550460969 1.7174264564102175
0.18629260371802941 1.6118179144342308
0.2063375139134188 2.0819821968928034
0.1381791051484183 2.4595352354963356
0.14656347093224334 2.110054418626796
0.19400814908763178 2.087170282671281
0.11566814242191993 1.5526153258575417
