10 10 4

0 1
0 1
0 1
0 1
0 1
0 1
0 1
0 1
0 1
0 1

-0.29365743372658326 -2.092052212860136
-0.1806613806953348 -2.124513803184603
-0.3663947285472547 -1.5975406623853783
-0.21298680926291896 -1.517317607215988
-0.2770017392756061 -2.1009730832737263
-0.355698837813769 -1.5354533604326308
-0.325557451184601 -2.268058881015744
-0.3631911587851574 -2.2600460467086774
-0.33733380608200364 -1.6297057378870152
-0.14174040678412575 -2.167538930767381

-0.28918357908772885 -2.1318738708118725
-0.1305352368266417 -1.5269546813243073
-0.1673966505021867 -1.5935285794822103
-0.11211578450716214 -2.0025625464181993
-0.34298943735765497 -1.8694076195057265
-0.3563424687235535 -1.904807031425189
-0.3205548585526338 -1.9685295159706753
-0.13685336993438013 -2.158182842858707
-0.3903174567931552 -2.1947954960893683
-0.1624646899734985 -2.0346830042973143

-0.3051993947652234 -2.0394973921158464
-0.23162846692727784 -2.0970870138394315
-0.23733813803829099 -2.2239304800912443
-0.3534501715794907 -1.8427193508182618
-0.2366593099761098 -1.6248663612664052
-0.2918317125278508 -2.248403615153489
-0.10898573773646508 -2.2463171646717397
-0.2218729826124389 -1.8520950959713403
-0.2510190438457811 -1.8009082709844668
-0.25570070955720253 -2.011330522720244

-0.2152741728857027 -2.0605001865769355
-0.10684337320250459 -1.7533822771340244
-0.22561399282308106 -1.760569644727173
-0.26235383340853413 -1.5113213685017992
-0.15218806152479314 -2.2454415108381323
-0.23036501761822945 -2.0572316802732162
-0.11251742085878813 -2.187986337110286
-0.22104242916539155 -1.8543959714169205
-0.1928448295140938 -1.7865931762972171
-0.35225236740398974 -2.007443889088786

-0.16847661470445038 -1.5746774566247643
-0.36359125107689183 -1.7394706881321471
-0.17113283835530307 -2.1395411969133606
-0.2476965574761315 -2.158601386415296
-0.18028775791794419 -2.1312538334480657
-0.14671898950066498 -1.9988883124026287
-0.3506431953198597 -2.224864522543559
-0.1715808842071028 -2.0303319155144046
-0.3939103772898202 -2.233054427840433
-0.18627611162967872 -2.209143952731109

-0.23807790751179309 -2.1778039940301324
-0.26827025428126383 -1.9996162174790433
-0.37718815092341573 -2.0708052800499894
-0.25105439079004505 -2.1745000485103367
-0.3078516024750695 -1.9045214650542777
-0.14947227818049236 -1.5612261498024067
-0.38630320436049403 -2.100384604807319
-0.11483164693271275 -1.7743555189800377
-0.17701445555774778 -1.6214881013610598
-0.38663669623054764 -1.8290854735817625

-0.20430346065557217 -2.0492728442320334
-0.35088666661961726 -1.6503508042140138
-0.3693428600787832 -1.6369700134963034
-0.1398483859483326 -1.680901058451193
-0.2403933009041367 -1.737518876721074
-0.25954797956537734 -1.6160248271594795
-0.21927886619885698 -1.8323294330319466
-0.20798215615352927 -1.7133299329070772
-0.3523920899631089 -2.0019525801385996
-0.3502647819698482 -1.8693896617899608

-0.3115928392217254 -2.2584353217413122
-0.120519217753911 -2.199767016748843
-0.2198339454753368 -2.2508523480850227
-0.37475801632515143 -1.5667492488352432
-0.16878197004868567 -1.744941550141261
-0.38186107555534876 -2.0232169216417297
-0.2605571056620749 -1.7792330943969206
-0.19051003045356113 -2.1487853100775434
-0.3430294208450381 -1.9418416879470817
-0.2451583256398291 -2.0448847094057094

-0.14653400222132396 -1.7051276686334345
-0.16493169903171648 -1.5966166806875457
-0.11293547068008708 -1.981546327014887
-0.2056375934980819 -1.6582528425582295
-0.2605972516499613 -2.1423897225690194
-0.2756200961372081 -1.9227429078579852
-0.12732893929426287 -2.179193844056813
-0.2237592251131959 -1.5638040198841974
-0.15285503511332074 -2.088496697100075
-0.36891216666422555 -2.2021751029381598

-0.23614661246059748 -1.6721503637744595
-0.33307630610605177 -2.2093241528749163
-0.2041758319618213 -2.14406922534684
-0.12423023048053888 -2.2536622361185503
-0.116632954741065 -1.6388529856516643
-0.3921876034164693 -1.8205268409908657
-0.30881627770746956 -1.5725043664493565
-0.2942518806402901 -1.721143892470489
-0.12237349035470663 -2.179054457579923
-0.29734972128199794 -2.1748184539180233


0.14052427363994546 1.8426697581769749
0.11559345008679352 2.0403875635276227
0.1049577926371705 2.429435067233566
0.232046903427639 2.017360536107678
0.19049912672183109 1.7457670886382397
0.14175296290363334 2.0997088944593223
0.08269734381754353 1.91648083005643
0.17339599342814332 1.9871231126491782
0.23635116746411144 1.5809304782019846
0.17915917877932228 1.9798187383613324
