10 10 6

0 1
0 1
0 1
0 1
0 1
0 1
0 1
0 1
0 1
0 1

-0.3460807373563106 -2.082265809680494
-0.15857619362105427 -1.870569458703031
-0.24380255772684395 -1.8212438732242457
-0.12669878734020168 -1.9152105083183601
-0.14202581703570122 -1.9571157168297362
-0.28611401993975083 -2.1111334872103025
-0.32678574354550477 -2.1555971043146376
-0.23554205719846197 -1.7569544664399341
-0.27393653908797666 -2.2756283087961826
-0.13192014633764676 -1.8916975909063987

-0.22074538713284636 -1.6785186411064301
-0.15656687833995056 -2.1646834656491922
-0.3355712965533972 -1.6799985798784385
-0.36705630680099904 -1.8464403682405608
-0.24235801460591982 -1.7704176527365942
-0.3338442299936444 -1.6274647275089402
-0.2552704644951672 -1.7569375805697403
-0.175381756959135 -1.9858641968969404
-0.11545500388934476 -2.0718391402091743
-0.367536143441705 -2.1863092817713183

-0.24693869900830343 -2.2364809171120967
-0.25618167474902204 -1.528301174150148
-0.38197700361418463 -2.021826700171104
-0.23603036430967095 -1.8813046231301365
-0.15822978732134155 -2.048093947818933
-0.20556775575083935 -1.539595708747676
-0.21454819174540207 -1.8196697006623972
-0.1960424743500256 -2.147615142396164
-0.23861653094037866 -1.8637835837505565
-0.14134324779748536 -1.7988849710477501

-0.14471210687123087 -1.7697404769778098
-0.1475000401229251 -1.960507320891185
-0.148125101212167 -1.6981776707722789
-0.24501236870351634 -2.259620668905994
-0.3999303792616244 -1.5263044989324492
-0.17437950472553762 -2.117350150326072
-0.1596187611657696 -1.9765431614556654
-0.3662006097300387 -1.9340448298846336
-0.3142294200114376 -2.125571830175097
-0.14539507956521058 -1.7222402849764686

-0.19668735702595253 -1.715495146573574
-0.32437468502385625 -1.993136770728493
-0.3159551970576255 -1.6312900718049534
-0.142469680453846 -2.2080690339504487
-0.33142178000928757 -2.141556660628424
-0.17028732404718558 -1.7059786846534846
-0.28516359507203565 -1.825016209978983
-0.3233997808823507 -1.8526998256478948
-0.20828812280330128 -2.1785043143133156
-0.36508418020730415 -1.857467713326904

-0.1434815762582976 -1.677709535785719
-0.21589771138707284 -2.0276109649494765
-0.3749672695255784 -1.9960963128036286
-0.2954893589520682 -1.8232187081258193
-0.12065920908382549 -2.0224269358031197
-0.177665757846952 -2.233890685916651
-0.148524338166153 -1.6739305560735156
-0.38074850251949266 -2.036439879858469
-0.25285151851514615 -2.1132933597795756
-0.19027226616686704 -1.654623379946166

-0.26172986823453037 -2.27488148407832
-0.1840675789397885 -1.8033323673494013
-0.11463275099307313 -2.06799975671123
-0.3263419032938688 -1.6438106530938466
-0.1910151242169859 -2.152120235664072
-0.10684915176335091 -2.054306093573329
-0.3163997447528269 -1.7894183674280766
-0.3156967453035491 -2.2533739247477036
-0.24456824036468372 -2.2086343436518177
-0.16872253058893139 -2.089954194099142

-0.30891103979998363 -1.6725832859858687
-0.18906279214642677 -1.8328352516593616
-0.11497966641917551 -1.6958708237775628
-0.2920676876544529 -1.5368301343520745
-0.2676288483808126 -2.2711093477917754
-0.19589050671270508 -1.5120287111092117
-0.37410847165178 -2.1511292732773923
-0.1538945055014494 -1.516739725287234
-0.20000040113012088 -2.0502807655465194
-0.3006856248680164 -1.6665474931982491

-0.2241442895554772 -1.7671674358623575
-0.21029698818133113 -2.0682219126077186
-0.24616198685757062 -1.574212920450933
-0.30210414530631113 -1.8282362173472715
-0.1380295458416294 -2.0994730869045495
-0.36320913343824146 -2.0257379275905323
-0.12950437007001164 -2.1020782814905994
-0.11149418995722044 -1.9056829306473206
-0.18284361875983915 -1.9734229527285807
-0.14697948667103355 -1.6693751840590418

-0.35936647886650597 -1.9137890479178774
-0.39652255158430716 -1.706697380311198
-0.38691060636787417 -2.192105541679921
-0.3392617135443632 -2.1616454405913634
-0.2011415551139333 -1.8459177706679126
-0.36495278011578525 -1.586527702893422
-0.34736134424945503 -1.5346074162817203
-0.1814390096376825 -2.2317210790797755
-0.39389867194158856 -1.5650745972965052
-0.32858391083528693 -1.5871539293958534


0.13464414448225598 1.8911651165936392
0.18751435768369118 2.4416508896798876
0.1548780880265363 1.6108892345379364
0.23438884266487836 1.9298903315090874
0.09076216202091719 1.7026392922673668
0.1662207293745894 2.2359366926174933
0.2176030532452108 1.5736428879538
0.21276047759406225 1.6304732937783144
0.16511146957266923 1.7509733045535532
0.07687716743022416 2.215636410939104
