10 20 12

0 1
0 1
0 1
0 1
0 1
0 1
0 1
0 1
0 1
0 1

-0.11311633850792296 -2.4527511833763
-0.2958131212365222 -2.8924775138832737
-0.39652501859898454 -2.7279901618988984
-0.39324699214964154 -2.4371725742352135
-0.27531768908243426 -2.774663442309655
-0.35785389423989844 -2.472340801846255
-0.26581155738061873 -2.4796214406252983
-0.22869747333845838 -2.6485107005520447
-0.3730584139998067 -2.388210191954979
-0.183102278720029 -2.945044913578442
-0.34001735109903614 -2.880087142748217
-0.11776718253616147 -2.3607932235206577
-0.3874805368002829 -2.493004740476527
-0.1863994675606121 -2.38796739626279
-0.37966852129078044 -2.5920554394724107
-0.29726738098109085 -2.72261005407191
-0.2565793983472972 -2.2229378332823875
-0.1373688981102793 -2.307561980425317
-0.3159814485079285 -2.3900038477345977
-0.36623055887794614 -2.338817190391033

-0.3462655852170684 -2.34511627660756
-0.3588867493441842 -2.620130427636109
-0.34230007681725483 -2.9101557876877875
-0.3230225831302791 -2.328675383247498
-0.29511751008880593 -2.7552177742790755
-0.24150872357240594 -2.6530941417457345
-0.3722832462939569 -2.6420548430525455
-0.3642014359357205 -2.603945674833271
-0.26870981241469116 -2.9665791579875305
-0.2541738725546483 -2.3413049908654324
-0.34592698379454423 -2.211647596266034
-0.18986399650253455 -2.8268316313262543
-0.12279492608572423 -2.661470969761829
-0.3040520526282615 -2.913752963969033
-0.15904332555155676 -2.7416028441878466
-0.321468882140566 -2.380584804795981
-0.24964690103160486 -2.889503018561443
-0.32283674425950826 -2.2060167614812514
-0.36379938660706934 -2.513109392558628
-0.3979705666464499 -2.46119146153479

-0.2312561070716101 -2.2597285125028628
-0.13331157038733799 -2.5240394917191837
-0.2865108953341725 -2.927320178202622
-0.1236677385998659 -2.214690426418086
-0.2844551252850996 -2.228967911496322
-0.13439171948672252 -2.393166484144624
-0.15934801321234293 -2.775060148871674
-0.16174830485384198 -2.3695152682484975
-0.10922805528989016 -2.718503574303586
-0.2507274960757233 -2.2768213493039493
-0.2539592712719952 -2.8437212542437766
-0.10169733009091858 -2.6788348586349553
-0.22398279764854664 -2.5802608071049815
-0.339063173242625 -2.3679931442985818
-0.372529657168015 -2.2347858199782444
-0.16071635235380274 -2.5165166941523243
-0.12693907072337218 -2.569662949990536
-0.1983539863518462 -2.5563162983358154
-0.17053607172762048 -2.3286712828443856
-0.3975825718070244 -2.403130202528425

-0.17889794895379524 -2.287964111624073
-0.35804557806376747 -2.2559410777720323
-0.15000958094026354 -2.4414600082593965
-0.1111202351713011 -2.718111874781034
-0.2704925588812288 -2.7824683545290387
-0.2807951521382819 -2.62514338080765
-0.2477697546916258 -2.6573709660789246
-0.31452892023795104 -2.6015215988753027
-0.15182426388660256 -2.715860737798442
-0.3507818722365947 -2.7810395484732355
-0.3282147187598118 -2.537542417861409
-0.20763438599485337 -2.4996613568805506
-0.2790148234098127 -2.83287526144121
-0.10802006810875919 -2.968046878894723
-0.1650301430515859 -2.281396444508868
-0.14856727702141664 -2.306664175377703
-0.3454480336516648 -2.8342723046525684
-0.22156140153317222 -2.8300257147328316
-0.22619719854925593 -2.7892166017294944
-0.3232052406854564 -2.3302150159080925

-0.1417235387504805 -2.8537010457531586
-0.3452155250081111 -2.8910594657815896
-0.2676702807760377 -2.596292615898654
-0.1622264539438819 -2.672239436148149
-0.3823312393125359 -2.6885021475747695
-0.2766187000445805 -2.451808495853006
-0.3880504091184223 -2.371114109872681
-0.21396955363256773 -2.574085344078645
-0.23326646707797286 -2.962071467815921
-0.22141406885649775 -2.550173198033385
-0.327865692366228 -2.217407962322853
-0.3572098266904954 -2.8700452516009616
-0.2822553531403214 -2.5607021386159317
-0.30438423038203244 -2.2124244410589284
-0.24761551651150515 -2.3566420781466366
-0.3642780367172882 -2.2996923583789273
-0.24083870131906843 -2.963438180260798
-0.2340277971190243 -2.250385448056537
-0.23006148044965927 -2.801019279649404
-0.17688562995081555 -2.4878478193428153

-0.38169108403190866 -2.8221377846798177
-0.2742668871814139 -2.4733273468860393
-0.2688016763475206 -2.889776638339884
-0.3818060840174401 -2.558082586161315
-0.15581223718787338 -2.3894915571113473
-0.31385627109290265 -2.296889337968438
-0.15547877942369065 -2.5078375429528297
-0.17871010049899513 -2.4942325005709867
-0.19494857765898585 -2.2269014479422067
-0.37541243536837554 -2.7848074874769546
-0.22991179288484226 -2.4176063711810047
-0.12494637612844284 -2.205586767618912
-0.16071718757755038 -2.701613574989472
-0.21393338039777138 -2.7826956618747087
-0.350800961231172 -2.549353409781803
-0.3840517887753076 -2.374414820049175
-0.17145068685669052 -2.6755082235034706
-0.357731125975909 -2.2162318018936453
-0.24675867480943536 -2.371381192220666
-0.17001029572980378 -2.6528380540257475

-0.29288401739460646 -2.2304360546933153
-0.344470312395883 -2.920458135574002
-0.3680242977006686 -2.694608728484915
-0.12290436254584841 -2.6327496347282406
-0.2916770361602483 -2.9447851680353154
-0.26067675149385305 -2.598600316079976
-0.3812251830885046 -2.781405131949315
-0.36151137390317617 -2.616374430097943
-0.37424408338071363 -2.3745975888612367
-0.21666772346855642 -2.816907918312877
-0.2464606368597689 -2.776747322956756
-0.27063377671777356 -2.6573550825690466
-0.3013969702237308 -2.2049047886511692
-0.3995054928310826 -2.7591039811494915
-0.1106018879937386 -2.8297106711201256
-0.3222758608972847 -2.78062070336874
-0.3430402815717944 -2.6682979105218534
-0.2948760704719847 -2.5563397864446853
-0.31312321787136366 -2.4021971861242455
-0.1254027922464242 -2.5969521481001188

-0.1470051383343038 -2.3602934808394282
-0.31579019266050146 -2.203102691059338
-0.2769359125762077 -2.656597565917837
-0.1736694040550123 -2.766076045895498
-0.2529961441423107 -2.7003695730697994
-0.11638900061482027 -2.267377597129227
-0.3195122548049027 -2.887488453742969
-0.3351654356431836 -2.6639217518179956
-0.32654497718414155 -2.779798565396383
-0.18010278375682204 -2.5718242313512776
-0.31931148934094666 -2.745155706591661
-0.30556963243756763 -2.5537639459134613
-0.3382072933246732 -2.7943437456153486
-0.280416202167506 -2.802912739190666
-0.24297137811362915 -2.896879801783588
-0.12206112002191605 -2.668151600198659
-0.1009727554840929 -2.7022754663266673
-0.246944639486112 -2.9112948435040855
-0.3988013494833521 -2.910306884115685
-0.25845668942669064 -2.210228768949053

-0.20265024991025474 -2.661785618918005
-0.34830930774227353 -2.8167643428921365
-0.32659725601889267 -2.3417818912140196
-0.2185063585550685 -2.801376870345681
-0.3962096503862809 -2.8814143347340875
-0.21807342099703672 -2.369365741299248
-0.3904631980871586 -2.3310507711168342
-0.2861041986713236 -2.6931714484019866
-0.30934109976689095 -2.8535789256627506
-0.3494645851183016 -2.8658901636555534
-0.1143976103403555 -2.4501920167897606
-0.3860952538652639 -2.6476062322944403
-0.34235140010544196 -2.9222187131323527
-0.3569588392303228 -2.496111876145015
-0.25997722309464666 -2.6118014408155865
-0.28919798699882493 -2.537229780431069
-0.3834832499151683 -2.438235935007781
-0.23762274039805525 -2.7117922008096818
-0.2796245580631662 -2.3658138051798243
-0.3089773645853976 -2.3470501545827096

-0.13742033828122124 -2.514826826604642
-0.1029871523744409 -2.6672751070847047
-0.276917726702905 -2.7624304693354906
-0.2114054644757383 -2.669211890474884
-0.13937721918413298 -2.682920412702227
-0.14102935403723582 -2.6739131769501383
-0.2304324136181574 -2.3450294371881584
-0.3231569775346348 -2.793201935461901
-0.24967875081594215 -2.921843746938352
-0.2691042001439816 -2.4765920931378034
-0.3411888668562828 -2.4296017936971324
-0.33836970775862785 -2.819292819432539
-0.22839013643249625 -2.3203948612894916
-0.12128414297441353 -2.6072554750502426
-0.19112303697443908 -2.3736903478232554
-0.19610587887319994 -2.4506517449193077
-0.2638626003699875 -2.541825512495261
-0.3420417143466942 -2.7601327182755697
-0.34094313658351716 -2.681342740581502
-0.22559225116177684 -2.2816029750279245


0.22895634787793884 1.855039968278033
0.21095623612781578 2.3385272000598385
0.20549719807925826 2.036214845332454
0.1745311088704735 2.049035397210182
0.24926018243654008 2.4710320307684213
0.24104098958537779 1.8091306376237806
0.09536304231779856 1.915481236973136
0.07976706354184836 2.4370563763203625
0.20439422215744824 2.4561259988316433
0.15640218605999756 1.5039720474298415
0.2081565592556225 2.4921514312021404
0.09182355530455613 1.6828223147717494
0.1649816743547358 2.424148518738577
0.07566377307522015 2.4937414649261247
0.1580316215851365 2.047244897998079
0.11942518676902891 1.5562739514212813
0.22576835607801943 2.381026147107032
0.19680380474789103 1.7486022606612641
0.09907456535244674 1.8004868190176213
0.213890542370278 1.6271742471038912
