10 20 8

0 1
0 1
0 1
0 1
0 1
0 1
0 1
0 1
0 1
0 1

-0.12843965753939596 -2.7293642893113623
-0.11106434280101718 -2.911135570555996
-0.2856071216116522 -2.406887329851651
-0.29639326914692543 -2.9546304856737096
-0.37087452474323435 -2.3028776430906395
-0.3991939121057814 -2.4046592131050146
-0.12594854625327367 -2.4875472886188885
-0.3062339914669273 -2.740572865413418
-0.10450375392253958 -2.253977371411454
-0.2233895034773064 -2.8709077346815737
-0.3913692662667569 -2.655096976787343
-0.17892456890904723 -2.9613191326996926
-0.28919850633543803 -2.725576898614204
-0.10973146187928895 -2.4234061785592043
-0.2607843041612088 -2.944576335430616
-0.2942280334577537 -2.5866843959518273
-0.3872136270982199 -2.6133646628802856
-0.2763817739007057 -2.6243561596123532
-0.29988691013279556 -2.6967692414953266
-0.15203504141248858 -2.3644213124928677

-0.1536373140535982 -2.711385529206608
-0.17962963486804773 -2.7595404486273116
-0.3309597812855236 -2.6215077857629665
-0.12174981184634381 -2.322938319962386
-0.16791664268944032 -2.285056301047589
-0.2621444874529951 -2.5774892405211016
-0.15416452817883877 -2.7289710426850085
-0.34178503382595804 -2.9658998855225596
-0.170508377545542 -2.7824734925275116
-0.2802876283658309 -2.9192018032209663
-0.30555657485141463 -2.8342941648267326
-0.3476561568556464 -2.275854200609338
-0.25980130049256667 -2.9143483175237304
-0.2187243544293814 -2.592089143229845
-0.20354781229152905 -2.3306833113205574
-0.34795938886078637 -2.6158150009697962
-0.18344943223113697 -2.8571894597632688
-0.3708346453993579 -2.957926298577433
-0.15362857885193823 -2.499320809335508
-0.12750636085056793 -2.9520427119090717

-0.3586324104533569 -2.362415812187767
-0.2676541748562666 -2.5049545829132347
-0.31175466634638627 -2.6205425226801404
-0.11996051545265735 -2.8281045895887647
-0.2062804354167097 -2.6045080478040643
-0.3634604484673877 -2.9533540787094825
-0.32028902298947814 -2.6119112137103686
-0.205941072425944 -2.6660199695121465
-0.1653574802982314 -2.9544986463959995
-0.10969811926756684 -2.5003705636535205
-0.1851284844807348 -2.6031072021924317
-0.11183851499198216 -2.700909887049834
-0.17648256808352467 -2.2521123502813167
-0.13989423749404406 -2.243212407043223
-0.2724200924493575 -2.3125726192113403
-0.38703235417624055 -2.877744792314032
-0.34288337673495206 -2.397181320548115
-0.15934814604743244 -2.319382737296776
-0.23435242703620635 -2.876437238157409
-0.28259204053621684 -2.4465012166710145

-0.22815881864913465 -2.948479760457882
-0.17327456316735407 -2.212223854339494
-0.2534257972595674 -2.4761397759734467
-0.30698117373660583 -2.5001678130376055
-0.39462329014702835 -2.7891971104997824
-0.1182967258874002 -2.552547691735672
-0.20674692472064893 -2.5763971704889768
-0.28534752914808725 -2.942892707058863
-0.39193586086939913 -2.7061565383395867
-0.32236402784591944 -2.9514014556507995
-0.151828243303673 -2.5024231310903797
-0.11348292097506024 -2.773583124673255
-0.2380556490852526 -2.3301501133309124
-0.32563235821128894 -2.420916821741374
-0.21173771977401126 -2.7887188951081
-0.11995887872015482 -2.7999954760968353
-0.18299977891330177 -2.5703497168576983
-0.36185755085028726 -2.9533717390882988
-0.37346156387598417 -2.319640955441357
-0.25554516768951113 -2.3179148156857456

-0.12419250282297256 -2.2832657329938004
-0.11352054982414272 -2.4409136630565422
-0.34076435191849447 -2.93625001539766
-0.14487154820326104 -2.2200062278143924
-0.20913700818392542 -2.2140590664317994
-0.19969485070251783 -2.7794622742030337
-0.3210809399495611 -2.302029147423688
-0.17938816009098674 -2.265478442180199
-0.32177776196940044 -2.7477888916843245
-0.22724250652724826 -2.327697483274822
-0.14837105965249686 -2.3403826854992413
-0.30532009034427876 -2.728787779654856
-0.13531291859108174 -2.9584611948656407
-0.3808779409663746 -2.7720824528957704
-0.18434740265284613 -2.3733161446163904
-0.3671743702012769 -2.6666967303695177
-0.17742641637126785 -2.3739933044636916
-0.16220316172639226 -2.4939310808227844
-0.14089168892525078 -2.5285877180280543
-0.1346196093729809 -2.7605353217925233

-0.3322452898901351 -2.5216296502879456
-0.13804667059564674 -2.3038083246372745
-0.3900633838012812 -2.722062318797233
-0.2726180313557376 -2.419196789830209
-0.11952048795161968 -2.780274571171025
-0.18436334940525617 -2.9408767545153065
-0.346148763665321 -2.638679575915041
-0.14140455939296104 -2.2871279079153237
-0.3492246839756046 -2.3766066676964015
-0.12064787554050888 -2.621580958249957
-0.1362760524629522 -2.69864005896153
-0.3315962314336883 -2.616290173187823
-0.2072932617116511 -2.3893808570779496
-0.2736772172038908 -2.3470278033092176
-0.1928679023176466 -2.247424115459394
-0.38344192650741965 -2.8257140859862653
-0.32301985000913913 -2.5460235749681672
-0.10652457963828293 -2.850097067162875
-0.2690252192032399 -2.3254717281238264
-0.37732899468300096 -2.329926373687607

-0.3045877156256258 -2.6520963464613683
-0.34511959928596075 -2.5755525028333346
-0.15956020408844473 -2.2890991273162116
-0.34473088962901244 -2.2924523672637913
-0.22508915514385913 -2.3425203227005595
-0.2765793085936051 -2.8718961369328406
-0.22933654159008857 -2.564512019417007
-0.14834238206000316 -2.5594127879614232
-0.3931860885232395 -2.897664006607686
-0.2506787696257886 -2.3695788323511535
-0.3185927233419546 -2.3535188850976554
-0.15202058010545672 -2.4580839914323414
-0.3824902524126413 -2.807662852447158
-0.32221401614650536 -2.8765486085713388
-0.26612562227898434 -2.9641013376459027
-0.355046222242095 -2.9555697345020424
-0.25070830965143015 -2.9408125518016246
-0.3877548531935746 -2.822322794058059
-0.37307147701454035 -2.6297716944787792
-0.18332687795933847 -2.490234523689719

-0.27118939198627484 -2.410122808384465
-0.38026373262512303 -2.3626602324277313
-0.35130145460680695 -2.9402071009963513
-0.1806831588053877 -2.4285702132519935
-0.21330318541013196 -2.8009038925747323
-0.26744316582662686 -2.5489636241884774
-0.2864124518302472 -2.4363603070080146
-0.27843991004096824 -2.5901848606764766
-0.3695809430323867 -2.7023432371168132
-0.2159292795468065 -2.3030292348303942
-0.20143909261795998 -2.2739767931638024
-0.3226160565713344 -2.248758099862934
-0.13720642130224464 -2.2805404249731893
-0.2510570091998404 -2.764139444815854
-0.30665723435713077 -2.3687199346760632
-0.23919886711664692 -2.278143493484967
-0.3638485423059102 -2.458530007838944
-0.2641935824342201 -2.6818974062246768
-0.10588526030681844 -2.716356636254257
-0.2563907969421195 -2.8797963447494275

-0.2233164738627218 -2.257260310260545
-0.3327198481193734 -2.22952522731785
-0.3812551163942071 -2.3670726845178
-0.2342076520508664 -2.46362812307797
-0.2757916503427532 -2.7281290610207214
-0.26911297081238417 -2.647501225276848
-0.19580380900452016 -2.389908865622564
-0.2915858221846175 -2.909030565478431
-0.19095095500285236 -2.4760368356524465
-0.3930108005585265 -2.4697089217454358
-0.13956310316731124 -2.846542656470841
-0.13778199254579654 -2.8864940574349127
-0.2710200552276738 -2.5057542584751786
-0.27485131995915224 -2.9288610240776904
-0.24651847554429848 -2.804359781273881
-0.21440092249937698 -2.732129914667504
-0.26405684179325617 -2.3140058657075704
-0.2537093978149749 -2.273976743598268
-0.35231544677035337 -2.8510987647262196
-0.11213724189037544 -2.491087500809256

-0.3572851588745023 -2.921708797091574
-0.37880373590598654 -2.4543559328228928
-0.3901775417020782 -2.7137840068347727
-0.3321506285245068 -2.515303037990616
-0.33202535625510576 -2.8783861725771485
-0.21915656626996668 -2.523981812635965
-0.28260053894089177 -2.4562544202351453
-0.3559238864344082 -2.3024651523130455
-0.13481333272381812 -2.2257271887590595
-0.3240247874192594 -2.3651341463429585
-0.26588882407189995 -2.2556284783753147
-0.25665655662738024 -2.878337710039787
-0.20809964512358678 -2.799085816150121
-0.3166478458686868 -2.9529797647516145
-0.25518135877433235 -2.7051894363835043
-0.20438134158610607 -2.9351764101593174
-0.3851893642585719 -2.614862924408286
-0.23923132528473567 -2.950994342313744
-0.1856605142903101 -2.59022019458091
-0.22436675566198278 -2.4731085353901148


0.1999474927523813 2.4319570624745364
0.15983306037635509 2.440083674504828
0.1787665095971241 2.489461286663066
0.21069219264951172 1.8143621639889538
0.12563201007313918 2.014562800591671
0.14086236524379686 1.744086239465065
0.10960579701246048 2.473742054007557
0.07878887452572612 2.4465072649828414
0.22573039819019347 1.717265875514347
0.12124821042345978 2.3626416780116792
0.23040152690238647 1.9492922255883862
0.15545244236481986 2.2527323319170094
0.15315425129397098 1.8793989641601159
0.13019739732766705 1.6969791685740627
0.21196230258497284 2.3546275351707036
0.16968936872658238 2.160185069615963
0.22927766926997767 1.570790799948518
0.18417601188349048 2.496232616962958
0.1429878631276758 1.7313208742523964
0.07960948363753724 2.3838476598271052
