10 20 12

0 1
0 1
0 1
0 1
0 1
0 1
0 1
0 1
0 1
0 1

-0.3365728901865376 -2.3901230698658384
-0.20541184600495907 -2.6913895422559593
-0.3900659692528846 -2.4259874711761142
-0.1463813657278124 -2.545126542994299
-0.2369483278041871 -2.227802054535326
-0.17594651751966328 -2.968193138250991
-0.2685784601767271 -2.6733203717102296
-0.25132513408994456 -2.8554241765204145
-0.2518943833230401 -2.4060899504896143
-0.3911850279284282 -2.7210213371508503
-0.17429758573127307 -2.3661332054139717
-0.23952350948126494 -2.7132207912550483
-0.10082282016819166 -2.363817091573968
-0.3467653237609999 -2.896547072816996
-0.12426202346976206 -2.9301620347816715
-0.10873030055737354 -2.583543157652176
-0.35403944104829943 -2.705814571056931
-0.19877639675096423 -2.2769380705494253
-0.1184366007968512 -2.300681533686
-0.3210008085403346 -2.914872236816071

-0.3525087674093771 -2.7094304846066333
-0.19805395626724187 -2.5642655738299664
-0.22867376409712573 -2.4719844612834354
-0.1339882909068954 -2.8957059623428982
-0.3000949273411738 -2.440699187130459
-0.10791824290372032 -2.4938838217943236
-0.2904558049421203 -2.910187754959
-0.1393096426339841 -2.5244951315317516
-0.12173175142597692 -2.6245110248262096
-0.149433285063733 -2.935393296942885
-0.16449106248945794 -2.3998568484104914
-0.14941471212496082 -2.736170850496073
-0.2042127520526874 -2.9168310564110858
-0.37561772490127737 -2.556149721769959
-0.29093213089819514 -2.3447465329304795
-0.2882245066427777 -2.530389157378294
-0.33399878001136396 -2.572482310172214
-0.37844232807294564 -2.3615088344837125
-0.3230853464800596 -2.4199732005046792
-0.3705779501874641 -2.885404154225206

-0.22420825874855507 -2.877252497379087
-0.27091142950554514 -2.315213303216575
-0.3864483215367012 -2.6771904576429284
-0.19763286864290439 -2.576306308955966
-0.3264196009267719 -2.2617272147647154
-0.23972257489373627 -2.2657060149203065
-0.29322359039081003 -2.8642815248336326
-0.3151128132374286 -2.55410590336503
-0.35330815699105 -2.8665246709294165
-0.12433186392614015 -2.9114666876505146
-0.14764950017937906 -2.8167157466460533
-0.33854507754038654 -2.543438352397534
-0.3747328029133737 -2.5556031269366755
-0.15468891010154193 -2.401104737815009
-0.39532968877248886 -2.3364785141182822
-0.30244510135187047 -2.9408855316829676
-0.3199913063180645 -2.2036070947289903
-0.14611031902690091 -2.7498572739988516
-0.18018603622142448 -2.642177235624436
-0.10534372550419874 -2.8287385150645874

-0.3923322310711188 -2.254593079067558
-0.20282068783930085 -2.2034494488174055
-0.2710485427081323 -2.4539166416028513
-0.15033310185301269 -2.529128073326222
-0.3454910523564782 -2.3943081119209872
-0.20266221638361512 -2.5776699532293232
-0.19826364898215637 -2.8268437125878756
-0.20423249892767534 -2.7285140569813375
-0.39209095781498754 -2.7455388520410007
-0.2285122444310078 -2.935798655063931
-0.26902734427454034 -2.842626473629782
-0.1425710647944584 -2.467423704613594
-0.35456599670300404 -2.4558804414499957
-0.36871766976937076 -2.327549551687241
-0.15079397259060426 -2.530819176574516
-0.38515679917781587 -2.415905253859864
-0.36920446089008985 -2.3115219996941496
-0.26896948600462145 -2.5412063686488002
-0.22074508602162338 -2.516198851331159
-0.3950105575669217 -2.2687486488798383

-0.21354809155063353 -2.6755332643606016
-0.20333384973594418 -2.7755422471571625
-0.12117311350850335 -2.8894055162556573
-0.26779548640768297 -2.8101511362554414
-0.2967005154772987 -2.859633633690663
-0.12530759084892634 -2.4612833995747856
-0.164044293908586 -2.3512684886290183
-0.304603272465124 -2.917688281117061
-0.2891769502836215 -2.7879972676504923
-0.3093018515047208 -2.4864869988172784
-0.13965582263538245 -2.542620095354879
-0.22133867004069024 -2.2444178217357895
-0.36930526161797705 -2.708139887663942
-0.3424474884575741 -2.3836098293134533
-0.146941426508316 -2.6736644043376803
-0.21512303126250001 -2.5405379897605025
-0.39132229812946073 -2.8080782288297508
-0.3630347934750738 -2.3594358110337397
-0.3198849367086391 -2.7882627265335667
-0.24769202717660999 -2.86145681389268

-0.2625858065141612 -2.449775200793146
-0.27265287009219796 -2.5428304224491924
-0.3276948077355047 -2.7820106002122698
-0.1133592168753248 -2.933162803674259
-0.22652015752658725 -2.471504492795884
-0.1795065034930942 -2.7159331130307858
-0.33432654732811856 -2.8025789657148032
-0.27045018675382304 -2.287376391290934
-0.20375243463749873 -2.2152241804716386
-0.3857046137744983 -2.4004196236533275
-0.3578084115855466 -2.7269280820863844
-0.31631100348073393 -2.4229488894746223
-0.2124455967453084 -2.6533751247904194
-0.3271794016107473 -2.7476354906979763
-0.2770730593031806 -2.2225677927352243
-0.18896608319865094 -2.8273194248389197
-0.3199609064057351 -2.767960430911827
-0.26875035341955456 -2.3525420577930216
-0.2778904500599435 -2.2894628494917173
-0.3347203581846842 -2.4639759603850786

-0.1699014242376755 -2.6493115911006875
-0.2283146078722865 -2.4200923563208008
-0.17483792169933693 -2.3577447692743587
-0.18875299760639364 -2.564823678084129
-0.1428856639647923 -2.9673707932399016
-0.1340411617017479 -2.4345338502390472
-0.12190589679079505 -2.2556096776279033
-0.23063311751797777 -2.324842866659694
-0.22019223757786047 -2.5414279132522664
-0.12375120748657603 -2.7143306785627983
-0.26872983424649244 -2.8940429090646282
-0.24613759135689203 -2.4698006982382705
-0.18302465582690627 -2.253204575569116
-0.380343424933671 -2.2370249907952036
-0.3172583423668897 -2.7529296667834124
-0.17598339268722207 -2.5093125582192206
-0.17894776947903396 -2.5910517636015076
-0.22007379715717595 -2.234336723192077
-0.29636088165467656 -2.604466090913751
-0.3215157937380776 -2.3452839597675914

-0.25084894165151894 -2.8809438187415917
-0.23666376438728273 -2.4941505096086543
-0.38705011825834684 -2.26451522787706
-0.12085900309091702 -2.5101498505991944
-0.3181451761511565 -2.286880764178445
-0.3872593678810497 -2.7532458682534635
-0.18989806141340781 -2.6946337451927436
-0.39448066020963657 -2.6931854079450797
-0.26240937634983463 -2.854622430867024
-0.27985308598406405 -2.39010522932242
-0.3433092199487514 -2.35058177986983
-0.31756432339333934 -2.7399587706581503
-0.37523477623100426 -2.244011194528859
-0.21027729804956843 -2.8598462479806566
-0.362031218182033 -2.4109226873701677
-0.15342845641202996 -2.699450001829915
-0.19122976695780636 -2.439397143862866
-0.18067503212344188 -2.5998773375497084
-0.27982843145295905 -2.5550400812284644
-0.27892786412809994 -2.569015087053146

-0.11962543801409525 -2.697393484173447
-0.24073060444293526 -2.9495637050139747
-0.2391228655224282 -2.5915217201464724
-0.1985042086684691 -2.5559412389169553
-0.15544057077556245 -2.5387910649217624
-0.26640647786562405 -2.3769844315240736
-0.29310465106010597 -2.4886166836135333
-0.18995942605629587 -2.605099628351035
-0.1361799910709392 -2.7215610361189606
-0.3544714793839519 -2.8475056771511142
-0.26077431945415397 -2.505998407952759
-0.19570058299225696 -2.4546141758107507
-0.20505987041320003 -2.4617080065418975
-0.2730921275020044 -2.774657193537454
-0.19143075237092938 -2.4885399563587605
-0.334728049245999 -2.5861203855194024
-0.3676249576389178 -2.404756766816437
-0.30583938840471053 -2.7791207116619816
-0.3498857165847369 -2.618128972625106
-0.38947052318602515 -2.594463624657516

-0.2944556407463901 -2.437639073685622
-0.11320058471772187 -2.3342093644117936
-0.1597436715885267 -2.6124703451644473
-0.2972675140682049 -2.780113381847135
-0.2338972319630413 -2.4542731885863103
-0.3586419407553838 -2.7358678300983352
-0.21779230797950724 -2.220878644643717
-0.31973404636100683 -2.6357063696606664
-0.38804949091069163 -2.459940071476619
-0.33418422070159715 -2.9682500089560837
-0.2503776008410403 -2.967862664987572
-0.2436043596316796 -2.7934955286082404
-0.3613665188015234 -2.914484368268362
-0.16232455622261951 -2.637621181555845
-0.10610594994681738 -2.802105494088894
-0.3360986055405038 -2.913773084147996
-0.3960046817498523 -2.904724781563973
-0.29165442011034937 -2.8395761443677294
-0.28212146457994847 -2.56769224998514
-0.3152518319434411 -2.450247817473542


0.22606760510197282 1.986997856341584
0.23118431973382797 1.9225304945444184
0.14700070617088212 1.8285435718276464
