10 20 8

0 1
0 1
0 1
0 1
0 1
0 1
0 1
0 1
0 1
0 1

-0.34939878039314287 -2.3931564881014555
-0.30583576145991076 -2.9185743756502207
-0.18313628060592343 -2.3884481594192772
-0.37771702071394453 -2.408833103272631
-0.27302635612481785 -2.334381871865757
-0.2677842408504968 -2.71402687104828
-0.3978388889419409 -2.479847467249714
-0.3384015268878422 -2.232933541904975
-0.2813862378089528 -2.5743367303649203
-0.281287776477115 -2.6834081680143345
-0.34295235356193843 -2.3045350924593317
-0.3730032584999161 -2.7219025878576835
-0.12940684247304152 -2.563091841309671
-0.2620130068791723 -2.5093102615566147
-0.3911401788431653 -2.65952739553713
-0.2802553448898458 -2.210507066599858
-0.39802450330386224 -2.226857769939438
-0.32592970608943483 -2.8769137372200095
-0.35508321848209934 -2.2184609836924793
-0.1452167277447186 -2.3682969787253376

-0.31225805674783047 -2.2536265593641107
-0.248485204980132 -2.7685122590184488
-0.2499456761935565 -2.2976693304321034
-0.3461111915390812 -2.94568611511407
-0.28037871480921484 -2.3028120027886945
-0.2695490933141741 -2.8130544808015534
-0.20596690298424786 -2.9378497799983094
-0.3236653975029339 -2.5663168690597016
-0.12688832572649833 -2.8328315698518103
-0.33153846884222593 -2.545325450790681
-0.2715384693195919 -2.7669185161869843
-0.3361075930835169 -2.785954604940433
-0.20289334313648677 -2.8426788008283137
-0.24895254099128086 -2.4048425802015654
-0.2339154756151313 -2.884102779145299
-0.11078844433440543 -2.734592940421683
-0.24880776564642307 -2.7498071017096697
-0.34327496179802813 -2.4008952625613564
-0.11148313981378943 -2.228844217298485
-0.24519591845157668 -2.2568457056425313

-0.21443717358256212 -2.6356493775121
-0.18080800110037393 -2.8281409952350587
-0.14626305495792702 -2.589937556722099
-0.39857868356928755 -2.8648802366936805
-0.3033536325784568 -2.8958469462378464
-0.36040551713774094 -2.7576474552328203
-0.19374131974634612 -2.3872203588062364
-0.38572135956760306 -2.4116131893864132
-0.27084874852011176 -2.314584096540709
-0.29796828469670755 -2.8568179450724753
-0.10940262039562981 -2.787790348724684
-0.17295662624754118 -2.48999764637387
-0.3366445366887272 -2.4132666895311146
-0.2903197723918795 -2.822998931325551
-0.3025835197387161 -2.4892351048251835
-0.38943044967854956 -2.391308598238632
-0.12045401946033757 -2.763292877022405
-0.2465196267796375 -2.470991260178494
-0.38676675067703636 -2.232730266686799
-0.3215746480662581 -2.562269670554378

-0.2706186765759494 -2.822085331402218
-0.2950947931263832 -2.8962058107747772
-0.14717717813383852 -2.962965838549682
-0.17865325374848925 -2.7033366210729417
-0.3724696120957331 -2.8253258056234767
-0.10078897728603176 -2.898060317264706
-0.3394518332657172 -2.731475925343833
-0.16482633478273806 -2.656569278802033
-0.1558082326173143 -2.721624761943887
-0.19142066681477984 -2.740387235229562
-0.3756228209170846 -2.5725773569681736
-0.11419006866899761 -2.2921961010327765
-0.21847427472802683 -2.4486957764353
-0.39517053571979627 -2.6000858117456027
-0.13567520390316024 -2.361166341329525
-0.1526910941224556 -2.229847721680064
-0.39037252669312394 -2.281836170182303
-0.3785043766219441 -2.2202981202186782
-0.23594077285463388 -2.968057719001431
-0.2877123145442614 -2.8112270506996904

-0.2662501035072238 -2.9359254810584203
-0.11102525815866465 -2.565527787755797
-0.12121278493661597 -2.3694209937817643
-0.21491598871091308 -2.324016766632255
-0.3371537561496878 -2.6265268485183153
-0.3246657389580132 -2.2306279805904685
-0.17570799336017123 -2.6254956964432465
-0.16441999857667453 -2.556112070090928
-0.13580451267387367 -2.34807584335292
-0.14529335584822722 -2.491008213262747
-0.24937065233090086 -2.558269639022703
-0.23718846684127273 -2.337180840205446
-0.1991916564914339 -2.7256161123847558
-0.10342835704672437 -2.83254038372774
-0.2532934785192591 -2.8586432450627837
-0.3462155192951306 -2.5218924420277684
-0.1585926314511914 -2.9515295932499526
-0.19380321855734167 -2.5644856700823806
-0.38124455362211945 -2.901134864834715
-0.12666051981023663 -2.7865508508513672

-0.22184346438212435 -2.806214579231333
-0.2817897852407634 -2.579935557519092
-0.3119906432606239 -2.7044861539324856
-0.2886491587929471 -2.6274061496177974
-0.379133621263029 -2.9399738690430914
-0.16002795595228564 -2.2523275408058185
-0.2142950096827481 -2.8473005124954716
-0.27450615398761624 -2.896021482660434
-0.2531032556124153 -2.2420961320158117
-0.3187692344645896 -2.4945960146903032
-0.14875310694809563 -2.4525783240072796
-0.3665365487073856 -2.4706034103233607
-0.19061418340170888 -2.691252468297422
-0.22217196764180522 -2.5532944701333746
-0.3001917306047326 -2.251325293029068
-0.18892655479174583 -2.9510279042888303
-0.19716852552730138 -2.503016001415652
-0.11624634015832125 -2.2649797196622776
-0.19833757502903818 -2.3948222338233034
-0.32344691930327196 -2.797893518264277

-0.39274496949912624 -2.9634043079917887
-0.17131125766918054 -2.2322091022341075
-0.26204383318830043 -2.6199085774572595
-0.1134878121614169 -2.8112366048351367
-0.22132033134145798 -2.2673110771261547
-0.14574841632872781 -2.2649487843074176
-0.3036115359208244 -2.9071755777309574
-0.12293012779719342 -2.523818346648557
-0.16115720489578134 -2.6125796303908295
-0.34236321243265044 -2.929046347226785
-0.13476112124082135 -2.540779564283823
-0.17694567204814723 -2.891750195970495
-0.16142488482907538 -2.2201930909911662
-0.35322316953487287 -2.5930054176682082
-0.25663833617350196 -2.2234851325022102
-0.11779151820283013 -2.5608048953375993
-0.10648668245752724 -2.286108894001729
-0.22156415488789097 -2.823434115692575
-0.21562402211485757 -2.5348093750395613
-0.26239034363215574 -2.3376125195166493

-0.2792311613084095 -2.5706880018040157
-0.2252048729734387 -2.397901481712857
-0.2710222883391791 -2.933755192162234
-0.11376160353215353 -2.5711960556778797
-0.28550714087020174 -2.340678986946031
-0.3573581037966677 -2.429714203474709
-0.16797392384344376 -2.3709481888845114
-0.2654556580287046 -2.2645292061396622
-0.12020263147027671 -2.6979999645185915
-0.2819543560563505 -2.9301780667207984
-0.3891655587256204 -2.9290596321909623
-0.14374119757632303 -2.7722614919702555
-0.1416987451966425 -2.4270401782484337
-0.27577251443735096 -2.33496523769126
-0.30942733740844147 -2.608108384710047
-0.2896878642088867 -2.887148572301551
-0.2934911159344991 -2.697641618022153
-0.25569337135317693 -2.3675128831064436
-0.13824088220410247 -2.797650540526805
-0.2392306950144633 -2.794606892854491

-0.25822909376270314 -2.3578686597467264
-0.12078627642572332 -2.2238510139223706
-0.27957533412801217 -2.5842386620211744
-0.24501593748580727 -2.2852775014730975
-0.2801953541427019 -2.791884117006123
-0.372395066231089 -2.209000666190037
-0.23814482091156355 -2.691859606046138
-0.13131961997071367 -2.7270297541141493
-0.19494411391778949 -2.678406925273793
-0.35415889565078174 -2.8759928824238243
-0.1380040140184579 -2.880519688473795
-0.12472113989734707 -2.8121230934691894
-0.29647328427150754 -2.6703132718368074
-0.3072048792918619 -2.354863254047197
-0.24393716414815025 -2.6640355768505906
-0.26201698861723444 -2.274549290050213
-0.2966369293175207 -2.6196343366993036
-0.27807202425314453 -2.720441222446585
-0.29186143250398944 -2.295170396306549
-0.16777176210193512 -2.3566963937917538

-0.17785754206149668 -2.928629024254752
-0.3424685421410182 -2.234454127541463
-0.21666122499012966 -2.951343135267301
-0.28851010121904547 -2.9186748796580475
-0.19186352205694943 -2.3678923053853635
-0.2819147943939816 -2.618565527021456
-0.36666012532493253 -2.3863474655125185
-0.22156144035962116 -2.2457509618179303
-0.14069902121538186 -2.6242863970574963
-0.39482857440724084 -2.787190988009251
-0.272232131753081 -2.299695372100521
-0.3816544335898656 -2.53147023091187
-0.38582731195071285 -2.6340053527373266
-0.15486939109428416 -2.6974922610263534
-0.11160424839105892 -2.32606357346653
-0.34758907766854963 -2.9302183708307057
-0.1947511338662489 -2.741153565277599
-0.2694874117925715 -2.8847810902472926
-0.2643000213133881 -2.3172382258776913
-0.33522811663086904 -2.412555382868981


0.13848185169999408 2.4644812701441765
0.07701653254018163 2.476754601543306
0.22120810309675287 1.9474990962052545
0.2300505715465067 2.3970608086286394
0.10818402958841238 2.3432844757717772
0.13975928696164805 1.8576590408056879
0.17185107197104738 2.257009060078981
0.0829502128081539 2.43672699531651
0.1851411269715586 1.7292655452824526
0.12053999963778492 1.921384669418519
0.11018142707657624 2.316697374574236
0.13558449514399895 1.5305596383409465
0.2118222384501144 2.002201255668121
0.18874488191663202 2.108674787293366
0.09755781208152155 1.9096305214351603
0.11785906210979548 2.3944600130806943
0.19622715881056835 1.877773919254071
0.1937003983516119 2.295851132585472
0.16797600994257345 1.7565277179518646
0.09002484726436794 1.6975264077028411
