10 20 12

0 1
0 1
0 1
0 1
0 1
0 1
0 1
0 1
0 1
0 1

-0.15171712015399832 -2.540651201108508
-0.36000098099806244 -2.310029423967418
-0.23808287519974097 -2.805067361841099
-0.11534595671348369 -2.7107840361444877
-0.3306073859310371 -2.830395238398508
-0.253576409521992 -2.9251544878327
-0.36434925332350426 -2.2622538045375564
-0.1555598828259467 -2.4699248460478573
-0.27634813621003723 -2.230862107300033
-0.22206713128238145 -2.2055779186058264
-0.11086162898894536 -2.953085734278002
-0.2642987041048499 -2.6632251358931165
-0.229698050608389 -2.2197036241427477
-0.13037052069552957 -2.3589139383171775
-0.31634257988032033 -2.445461752575863
-0.28247547919412985 -2.7355997693849554
-0.12875218554207923 -2.6281691969689716
-0.33002111730217987 -2.629144481605727
-0.2821238725990935 -2.6222236637476226
-0.3800057691391259 -2.811721595976042

-0.26757185501256214 -2.4904545825026405
-0.23942649107774208 -2.824128875958036
-0.32341845111611744 -2.84145533699224
-0.28417567861994736 -2.4778583887529213
-0.21218250703657393 -2.9464735739426673
-0.30060646406365815 -2.777423395108718
-0.12050799379629556 -2.6042252104201937
-0.1673713159366499 -2.3190381072688013
-0.14022529550229101 -2.9698772268759503
-0.2793961027840275 -2.658673771696459
-0.12101243387017135 -2.5422518318160354
-0.2952448736791772 -2.6898205727219224
-0.1487269373090247 -2.4496279404405743
-0.1395389981817043 -2.6018097188201716
-0.29297554556329297 -2.5254291736790733
-0.1039079446872509 -2.503797045160861
-0.26553366043926546 -2.4632370618465496
-0.3609799687078883 -2.87478966260007
-0.2919706634419258 -2.582527297793152
-0.385712071432243 -2.583151157552985

-0.14934907623084742 -2.6779406904249106
-0.389331977452374 -2.5768857085238173
-0.2671969754146505 -2.27687921750576
-0.3719105068331173 -2.3287482040662812
-0.1983281682703327 -2.6974555640567037
-0.11399035762180482 -2.7744844057048885
-0.16054981508803984 -2.9239025726741272
-0.2446236917892249 -2.738688903914323
-0.3632701283564801 -2.5533907203345603
-0.22229537710351258 -2.4786304034783346
-0.28163757726729743 -2.2608353156931456
-0.2832917695449751 -2.3136545774067567
-0.3442492400995329 -2.878693363263868
-0.2013635429793745 -2.9046535731503083
-0.21106670002417666 -2.841238498976968
-0.28406457970759086 -2.502127252229994
-0.3364510017738829 -2.5573088789062672
-0.16300346686036687 -2.2980273792463057
-0.253025649189711 -2.946941991935589
-0.3458127095052442 -2.8737455663237883

-0.30310143712421567 -2.319352187136337
-0.23820247929542424 -2.955949097559588
-0.18774873128006195 -2.631127763021093
-0.2940373678721139 -2.7956718937364493
-0.37081359335858527 -2.3845391143249737
-0.3584182829645459 -2.246424758392869
-0.2764089222136064 -2.7539457794477435
-0.3167024372359156 -2.6859633762275936
-0.36879354173987366 -2.8278283853328405
-0.1875691223899798 -2.6037849345318005
-0.14259707237612007 -2.5027615462443316
-0.19155045580076477 -2.874641618322538
-0.1589218381650746 -2.699597376325413
-0.2840531099169923 -2.9465074674022462
-0.2396213399766096 -2.834131550011696
-0.1254198929605816 -2.4333361728549883
-0.25317978463719837 -2.6572685822509174
-0.24705718993583448 -2.969027239481402
-0.38496096150101544 -2.208450681240865
-0.1814807915420226 -2.638320694674852

-0.38881314106831605 -2.425551128427805
-0.10321380774825312 -2.8276599480744156
-0.26339462357787985 -2.911536056308176
-0.10373086173052654 -2.212884207944094
-0.39419327610214017 -2.565911267092392
-0.2537257023106356 -2.850803405776097
-0.3975002943404601 -2.435192658074702
-0.2299383189638093 -2.678311547986302
-0.33973553929953004 -2.818886825465972
-0.3662280007964072 -2.8243852453802987
-0.27958666697669055 -2.6083894904362137
-0.22503757429761298 -2.7745453583820465
-0.22114294143670438 -2.6593730703481286
-0.21604190171651197 -2.652540814364544
-0.32700976306774876 -2.8392299307955993
-0.25994483541896063 -2.5401952147709705
-0.11041914217036675 -2.9263334483798444
-0.15763177538730966 -2.587531153260043
-0.3926562530473925 -2.9514969760599423
-0.2901225888521239 -2.8897593551544833

-0.33656563217398217 -2.2233607161984414
-0.2305002860137413 -2.809594748580316
-0.1873762646840652 -2.840049568900588
-0.22376945417638439 -2.4810534755357434
-0.14599883895544435 -2.668963406103691
-0.39623817116082183 -2.4685010232658344
-0.22324907701496868 -2.7273640621060107
-0.20929174589699703 -2.714725393107717
-0.11860240870646582 -2.5269216657359572
-0.3624574846621744 -2.792781818975453
-0.34501812019639894 -2.2883631307277503
-0.3160501983204851 -2.5962424755451674
-0.34702964840242034 -2.7701890174520027
-0.11316080058463446 -2.743079440003263
-0.16581138785531355 -2.4266187205775824
-0.13192881159861347 -2.356152495497395
-0.23117618406580823 -2.2932632806585627
-0.36660788972803465 -2.328282626892151
-0.32533533346729476 -2.681600524891272
-0.2889309099464038 -2.644671066829591

-0.3154337439839612 -2.432694931406722
-0.3810222767982259 -2.614805514165475
-0.12353672177979758 -2.397082722036697
-0.2758848330266964 -2.7356429142562995
-0.10097877486591983 -2.6300049179983125
-0.1672468177252228 -2.706551294278163
-0.22363021751414688 -2.270978449887048
-0.1206380711636551 -2.2846304826958423
-0.3864963691558587 -2.4000712179208357
-0.11906455354190104 -2.203811393055716
-0.3367134504556088 -2.464578950125713
-0.14933683754586058 -2.9147494968248933
-0.3687151020316013 -2.4549436865469985
-0.20177481269808858 -2.5722903453011443
-0.38191676544876013 -2.8487518114535937
-0.21273795225061864 -2.377076436487921
-0.37733325944641966 -2.662958441153912
-0.2670040822739487 -2.751561413438281
-0.1505576662030854 -2.7975517905666334
-0.10497469393368081 -2.6426702076616326

-0.3538857975214709 -2.805020265508034
-0.20645723550373019 -2.7275072352826277
-0.3227966797377385 -2.30341928304353
-0.1690819600669566 -2.4838895396671434
-0.1595983936728914 -2.401293785825959
-0.2157959445457407 -2.5488145235686384
-0.12633654510708753 -2.815580225906584
-0.29490037867734314 -2.6747104659972685
-0.2388620381132226 -2.600216814141329
-0.16204381231230833 -2.7115530816811133
-0.12267838311638729 -2.5830668257665996
-0.11681506460517255 -2.26382270281512
-0.3179338348186845 -2.4158776719471833
-0.10951176075565378 -2.754384001162032
-0.2695370765634849 -2.9534791099958904
-0.2003972743602 -2.3825808130494104
-0.1338880172266656 -2.5411276273189
-0.1471459275438049 -2.898398341812694
-0.2805008884829837 -2.970296664740839
-0.3377378454171431 -2.420528874831464

-0.15788805393645164 -2.319791952702747
-0.359431205580878 -2.466024885892476
-0.3240609925716945 -2.5454869525429102
-0.2738422427544511 -2.927385212049899
-0.360768454482195 -2.6189681984352475
-0.2636442490551414 -2.7203532133293877
-0.3746929212368059 -2.7953028135441373
-0.23214048509449117 -2.3723237757087925
-0.17445094644322406 -2.8071117796905942
-0.1187869031898916 -2.5368366626677306
-0.3889178284182472 -2.626963031362865
-0.25114246352974173 -2.2517883303575115
-0.32230063441181067 -2.2327675008328756
-0.110008907035757 -2.2932150326474954
-0.24647754851279197 -2.7268894193842304
-0.35049132792132753 -2.941504246534404
-0.2168788792902442 -2.4519144436601854
-0.3028161441939372 -2.691372429706918
-0.3402795128490265 -2.3253387169060864
-0.2745757617228909 -2.4195720941807233

-0.1061013993825825 -2.7152416854568897
-0.26771374273238097 -2.9245506327232107
-0.31025210019519434 -2.9605146484062446
-0.23144671811401463 -2.6514281789277097
-0.19081575300166634 -2.5363112505045526
-0.23650083122217344 -2.8811662611976687
-0.10555946122252324 -2.759100272685656
-0.3147710906288884 -2.7318459159134907
-0.3837674160827129 -2.5566916311230297
-0.18912472176179013 -2.9399523174287183
-0.2912839715175795 -2.941070524668368
-0.10347710821281769 -2.486096873622751
-0.2917011862030888 -2.9649924029297607
-0.279806949146711 -2.689935413344599
-0.39929813754469645 -2.782258215633312
-0.21081744644290473 -2.2810479553722907
-0.29431835064506867 -2.8203957797208496
-0.1704289611131608 -2.537724541054122
-0.2733958197136144 -2.2592391371326825
-0.2465118712262596 -2.8680432048965883


0.18603630352884873 1.6240449518925963
0.1958361514150767 2.3787150926424316
0.24439919071689592 2.118150936225727
0.12232471051076416 2.104508455666743
0.10506268698864303 1.5418168284200418
0.20714359994980208 2.076300750480672
0.1154512001841761 1.94063180430785
0.09015293481066013 1.7829035408315212
0.19348787152197244 1.9004247658742517
0.18668832643661487 2.0899548525692917
0.17467529121194553 2.4156268148846696
0.14037120160401978 2.278789724465966
0.16073055026889307 2.071389781674975
0.2045086212504738 2.20630368375087
0.14223965342215183 2.2520355855061203
0.15294702592658657 2.237082578990858
0.08276836450392033 2.366147867988149
0.1751987572984439 2.4443993763723366
0.18680741643364251 1.9255273143680878
0.2139299515228411 1.5709067501688354
