10 20 8

0 1
0 1
0 1
0 1
0 1
0 1
0 1
0 1
0 1
0 1

-0.16373228751310276 -2.814976256924163
-0.10697303194626878 -2.8600073450332384
-0.2880814058001034 -2.231248971899655
-0.29069565847054996 -2.319696130256661
-0.34262262039431735 -2.7385239098089973
-0.18612009123272327 -2.9567956156363526
-0.2054740121663875 -2.5557917388046647
-0.17812630625568346 -2.6295895599004098
-0.17125946655547344 -2.448297668142797
-0.12197093667691039 -2.9535234534191304
-0.20877364196622852 -2.640239576006067
-0.39153583222191896 -2.4095849031964307
-0.38755573999726506 -2.8282647422809335
-0.30668203969650953 -2.8867115750040417
-0.3853157206618028 -2.763957229951298
-0.19594031672552467 -2.4758077704702175
-0.264410900724098 -2.610923542216559
-0.24352604393418165 -2.2808890192788986
-0.282143161471413 -2.9304917471548255
-0.22945573234192115 -2.2320496590271874

-0.16750127497773049 -2.486936652027468
-0.36327746611346445 -2.9541136162752135
-0.17090105709626544 -2.8018652363520715
-0.3785853358936514 -2.733066574679134
-0.17883328964038503 -2.443009222448638
-0.10857566997879042 -2.8946605886590033
-0.264170565149418 -2.3785091159657856
-0.35929959208553275 -2.3362284919490195
-0.27390893879123035 -2.594968149795286
-0.3320135086881143 -2.4783000666701342
-0.36753881698993596 -2.4217391311463903
-0.31682021041392894 -2.7118730349101328
-0.15944499950418808 -2.3403557449490062
-0.3658249751006477 -2.2986230963561685
-0.10604484065152697 -2.4594824496560763
-0.1723565292816525 -2.6606011251944603
-0.39898665236716174 -2.4974206922037627
-0.3407024571223708 -2.4538987950940014
-0.253961952329916 -2.9447139049600453
-0.21248477767444976 -2.837813290552764

-0.24010173839828977 -2.4516365386110888
-0.23022227430732678 -2.679693276097226
-0.38387941399814784 -2.28113867599057
-0.21301596276077017 -2.4293276787934697
-0.31573050745772224 -2.929410072713557
-0.17032986788255938 -2.2307914238975997
-0.33295011549216635 -2.7925272242952333
-0.3150984958285277 -2.969628671131915
-0.32050254749973117 -2.238363761508867
-0.10160294785495255 -2.3146679477888004
-0.28107838642325583 -2.464936674747727
-0.27736460927811196 -2.567865498934309
-0.1971254691238424 -2.243746307947214
-0.12508218008473487 -2.8167059871824125
-0.31882068042056816 -2.8808548643523273
-0.3879459103648769 -2.8344118913438425
-0.23726331879454382 -2.3966096993965813
-0.17011638424034328 -2.9574763757020586
-0.2659610930062881 -2.822236798611884
-0.36938583807834385 -2.7955916853122234

-0.21672617507281058 -2.4919538783077493
-0.3611308007391141 -2.38295618843051
-0.16371018898550851 -2.5977074126598954
-0.210971191457237 -2.2761883241025638
-0.1330921630364469 -2.568940420300348
-0.2602629062292777 -2.6264572727529814
-0.10884449204585955 -2.702316441734204
-0.1523598876620681 -2.5183785148321123
-0.28277071939550813 -2.7668759234432607
-0.3178369512390946 -2.224579672523861
-0.3711150613027394 -2.3406567899472575
-0.24049428971311268 -2.7721440858485913
-0.14712726646830737 -2.7399791359318533
-0.24722663427077937 -2.5371653225196975
-0.14299384745712979 -2.9443700380168645
-0.11204276129107665 -2.2395394415438785
-0.2695118348565071 -2.2114084819445274
-0.3301813220005321 -2.313073019164219
-0.1738083717508383 -2.2996407830962884
-0.28556070473429007 -2.4707145643777313

-0.28792466033765995 -2.528034360108249
-0.345595794982499 -2.9634944393826483
-0.20239033066651826 -2.8482330236345565
-0.30371870575858545 -2.4863602135999616
-0.20895757160572384 -2.4891582766275566
-0.38866114603805857 -2.6674794855511212
-0.27273237241468784 -2.500555962005101
-0.11478775119847034 -2.9508726863327484
-0.2356166436684396 -2.893537540113645
-0.2711232225206048 -2.6302758177347982
-0.2559143517353743 -2.8281024619351918
-0.3691906162575233 -2.6896887317578417
-0.22238529417964545 -2.4139590441256695
-0.38166598601509527 -2.781013022175725
-0.16252854102708555 -2.6206291374107407
-0.1674080207503754 -2.8206567211703004
-0.16217069605819023 -2.8028555392436427
-0.27571129073988104 -2.487254720477774
-0.20260900360362893 -2.4395554911912463
-0.2645768470928794 -2.911291495917067

-0.16920510028746513 -2.5915813441967903
-0.10104393822108798 -2.8390010639967658
-0.11429218014431447 -2.800337845326996
-0.3638618099780667 -2.333378611876497
-0.37453258415187024 -2.8922315893675843
-0.21777081957484498 -2.7249555390314217
-0.27765694347280845 -2.7273237871587686
-0.32693253701375713 -2.9256080419173887
-0.3328434690166738 -2.922293336270834
-0.3620850996727528 -2.5354238808123704
-0.10542017467409143 -2.5448713747559712
-0.23454555150343478 -2.289559557746612
-0.19334492627900446 -2.9675038458086225
-0.38409052469885935 -2.9477665299214677
-0.2592468870566468 -2.473785159877258
-0.31959779346881984 -2.2238777791045474
-0.29541120200090143 -2.4244903721902773
-0.2924772068864078 -2.400529889359399
-0.2155677483374246 -2.406980687291186
-0.13983962497163238 -2.3677304537656294

-0.37561540827606144 -2.6953901599661885
-0.16262380909039115 -2.4704114597973064
-0.24204183506462806 -2.401864980391072
-0.2701012766575075 -2.7450029749172087
-0.202180877691131 -2.4412819751113664
-0.29254900128103284 -2.6375542950620376
-0.2573889253044532 -2.4491696004507846
-0.261075011198137 -2.7182057268849538
-0.34547986514733625 -2.7233120868333383
-0.3808018201516949 -2.590478556617515
-0.29902546367555205 -2.4809683244152962
-0.2989720777766285 -2.681132995017674
-0.27446297265352126 -2.6392609012792474
-0.30690052305354976 -2.5542829740233755
-0.3168917862721039 -2.699597202110671
-0.37986041268731535 -2.8134463875959805
-0.11148434216415792 -2.7234262128865567
-0.18361669823293753 -2.4868753589634474
-0.25397228424680635 -2.581801664369423
-0.22111443421715762 -2.735728869276419

-0.3131675424463593 -2.915433189167888
-0.23104877212892677 -2.9499614851835476
-0.29964701619242184 -2.349721891708055
-0.2759690004078811 -2.3671323945620393
-0.160687400421579 -2.643436001019621
-0.279969894691927 -2.7415962660006516
-0.3361481609008949 -2.794012305409724
-0.29427089568123993 -2.4145973481294565
-0.28212938029826073 -2.680520906985258
-0.30175838804546756 -2.3280681047283442
-0.2660668391921167 -2.6552275806314505
-0.2850911126253325 -2.601123269860035
-0.23765400634063544 -2.394375520210444
-0.1268021395305613 -2.8726289351268224
-0.3162651408811643 -2.9087568008571814
-0.23319802396502742 -2.476744891974822
-0.3596640365110216 -2.399361710127664
-0.3989871986623385 -2.519954263822483
-0.11529144151924503 -2.7485090194411814
-0.17786997959810777 -2.842951304022392

-0.3074878644315286 -2.8361096289727596
-0.21381052353265262 -2.2914801340403623
-0.36377350264763797 -2.8119437666034353
-0.24365672096611699 -2.5757123327699745
-0.1293633974954218 -2.894029819595093
-0.1752755654069955 -2.2451337448803774
-0.16207373077037462 -2.2991049727192645
-0.20725773754771779 -2.865322820941272
-0.16460620703159587 -2.737814892689135
-0.36797059025948514 -2.377697153134908
-0.3865266034349393 -2.3625072613973264
-0.3778099376704966 -2.308825435289826
-0.2961184333461661 -2.380786445881547
-0.1340985196485847 -2.2830993650507025
-0.23010399322248085 -2.527405315344039
-0.34451430369559866 -2.470557202652947
-0.18799650286721048 -2.41307013635188
-0.24704406419951003 -2.7824048502394767
-0.33563471608201295 -2.7656151327442666
-0.23738670290828587 -2.675916474756295

-0.10215656344616747 -2.440700969846543
-0.2826693796877959 -2.8693490733097993
-0.37575430895893897 -2.5265199180842637
-0.2818258734142152 -2.933521341084417
-0.27407004645538435 -2.9074741715541674
-0.10271924639674807 -2.3785953252968954
-0.19568296037310043 -2.6958212388932994
-0.2868971017605503 -2.7315151877806367
-0.17064279386673298 -2.5220386449559253
-0.1911913396981615 -2.829783440813349
-0.3489852396921936 -2.211538473090304
-0.38008929536533814 -2.807302412424666
-0.17082216869117303 -2.4504176666767563
-0.3120165019467083 -2.600895568846511
-0.2894111620993884 -2.2810757494563254
-0.35846245581422315 -2.5317623270591856
-0.25299215254261803 -2.421138693728984
-0.3230556455992425 -2.3284040049002255
-0.39803821324841404 -2.5123991184068344
-0.3718185749201246 -2.8656636022884547


0.13277709724523565 1.8033885854575042
0.2388381429057687 1.732397040591108
0.2148643018740068 1.5355916421838272
0.15559028686225046 2.401639135540376
0.10148200363986028 2.2327410717931886
0.13871668153304256 2.028362897909423
0.1615140344210656 2.1585791532025347
0.10544952198142904 1.9870449088370359
0.2058054749983801 1.6131355082136607
0.14115757625891046 2.013506229758409
0.15268470743889337 1.7032856539499541
0.10902178980646063 1.661316851325871
0.2070753692568782 1.6312536062764975
0.11398277726323111 1.6165392861058991
0.18701617700319706 2.4852528812805605
0.2478387291888105 1.5002185359374671
0.0946181323265445 2.2349880425110387
0.08209933769940687 2.430076224514745
0.21325754890615423 1.702581205408649
0.21997983154412715 2.308968329295415
