10 50 20

0.00000 1.00000
0.00000 1.00000
0.00000 1.00000
0.00000 1.00000
0.00000 1.00000
0.00000 1.00000
0.00000 1.00000
0.00000 1.00000
0.00000 1.00000
0.00000 1.00000


-0.32309 -3.14998
-0.22374 -3.48377
-0.20690 -3.43040
-0.12129 -3.59075
-0.19221 -3.85313
-0.37609 -3.74312
-0.11458 -3.64035
-0.33430 -3.55677
-0.15156 -3.80207
-0.27225 -3.42282
-0.21137 -3.52911
-0.11359 -3.41116
-0.21200 -3.48766
-0.17664 -3.39721
-0.17897 -3.50956
-0.22940 -3.28552
-0.39434 -3.61431
-0.37052 -3.70367
-0.13460 -3.47296
-0.18676 -3.26291
-0.12209 -3.34527
-0.18822 -3.23394
-0.27674 -3.63428
-0.33711 -3.19131
-0.13016 -3.19900
-0.24294 -3.61295
-0.16323 -3.69798
-0.25652 -3.71304
-0.10816 -3.43920
-0.25675 -3.65267
-0.16911 -3.14816
-0.28154 -3.74770
-0.36274 -3.56049
-0.29255 -3.64285
-0.23250 -3.52360
-0.21979 -3.87793
-0.38699 -3.42839
-0.10100 -3.84643
-0.12110 -3.17969
-0.17488 -3.58387
-0.36060 -3.48300
-0.23508 -3.76218
-0.19245 -3.69359
-0.11536 -3.82683
-0.33687 -3.68688
-0.22662 -3.56586
-0.38351 -3.44700
-0.27953 -3.25877
-0.14076 -3.71098
-0.23577 -3.51189

-0.12368 -3.34083
-0.19338 -3.35098
-0.32750 -3.25229
-0.15000 -3.87418
-0.25551 -3.18244
-0.17370 -3.36423
-0.19880 -3.57503
-0.13255 -3.40777
-0.15748 -3.28018
-0.19686 -3.68134
-0.28803 -3.85593
-0.15707 -3.44926
-0.38800 -3.83649
-0.21862 -3.87825
-0.32172 -3.58858
-0.23936 -3.66266
-0.17679 -3.42180
-0.16514 -3.68870
-0.11707 -3.87159
-0.34785 -3.70112
-0.18993 -3.21109
-0.27587 -3.85762
-0.16374 -3.43784
-0.24881 -3.47244
-0.37908 -3.61896
-0.17121 -3.82948
-0.23798 -3.28604
-0.29310 -3.70126
-0.21641 -3.30087
-0.38487 -3.40895
-0.30985 -3.81792
-0.20226 -3.84905
-0.36268 -3.58258
-0.28936 -3.58128
-0.10677 -3.34918
-0.29754 -3.66009
-0.13886 -3.20554
-0.30531 -3.66100
-0.11895 -3.84683
-0.15212 -3.83924
-0.29563 -3.65008
-0.27473 -3.19364
-0.11097 -3.38657
-0.34804 -3.82466
-0.28759 -3.30770
-0.23607 -3.50472
-0.22947 -3.17115
-0.30108 -3.18061
-0.19749 -3.49573
-0.13855 -3.16609

-0.30395 -3.61130
-0.29679 -3.56054
-0.20427 -3.81322
-0.25142 -3.20879
-0.15524 -3.86797
-0.14216 -3.85374
-0.14049 -3.85641
-0.10674 -3.52801
-0.15769 -3.77289
-0.18539 -3.42726
-0.10289 -3.32688
-0.36826 -3.41702
-0.26876 -3.29367
-0.11016 -3.72446
-0.20294 -3.39261
-0.11328 -3.66225
-0.27781 -3.44641
-0.31184 -3.49123
-0.36682 -3.30337
-0.32285 -3.45411
-0.32056 -3.79978
-0.22652 -3.55012
-0.21357 -3.87151
-0.29220 -3.63609
-0.39857 -3.50897
-0.39856 -3.30995
-0.39346 -3.78088
-0.16008 -3.78683
-0.20026 -3.14094
-0.20179 -3.38598
-0.34492 -3.31219
-0.16124 -3.78759
-0.36294 -3.33696
-0.35950 -3.42822
-0.31323 -3.72649
-0.28294 -3.48646
-0.13279 -3.57787
-0.10819 -3.78114
-0.24464 -3.66764
-0.34773 -3.47131
-0.39379 -3.66251
-0.38221 -3.23628
-0.17380 -3.20924
-0.21022 -3.48337
-0.25399 -3.49390
-0.26377 -3.80655
-0.25260 -3.62933
-0.27190 -3.24560
-0.32257 -3.63017
-0.27686 -3.32347

-0.23817 -3.84709
-0.35077 -3.42016
-0.15967 -3.22851
-0.16736 -3.42665
-0.21759 -3.66977
-0.26506 -3.39659
-0.27273 -3.22648
-0.18030 -3.60027
-0.24638 -3.20822
-0.22295 -3.49858
-0.26476 -3.67844
-0.37228 -3.22882
-0.24780 -3.59504
-0.21231 -3.35608
-0.22108 -3.38049
-0.18963 -3.19916
-0.12206 -3.71291
-0.35861 -3.30440
-0.12015 -3.68324
-0.13836 -3.37224
-0.35945 -3.70679
-0.22082 -3.85302
-0.11305 -3.75375
-0.33850 -3.15379
-0.35536 -3.43106
-0.39786 -3.64885
-0.11884 -3.33792
-0.32420 -3.85600
-0.32705 -3.75283
-0.22577 -3.54825
-0.27968 -3.27123
-0.22292 -3.82065
-0.27155 -3.15135
-0.25348 -3.75969
-0.15614 -3.17473
-0.33949 -3.68442
-0.31992 -3.42829
-0.17532 -3.70809
-0.15675 -3.18288
-0.12843 -3.44422
-0.19789 -3.46523
-0.22942 -3.47373
-0.10174 -3.34966
-0.20327 -3.84257
-0.38664 -3.79634
-0.23513 -3.31362
-0.14827 -3.26988
-0.18678 -3.88321
-0.15516 -3.73074
-0.29865 -3.41737

-0.32580 -3.53464
-0.22683 -3.70422
-0.39893 -3.74378
-0.12378 -3.62132
-0.39515 -3.75319
-0.31608 -3.14828
-0.24643 -3.57473
-0.34656 -3.18071
-0.24416 -3.80630
-0.27583 -3.42731
-0.22258 -3.70928
-0.21695 -3.84513
-0.24868 -3.35180
-0.37924 -3.78704
-0.18363 -3.40621
-0.16414 -3.29088
-0.12470 -3.62559
-0.36475 -3.16831
-0.23930 -3.22537
-0.17999 -3.59573
-0.24851 -3.17968
-0.34595 -3.76367
-0.30593 -3.17653
-0.17489 -3.54720
-0.16179 -3.48103
-0.17302 -3.64617
-0.10781 -3.22338
-0.10137 -3.48955
-0.25217 -3.18991
-0.30629 -3.55655
-0.19764 -3.49160
-0.37228 -3.78896
-0.11446 -3.27922
-0.30461 -3.61334
-0.39359 -3.66490
-0.27850 -3.67249
-0.16774 -3.88524
-0.39222 -3.55792
-0.29459 -3.16668
-0.11545 -3.85519
-0.25317 -3.41750
-0.22945 -3.37946
-0.14199 -3.44184
-0.22303 -3.29788
-0.11115 -3.87106
-0.24038 -3.47068
-0.17175 -3.21879
-0.38600 -3.35953
-0.13378 -3.49252
-0.18188 -3.65186

-0.12576 -3.63085
-0.36868 -3.22652
-0.10850 -3.20796
-0.38415 -3.83662
-0.17720 -3.25461
-0.22377 -3.47413
-0.33098 -3.27725
-0.32480 -3.47585
-0.25304 -3.80354
-0.30507 -3.30344
-0.34138 -3.49778
-0.34177 -3.30213
-0.29301 -3.54998
-0.27740 -3.83274
-0.21505 -3.46593
-0.35752 -3.59143
-0.23779 -3.87964
-0.15282 -3.45243
-0.25624 -3.24411
-0.19903 -3.42759
-0.16422 -3.70837
-0.19245 -3.50196
-0.10712 -3.39544
-0.22222 -3.22038
-0.26699 -3.19498
-0.22633 -3.28885
-0.31636 -3.57189
-0.17157 -3.77941
-0.38069 -3.46968
-0.39524 -3.52811
-0.19919 -3.20199
-0.21501 -3.44865
-0.30036 -3.16133
-0.32061 -3.54823
-0.13019 -3.41983
-0.30981 -3.58712
-0.12620 -3.76469
-0.23996 -3.79250
-0.23020 -3.64038
-0.35201 -3.82489
-0.32563 -3.28804
-0.19819 -3.78170
-0.33954 -3.69592
-0.38493 -3.17631
-0.27063 -3.65096
-0.11439 -3.71518
-0.13859 -3.22793
-0.39912 -3.22670
-0.25838 -3.53296
-0.20430 -3.20962

-0.30276 -3.70651
-0.31737 -3.55605
-0.36546 -3.14575
-0.24575 -3.49374
-0.38070 -3.87780
-0.36350 -3.73367
-0.28701 -3.33925
-0.26367 -3.19942
-0.35760 -3.51674
-0.20852 -3.31319
-0.35607 -3.72666
-0.28560 -3.39108
-0.16740 -3.67153
-0.36622 -3.37285
-0.12597 -3.25233
-0.34913 -3.50180
-0.15359 -3.36910
-0.32750 -3.61276
-0.36700 -3.27899
-0.39155 -3.75752
-0.22764 -3.49669
-0.22300 -3.56850
-0.15470 -3.52242
-0.27343 -3.18809
-0.31966 -3.55614
-0.16015 -3.22452
-0.20183 -3.35814
-0.15677 -3.48501
-0.33323 -3.69113
-0.19695 -3.88746
-0.10798 -3.83094
-0.10096 -3.50826
-0.35043 -3.82852
-0.39741 -3.46870
-0.15038 -3.70497
-0.13365 -3.27389
-0.10061 -3.15180
-0.32013 -3.61584
-0.25772 -3.24267
-0.16588 -3.56263
-0.10582 -3.37399
-0.32736 -3.43931
-0.23821 -3.54542
-0.33368 -3.84322
-0.25148 -3.78440
-0.17132 -3.35552
-0.12738 -3.23560
-0.15748 -3.43140
-0.38382 -3.31025
-0.33467 -3.53541

-0.29369 -3.45354
-0.11508 -3.87750
-0.38330 -3.29140
-0.20647 -3.53699
-0.27269 -3.38020
-0.13835 -3.46175
-0.38195 -3.47370
-0.14839 -3.75020
-0.26368 -3.42835
-0.33771 -3.78915
-0.39135 -3.33012
-0.30694 -3.75932
-0.12988 -3.62581
-0.35961 -3.17067
-0.36759 -3.29479
-0.26381 -3.62269
-0.36923 -3.62227
-0.13446 -3.71155
-0.36336 -3.58655
-0.22461 -3.31262
-0.34777 -3.85220
-0.10604 -3.39213
-0.15755 -3.58250
-0.13270 -3.22065
-0.19109 -3.44280
-0.20602 -3.48396
-0.13236 -3.81343
-0.11345 -3.83199
-0.25434 -3.50251
-0.10575 -3.23377
-0.15960 -3.62549
-0.29990 -3.49278
-0.34337 -3.51724
-0.15347 -3.22873
-0.33507 -3.46928
-0.35912 -3.61690
-0.20030 -3.20424
-0.34086 -3.24761
-0.14134 -3.75821
-0.38108 -3.28111
-0.31565 -3.34543
-0.20533 -3.59453
-0.30897 -3.16225
-0.34212 -3.31883
-0.22976 -3.20577
-0.12396 -3.81574
-0.31488 -3.52467
-0.27482 -3.60236
-0.23302 -3.32132
-0.29355 -3.31531

-0.37050 -3.78174
-0.10402 -3.63659
-0.11974 -3.71626
-0.27718 -3.81445
-0.35334 -3.52915
-0.15238 -3.60844
-0.38959 -3.87409
-0.13816 -3.36078
-0.39812 -3.86756
-0.30471 -3.26444
-0.18284 -3.28176
-0.18986 -3.40328
-0.35815 -3.62415
-0.19780 -3.36556
-0.35587 -3.73867
-0.23933 -3.15762
-0.27754 -3.74591
-0.29179 -3.35536
-0.11183 -3.45510
-0.29570 -3.14938
-0.34569 -3.87055
-0.32831 -3.25010
-0.30234 -3.68211
-0.22757 -3.17304
-0.31995 -3.71800
-0.25399 -3.27987
-0.17323 -3.43142
-0.33208 -3.55611
-0.31819 -3.69398
-0.32108 -3.78866
-0.12557 -3.89072
-0.31902 -3.78628
-0.38825 -3.29532
-0.22846 -3.74473
-0.19941 -3.50170
-0.22879 -3.39606
-0.21027 -3.37057
-0.15352 -3.59050
-0.28688 -3.74488
-0.22966 -3.52344
-0.11803 -3.87397
-0.17850 -3.74121
-0.13974 -3.76075
-0.19685 -3.34141
-0.26901 -3.68235
-0.22623 -3.47913
-0.32562 -3.69264
-0.28267 -3.48957
-0.13463 -3.14280
-0.33218 -3.47298

-0.26486 -3.29037
-0.15151 -3.66983
-0.28572 -3.61246
-0.37564 -3.48211
-0.27951 -3.41023
-0.36115 -3.50600
-0.39083 -3.46213
-0.36092 -3.27464
-0.37549 -3.36977
-0.13080 -3.38603
-0.13850 -3.64906
-0.24462 -3.27634
-0.23124 -3.74954
-0.32012 -3.78595
-0.25481 -3.67651
-0.36488 -3.68298
-0.24089 -3.82102
-0.29014 -3.16497
-0.16687 -3.69003
-0.28776 -3.84260
-0.32433 -3.29149
-0.28522 -3.26567
-0.18880 -3.23221
-0.32305 -3.59743
-0.22879 -3.77642
-0.38067 -3.51574
-0.17189 -3.57609
-0.17363 -3.60675
-0.27588 -3.14997
-0.10857 -3.67358
-0.16924 -3.29947
-0.22006 -3.46778
-0.12592 -3.86670
-0.12447 -3.14087
-0.18198 -3.67241
-0.28024 -3.55095
-0.13372 -3.68721
-0.37536 -3.34543
-0.27120 -3.15591
-0.11818 -3.38857
-0.30190 -3.69352
-0.29553 -3.52123
-0.16579 -3.62099
-0.17869 -3.63074
-0.31001 -3.19217
-0.23672 -3.50516
-0.33396 -3.24639
-0.28581 -3.28358
-0.26113 -3.19337
-0.36157 -3.14981


0.13486 1.63170
0.06377 1.31935
0.12669 1.66703
0.09543 1.92941
0.14680 1.68822
0.11282 1.23694
0.09270 1.42331
0.13391 1.90405
0.10767 1.54620
0.06509 1.62197
0.14224 1.73812
0.09789 1.49941
0.09510 1.56504
0.13723 1.84676
0.10823 1.66028
0.07874 1.30924
0.11748 1.51917
0.07259 1.68791
0.10549 1.63157
0.15353 1.51944
0.15868 1.57185
0.14189 1.32682
0.07600 1.43856
0.06464 1.95360
0.13451 1.48035
0.12800 1.42426
0.12840 1.35333
0.06128 1.94189
0.07537 1.37993
0.07903 1.30232
0.14347 1.94458
0.09004 1.92665
0.07120 1.56020
0.07860 1.61568
0.09955 1.52033
0.09078 1.66294
0.11358 1.92946
0.12477 1.88341
0.10811 1.82372
0.08112 1.51529
0.14623 1.89071
0.06382 1.47135
0.15201 1.25491
0.12609 1.73682
0.15222 1.77416
0.15371 1.49027
0.12153 1.55292
0.10943 1.22690
0.12688 1.94318
0.11674 1.92877
