10 50 20

0.00000 1.00000
0.00000 1.00000
0.00000 1.00000
0.00000 1.00000
0.00000 1.00000
0.00000 1.00000
0.00000 1.00000
0.00000 1.00000
0.00000 1.00000
0.00000 1.00000


-0.10885 -3.16349
-0.20516 -3.43194
-0.20272 -3.76111
-0.19960 -3.53140
-0.12639 -3.40783
-0.10449 -3.34163
-0.19882 -3.22127
-0.36149 -3.38760
-0.28287 -3.74246
-0.31494 -3.36134
-0.38257 -3.36259
-0.35970 -3.69389
-0.23606 -3.83478
-0.13516 -3.43016
-0.39701 -3.56284
-0.18090 -3.70914
-0.30200 -3.17182
-0.26789 -3.14982
-0.37307 -3.63506
-0.35598 -3.44226
-0.34671 -3.89036
-0.10624 -3.27801
-0.18273 -3.84567
-0.21117 -3.63864
-0.31883 -3.65297
-0.18395 -3.29218
-0.32927 -3.79262
-0.18048 -3.14580
-0.38203 -3.66242
-0.28522 -3.17723
-0.24603 -3.79203
-0.27940 -3.71300
-0.18331 -3.69642
-0.10431 -3.58069
-0.14754 -3.26067
-0.28564 -3.60633
-0.18002 -3.22624
-0.35239 -3.66715
-0.30462 -3.68766
-0.25136 -3.59357
-0.37660 -3.35540
-0.11347 -3.83489
-0.25901 -3.23112
-0.31944 -3.15591
-0.24131 -3.54231
-0.15511 -3.82396
-0.26179 -3.76232
-0.17811 -3.58536
-0.15509 -3.55919
-0.31835 -3.83616

-0.13764 -3.29384
-0.29509 -3.34455
-0.21010 -3.32252
-0.37076 -3.87526
-0.35325 -3.21237
-0.31596 -3.87690
-0.28987 -3.56980
-0.37176 -3.69255
-0.17159 -3.84874
-0.12161 -3.21998
-0.23685 -3.45388
-0.25271 -3.73040
-0.23521 -3.55926
-0.35371 -3.40700
-0.23277 -3.65382
-0.20875 -3.19035
-0.23587 -3.58720
-0.32869 -3.55342
-0.25147 -3.46523
-0.14675 -3.19308
-0.24956 -3.46126
-0.39609 -3.67558
-0.13964 -3.43793
-0.26463 -3.14495
-0.19703 -3.72584
-0.13924 -3.87487
-0.26630 -3.46406
-0.28008 -3.61568
-0.21448 -3.73603
-0.15803 -3.70098
-0.28926 -3.33200
-0.19239 -3.38981
-0.38260 -3.19970
-0.26250 -3.33607
-0.20132 -3.26116
-0.17045 -3.63655
-0.35699 -3.45498
-0.31456 -3.86100
-0.37428 -3.44965
-0.17965 -3.24312
-0.21281 -3.75676
-0.35196 -3.16457
-0.32462 -3.71348
-0.39958 -3.37156
-0.15313 -3.80151
-0.12584 -3.70511
-0.31243 -3.18204
-0.26297 -3.27284
-0.29386 -3.57128
-0.37967 -3.55736

-0.33103 -3.42096
-0.37683 -3.53542
-0.29073 -3.43024
-0.21721 -3.81199
-0.21737 -3.83690
-0.17821 -3.45581
-0.12640 -3.16933
-0.16725 -3.27789
-0.26130 -3.53365
-0.22339 -3.30462
-0.21498 -3.21028
-0.34210 -3.30392
-0.16391 -3.51486
-0.34675 -3.54528
-0.34966 -3.69802
-0.15584 -3.71120
-0.39481 -3.79758
-0.29396 -3.22063
-0.29128 -3.22289
-0.23764 -3.43285
-0.39046 -3.39003
-0.31825 -3.51680
-0.34192 -3.39138
-0.19082 -3.88792
-0.12472 -3.48759
-0.32014 -3.69975
-0.23122 -3.47997
-0.32144 -3.39726
-0.28800 -3.16406
-0.30482 -3.80450
-0.32633 -3.25758
-0.15382 -3.50787
-0.21869 -3.68163
-0.20139 -3.36747
-0.26637 -3.51207
-0.34088 -3.41397
-0.34445 -3.23344
-0.25737 -3.22989
-0.16020 -3.58160
-0.25890 -3.30786
-0.20151 -3.61465
-0.20996 -3.25753
-0.21027 -3.55835
-0.36110 -3.80839
-0.18290 -3.25063
-0.37300 -3.62246
-0.38798 -3.66233
-0.28904 -3.14518
-0.13194 -3.22520
-0.14089 -3.43332

-0.24501 -3.45486
-0.17254 -3.79560
-0.30351 -3.80398
-0.31127 -3.40987
-0.39331 -3.26354
-0.35111 -3.52952
-0.19238 -3.35805
-0.18791 -3.19118
-0.18808 -3.86679
-0.37004 -3.31178
-0.39034 -3.36516
-0.33925 -3.36722
-0.17494 -3.44216
-0.11071 -3.49537
-0.22656 -3.55469
-0.39397 -3.17894
-0.11287 -3.31414
-0.24721 -3.78653
-0.23689 -3.77651
-0.20691 -3.21661
-0.13966 -3.88831
-0.32688 -3.50662
-0.21431 -3.63368
-0.20768 -3.22142
-0.35528 -3.29787
-0.29290 -3.68861
-0.36786 -3.83985
-0.22078 -3.40709
-0.17198 -3.85738
-0.31613 -3.74075
-0.37367 -3.35040
-0.21683 -3.42196
-0.20838 -3.19534
-0.12492 -3.73325
-0.16441 -3.74312
-0.32490 -3.26059
-0.13149 -3.45020
-0.23492 -3.19184
-0.29896 -3.24253
-0.37995 -3.33793
-0.24160 -3.61011
-0.38091 -3.60959
-0.30263 -3.56186
-0.37144 -3.59316
-0.16575 -3.85888
-0.37297 -3.77770
-0.26094 -3.42696
-0.16957 -3.74801
-0.10892 -3.15997
-0.11929 -3.85897

-0.36706 -3.19860
-0.32428 -3.68291
-0.27513 -3.51807
-0.37699 -3.32548
-0.21244 -3.74839
-0.22574 -3.87398
-0.11388 -3.38921
-0.25337 -3.49839
-0.19825 -3.28254
-0.37318 -3.47458
-0.17891 -3.20451
-0.19668 -3.60480
-0.10314 -3.23351
-0.19872 -3.50372
-0.27134 -3.80801
-0.36789 -3.69951
-0.29043 -3.62818
-0.29023 -3.48859
-0.39285 -3.70672
-0.20542 -3.64074
-0.17971 -3.86958
-0.25998 -3.71463
-0.36981 -3.80763
-0.32579 -3.57381
-0.25453 -3.66272
-0.38454 -3.30287
-0.36970 -3.54287
-0.23141 -3.38763
-0.32051 -3.70615
-0.24192 -3.30976
-0.38235 -3.38652
-0.29723 -3.29677
-0.16518 -3.33223
-0.14307 -3.53313
-0.31217 -3.54197
-0.37207 -3.88644
-0.31680 -3.78389
-0.35430 -3.82287
-0.25559 -3.32979
-0.18165 -3.15760
-0.36898 -3.60118
-0.11091 -3.40019
-0.23290 -3.52656
-0.23491 -3.14838
-0.37079 -3.55307
-0.23898 -3.69125
-0.37070 -3.19235
-0.27902 -3.34302
-0.22994 -3.70674
-0.39261 -3.71246

-0.28455 -3.69822
-0.28191 -3.79347
-0.37437 -3.67036
-0.10845 -3.49877
-0.28556 -3.29821
-0.11111 -3.27018
-0.13685 -3.80959
-0.36032 -3.16493
-0.17278 -3.20536
-0.14222 -3.87514
-0.34893 -3.44126
-0.35648 -3.79352
-0.19565 -3.58707
-0.24822 -3.46777
-0.23222 -3.82886
-0.22724 -3.72997
-0.17817 -3.66011
-0.27653 -3.65933
-0.26074 -3.58996
-0.37762 -3.77070
-0.32542 -3.51388
-0.35759 -3.74920
-0.26160 -3.51774
-0.36055 -3.78027
-0.20886 -3.50099
-0.25691 -3.20496
-0.24622 -3.64361
-0.26858 -3.36520
-0.35644 -3.55991
-0.15696 -3.84108
-0.33204 -3.48303
-0.35480 -3.14318
-0.17351 -3.19190
-0.33368 -3.46593
-0.18271 -3.14265
-0.32111 -3.27289
-0.15218 -3.66529
-0.18498 -3.36191
-0.14310 -3.84616
-0.25670 -3.64960
-0.29200 -3.89129
-0.16660 -3.63564
-0.15987 -3.75627
-0.27928 -3.88788
-0.24903 -3.22852
-0.35028 -3.33147
-0.20601 -3.87125
-0.27575 -3.79345
-0.36724 -3.31104
-0.14432 -3.65618

-0.16938 -3.71958
-0.21127 -3.70807
-0.14190 -3.16474
-0.16827 -3.46308
-0.19986 -3.14153
-0.11824 -3.81181
-0.18553 -3.70520
-0.34487 -3.81013
-0.24564 -3.77069
-0.22579 -3.60534
-0.36213 -3.74543
-0.18505 -3.68960
-0.15539 -3.53756
-0.36974 -3.34561
-0.14408 -3.50436
-0.11434 -3.19550
-0.31249 -3.70293
-0.22326 -3.83749
-0.38123 -3.58974
-0.10793 -3.56942
-0.19754 -3.84933
-0.12983 -3.69289
-0.22960 -3.37711
-0.14730 -3.83914
-0.26536 -3.61034
-0.18265 -3.46244
-0.27305 -3.15105
-0.34736 -3.67201
-0.30669 -3.79673
-0.37934 -3.65429
-0.22815 -3.43522
-0.26865 -3.58339
-0.31544 -3.37122
-0.11556 -3.30418
-0.39954 -3.14958
-0.24681 -3.40413
-0.34657 -3.29929
-0.34155 -3.27414
-0.17274 -3.19740
-0.32644 -3.85290
-0.19018 -3.86182
-0.33931 -3.43724
-0.10690 -3.35313
-0.13209 -3.18213
-0.26188 -3.44098
-0.19804 -3.87107
-0.13946 -3.71475
-0.38584 -3.33617
-0.29422 -3.49265
-0.11307 -3.83090

-0.10588 -3.40879
-0.21046 -3.77143
-0.10530 -3.41728
-0.31725 -3.70213
-0.17762 -3.54238
-0.18493 -3.23418
-0.36038 -3.25746
-0.36523 -3.22621
-0.18216 -3.45837
-0.15624 -3.63691
-0.37598 -3.25263
-0.24920 -3.48655
-0.14968 -3.63990
-0.37215 -3.20867
-0.22898 -3.75255
-0.11496 -3.60997
-0.32103 -3.30689
-0.27420 -3.67590
-0.17548 -3.63585
-0.25397 -3.20554
-0.35081 -3.56171
-0.15828 -3.56466
-0.21015 -3.60852
-0.33252 -3.82854
-0.33007 -3.73376
-0.17392 -3.70965
-0.21377 -3.33731
-0.38826 -3.27039
-0.28718 -3.16907
-0.15047 -3.71716
-0.37204 -3.15309
-0.26353 -3.76307
-0.34071 -3.19735
-0.26264 -3.75137
-0.22567 -3.18633
-0.22088 -3.44861
-0.39496 -3.39725
-0.37172 -3.31615
-0.11618 -3.42922
-0.32700 -3.54085
-0.35874 -3.18334
-0.37968 -3.32352
-0.32912 -3.87876
-0.39421 -3.77917
-0.16766 -3.32123
-0.34993 -3.65484
-0.14353 -3.63585
-0.25577 -3.76159
-0.35252 -3.70334
-0.24690 -3.42179

-0.16103 -3.43181
-0.26858 -3.36809
-0.22019 -3.55386
-0.18005 -3.88108
-0.28339 -3.16528
-0.11205 -3.68950
-0.22398 -3.81190
-0.12170 -3.19950
-0.12629 -3.36768
-0.39500 -3.83360
-0.19706 -3.65705
-0.38109 -3.44369
-0.37224 -3.78108
-0.12909 -3.47138
-0.22688 -3.74317
-0.23411 -3.27084
-0.19157 -3.54495
-0.37081 -3.22665
-0.39526 -3.34293
-0.18020 -3.79024
-0.17492 -3.71233
-0.20061 -3.50063
-0.11828 -3.73726
-0.39989 -3.28612
-0.10463 -3.29401
-0.19196 -3.50875
-0.12367 -3.27298
-0.33728 -3.58158
-0.21132 -3.68228
-0.14666 -3.67748
-0.23462 -3.87373
-0.27202 -3.22186
-0.29572 -3.48311
-0.18436 -3.69717
-0.23978 -3.72305
-0.29679 -3.31111
-0.30326 -3.39025
-0.14644 -3.78446
-0.15763 -3.77843
-0.22246 -3.56529
-0.37417 -3.64354
-0.37460 -3.48095
-0.11443 -3.36714
-0.31715 -3.32165
-0.11950 -3.20690
-0.35758 -3.56591
-0.36388 -3.45155
-0.18173 -3.72565
-0.20285 -3.31568
-0.36215 -3.29191

-0.22562 -3.16789
-0.30660 -3.31897
-0.24932 -3.63415
-0.14280 -3.14644
-0.11242 -3.28829
-0.26735 -3.28592
-0.26115 -3.52999
-0.32864 -3.66457
-0.33481 -3.55395
-0.21942 -3.22672
-0.25479 -3.74966
-0.15391 -3.30638
-0.37131 -3.30088
-0.22381 -3.76770
-0.12192 -3.66828
-0.29913 -3.19705
-0.37873 -3.39709
-0.16701 -3.86614
-0.31231 -3.38524
-0.24071 -3.40123
-0.25116 -3.45260
-0.30109 -3.60066
-0.39653 -3.44918
-0.30889 -3.18925
-0.37841 -3.30968
-0.31598 -3.36954
-0.29277 -3.22978
-0.17887 -3.83393
-0.17544 -3.65841
-0.29232 -3.18942
-0.22055 -3.26710
-0.15185 -3.63871
-0.17502 -3.48603
-0.18408 -3.28662
-0.23152 -3.30889
-0.36352 -3.22913
-0.25255 -3.41400
-0.16423 -3.53546
-0.17970 -3.31806
-0.37820 -3.54326
-0.21236 -3.36200
-0.33789 -3.63908
-0.38108 -3.19714
-0.38800 -3.44050
-0.38367 -3.62423
-0.23716 -3.50873
-0.33902 -3.85148
-0.21974 -3.32391
-0.24782 -3.45861
-0.33676 -3.45830


0.10135 1.77047
0.11742 1.82838
0.08222 1.64275
0.15867 1.66794
0.09492 1.23844
0.12840 1.54626
0.12465 1.28380
0.13337 1.26366
0.07473 1.98154
0.12939 1.93704
0.10687 1.96068
0.13035 1.96276
0.10001 1.58587
0.09687 1.21105
0.14050 1.66662
0.07187 1.88914
0.14567 1.49641
0.12719 1.83382
0.14282 1.56435
0.15264 1.42896
0.15475 1.98478
0.14777 1.23418
0.10313 1.60853
0.08772 1.68216
0.15426 1.70165
0.07691 1.94582
0.08707 1.27330
0.06334 1.68622
0.10982 1.56880
0.13332 1.38849
0.15819 1.53905
0.08952 1.74818
0.11843 1.38431
0.13410 1.94358
0.06049 1.76994
0.15265 1.29399
0.07739 1.74933
0.08998 1.78348
0.13516 1.96169
0.15527 1.23451
0.12358 1.90767
0.08390 1.48092
0.09523 1.31970
0.08852 1.86806
0.08637 1.25472
0.10018 1.98777
0.15165 1.64165
0.11708 1.85012
0.09240 1.57543
0.10307 1.20202
