10 50 20

0.00000 1.00000
0.00000 1.00000
0.00000 1.00000
0.00000 1.00000
0.00000 1.00000
0.00000 1.00000
0.00000 1.00000
0.00000 1.00000
0.00000 1.00000
0.00000 1.00000


-0.10076 -3.81311
-0.29769 -3.35638
-0.16769 -3.19494
-0.25043 -3.71981
-0.24122 -3.33291
-0.24260 -3.24131
-0.26820 -3.64706
-0.28737 -3.27274
-0.21876 -3.57192
-0.39650 -3.54376
-0.38471 -3.52583
-0.11641 -3.25393
-0.32959 -3.52646
-0.37509 -3.42651
-0.29358 -3.35355
-0.21384 -3.86109
-0.12391 -3.68158
-0.13686 -3.24573
-0.23584 -3.37442
-0.15022 -3.33880
-0.39364 -3.83016
-0.26572 -3.47498
-0.36767 -3.25902
-0.31718 -3.74919
-0.11045 -3.16662
-0.20335 -3.88758
-0.15854 -3.52298
-0.16579 -3.52477
-0.27490 -3.66708
-0.19671 -3.31933
-0.37638 -3.40076
-0.33780 -3.39781
-0.39570 -3.19297
-0.10730 -3.56622
-0.28374 -3.73992
-0.14961 -3.41328
-0.26059 -3.71831
-0.21432 -3.39695
-0.13040 -3.83267
-0.31035 -3.48342
-0.11273 -3.18125
-0.28891 -3.17221
-0.36982 -3.29642
-0.26339 -3.83240
-0.36732 -3.28796
-0.10980 -3.45802
-0.23143 -3.60874
-0.29183 -3.50334
-0.22342 -3.51097
-0.29815 -3.73467

-0.35242 -3.88759
-0.37199 -3.68336
-0.33909 -3.50796
-0.10768 -3.82129
-0.17876 -3.25312
-0.15288 -3.42965
-0.14386 -3.65160
-0.39176 -3.29698
-0.39599 -3.32785
-0.29624 -3.34122
-0.16322 -3.38550
-0.25464 -3.23006
-0.11334 -3.15950
-0.15585 -3.78341
-0.33482 -3.60080
-0.38298 -3.63099
-0.13384 -3.29774
-0.19333 -3.80286
-0.12362 -3.33483
-0.29918 -3.71958
-0.39151 -3.83538
-0.38291 -3.60408
-0.19599 -3.83213
-0.38151 -3.28352
-0.14590 -3.46835
-0.39865 -3.60429
-0.17052 -3.73486
-0.17087 -3.28684
-0.32774 -3.69669
-0.27120 -3.41722
-0.37895 -3.14936
-0.27927 -3.14000
-0.18721 -3.21921
-0.26932 -3.70432
-0.27267 -3.28374
-0.10798 -3.54907
-0.10130 -3.27528
-0.27726 -3.14180
-0.38380 -3.54752
-0.16066 -3.47884
-0.33665 -3.57380
-0.15724 -3.20676
-0.36823 -3.48431
-0.27059 -3.58584
-0.26201 -3.55111
-0.35161 -3.64386
-0.30847 -3.37390
-0.32773 -3.85779
-0.17833 -3.17779
-0.20158 -3.86821

-0.28470 -3.25339
-0.25812 -3.58869
-0.30882 -3.77246
-0.19120 -3.79776
-0.38546 -3.75585
-0.19047 -3.68187
-0.34063 -3.17205
-0.11788 -3.60191
-0.37149 -3.29408
-0.37260 -3.64075
-0.24502 -3.79447
-0.14619 -3.65835
-0.32521 -3.75746
-0.31093 -3.80360
-0.29815 -3.47773
-0.25869 -3.41816
-0.12344 -3.84287
-0.34454 -3.21241
-0.18647 -3.48957
-0.26523 -3.36077
-0.25300 -3.86763
-0.16849 -3.40875
-0.10963 -3.40385
-0.15176 -3.84940
-0.15630 -3.47327
-0.15603 -3.48466
-0.27890 -3.68820
-0.24831 -3.21162
-0.19481 -3.29228
-0.35713 -3.41437
-0.34039 -3.32666
-0.30427 -3.15486
-0.11959 -3.60788
-0.37195 -3.35778
-0.33770 -3.72495
-0.36266 -3.45264
-0.34000 -3.33618
-0.14491 -3.22745
-0.33124 -3.24851
-0.38983 -3.88754
-0.23221 -3.69539
-0.16957 -3.49377
-0.17034 -3.81024
-0.20014 -3.30630
-0.38825 -3.75389
-0.38739 -3.20119
-0.25404 -3.35938
-0.17890 -3.58402
-0.29068 -3.66709
-0.32649 -3.49551

-0.37959 -3.59594
-0.16959 -3.59131
-0.28044 -3.29651
-0.36470 -3.51747
-0.36452 -3.20374
-0.29010 -3.78235
-0.14273 -3.25334
-0.25468 -3.45038
-0.35554 -3.83065
-0.36737 -3.69839
-0.34454 -3.86407
-0.34450 -3.53521
-0.23288 -3.86823
-0.32600 -3.59760
-0.34009 -3.80456
-0.18546 -3.34900
-0.16499 -3.23033
-0.16405 -3.48229
-0.33168 -3.64156
-0.23342 -3.21778
-0.17357 -3.41255
-0.25055 -3.57684
-0.15474 -3.69136
-0.11816 -3.55790
-0.38835 -3.56469
-0.10484 -3.31872
-0.29038 -3.37163
-0.17356 -3.33264
-0.10923 -3.34663
-0.22845 -3.61895
-0.34305 -3.69250
-0.35822 -3.20824
-0.36643 -3.56125
-0.35547 -3.74088
-0.30189 -3.74120
-0.11225 -3.55006
-0.36141 -3.60938
-0.31246 -3.21782
-0.20146 -3.14103
-0.33679 -3.57413
-0.12377 -3.39436
-0.21289 -3.66525
-0.17092 -3.62063
-0.21371 -3.72702
-0.20769 -3.32753
-0.17319 -3.21629
-0.10927 -3.26699
-0.28392 -3.70765
-0.32609 -3.69176
-0.14887 -3.59989

-0.26149 -3.59575
-0.31327 -3.41051
-0.24297 -3.38225
-0.13398 -3.31612
-0.35219 -3.72349
-0.32838 -3.20777
-0.24131 -3.46441
-0.31800 -3.49410
-0.20760 -3.73439
-0.29056 -3.35510
-0.38672 -3.70922
-0.20345 -3.78471
-0.25403 -3.79682
-0.27316 -3.68610
-0.26842 -3.79375
-0.34787 -3.20035
-0.35501 -3.16700
-0.16544 -3.80277
-0.26903 -3.82041
-0.24742 -3.78661
-0.21010 -3.49248
-0.26562 -3.64444
-0.39298 -3.64204
-0.18485 -3.43644
-0.13608 -3.47722
-0.24465 -3.74770
-0.25593 -3.55407
-0.25503 -3.73414
-0.28581 -3.37184
-0.14228 -3.67086
-0.37506 -3.49804
-0.37790 -3.80820
-0.34740 -3.44878
-0.12238 -3.50959
-0.18690 -3.50044
-0.22511 -3.74970
-0.18543 -3.70802
-0.19191 -3.27068
-0.36986 -3.23860
-0.19911 -3.68271
-0.36023 -3.32328
-0.11968 -3.42486
-0.37580 -3.24600
-0.16635 -3.81504
-0.23834 -3.30867
-0.25351 -3.83272
-0.19549 -3.22701
-0.24048 -3.37396
-0.22354 -3.34106
-0.26617 -3.61710

-0.30696 -3.62201
-0.14783 -3.72288
-0.24805 -3.43997
-0.14298 -3.52182
-0.18027 -3.66791
-0.32368 -3.73349
-0.30346 -3.32347
-0.17753 -3.78440
-0.27875 -3.74196
-0.28219 -3.64365
-0.35404 -3.63921
-0.15778 -3.30646
-0.31528 -3.37502
-0.24252 -3.30051
-0.15282 -3.29252
-0.28936 -3.19379
-0.36084 -3.16551
-0.12299 -3.25638
-0.12637 -3.81304
-0.10344 -3.87754
-0.29727 -3.88099
-0.16613 -3.83889
-0.36313 -3.47977
-0.21377 -3.46663
-0.26455 -3.67643
-0.24293 -3.85638
-0.21017 -3.43088
-0.14797 -3.48495
-0.19229 -3.66026
-0.17824 -3.56936
-0.14754 -3.40761
-0.23677 -3.44532
-0.14699 -3.87982
-0.12633 -3.31103
-0.18784 -3.38345
-0.11844 -3.87720
-0.29726 -3.54765
-0.27394 -3.14913
-0.29044 -3.62195
-0.11514 -3.27834
-0.27826 -3.16626
-0.27383 -3.63864
-0.21751 -3.53735
-0.12377 -3.33432
-0.34790 -3.58844
-0.14391 -3.26747
-0.32658 -3.65930
-0.18677 -3.80619
-0.14223 -3.43551
-0.17115 -3.69350

-0.36433 -3.48729
-0.37572 -3.42787
-0.18165 -3.26775
-0.29614 -3.36050
-0.13960 -3.18520
-0.20084 -3.25076
-0.30037 -3.74602
-0.35834 -3.71169
-0.24757 -3.17324
-0.11131 -3.26625
-0.34859 -3.63641
-0.33837 -3.21346
-0.29443 -3.51594
-0.10932 -3.22239
-0.37966 -3.74779
-0.16972 -3.50689
-0.35566 -3.68121
-0.26154 -3.86808
-0.12601 -3.46889
-0.30342 -3.39122
-0.11533 -3.69318
-0.15979 -3.25773
-0.35401 -3.81641
-0.24250 -3.37944
-0.21632 -3.56852
-0.12950 -3.21645
-0.14065 -3.71302
-0.22521 -3.25137
-0.19467 -3.52937
-0.21276 -3.65796
-0.32503 -3.88229
-0.29920 -3.74426
-0.33470 -3.55075
-0.24774 -3.56246
-0.38980 -3.25661
-0.35145 -3.37945
-0.24944 -3.72634
-0.29990 -3.38182
-0.24617 -3.39092
-0.16419 -3.27534
-0.33067 -3.42563
-0.10203 -3.30096
-0.23702 -3.63990
-0.33230 -3.71561
-0.34524 -3.25670
-0.20575 -3.59191
-0.25215 -3.49006
-0.23697 -3.82537
-0.34412 -3.85094
-0.36464 -3.86246

-0.13209 -3.55834
-0.23323 -3.72651
-0.35218 -3.34208
-0.39066 -3.38180
-0.24639 -3.60194
-0.10863 -3.83354
-0.32959 -3.42485
-0.17867 -3.51238
-0.23364 -3.24450
-0.24086 -3.86996
-0.24822 -3.23638
-0.27656 -3.22737
-0.21883 -3.53483
-0.27890 -3.45346
-0.29899 -3.17646
-0.20706 -3.19555
-0.39646 -3.19654
-0.24701 -3.66757
-0.27952 -3.29286
-0.34492 -3.48307
-0.36897 -3.27780
-0.35163 -3.78015
-0.20505 -3.81850
-0.24393 -3.47591
-0.34105 -3.62123
-0.34922 -3.46284
-0.24482 -3.85551
-0.10003 -3.56329
-0.36527 -3.84981
-0.13102 -3.40351
-0.39483 -3.15988
-0.26487 -3.39949
-0.20530 -3.57145
-0.26492 -3.69307
-0.20787 -3.81506
-0.27848 -3.43248
-0.13932 -3.37157
-0.29483 -3.20619
-0.13689 -3.30179
-0.39190 -3.14933
-0.32640 -3.21302
-0.38522 -3.14597
-0.34813 -3.66905
-0.10221 -3.17063
-0.16631 -3.73003
-0.39721 -3.85156
-0.35990 -3.64039
-0.13434 -3.78062
-0.10956 -3.59951
-0.29983 -3.79200

-0.30944 -3.76481
-0.28931 -3.79184
-0.39139 -3.85377
-0.37652 -3.60500
-0.21274 -3.82090
-0.29324 -3.14389
-0.24406 -3.42847
-0.13115 -3.68352
-0.36588 -3.32903
-0.12907 -3.31623
-0.21492 -3.86324
-0.26076 -3.50199
-0.19407 -3.65231
-0.38939 -3.35498
-0.14678 -3.51662
-0.28734 -3.53958
-0.39812 -3.40107
-0.36486 -3.34351
-0.38714 -3.14612
-0.23986 -3.50104
-0.35224 -3.73931
-0.28862 -3.30319
-0.28719 -3.78502
-0.36428 -3.25671
-0.28533 -3.55787
-0.33567 -3.16796
-0.11740 -3.68903
-0.17059 -3.15516
-0.34792 -3.47334
-0.32394 -3.82828
-0.28799 -3.51809
-0.21489 -3.66648
-0.27565 -3.25675
-0.12904 -3.37463
-0.19892 -3.47139
-0.17600 -3.63624
-0.17792 -3.59968
-0.22911 -3.65486
-0.35834 -3.35458
-0.28889 -3.14314
-0.33029 -3.65445
-0.21836 -3.65094
-0.25178 -3.43628
-0.31401 -3.78977
-0.10613 -3.25464
-0.15399 -3.65821
-0.31345 -3.71823
-0.12796 -3.56090
-0.14351 -3.74810
-0.18906 -3.79378

-0.35107 -3.49582
-0.21225 -3.81099
-0.28318 -3.36848
-0.22117 -3.52838
-0.17558 -3.42929
-0.14165 -3.15567
-0.22358 -3.14350
-0.34508 -3.27559
-0.23087 -3.86608
-0.26144 -3.57574
-0.21226 -3.68060
-0.27412 -3.30041
-0.34504 -3.29114
-0.25419 -3.19497
-0.37553 -3.30703
-0.23915 -3.53769
-0.36534 -3.75437
-0.38962 -3.54959
-0.13290 -3.39260
-0.37439 -3.60291
-0.39278 -3.44249
-0.23521 -3.76267
-0.19050 -3.67477
-0.27067 -3.56239
-0.22799 -3.37449
-0.23842 -3.38070
-0.13668 -3.55560
-0.35250 -3.42107
-0.10681 -3.47568
-0.32202 -3.46377
-0.17224 -3.59875
-0.37576 -3.51307
-0.31370 -3.82907
-0.37129 -3.70613
-0.21751 -3.41376
-0.31557 -3.86499
-0.26744 -3.88873
-0.26093 -3.29518
-0.14146 -3.21926
-0.21267 -3.47400
-0.14312 -3.87250
-0.18168 -3.87383
-0.13674 -3.43310
-0.24043 -3.76657
-0.34763 -3.87997
-0.36587 -3.58646
-0.34746 -3.84181
-0.21491 -3.85546
-0.22904 -3.61374
-0.27579 -3.52784


0.12638 1.50785
0.15017 1.69737
0.11430 1.77924
0.08359 1.29752
0.13599 1.38951
0.08802 1.86793
0.12865 1.69107
0.10256 1.99196
0.06803 1.67984
0.10453 1.98758
0.15572 1.22813
0.13426 1.28219
0.08897 1.89609
0.10350 1.68580
0.07374 1.79699
0.07965 1.65226
0.11588 1.61823
0.11842 1.33641
0.08657 1.29451
0.12417 1.68190
0.09091 1.90967
0.09985 1.97008
0.14369 1.37875
0.14892 1.69683
0.10940 1.60755
0.11217 1.26600
0.13422 1.53976
0.10804 1.89168
0.11328 1.45934
0.11955 1.66853
0.12414 1.71471
0.08938 1.36950
0.06742 1.81644
0.06178 1.99007
0.15243 1.46734
0.09727 1.22148
0.07304 1.90555
0.07098 1.52776
0.07380 1.29634
0.12386 1.91959
0.14753 1.76805
0.15487 1.76345
0.11001 1.38072
0.10978 1.93128
0.14324 1.95408
0.12395 1.69412
0.07357 1.40317
0.08946 1.51011
0.14578 1.85682
0.12703 1.32351
