10 50 30

0.00000 1.00000
0.00000 1.00000
0.00000 1.00000
0.00000 1.00000
0.00000 1.00000
0.00000 1.00000
0.00000 1.00000
0.00000 1.00000
0.00000 1.00000
0.00000 1.00000


-0.13720 -3.39562
-0.13702 -3.70940
-0.11114 -3.57040
-0.29649 -3.12282
-0.23284 -3.29121
-0.17358 -3.57147
-0.24342 -3.40356
-0.35660 -3.68636
-0.15116 -3.26391
-0.20631 -3.37966
-0.12265 -3.28395
-0.23408 -3.46702
-0.39503 -3.13440
-0.14970 -3.49769
-0.16006 -3.72733
-0.18228 -3.40446
-0.10892 -3.40299
-0.29035 -3.27593
-0.13382 -3.70323
-0.12477 -3.66787
-0.36968 -3.17305
-0.22550 -3.18638
-0.32943 -3.51210
-0.10915 -3.42054
-0.29686 -3.41121
-0.22640 -3.67412
-0.10375 -3.46312
-0.35020 -3.27303
-0.38752 -3.34823
-0.22742 -3.73014
-0.37342 -3.36665
-0.15643 -3.84156
-0.21656 -3.71826
-0.34692 -3.34751
-0.32952 -3.30659
-0.34475 -3.21597
-0.12576 -3.42051
-0.27938 -3.79827
-0.16010 -3.77126
-0.12244 -3.43302
-0.13377 -3.52334
-0.27684 -3.63270
-0.16159 -3.55311
-0.34202 -3.59723
-0.21542 -3.84388
-0.16973 -3.40620
-0.39989 -3.72538
-0.17626 -3.77161
-0.10167 -3.75846
-0.28181 -3.63359

-0.25821 -3.28774
-0.21548 -3.38110
-0.36237 -3.57510
-0.20051 -3.23749
-0.15250 -3.42931
-0.20407 -3.11791
-0.11889 -3.65742
-0.10539 -3.45419
-0.21411 -3.25365
-0.10866 -3.57695
-0.17724 -3.40990
-0.16352 -3.58598
-0.33004 -3.79935
-0.29427 -3.56415
-0.30405 -3.77296
-0.37152 -3.42133
-0.17486 -3.53776
-0.29504 -3.70206
-0.37500 -3.49799
-0.17541 -3.37067
-0.22348 -3.42445
-0.16990 -3.64945
-0.17581 -3.77894
-0.38572 -3.30221
-0.15482 -3.44204
-0.34369 -3.77930
-0.11747 -3.59504
-0.13553 -3.72757
-0.13844 -3.43993
-0.31583 -3.70780
-0.36524 -3.79372
-0.29024 -3.80546
-0.26511 -3.78594
-0.19293 -3.73665
-0.36249 -3.37073
-0.26839 -3.72662
-0.39514 -3.34826
-0.29833 -3.80906
-0.15046 -3.64964
-0.38386 -3.61901
-0.11620 -3.24576
-0.18105 -3.72662
-0.39963 -3.54297
-0.25776 -3.86235
-0.22198 -3.80964
-0.27450 -3.72689
-0.22408 -3.26476
-0.33166 -3.12484
-0.26151 -3.17673
-0.28433 -3.17784

-0.32313 -3.83797
-0.27873 -3.39833
-0.39697 -3.20858
-0.10807 -3.26634
-0.14962 -3.48647
-0.31143 -3.67144
-0.18810 -3.12023
-0.11852 -3.29799
-0.16116 -3.17183
-0.13583 -3.63219
-0.32617 -3.80283
-0.24509 -3.24374
-0.19431 -3.21246
-0.23511 -3.50196
-0.35875 -3.76479
-0.16190 -3.43577
-0.14739 -3.81766
-0.25564 -3.81993
-0.15121 -3.56790
-0.15065 -3.59984
-0.27811 -3.76475
-0.12614 -3.18501
-0.29577 -3.66509
-0.28256 -3.54617
-0.14892 -3.78831
-0.31328 -3.65487
-0.28058 -3.79396
-0.24796 -3.85927
-0.14389 -3.44612
-0.17333 -3.69502
-0.10820 -3.84777
-0.30579 -3.72693
-0.34851 -3.63381
-0.16961 -3.63206
-0.19606 -3.80803
-0.20564 -3.57540
-0.15071 -3.51008
-0.24020 -3.28452
-0.37757 -3.56826
-0.15054 -3.68960
-0.31126 -3.84084
-0.37656 -3.50896
-0.12509 -3.86489
-0.37077 -3.23214
-0.14632 -3.76088
-0.20623 -3.29227
-0.14295 -3.55000
-0.28923 -3.22387
-0.20750 -3.26361
-0.20921 -3.34285

-0.10486 -3.10461
-0.15777 -3.41200
-0.25638 -3.12180
-0.36783 -3.11043
-0.14346 -3.76618
-0.13103 -3.43176
-0.11428 -3.46090
-0.28888 -3.34554
-0.26106 -3.21492
-0.31076 -3.36361
-0.20531 -3.51102
-0.23138 -3.15181
-0.32636 -3.21661
-0.14160 -3.11605
-0.36213 -3.61653
-0.36007 -3.62882
-0.20280 -3.44653
-0.21448 -3.63141
-0.14539 -3.30033
-0.37888 -3.61902
-0.17910 -3.60845
-0.15858 -3.15494
-0.31646 -3.86072
-0.32247 -3.28935
-0.29634 -3.48980
-0.28341 -3.18134
-0.30071 -3.66948
-0.22667 -3.60882
-0.20633 -3.11094
-0.25492 -3.40377
-0.13118 -3.15955
-0.17930 -3.40047
-0.34696 -3.79268
-0.25787 -3.51539
-0.21083 -3.56634
-0.13299 -3.72656
-0.33666 -3.37484
-0.13291 -3.81349
-0.11385 -3.81114
-0.18579 -3.18936
-0.25068 -3.29990
-0.25305 -3.75917
-0.19199 -3.28850
-0.18359 -3.46599
-0.19921 -3.50601
-0.20913 -3.54581
-0.15836 -3.68883
-0.27898 -3.53823
-0.11730 -3.74110
-0.29997 -3.62577

-0.28041 -3.63282
-0.12423 -3.76661
-0.39684 -3.63697
-0.25058 -3.68810
-0.31576 -3.19277
-0.20242 -3.64894
-0.31391 -3.25688
-0.35810 -3.47389
-0.19379 -3.59957
-0.31561 -3.64352
-0.28586 -3.68352
-0.35372 -3.58715
-0.21867 -3.62898
-0.17251 -3.81296
-0.28043 -3.38448
-0.35849 -3.36598
-0.19420 -3.66172
-0.29185 -3.57316
-0.26924 -3.81981
-0.20110 -3.83648
-0.29889 -3.79401
-0.20202 -3.67579
-0.30538 -3.20848
-0.11755 -3.65690
-0.19113 -3.65433
-0.32174 -3.12194
-0.21782 -3.24509
-0.20486 -3.45537
-0.24871 -3.51324
-0.13786 -3.60423
-0.12141 -3.79933
-0.36986 -3.70306
-0.14510 -3.16043
-0.30076 -3.37354
-0.15258 -3.65433
-0.25533 -3.83630
-0.35323 -3.41056
-0.29474 -3.11902
-0.34790 -3.16307
-0.34018 -3.61302
-0.33554 -3.84481
-0.32904 -3.33023
-0.31820 -3.43306
-0.17968 -3.60954
-0.24348 -3.81269
-0.35501 -3.72819
-0.20296 -3.86074
-0.17878 -3.74175
-0.24946 -3.33481
-0.11634 -3.64435

-0.23667 -3.26377
-0.13811 -3.45724
-0.38979 -3.53629
-0.26770 -3.44951
-0.20633 -3.82369
-0.16570 -3.49023
-0.24995 -3.60585
-0.30444 -3.47685
-0.26442 -3.83771
-0.18261 -3.63479
-0.19674 -3.39840
-0.39678 -3.29715
-0.29175 -3.13923
-0.28079 -3.68355
-0.30103 -3.74077
-0.22696 -3.86789
-0.24441 -3.43670
-0.34428 -3.66778
-0.19488 -3.73897
-0.27037 -3.24292
-0.19123 -3.31684
-0.36711 -3.12163
-0.32614 -3.68791
-0.11922 -3.55819
-0.15852 -3.39998
-0.29156 -3.23372
-0.27318 -3.16762
-0.13659 -3.55911
-0.36732 -3.27716
-0.25038 -3.60634
-0.27856 -3.17873
-0.17881 -3.33889
-0.23313 -3.32497
-0.15467 -3.58307
-0.10513 -3.24673
-0.20143 -3.73777
-0.12366 -3.70623
-0.29445 -3.51175
-0.38708 -3.21142
-0.27007 -3.77927
-0.34714 -3.58456
-0.14482 -3.50379
-0.16111 -3.66499
-0.33193 -3.69017
-0.39337 -3.85587
-0.29403 -3.39176
-0.33694 -3.76657
-0.23509 -3.80941
-0.39804 -3.17587
-0.27148 -3.55893

-0.19802 -3.34793
-0.32383 -3.36276
-0.26820 -3.79903
-0.18002 -3.39222
-0.36863 -3.28498
-0.12187 -3.59118
-0.39196 -3.68881
-0.26386 -3.15778
-0.22873 -3.10825
-0.35747 -3.16998
-0.20369 -3.64107
-0.17640 -3.14789
-0.34442 -3.36378
-0.21708 -3.21510
-0.27769 -3.16953
-0.12672 -3.27935
-0.34632 -3.71255
-0.29855 -3.64567
-0.27659 -3.62181
-0.10947 -3.37164
-0.20634 -3.54565
-0.37903 -3.33636
-0.28080 -3.77904
-0.39081 -3.74866
-0.34792 -3.66412
-0.26417 -3.56323
-0.12548 -3.32108
-0.24855 -3.42887
-0.34724 -3.37902
-0.12103 -3.50268
-0.11912 -3.83492
-0.35894 -3.42312
-0.22602 -3.69848
-0.21998 -3.37631
-0.34557 -3.77072
-0.29279 -3.85719
-0.12194 -3.19236
-0.15813 -3.34917
-0.30202 -3.85043
-0.17420 -3.86173
-0.20391 -3.38760
-0.12610 -3.32549
-0.35339 -3.42534
-0.18910 -3.20197
-0.14460 -3.61900
-0.20771 -3.17756
-0.21795 -3.80102
-0.34329 -3.59322
-0.35867 -3.23510
-0.10326 -3.21086

-0.35443 -3.16293
-0.11987 -3.23717
-0.22471 -3.25108
-0.24128 -3.74991
-0.29597 -3.67520
-0.36099 -3.28745
-0.15549 -3.42804
-0.23039 -3.73280
-0.15310 -3.20859
-0.38423 -3.41051
-0.21189 -3.50189
-0.17762 -3.29094
-0.28088 -3.65912
-0.27227 -3.69926
-0.31857 -3.29256
-0.20895 -3.37567
-0.26711 -3.82964
-0.34775 -3.26456
-0.37245 -3.83957
-0.35960 -3.35488
-0.22833 -3.75130
-0.20819 -3.19483
-0.25070 -3.23417
-0.24916 -3.74699
-0.27474 -3.38150
-0.13738 -3.72904
-0.13141 -3.62720
-0.15747 -3.29186
-0.13122 -3.82475
-0.18204 -3.45369
-0.17887 -3.87328
-0.29638 -3.56547
-0.36003 -3.18561
-0.24189 -3.20660
-0.30506 -3.30896
-0.19860 -3.22588
-0.32519 -3.54542
-0.30833 -3.60285
-0.32860 -3.13231
-0.24884 -3.29331
-0.37969 -3.79330
-0.24781 -3.47532
-0.19619 -3.57382
-0.39734 -3.52819
-0.13110 -3.59722
-0.35683 -3.25984
-0.15523 -3.39638
-0.11212 -3.37234
-0.16624 -3.12871
-0.17619 -3.54460

-0.38822 -3.21335
-0.29562 -3.55083
-0.14475 -3.14135
-0.27617 -3.80154
-0.25318 -3.50138
-0.16240 -3.46429
-0.28341 -3.48224
-0.22844 -3.23821
-0.36773 -3.65166
-0.35458 -3.10198
-0.12439 -3.38555
-0.30472 -3.12313
-0.27115 -3.21707
-0.25842 -3.44322
-0.25103 -3.62562
-0.19943 -3.49774
-0.17022 -3.28591
-0.22684 -3.24148
-0.39796 -3.79224
-0.31131 -3.14717
-0.30268 -3.42633
-0.10741 -3.77644
-0.37340 -3.55125
-0.19815 -3.30424
-0.36596 -3.17257
-0.10239 -3.74489
-0.20288 -3.10486
-0.28675 -3.11649
-0.13383 -3.32981
-0.35582 -3.55624
-0.34363 -3.70982
-0.39462 -3.22140
-0.34637 -3.32904
-0.11720 -3.75107
-0.30011 -3.73761
-0.36863 -3.81804
-0.21575 -3.68982
-0.20666 -3.64654
-0.37589 -3.30967
-0.37731 -3.29616
-0.39046 -3.24154
-0.21448 -3.25534
-0.34118 -3.52935
-0.29487 -3.63113
-0.21750 -3.21939
-0.39690 -3.57283
-0.30252 -3.29930
-0.33406 -3.51402
-0.33811 -3.82644
-0.32354 -3.85702

-0.33102 -3.54727
-0.11147 -3.75851
-0.27211 -3.48503
-0.38971 -3.11782
-0.19175 -3.37924
-0.28552 -3.20734
-0.14610 -3.35215
-0.12232 -3.45930
-0.12331 -3.52538
-0.24597 -3.41534
-0.13173 -3.78232
-0.14476 -3.34979
-0.34810 -3.74070
-0.33835 -3.52555
-0.39721 -3.52476
-0.17041 -3.18550
-0.10806 -3.33241
-0.14585 -3.72990
-0.10135 -3.29386
-0.24050 -3.20075
-0.25007 -3.80576
-0.14831 -3.87516
-0.31795 -3.40534
-0.13723 -3.69407
-0.36054 -3.66612
-0.39822 -3.78623
-0.18441 -3.13758
-0.36881 -3.68504
-0.37281 -3.39276
-0.26547 -3.36962
-0.11875 -3.45985
-0.36988 -3.24761
-0.28971 -3.37216
-0.11762 -3.56571
-0.18670 -3.83218
-0.18288 -3.19166
-0.25393 -3.73272
-0.36667 -3.25064
-0.16783 -3.78515
-0.32946 -3.27737
-0.13130 -3.22848
-0.10519 -3.50951
-0.19977 -3.64727
-0.37650 -3.24206
-0.23629 -3.71390
-0.24740 -3.16021
-0.20454 -3.70729
-0.23316 -3.16596
-0.19038 -3.54018
-0.11523 -3.58914


0.21219 2.07033
0.21009 2.51978
0.14372 2.14241
0.20307 2.69790
0.20352 2.41781
0.12330 2.91951
0.14677 2.83324
0.22512 2.47315
0.21911 1.94764
0.13973 2.56013
0.20017 2.74514
0.22818 2.06920
0.15210 2.16755
0.13036 2.28663
0.23148 1.91035
0.17099 2.15356
0.17970 1.93744
0.17413 2.59101
0.22103 2.34093
0.15256 2.98024
0.22111 2.80960
0.19211 2.47549
0.10048 1.95325
0.15195 2.29883
0.12186 2.34523
0.20271 2.21215
0.13539 1.85515
0.10221 2.24919
0.13813 2.71682
0.16689 1.93293
0.17590 2.16693
0.15399 1.95260
0.14739 2.03188
0.16513 2.31313
0.11370 2.98849
0.13120 2.38261
0.20642 2.70187
0.17795 2.51866
0.19283 1.82728
0.23142 2.35870
0.12291 2.23892
0.20108 1.85161
0.23539 2.01186
0.19613 2.23033
0.16389 2.94525
0.16706 2.39121
0.20314 2.26240
0.10700 2.01335
0.11529 2.68055
0.19594 2.52201
