10 50 30

0.00000 1.00000
0.00000 1.00000
0.00000 1.00000
0.00000 1.00000
0.00000 1.00000
0.00000 1.00000
0.00000 1.00000
0.00000 1.00000
0.00000 1.00000
0.00000 1.00000


-0.14692 -3.14060
-0.19130 -3.47669
-0.35236 -3.81653
-0.17017 -3.17230
-0.29535 -3.69217
-0.31272 -3.81264
-0.22159 -3.16801
-0.24759 -3.38638
-0.33982 -3.86526
-0.34292 -3.38594
-0.38039 -3.36795
-0.13997 -3.64954
-0.21310 -3.14017
-0.22844 -3.24957
-0.10220 -3.36467
-0.37066 -3.75282
-0.25929 -3.10993
-0.21300 -3.83928
-0.22331 -3.81303
-0.33341 -3.62360
-0.33625 -3.25931
-0.26556 -3.27508
-0.12207 -3.30964
-0.24281 -3.75882
-0.25384 -3.37840
-0.24355 -3.19016
-0.32687 -3.70665
-0.19010 -3.52063
-0.17712 -3.28431
-0.32610 -3.79145
-0.25888 -3.21855
-0.11655 -3.57072
-0.14084 -3.39848
-0.23474 -3.36488
-0.17879 -3.44613
-0.19829 -3.26874
-0.16417 -3.68834
-0.16293 -3.69722
-0.36059 -3.72795
-0.34825 -3.26707
-0.10142 -3.40445
-0.27813 -3.62033
-0.29271 -3.76292
-0.28532 -3.29283
-0.33563 -3.79153
-0.14938 -3.13395
-0.30387 -3.18126
-0.22576 -3.48429
-0.18795 -3.66415
-0.26649 -3.15987

-0.24877 -3.11181
-0.11049 -3.37111
-0.16034 -3.18396
-0.29174 -3.31955
-0.34750 -3.81055
-0.23279 -3.60336
-0.23516 -3.81195
-0.27756 -3.88041
-0.32707 -3.69784
-0.18560 -3.47823
-0.30354 -3.58488
-0.34099 -3.20953
-0.19443 -3.32269
-0.25508 -3.39212
-0.30736 -3.31847
-0.30729 -3.74311
-0.30422 -3.72543
-0.10231 -3.29061
-0.23568 -3.18248
-0.26487 -3.50958
-0.31644 -3.70767
-0.35082 -3.69371
-0.23495 -3.85857
-0.31177 -3.38705
-0.16849 -3.84037
-0.16068 -3.34534
-0.32706 -3.12795
-0.10497 -3.54443
-0.18949 -3.17898
-0.21701 -3.17875
-0.15145 -3.19210
-0.20977 -3.85678
-0.26620 -3.47564
-0.15787 -3.52689
-0.33924 -3.26167
-0.37009 -3.17842
-0.18273 -3.38039
-0.33040 -3.54551
-0.39491 -3.51337
-0.22469 -3.70549
-0.25339 -3.60532
-0.14913 -3.77127
-0.19251 -3.85134
-0.14162 -3.34319
-0.12527 -3.71568
-0.27571 -3.49355
-0.34631 -3.52721
-0.31800 -3.28295
-0.11575 -3.81246
-0.15200 -3.21226

-0.17982 -3.42304
-0.34416 -3.14376
-0.20676 -3.33154
-0.27524 -3.41826
-0.38966 -3.15475
-0.36959 -3.79682
-0.21157 -3.72043
-0.13889 -3.38360
-0.29386 -3.84686
-0.31417 -3.51306
-0.23434 -3.41015
-0.35783 -3.78352
-0.23782 -3.27478
-0.11461 -3.31024
-0.18906 -3.55720
-0.13539 -3.78232
-0.11551 -3.72223
-0.30810 -3.59318
-0.11592 -3.39090
-0.22946 -3.59434
-0.23076 -3.10738
-0.32708 -3.71741
-0.35927 -3.12519
-0.30196 -3.74181
-0.36866 -3.34971
-0.19362 -3.77921
-0.21183 -3.49748
-0.16107 -3.62362
-0.34964 -3.18999
-0.38195 -3.29808
-0.33710 -3.67809
-0.35332 -3.54074
-0.36465 -3.72346
-0.39171 -3.77734
-0.25408 -3.73576
-0.23947 -3.53148
-0.28058 -3.57313
-0.19224 -3.30714
-0.23974 -3.23870
-0.15618 -3.50929
-0.29189 -3.59392
-0.18156 -3.86505
-0.14767 -3.44053
-0.33725 -3.14635
-0.13278 -3.16315
-0.27064 -3.36415
-0.34359 -3.38282
-0.20699 -3.67837
-0.15974 -3.73701
-0.32434 -3.63053

-0.32982 -3.58772
-0.22488 -3.78452
-0.33655 -3.58378
-0.37299 -3.87789
-0.39064 -3.35994
-0.11902 -3.68705
-0.19938 -3.60883
-0.32298 -3.73877
-0.12462 -3.20452
-0.17686 -3.46740
-0.12333 -3.80341
-0.16113 -3.40480
-0.38412 -3.34531
-0.10626 -3.53411
-0.17149 -3.67258
-0.23445 -3.68501
-0.24633 -3.51179
-0.16218 -3.53376
-0.33544 -3.49344
-0.16330 -3.55888
-0.36590 -3.85866
-0.32223 -3.31093
-0.39020 -3.52355
-0.22413 -3.82619
-0.13360 -3.55118
-0.21187 -3.19121
-0.30183 -3.28976
-0.18547 -3.58006
-0.29280 -3.19823
-0.31341 -3.53899
-0.26221 -3.44540
-0.33060 -3.29806
-0.38453 -3.56690
-0.18720 -3.20834
-0.21061 -3.50229
-0.32160 -3.80861
-0.26473 -3.77804
-0.34805 -3.61572
-0.39007 -3.51073
-0.10805 -3.51705
-0.16464 -3.80292
-0.23380 -3.21028
-0.24078 -3.52713
-0.13625 -3.13724
-0.35125 -3.47234
-0.20402 -3.67467
-0.21911 -3.14840
-0.25441 -3.72709
-0.28128 -3.44173
-0.21875 -3.26077

-0.36610 -3.23190
-0.19963 -3.62211
-0.26610 -3.60194
-0.33877 -3.60263
-0.21432 -3.55396
-0.11806 -3.72841
-0.39059 -3.74065
-0.16289 -3.23116
-0.25861 -3.29002
-0.26693 -3.51174
-0.22001 -3.85029
-0.27147 -3.73854
-0.16683 -3.86529
-0.13475 -3.53090
-0.20476 -3.44185
-0.15796 -3.28788
-0.12651 -3.41625
-0.28323 -3.44012
-0.26244 -3.31784
-0.22425 -3.69090
-0.32611 -3.43300
-0.34322 -3.87814
-0.26214 -3.87224
-0.22761 -3.38020
-0.37956 -3.31919
-0.20489 -3.43222
-0.36178 -3.25401
-0.25018 -3.74854
-0.30366 -3.82197
-0.37080 -3.11682
-0.36107 -3.78003
-0.31767 -3.85966
-0.10066 -3.31805
-0.20822 -3.09989
-0.28511 -3.54667
-0.37302 -3.70303
-0.10828 -3.87265
-0.20171 -3.78793
-0.22455 -3.83096
-0.11808 -3.43320
-0.26823 -3.52956
-0.23733 -3.29205
-0.16184 -3.60409
-0.18970 -3.62700
-0.22119 -3.11940
-0.17580 -3.35040
-0.24993 -3.80293
-0.21340 -3.86740
-0.35027 -3.47486
-0.23466 -3.51474

-0.26857 -3.41036
-0.34658 -3.49064
-0.21702 -3.12737
-0.39880 -3.76175
-0.36814 -3.37780
-0.36277 -3.31240
-0.32296 -3.70165
-0.33422 -3.59518
-0.32710 -3.78486
-0.15577 -3.47143
-0.37021 -3.11224
-0.12390 -3.17327
-0.29703 -3.59435
-0.10954 -3.73644
-0.32288 -3.29427
-0.36536 -3.24914
-0.38688 -3.35846
-0.28353 -3.49050
-0.23051 -3.59303
-0.34433 -3.32837
-0.19208 -3.10087
-0.27047 -3.74209
-0.21750 -3.16164
-0.13573 -3.46675
-0.21977 -3.32384
-0.17119 -3.77755
-0.15769 -3.52327
-0.29450 -3.49377
-0.18086 -3.81772
-0.24644 -3.86953
-0.30715 -3.32031
-0.37748 -3.48895
-0.25559 -3.14828
-0.32116 -3.24587
-0.33582 -3.56085
-0.22821 -3.35905
-0.38403 -3.72307
-0.17029 -3.13742
-0.13176 -3.71727
-0.26171 -3.12006
-0.26863 -3.84919
-0.11895 -3.37768
-0.37180 -3.87765
-0.38272 -3.13368
-0.33228 -3.78177
-0.20616 -3.87879
-0.34196 -3.44635
-0.35596 -3.14963
-0.15115 -3.60339
-0.23873 -3.41577

-0.33543 -3.14329
-0.38875 -3.75663
-0.29160 -3.62779
-0.11162 -3.21303
-0.12084 -3.57057
-0.29636 -3.62913
-0.27132 -3.14813
-0.32628 -3.86943
-0.26947 -3.38677
-0.15906 -3.32391
-0.17999 -3.36638
-0.18229 -3.16571
-0.20717 -3.29549
-0.10160 -3.12049
-0.37939 -3.47074
-0.20146 -3.13682
-0.34986 -3.23082
-0.31215 -3.62010
-0.23279 -3.52301
-0.27717 -3.48552
-0.30241 -3.86706
-0.15922 -3.76041
-0.32503 -3.25124
-0.12100 -3.86243
-0.21149 -3.28091
-0.35174 -3.11490
-0.37423 -3.68488
-0.31653 -3.34524
-0.16251 -3.44573
-0.33850 -3.27490
-0.20971 -3.56787
-0.31799 -3.35498
-0.16241 -3.43297
-0.30505 -3.23888
-0.19009 -3.69687
-0.27741 -3.68821
-0.33390 -3.27817
-0.15540 -3.84357
-0.38242 -3.81762
-0.32246 -3.69658
-0.29435 -3.62680
-0.35866 -3.65494
-0.30529 -3.42011
-0.28157 -3.83771
-0.24816 -3.42569
-0.13627 -3.15105
-0.11239 -3.23216
-0.28438 -3.28489
-0.24912 -3.72886
-0.16838 -3.11825

-0.39739 -3.22484
-0.19915 -3.63334
-0.36180 -3.39001
-0.34664 -3.42906
-0.20916 -3.80260
-0.31837 -3.80598
-0.31454 -3.87744
-0.32744 -3.68576
-0.22801 -3.31407
-0.25094 -3.27105
-0.19670 -3.39829
-0.12545 -3.35011
-0.32014 -3.56407
-0.29272 -3.47891
-0.20126 -3.85385
-0.33981 -3.86241
-0.33442 -3.39219
-0.25304 -3.30662
-0.21135 -3.51624
-0.23978 -3.50186
-0.27775 -3.61099
-0.30505 -3.73152
-0.10770 -3.56268
-0.38856 -3.15923
-0.37582 -3.61128
-0.13353 -3.69800
-0.17851 -3.36519
-0.25614 -3.63070
-0.26101 -3.74146
-0.24771 -3.79544
-0.12421 -3.15186
-0.15108 -3.59681
-0.31684 -3.50649
-0.30246 -3.57187
-0.17778 -3.27342
-0.29007 -3.18959
-0.15460 -3.63728
-0.23220 -3.17246
-0.22088 -3.56046
-0.21518 -3.16148
-0.27608 -3.14238
-0.12651 -3.42718
-0.37648 -3.40965
-0.34454 -3.81050
-0.29967 -3.74687
-0.34305 -3.50347
-0.36236 -3.84723
-0.10776 -3.65754
-0.26864 -3.49338
-0.29156 -3.78860

-0.31183 -3.43944
-0.35675 -3.71921
-0.22307 -3.47075
-0.29826 -3.32049
-0.31824 -3.31739
-0.28360 -3.32499
-0.20196 -3.13644
-0.11093 -3.78855
-0.23244 -3.20170
-0.34258 -3.79328
-0.15728 -3.47969
-0.29037 -3.82726
-0.22466 -3.34325
-0.39949 -3.78922
-0.27438 -3.49700
-0.13191 -3.12442
-0.17613 -3.24476
-0.36444 -3.15382
-0.33021 -3.58698
-0.25399 -3.38355
-0.16835 -3.31720
-0.14339 -3.36132
-0.16065 -3.60072
-0.31660 -3.54083
-0.12023 -3.61652
-0.24181 -3.63738
-0.13171 -3.18669
-0.20214 -3.33572
-0.32742 -3.69931
-0.26861 -3.31083
-0.23688 -3.14651
-0.32901 -3.81416
-0.39041 -3.37897
-0.23733 -3.37862
-0.31451 -3.28525
-0.20747 -3.43955
-0.27655 -3.31203
-0.11088 -3.49844
-0.37408 -3.30150
-0.38219 -3.20526
-0.16025 -3.13458
-0.38570 -3.50686
-0.28850 -3.68866
-0.10853 -3.22768
-0.20490 -3.73002
-0.21223 -3.37810
-0.23115 -3.76933
-0.28496 -3.11106
-0.23367 -3.78174
-0.11597 -3.53016

-0.22787 -3.84543
-0.36592 -3.48709
-0.34254 -3.77857
-0.10812 -3.78696
-0.37578 -3.70238
-0.38302 -3.82397
-0.18313 -3.81520
-0.35364 -3.45875
-0.33692 -3.25823
-0.24304 -3.86930
-0.21598 -3.42463
-0.32874 -3.83808
-0.32798 -3.66577
-0.23149 -3.38877
-0.24869 -3.85691
-0.24417 -3.41359
-0.32221 -3.41120
-0.13872 -3.20143
-0.12358 -3.49446
-0.34400 -3.69598
-0.19584 -3.51472
-0.14296 -3.60900
-0.36692 -3.59720
-0.38960 -3.27065
-0.30435 -3.61308
-0.26630 -3.59337
-0.31993 -3.78314
-0.31749 -3.53248
-0.31338 -3.42663
-0.11189 -3.31889
-0.12040 -3.67087
-0.38938 -3.47958
-0.23489 -3.65234
-0.34678 -3.77342
-0.22132 -3.16316
-0.20003 -3.80267
-0.23338 -3.57581
-0.35403 -3.71290
-0.31879 -3.62702
-0.19278 -3.87572
-0.13880 -3.62178
-0.28354 -3.21869
-0.10398 -3.55751
-0.36164 -3.74393
-0.30500 -3.59542
-0.28688 -3.84315
-0.17498 -3.30154
-0.38364 -3.32088
-0.11293 -3.37805
-0.23757 -3.40365


0.23883 1.91628
0.23293 2.10283
0.14718 1.82794
0.19267 2.72933
0.16256 2.10542
0.14515 2.76424
0.16320 2.49200
0.16981 2.39354
0.21777 2.78302
0.22196 1.95724
0.22370 1.90025
0.15110 2.91055
0.14411 1.90596
0.10426 1.98075
0.10604 2.34647
0.21865 2.74347
0.15878 1.99526
0.15213 2.14699
0.16355 2.00109
0.23312 2.63391
0.21777 2.19214
0.19985 2.88816
0.16897 2.41137
0.19280 2.16935
0.14103 1.94836
0.15683 2.98730
0.22170 2.78024
0.21103 2.60120
0.21569 2.37357
0.22139 1.97681
0.09718 2.26795
0.21391 2.74113
0.18842 2.72454
0.13978 2.12567
0.15550 2.81449
0.17788 2.18712
0.14220 2.85019
0.17589 1.95061
0.18135 2.98212
0.22701 2.01494
0.21041 1.84485
0.22020 2.96478
0.13052 2.92668
0.18845 2.25714
0.16591 1.98511
0.13606 2.02783
0.12224 2.33941
0.19661 2.86208
0.22986 2.07647
0.23813 2.90639
