10 50 30

0.00000 1.00000
0.00000 1.00000
0.00000 1.00000
0.00000 1.00000
0.00000 1.00000
0.00000 1.00000
0.00000 1.00000
0.00000 1.00000
0.00000 1.00000
0.00000 1.00000


-0.15995 -3.27018
-0.36567 -3.76423
-0.36908 -3.85729
-0.11397 -3.27657
-0.35755 -3.64295
-0.19745 -3.78474
-0.25306 -3.84081
-0.20821 -3.64807
-0.31683 -3.51072
-0.10645 -3.26428
-0.18531 -3.78996
-0.20562 -3.29024
-0.21669 -3.34674
-0.31848 -3.60617
-0.30249 -3.72169
-0.33537 -3.49690
-0.27593 -3.56359
-0.13217 -3.34061
-0.39965 -3.44417
-0.34676 -3.16966
-0.32294 -3.53007
-0.31450 -3.47165
-0.18512 -3.86889
-0.37197 -3.25739
-0.23600 -3.70527
-0.19091 -3.76133
-0.22914 -3.48371
-0.12151 -3.84986
-0.26201 -3.56007
-0.22244 -3.61622
-0.19959 -3.53912
-0.16204 -3.81123
-0.13457 -3.16802
-0.38674 -3.84043
-0.36109 -3.41174
-0.32306 -3.34271
-0.10423 -3.48014
-0.18567 -3.41970
-0.27742 -3.80511
-0.15731 -3.63491
-0.16736 -3.66485
-0.38777 -3.64305
-0.39179 -3.66554
-0.12665 -3.36670
-0.29930 -3.12872
-0.34157 -3.51969
-0.33384 -3.59460
-0.20966 -3.45038
-0.14636 -3.72577
-0.25906 -3.69920

-0.25812 -3.82966
-0.22977 -3.25185
-0.38136 -3.70479
-0.29892 -3.73412
-0.38805 -3.68173
-0.35073 -3.24398
-0.17015 -3.26065
-0.24303 -3.83275
-0.38591 -3.45563
-0.21624 -3.70933
-0.32818 -3.63655
-0.20097 -3.34846
-0.22828 -3.66505
-0.11380 -3.46341
-0.15606 -3.20257
-0.15945 -3.83979
-0.27681 -3.24636
-0.33243 -3.24109
-0.38386 -3.23578
-0.36909 -3.56567
-0.18113 -3.46316
-0.13617 -3.74239
-0.15884 -3.25555
-0.15187 -3.56373
-0.13397 -3.19425
-0.26791 -3.35731
-0.10302 -3.63397
-0.31084 -3.27375
-0.20083 -3.48790
-0.30935 -3.25270
-0.20898 -3.59532
-0.25360 -3.54317
-0.17757 -3.63848
-0.25713 -3.16376
-0.24919 -3.32932
-0.18967 -3.26092
-0.35118 -3.74178
-0.12953 -3.48219
-0.12038 -3.39521
-0.38815 -3.34464
-0.37792 -3.19062
-0.34155 -3.23913
-0.19090 -3.21278
-0.26336 -3.52253
-0.15667 -3.79025
-0.37168 -3.22896
-0.32018 -3.65338
-0.24035 -3.70289
-0.20940 -3.74728
-0.10819 -3.15598

-0.29348 -3.64662
-0.25970 -3.65816
-0.38367 -3.16251
-0.31009 -3.32107
-0.21456 -3.13903
-0.34146 -3.75500
-0.12107 -3.15662
-0.24505 -3.25415
-0.15812 -3.50259
-0.16761 -3.76089
-0.14453 -3.45306
-0.13524 -3.17807
-0.39535 -3.11095
-0.38217 -3.87690
-0.14461 -3.32838
-0.21178 -3.59245
-0.19211 -3.29159
-0.16961 -3.67712
-0.38746 -3.55760
-0.13117 -3.18968
-0.19448 -3.77231
-0.38391 -3.32117
-0.32880 -3.75993
-0.23950 -3.78198
-0.32712 -3.17618
-0.14338 -3.38525
-0.21044 -3.71207
-0.16230 -3.12865
-0.32826 -3.10515
-0.13950 -3.74554
-0.22555 -3.20903
-0.30808 -3.18064
-0.38275 -3.21334
-0.26258 -3.31687
-0.10245 -3.15052
-0.29316 -3.60891
-0.20280 -3.20157
-0.11805 -3.38603
-0.21401 -3.34570
-0.13694 -3.13133
-0.18129 -3.15636
-0.19715 -3.43658
-0.36383 -3.31891
-0.25854 -3.84832
-0.19417 -3.26990
-0.25986 -3.33212
-0.31636 -3.53296
-0.12580 -3.24482
-0.35629 -3.80674
-0.13358 -3.55557

-0.13577 -3.60541
-0.28079 -3.32424
-0.28604 -3.35822
-0.26059 -3.35266
-0.27013 -3.58694
-0.35394 -3.31831
-0.10394 -3.21103
-0.39540 -3.14929
-0.27666 -3.86499
-0.18636 -3.68437
-0.32909 -3.10411
-0.37300 -3.75176
-0.37264 -3.55166
-0.24889 -3.44034
-0.24073 -3.39038
-0.20702 -3.52376
-0.20725 -3.74044
-0.16754 -3.58298
-0.34717 -3.39789
-0.23980 -3.86882
-0.33021 -3.25874
-0.21926 -3.13295
-0.35621 -3.30722
-0.29649 -3.40707
-0.21418 -3.58295
-0.18537 -3.19747
-0.34457 -3.38695
-0.34761 -3.78098
-0.31120 -3.11159
-0.31686 -3.64937
-0.23816 -3.38731
-0.14879 -3.51211
-0.28390 -3.62033
-0.24879 -3.62636
-0.35024 -3.54107
-0.12150 -3.81944
-0.17853 -3.47535
-0.25940 -3.74937
-0.31074 -3.48342
-0.11508 -3.73050
-0.22188 -3.61887
-0.18191 -3.71380
-0.23370 -3.87809
-0.26972 -3.73574
-0.23648 -3.21296
-0.30905 -3.58631
-0.38066 -3.25086
-0.34948 -3.38216
-0.21036 -3.53924
-0.28594 -3.83870

-0.36446 -3.40248
-0.26981 -3.36327
-0.34900 -3.11230
-0.23766 -3.62844
-0.12791 -3.45716
-0.11914 -3.29727
-0.38560 -3.38968
-0.17515 -3.22603
-0.12832 -3.27487
-0.12361 -3.82308
-0.18905 -3.72912
-0.35430 -3.57968
-0.37123 -3.29660
-0.18792 -3.55343
-0.28522 -3.37019
-0.34962 -3.19334
-0.35651 -3.59548
-0.21315 -3.39702
-0.20645 -3.70116
-0.31141 -3.26031
-0.35599 -3.87041
-0.29809 -3.67401
-0.31244 -3.56746
-0.11040 -3.66947
-0.24390 -3.67575
-0.30151 -3.68579
-0.34587 -3.53007
-0.30077 -3.84782
-0.26526 -3.40747
-0.33575 -3.36153
-0.37954 -3.70754
-0.18542 -3.76603
-0.20072 -3.26534
-0.19161 -3.58999
-0.27999 -3.52769
-0.34919 -3.35392
-0.32080 -3.13057
-0.14123 -3.61882
-0.19918 -3.55501
-0.11855 -3.24427
-0.35318 -3.64172
-0.20154 -3.76899
-0.21569 -3.77130
-0.20426 -3.84726
-0.21249 -3.58115
-0.19669 -3.17757
-0.21256 -3.69258
-0.10436 -3.19563
-0.21578 -3.82483
-0.27783 -3.72863

-0.12508 -3.13496
-0.26571 -3.33371
-0.36839 -3.48525
-0.14874 -3.47642
-0.17769 -3.38356
-0.30148 -3.31378
-0.12018 -3.85008
-0.28658 -3.87710
-0.34150 -3.83955
-0.21075 -3.75241
-0.34282 -3.39788
-0.31263 -3.38736
-0.26053 -3.40036
-0.22737 -3.43619
-0.16360 -3.84362
-0.10021 -3.19728
-0.31289 -3.83358
-0.10426 -3.68427
-0.25249 -3.32088
-0.12542 -3.47356
-0.34348 -3.13330
-0.23399 -3.36157
-0.30323 -3.25704
-0.15344 -3.42968
-0.38352 -3.35517
-0.23307 -3.70147
-0.19534 -3.47655
-0.32497 -3.31686
-0.20658 -3.23640
-0.19360 -3.13151
-0.16644 -3.61010
-0.30960 -3.22925
-0.22505 -3.72366
-0.10078 -3.83248
-0.38539 -3.30615
-0.30282 -3.85341
-0.32683 -3.37926
-0.24994 -3.12488
-0.37879 -3.23200
-0.22434 -3.10984
-0.26449 -3.48519
-0.32739 -3.43460
-0.10840 -3.87838
-0.29368 -3.78104
-0.31940 -3.76556
-0.14622 -3.21870
-0.13944 -3.19854
-0.22293 -3.61812
-0.32651 -3.69776
-0.28458 -3.73996

-0.12407 -3.58980
-0.26889 -3.85463
-0.17460 -3.33470
-0.34717 -3.54133
-0.25956 -3.53920
-0.22357 -3.49459
-0.21278 -3.76375
-0.23461 -3.28746
-0.25703 -3.53699
-0.17628 -3.58865
-0.14063 -3.69619
-0.18268 -3.12379
-0.24967 -3.16353
-0.20167 -3.31462
-0.22554 -3.82953
-0.15476 -3.26122
-0.19532 -3.13957
-0.16778 -3.31916
-0.35790 -3.84552
-0.13099 -3.17085
-0.38148 -3.13292
-0.19493 -3.87611
-0.26981 -3.73977
-0.35909 -3.34860
-0.33134 -3.31221
-0.31130 -3.65585
-0.19392 -3.82342
-0.10321 -3.18609
-0.11216 -3.80146
-0.10328 -3.55873
-0.34546 -3.33362
-0.17977 -3.28133
-0.33677 -3.65967
-0.11947 -3.83203
-0.28351 -3.60514
-0.12423 -3.66881
-0.24648 -3.38717
-0.13217 -3.24304
-0.25262 -3.44793
-0.31724 -3.80843
-0.35907 -3.60319
-0.30419 -3.73922
-0.16393 -3.57158
-0.12268 -3.19821
-0.11529 -3.28124
-0.24539 -3.69543
-0.31634 -3.16901
-0.20174 -3.52946
-0.24086 -3.20143
-0.29872 -3.62183

-0.10686 -3.44085
-0.26355 -3.38854
-0.34147 -3.20358
-0.31064 -3.88174
-0.36040 -3.33169
-0.22472 -3.35310
-0.37716 -3.61968
-0.14162 -3.10859
-0.14408 -3.76882
-0.27701 -3.85506
-0.29319 -3.25492
-0.18761 -3.58141
-0.11900 -3.77864
-0.22576 -3.84339
-0.24738 -3.74296
-0.27564 -3.19487
-0.34399 -3.57331
-0.29525 -3.33216
-0.13726 -3.70334
-0.20160 -3.28768
-0.11329 -3.50427
-0.26075 -3.37652
-0.13311 -3.78200
-0.26446 -3.29479
-0.22665 -3.13161
-0.18405 -3.80163
-0.11751 -3.19488
-0.34315 -3.83415
-0.25702 -3.60121
-0.36557 -3.22217
-0.37442 -3.75238
-0.33370 -3.82533
-0.35964 -3.36464
-0.11094 -3.42013
-0.21872 -3.57103
-0.24286 -3.77663
-0.22645 -3.16515
-0.11362 -3.69599
-0.30216 -3.13867
-0.10907 -3.20377
-0.30884 -3.14514
-0.22099 -3.58727
-0.29543 -3.18022
-0.35279 -3.86785
-0.37752 -3.17142
-0.20471 -3.21286
-0.12929 -3.60722
-0.35199 -3.48512
-0.18912 -3.41557
-0.25026 -3.73251

-0.19338 -3.44958
-0.28706 -3.75433
-0.12937 -3.42035
-0.16081 -3.10609
-0.27484 -3.70902
-0.13676 -3.70395
-0.35548 -3.61337
-0.32112 -3.45914
-0.35599 -3.66883
-0.28230 -3.85864
-0.23680 -3.51859
-0.16395 -3.84524
-0.25009 -3.65971
-0.18118 -3.39440
-0.22076 -3.78668
-0.38682 -3.48652
-0.23411 -3.72749
-0.23963 -3.81086
-0.34614 -3.11083
-0.14837 -3.71380
-0.20996 -3.10940
-0.39389 -3.10489
-0.10220 -3.72714
-0.26325 -3.10064
-0.14725 -3.36405
-0.21057 -3.45980
-0.24190 -3.72118
-0.25723 -3.36742
-0.36712 -3.21949
-0.29449 -3.48901
-0.11129 -3.55967
-0.29685 -3.31775
-0.28751 -3.16687
-0.35693 -3.69442
-0.30513 -3.51856
-0.27907 -3.64415
-0.33901 -3.81901
-0.25248 -3.54987
-0.16700 -3.56388
-0.13201 -3.61122
-0.23103 -3.14825
-0.22145 -3.45697
-0.22401 -3.66858
-0.26770 -3.85347
-0.11321 -3.19506
-0.18237 -3.46136
-0.31565 -3.33651
-0.38175 -3.83199
-0.10518 -3.80153
-0.11443 -3.40763

-0.36096 -3.46143
-0.30842 -3.52031
-0.31622 -3.61746
-0.36551 -3.82938
-0.17381 -3.54347
-0.24629 -3.61937
-0.37956 -3.24332
-0.19515 -3.55901
-0.37367 -3.15219
-0.22751 -3.19050
-0.17800 -3.18879
-0.37615 -3.57776
-0.35441 -3.55287
-0.38076 -3.45076
-0.35243 -3.27323
-0.37330 -3.22941
-0.11019 -3.65406
-0.13031 -3.11077
-0.10330 -3.45906
-0.30504 -3.24591
-0.14924 -3.77043
-0.31434 -3.46420
-0.26518 -3.48041
-0.20181 -3.39706
-0.36113 -3.19123
-0.10585 -3.67122
-0.16814 -3.34705
-0.14141 -3.57149
-0.22089 -3.78934
-0.36091 -3.83153
-0.33976 -3.47942
-0.12680 -3.28561
-0.13447 -3.14533
-0.16160 -3.21872
-0.23060 -3.54319
-0.23430 -3.59113
-0.21051 -3.36967
-0.18968 -3.87920
-0.23233 -3.74208
-0.10134 -3.56127
-0.30221 -3.88112
-0.36321 -3.47827
-0.10444 -3.35853
-0.23580 -3.37355
-0.35507 -3.11292
-0.38428 -3.29121
-0.25528 -3.17641
-0.22181 -3.50099
-0.14692 -3.42694
-0.24757 -3.78745


0.23243 2.18575
0.10714 2.72705
0.19229 2.05324
0.16747 1.94263
0.21247 2.30895
0.17387 2.27884
0.23706 2.82145
0.20187 2.27825
0.14966 2.25061
0.12717 2.05690
0.12783 1.93568
0.11988 2.10025
0.14646 2.90553
0.10109 2.74249
0.23047 2.70762
0.23649 2.19984
0.19048 2.73478
0.17850 2.26537
0.10813 2.69396
0.23666 2.74293
0.13845 2.51536
0.14899 2.92853
0.14800 2.44288
0.15736 1.81708
0.09537 2.13179
0.13477 2.29373
0.13197 1.97899
0.16199 1.94287
0.09058 2.49210
0.22855 2.09106
0.12530 2.84933
0.12343 2.02282
0.11060 2.56856
0.14452 1.93642
0.16545 2.12234
0.12864 2.03849
0.14219 1.88237
0.17667 2.32658
0.14377 1.87924
0.21340 2.31219
0.21675 2.64822
0.09971 2.07203
0.09636 2.63037
0.21297 1.95986
0.21442 2.81399
0.23599 2.84734
0.15504 2.80318
0.13674 2.32288
0.17522 2.90435
0.20919 2.97351
