20 10 4

0 1
0 1
0 1
0 1
0 1
0 1
0 1
0 1
0 1
0 1
0 1
0 1
0 1
0 1
0 1
0 1
0 1
0 1
0 1
0 1

-0.20362542607825013 -2.1276998760653543
-0.26355507777737935 -2.0772276562567464
-0.3597238026267414 -1.866302255842283
-0.2777675288969266 -1.514838981364131
-0.32569392779816553 -1.7630688384647906
-0.2733464050449492 -2.0608610176607685
-0.19249209325771022 -1.7713800279887433
-0.23799320936715562 -1.5792203311064776
-0.3383021894762501 -2.0337286616246772
-0.15494972243596294 -2.1588300206663407

-0.19878525964280752 -1.7849587654910213
-0.10802264590293392 -1.5331502405367226
-0.19242866392547828 -1.7926165554600888
-0.3779086281093205 -1.6583422676828858
-0.16428246055949636 -2.023246002502849
-0.34324410983558007 -1.771904995053735
-0.23243956670933058 -1.7546909460608595
-0.35444058786009297 -2.149291350249367
-0.29054045592459726 -1.8450248193460768
-0.25009878952 -1.9408954067360278

-0.10450963581895167 -1.584605637671929
-0.1658882500942282 -1.8656353312795895
-0.27678766850045644 -2.1473364163042383
-0.14822543833369084 -1.765527659038411
-0.11382217388884752 -1.7862140110008984
-0.1603760397614823 -2.240211055588901
-0.17326096301332522 -1.9908465077531272
-0.36473324040115407 -1.9194695551805563
-0.12544576090866816 -1.5310539984642082
-0.28487312027759737 -2.232977349226247

-0.1935367790114547 -1.7172700695341954
-0.15609443459474462 -2.0068026576597644
-0.17501589349141122 -2.2322267459427043
-0.2904683258412646 -1.6020238948986365
-0.30796379196682394 -1.7105687222770602
-0.25826678554137583 -1.6878770382205095
-0.1984481483321416 -1.770233701884667
-0.3348457774555776 -1.6777742242225426
-0.18717738869320852 -1.5848237470045663
-0.38999733914881896 -1.9305645953909516

-0.37577050378485066 -1.9020077427651123
-0.3596957720639687 -1.8557017557633924
-0.26370952151911886 -1.9129547566323217
-0.2642337864403196 -2.0921585689307056
-0.1911315448573896 -1.8148281488243379
-0.3746218893931265 -2.1761328094065258
-0.38334581129439105 -1.8367443492296691
-0.3068916827473115 -1.892789356093134
-0.38543277297616396 -1.5280337284882908
-0.2120651102020335 -1.6685712077464898

-0.275120187821818 -1.9055555494457284
-0.30518912686140354 -2.1047488416811246
-0.3404320798419331 -1.8041561946833973
-0.33090841520099934 -2.111216164885496
-0.28015028016068877 -1.8452998727604886
-0.35046197546403884 -1.6992482399976325
-0.25111782903354773 -1.556339499234629
-0.23121048704928943 -1.9474151686231669
-0.34728285451342594 -2.0961391435323833
-0.21612873656526985 -2.1842193839574437

-0.180199670903833 -1.6355248762911905
-0.15628828201977657 -2.0468705461829266
-0.27695628059521266 -1.7071607818775152
-0.1945084309036977 -2.1909911219621256
-0.2648372287387608 -1.6911259434378967
-0.24114455033578464 -2.2328820477674256
-0.3551227909698793 -1.600676964935151
-0.22973706528569748 -2.0568276360555817
-0.10119165117179968 -1.6340304699463855
-0.20969155463283498 -2.2721183822640216

-0.1314666794141543 -1.7304475947307703
-0.38083073713183063 -2.183149259635613
-0.3268476218173744 -1.7352528275850716
-0.39726032857433985 -1.9952040158281936
-0.21928303645194347 -1.5485938726528459
-0.35299433955953535 -2.1254755285300333
-0.39493473979943877 -1.7752079830107863
-0.12226083529345444 -1.9753721961993855
-0.1516493111072972 -1.8027434857055664
-0.2921375874950599 -1.6185728271413575

-0.3620805717610477 -1.8111369687416699
-0.3224700046285439 -1.8149000416390204
-0.2820813258877578 -1.8345290884350063
-0.3647830210746441 -1.7246539463611898
-0.12882076817961252 -1.8014832037879451
-0.37906936468743346 -2.079372404668359
-0.3629339412662992 -1.7317995353490971
-0.14026462435225961 -1.5226822207425488
-0.1037462099660898 -2.1105744866109313
-0.15396859441805674 -2.0803905004587473

-0.32535053038344885 -2.2496315545988796
-0.34320501246963964 -2.258950070242712
-0.2810534068904004 -1.8252813977546085
-0.3318229680335213 -2.168800019271094
-0.1089299357997634 -1.8544730169855934
-0.3309543185784455 -2.192476675454268
-0.19436349516183982 -1.6731087936516094
-0.2892470221505311 -1.5767523095199683
-0.25256991582426996 -1.8479493150216342
-0.3055926363444418 -1.8436071260674263

-0.22376039027472022 -1.7747254477279353
-0.14729144137608907 -2.1136023210389783
-0.22769584278687843 -2.106279252150437
-0.17891436275201417 -1.6251212640514954
-0.33288324053297436 -1.6561530138252079
-0.13174058942047606 -1.8536625328732534
-0.1499536415558838 -2.1165576121210306
-0.28260056447117604 -1.9692498407433467
-0.15561572713089478 -1.8951889055250406
-0.18956015396506978 -2.22594625985046

-0.31546704715784013 -2.0220895496576734
-0.15471721752119136 -2.1035253612112452
-0.21594905509536313 -1.9832129444117068
-0.216907850747129 -1.6987565311122097
-0.11770459102586162 -1.798858160502911
-0.3981291483216175 -2.120207599766089
-0.3493999026426064 -2.0305377356113232
-0.24923019021463713 -2.1346305414714255
-0.29589488235402633 -1.9516255806480869
-0.389596340189084 -2.0627464546269247

-0.20719305289344767 -1.8600638678587411
-0.15122036779969641 -1.5390204285695819
-0.273299743271628 -1.5508661492167946
-0.3760085536401645 -1.9838769863455212
-0.10069856639866515 -2.0862716484613277
-0.22572612741085538 -2.2242436777403656
-0.21012303898118395 -1.8087759676124806
-0.21442929425133067 -2.1265214675514335
-0.35416856204298414 -1.8439976495850618
-0.3330624316140369 -1.8738419189194548

-0.29118042128513605 -2.248357184367286
-0.1667725474585924 -1.9495805312975634
-0.16827043834132877 -1.9366864642693737
-0.3956155018382188 -1.9955935894506318
-0.2427148105174922 -1.8348681853484168
-0.22156899463371724 -2.025702255594061
-0.2884072609048559 -1.5821278318964391
-0.25515844316925895 -1.7695162888347373
-0.12072526054281274 -2.2152642893342915
-0.3346135937725065 -2.1657172666425275

-0.2082797073651266 -1.9335463925765086
-0.15644639491453538 -1.9378979976331294
-0.37108464904681837 -1.7411693652505726
-0.13089389647816152 -1.9812673700431103
-0.1834907974279389 -1.976451930740869
-0.346946547624498 -1.6484906035161373
-0.15431766666103186 -2.075175282133669
-0.15586159236599678 -2.187931638606853
-0.21991376302975651 -2.135686629081987
-0.23118966501566982 -1.9744509642922043

-0.18115389744278468 -1.9781980704963897
-0.24312052161483488 -2.149478729625584
-0.1998402418021594 -2.047501190596389
-0.2544150655524785 -1.9058832625228028
-0.15474119235685455 -1.7746084981629733
-0.3249463314630746 -1.5883400514702561
-0.264547614442924 -1.6571237409065946
-0.3956299606487056 -1.9406896335013313
-0.3700438329907621 -1.5255431441190357
-0.19936904379821113 -1.6402317803809499

-0.14461259677622978 -1.6287381461858237
-0.2800578208798239 -1.924189248651877
-0.2342341591244949 -2.11776300786225
-0.30170383135165113 -1.5173869021979867
-0.3079744956742236 -1.7754127257483454
-0.3836236547680333 -2.204936018491915
-0.1461971172157353 -1.6010643014962207
-0.24874007799251613 -2.0384429165417686
-0.2966786893032589 -2.000696475099378
-0.3070413151299522 -1.6506812576798757

-0.3217076830061474 -2.0571525044711443
-0.19070190862850936 -1.759524626946999
-0.2886915229870528 -1.9884441498247165
-0.3245927115263765 -1.6309971305165174
-0.3639275876468024 -1.5574400502087695
-0.1795346163382598 -2.2656551245599688
-0.34353969918600274 -1.7678214959718628
-0.3749763179415669 -1.6752867873493855
-0.10433507152514615 -2.197925600006243
-0.30106981035354263 -1.940369637241115

-0.185706673748429 -1.577860041685225
-0.3158361582701882 -2.0153555768597227
-0.30997084286535437 -1.8986773026322825
-0.3682828650597974 -1.7926826850776862
-0.26986816657891577 -2.0363575145429977
-0.3051490982169631 -1.5777162915577219
-0.2413514649113683 -2.241250305589103
-0.20041645397473692 -1.5785374894109394
-0.2636570053428655 -2.028723208420429
-0.2366623441608255 -1.9379922572965176

-0.264061536701665 -1.836426739870871
-0.3065412478259854 -1.541931063432252
-0.19651856149535052 -1.6418523522975859
-0.2526032911586781 -1.9289432805076903
-0.2730191174731669 -1.722333848164066
-0.16062279615916777 -1.9913802408361088
-0.17594811633651053 -1.776031406714569
-0.2840567715105318 -2.15688459845937
-0.10777981319139945 -2.1179695890200216
-0.18237633825837 -1.5856885649991606


0.14315539234869512 2.46196345657303
0.1586809077131427 2.4840431235316185
0.11479828908977377 1.8690914553656524
0.2295675090003193 2.1079624407823876
0.08950428459508225 2.466151980703862
0.2066171929474736 1.6302281545216502
0.07722564619649787 2.2721764079030735
0.10936032176486624 1.7609274447193908
0.15100325261002637 1.7047293596420685
0.2264721049749306 2.3941557367539037
