20 100 60

0 1
0 1
0 1
0 1
0 1
0 1
0 1
0 1
0 1
0 1
0 1
0 1
0 1
0 1
0 1
0 1
0 1
0 1
0 1
0 1

-0.15775654557586807 -4.5445731729518215
-0.2855384079849152 -3.8704598154274845
-0.3535059241968715 -4.466389023010029
-0.2556856668442587 -4.470778330895286
-0.26969817980729294 -4.547775247102954
-0.3895551640682443 -4.091574104334463
-0.16504791939405952 -4.126940205566731
-0.27205336799738145 -4.1102447696380775
-0.36090170008027433 -4.063491105728728
-0.367450224444535 -3.874517882936326
-0.27765914445513884 -4.242527958289682
-0.24445504872350837 -3.8592201891361695
-0.3581607801390676 -4.133669716115098
-0.23192718915894397 -4.280855660621624
-0.17094122582694618 -4.219058830950607
-0.18646826384257942 -4.043866233928206
-0.2103937983817613 -4.204260667515908
-0.2748547039293116 -4.047760430926187
-0.23303449621794484 -3.912572603692394
-0.3488427405919674 -4.1981144193327165
-0.357246304874602 -4.483931761588989
-0.22568338727449616 -3.9175758122787774
-0.2517618073851837 -4.527774934897606
-0.3303251384190417 -4.041273479891676
-0.23706364244713024 -4.015878981555175
-0.21843868587099527 -3.8439776889832604
-0.18678401380510604 -3.8381118473858713
-0.19471081731096107 -4.21318890956252
-0.27547836887418164 -4.181740559104729
-0.10466714311532199 -4.353519682620159
-0.354834473498646 -4.0289471309260945
-0.31143883940582595 -4.3586397160841885
-0.3639637121676498 -4.342762578735662
-0.2059650381655959 -4.361140582275092
-0.1647965002809707 -3.995672452388746
-0.3326817315872712 -4.4752582774441585
-0.33998898203123457 -4.5046058908816615
-0.17277545143191897 -4.375129353621086
-0.39426386941162406 -3.9027772025789
-0.22628129708744846 -3.812814109102395
-0.14745360788958167 -4.4018162134357315
-0.16911426069526436 -4.0717448114013015
-0.16638982325447127 -4.022087295180185
-0.11767624056969189 -4.116540545238499
-0.16451485143003128 -4.223479021197341
-0.36023333921985196 -4.309150444707393
-0.2480743707368958 -4.09178014399913
-0.38429859004693856 -4.562529402055011
-0.19616503935137322 -4.28667431414258
-0.39409226920556706 -4.065884908083124
-0.2332182611547564 -4.036251019777636
-0.22570976044400776 -4.381638736566596
-0.15730276950786912 -4.504153029419778
-0.20699326960722922 -4.393665223696802
-0.2685367479542697 -4.415851293399438
-0.37672330300115936 -4.072926515912119
-0.24702896139884162 -3.9993680165451604
-0.2527501893666849 -4.485606949417745
-0.15005411315233996 -4.008744668943388
-0.14217301938277627 -4.211880822504392
-0.3684182253034477 -4.207757965558993
-0.3892045459890557 -4.5540916743135895
-0.21560702722985206 -4.070182894360268
-0.327683438129668 -4.302394789988412
-0.28931890936571114 -4.092595412208878
-0.28050832602948655 -3.981304626166697
-0.2451526552298211 -3.895784427946401
-0.15885583038690304 -4.230253355414007
-0.30897719677224367 -4.33610469922977
-0.20254389030290262 -4.114074608867908
-0.12752784313948562 -4.2369398162162835
-0.1439408632707353 -4.107755451315087
-0.11577891901042203 -4.367216277327573
-0.15306329005790856 -4.543953297914527
-0.33003308947983856 -4.494340030758888
-0.10483725634690916 -4.203016216633975
-0.32292171453655727 -4.169119747937275
-0.1617637435855118 -4.22572821696262
-0.31577385795999446 -4.0590838515830185
-0.35632308950755637 -4.5489251681348195
-0.32855924841114403 -4.291573793413143
-0.26532437274617493 -4.3306200816032
-0.37883228814950504 -4.558420980186955
-0.394133217519304 -3.974476331335472
-0.16520223609278106 -4.265944593714429
-0.22233531704669018 -3.9471311222489036
-0.35382542350503426 -3.9362606076526805
-0.2619092882196763 -4.002880612086374
-0.38530516524684666 -4.1053586336533145
-0.1431154373543203 -4.479657409249116
-0.1598400050724469 -4.1648561119066745
-0.14720867496621215 -4.330733118051236
-0.22515978360448616 -4.108931491500944
-0.2743310589677024 -4.139386823878666
-0.12524145494554578 -4.1932795168059975
-0.2566653247017551 -4.1602667212455176
-0.12300936602169538 -3.889167703696196
-0.2438969249446311 -4.29362233903071
-0.10305495334958187 -3.9363188111728906
-0.1826999582147279 -4.127165637585963

-0.37976179050687586 -4.412074522539063
-0.2025377089638979 -4.23921870753627
-0.1330403875214221 -4.3700920720775835
-0.26201230795708447 -4.095251423802413
-0.26329151592335476 -4.3816855845142415
-0.145547160732317 -4.3870962955296
-0.27369026934903395 -4.4633984015606885
-0.2572252965168577 -4.466471341682016
-0.14823806606312961 -4.515670038433787
-0.18415188751506256 -4.048789107953776
-0.3479393864596072 -4.074909941469923
-0.34815179923002737 -4.21745485759126
-0.19900182224989568 -4.56840321802055
-0.30192940099649995 -4.372769688427963
-0.250351786477701 -3.8910519909133434
-0.2941639388546913 -4.34942302715713
-0.10965077160093711 -4.153283157208755
-0.3976915966313937 -4.313436360504021
-0.13928854790005835 -4.356802314128115
-0.37185482985689366 -4.433720420564611
-0.393046425662495 -3.8644317021234724
-0.2318138878296586 -4.230812944186486
-0.32643043351876844 -4.36831631774149
-0.23402214907095747 -4.2634434985601315
-0.3743573773161931 -3.8953655474189968
-0.39401000311409545 -4.42876362755432
-0.19214147121493388 -4.555431380316759
-0.12230972253491346 -4.476643447337507
-0.34885139293344747 -4.03383024139931
-0.12194450508970212 -4.577238764893276
-0.31155426673761943 -4.205513534590831
-0.2838903569600108 -4.407282560056696
-0.33770308526829934 -4.166227004417682
-0.23105933122980213 -4.391268555461583
-0.25394234340350796 -4.575077393519233
-0.2660726694425076 -3.8970706306860845
-0.2594275215639714 -4.52313608797221
-0.10359237637139856 -4.053912319497749
-0.3622222044298422 -4.406891701643686
-0.13723864496857868 -4.337787214267231
-0.28038477754834756 -4.140410202665734
-0.2703055886731388 -3.915852878850807
-0.3165764484745766 -4.351682673053657
-0.1935683803693552 -3.9602712919995278
-0.24253312759224416 -3.823907119661036
-0.3432929927504946 -4.415934830615176
-0.2563976958699813 -3.962460025367252
-0.298351531247345 -4.077145776636586
-0.3085574819876623 -4.02138748926624
-0.3786203916293795 -4.190830227211422
-0.32082996047855855 -3.998281861903545
-0.19038725300970277 -4.077700359383876
-0.29616408851942383 -4.199106060544747
-0.3379362575328305 -4.077882738153877
-0.3372599405510056 -4.057438446242659
-0.39504160436842317 -4.408748382319066
-0.25993229504461934 -4.04186370531777
-0.11299777776162812 -4.179509672443359
-0.35598092525619934 -4.496518847497636
-0.16682049284243133 -4.036133578136725
-0.35947790269169144 -4.3045228413154915
-0.2791607342516529 -4.076423266973592
-0.15545566483482992 -4.143452164542128
-0.3624636974472297 -4.185720582266576
-0.18675186245041747 -4.305013719441504
-0.21718169358470252 -3.941372353826362
-0.2031032150740655 -3.965884193736029
-0.16774485526308733 -4.063433665784547
-0.3020473784696119 -4.151155474882607
-0.287682669305036 -4.548502486659582
-0.24504180385145904 -3.903060576870218
-0.10774289069505588 -4.243215093232094
-0.16429339080013683 -3.9405573017474707
-0.39159274936850047 -4.319474387976034
-0.14791635882303233 -3.846882508102045
-0.1109067101246844 -4.13272625698883
-0.2960476713663578 -4.359943387958481
-0.33473260351576906 -3.868394687318406
-0.2733919112289719 -4.380425350033644
-0.3426477862114246 -4.477228132609476
-0.2809022950321242 -4.1563963269589514
-0.3958735440169753 -3.9390283554104215
-0.2225968010155304 -4.082943372425763
-0.13036014653218153 -4.317638383498089
-0.20832592393830762 -4.146691180035484
-0.28341868226265643 -3.8181294238299963
-0.3691549878855018 -4.012171266358211
-0.11733332210253922 -3.9307187419718175
-0.32372993368437025 -3.893920191451252
-0.3734062977199561 -4.344285181723175
-0.34396189764146906 -4.434145683691555
-0.1396076811437108 -3.998050632760087
-0.191516068188422 -3.8787856052543317
-0.3776161793117593 -4.088206901408083
-0.2510333253740346 -4.208612499894194
-0.29750011667239806 -4.01843290635078
-0.2608967163546375 -4.278495185586259
-0.342756549715342 -4.065436899565345
-0.23006755139868776 -3.905623227937617
-0.3836347248054123 -4.537646589525208

-0.24079850151027818 -4.169876754548543
-0.2897378673463079 -4.235458025026449
-0.2160996760785641 -3.8753069022332056
-0.2484148925613372 -3.9061851149372453
-0.2686383771038488 -4.534326078311241
-0.11511955398788087 -4.460709521806328
-0.3419618412325042 -3.8175922325564255
-0.38563522177257625 -3.9124520088293497
-0.3770460553799761 -4.0070349718469505
-0.2588402161809423 -4.280646934793513
-0.20901001526043336 -4.473617039456034
-0.39154363538456016 -4.3205416233575304
-0.18221128204986314 -4.289111490337533
-0.22121718945285127 -4.069369564401629
-0.10160878766469833 -4.200561777937917
-0.1591260530251924 -4.237634902361151
-0.2686613203687317 -4.402266593161441
-0.10288449747509992 -4.156390910473127
-0.12376818193002065 -4.105540023263966
-0.28300192071589336 -4.1640658400191715
-0.36827080566773573 -3.889971189820649
-0.32339052496467025 -4.287529168929379
-0.23190685941304134 -4.377417244714501
-0.21267796436758166 -4.507335902474876
-0.2451750514396161 -4.024803472389206
-0.11483781079629324 -4.404408236209294
-0.11437720897750064 -4.129756233067445
-0.2504938129284818 -4.3896458733157235
-0.32174217810503125 -4.410472024564795
-0.2741995589710754 -4.311566901766469
-0.3680790217463401 -4.364906721874668
-0.28701372809070747 -3.907779961526188
-0.3713846600425292 -4.363703211509466
-0.37391513297547074 -3.826525151360675
-0.11508089391097864 -4.327104751551434
-0.36405053141210497 -4.200774902331818
-0.30136185000148846 -4.1669192080291655
-0.2840175997238956 -4.046364419982292
-0.2989660811479581 -4.456033999239649
-0.2795228652014563 -3.9498886027828872
-0.3205671569954436 -3.859363151157748
-0.291821274201295 -4.138795496664191
-0.3457286954133366 -4.157319978836838
-0.11047493204902076 -4.287121148418991
-0.17770716032847733 -4.3351387766151355
-0.14990365187825222 -3.9999424179486818
-0.27117483978293716 -4.354614221329483
-0.15163443702619045 -4.444720554574045
-0.31534631046571143 -4.283762084666574
-0.2670655504392845 -4.16940562858903
-0.11554062715527574 -4.35443475663425
-0.3353806140383449 -4.476056313943205
-0.23311133195505382 -4.028377803778359
-0.2583452109567048 -3.8211364734711495
-0.16931188894933502 -4.289470100892501
-0.3700985580869085 -4.499170264742227
-0.24934196559265567 -3.980943546432535
-0.3896365198059132 -4.309065013401179
-0.2947954544483894 -4.386373426735824
-0.17435125644427873 -4.118925657198688
-0.12580800670143993 -4.285190904078781
-0.31551907455168265 -4.531015657351797
-0.34160355384293106 -4.242450939573809
-0.32896848829066544 -4.296068255135912
-0.10806900276022235 -4.514707466259041
-0.1612731204326582 -4.2916127539936
-0.3722671447273661 -4.500084506952155
-0.28509498532724814 -3.842037961993232
-0.22760710313449997 -4.100471469604098
-0.14445741725534839 -4.375246262384861
-0.23767152893769777 -4.36392478909151
-0.23760499282601086 -4.233939484632005
-0.35831259095369716 -3.854415825538634
-0.39606817996702487 -4.3266857730622394
-0.2842149708215894 -4.4365621153908155
-0.2076507064436566 -4.321864371860544
-0.36125018454708513 -4.33377458363786
-0.12573727277543872 -4.2532581904411
-0.3886512314232759 -3.8505346377896674
-0.13118679904094338 -4.575013460239288
-0.3232789995825788 -3.8856706786084647
-0.2752271671617722 -3.938684962676102
-0.34854639924853204 -4.358014234046647
-0.29416537904086093 -3.8761332007889653
-0.188335540315367 -3.8675049842914593
-0.3178056497513735 -4.05778008036505
-0.3050457286198883 -4.058646297825655
-0.15262118124273108 -4.146873192718199
-0.17810036954945566 -4.347876552229452
-0.27817589775507273 -3.9259845646155167
-0.2444142709956035 -4.446599611102734
-0.27051697159313437 -3.946435682913547
-0.20388778961772533 -4.303953308296337
-0.25367845957686963 -4.288827764441435
-0.176974618691991 -4.0293313056719535
-0.13914647536176716 -3.9177654269751843
-0.399056110753194 -4.2976012716117795
-0.21624395476857167 -4.0492447146249795
-0.24526612110371776 -3.8531685865112357
-0.3136592514063747 -3.9510702633868675

-0.2565325242872416 -4.1974163469893435
-0.20662552039068738 -4.436845090540382
-0.2609669832879954 -4.115563643762183
-0.329095911095939 -4.417236672327627
-0.29198270828646117 -4.378041317190189
-0.3321194829938738 -4.499484319310458
-0.32730433340397214 -4.096078325228615
-0.2283459840471936 -4.254529604804358
-0.2003975033908697 -4.486176425504429
-0.12638644626249224 -4.2664489376952135
-0.33273880774043585 -3.992842238991752
-0.3751701746392926 -3.972251702799757
-0.1497447579351327 -3.947482671878676
-0.16132198933755804 -4.500105234804879
-0.1594227507651896 -3.9140561366333904
-0.2984502210533001 -4.388976470333973
-0.12588689627414262 -4.080787523047906
-0.1525353498296796 -4.031683479838671
-0.3028701538985635 -4.476840807466619
-0.10310813743114117 -4.427206552110087
-0.14718209471759386 -3.921493953914588
-0.23981946509780722 -4.527641145350394
-0.32104122766519294 -4.309531959595434
-0.1505225775770217 -4.284652800995595
-0.2294048709260118 -4.545802160276777
-0.2566334950840743 -4.024543676583301
-0.12029979815775743 -4.031191640865317
-0.37200548876026573 -4.516739166866734
-0.2204103151982975 -4.358753365731885
-0.3470866475759887 -4.325712781140778
-0.24726683125620003 -4.536077804327625
-0.31509390143222504 -4.404773864355294
-0.2593125652192717 -3.9105358170645137
-0.23567549545027602 -4.560864166576375
-0.24340052074789556 -4.433746739134585
-0.1359668877521587 -4.575871144334156
-0.15047976933830315 -3.913441196420315
-0.16663631541370288 -3.842935052454977
-0.27652259460388395 -4.280045014847754
-0.2827935558346645 -4.146068429377711
-0.17751217042813128 -4.144336674448126
-0.148222587151705 -4.35207290379548
-0.27678555324336424 -3.92007800880093
-0.14135430681246214 -4.41063344808555
-0.3554786733311456 -4.364882470994845
-0.15143135964305277 -4.207917148691333
-0.3686288498511415 -4.068466371778458
-0.38020075592143 -3.8872043545302306
-0.11809925096317042 -4.011156787237257
-0.38480885399430803 -4.09891686741982
-0.21381694985411928 -4.271619699422485
-0.32239718226975617 -4.272489914580723
-0.3733504278086075 -4.533291548471499
-0.2858133954029473 -4.16607853446055
-0.30097825540499823 -4.0893555255964396
-0.16389487054461957 -3.8565094499566914
-0.13549917673475742 -3.886731993416233
-0.20124917550325608 -4.031250552399946
-0.19620668630263258 -4.245423907997058
-0.3059839130104028 -3.8682102716009714
-0.21524315055343693 -4.043946715714364
-0.1471067718894673 -4.266194402695316
-0.37661046257423547 -3.9387896932134567
-0.26331544552668895 -4.533522298732849
-0.36451717371502135 -3.846263086145003
-0.3836007929148601 -4.379463304227288
-0.10171585280775453 -3.9779428935096073
-0.275711158412368 -4.555000878917934
-0.24588664184149245 -4.12567043705708
-0.36687940361631577 -4.345516386615706
-0.1617855719552612 -3.8255503069393035
-0.3553709762526624 -3.9690269277643466
-0.35431584868449945 -4.329751892936259
-0.20544411659652922 -4.52422207898631
-0.3356937081279596 -4.050916911745438
-0.22280525472982862 -4.2674856634056795
-0.25094375583866946 -4.467107498596107
-0.20283796156729775 -4.067877129052752
-0.38363831769934426 -4.393853578439677
-0.26720874444202214 -4.185903309800876
-0.39654022482132745 -4.326704316569976
-0.12551465094376235 -4.152276647646417
-0.1478928255298133 -3.8327180595177026
-0.29935171001237504 -4.569568721055821
-0.37694764791567503 -3.843948560087248
-0.10609470416898592 -4.220352668083278
-0.1606842769857332 -3.9785383709368527
-0.1673430613680157 -4.4466222094273
-0.29621694437096824 -4.2580362156643075
-0.1811928403974193 -3.9407188930718617
-0.20014847237727976 -4.043105685607632
-0.1692804356023439 -4.254997283754013
-0.3662875648491365 -3.9163685297490454
-0.29215057005238326 -4.4523141995753255
-0.15006496527125632 -4.133335183608605
-0.1260567350171632 -4.571553178786974
-0.1496553988789947 -3.9798561580233893
-0.18446675557277104 -4.332693217263663
-0.14226059000252084 -4.343668082319615
-0.30125169609531105 -4.525437202534388

-0.24870345703560048 -4.305997779018373
-0.15444945771423116 -4.341333479601977
-0.37707905052129653 -4.124970357375372
-0.16403897180542676 -3.849401176896672
-0.17996607589949873 -3.834831727498557
-0.3002970707869318 -4.336626967603779
-0.22256460797424377 -4.4941082438826125
-0.2607570039321714 -3.9486384109039867
-0.13084942283751455 -4.1224459001843
-0.3592102492674025 -4.219445060876131
-0.28144549467944946 -4.361654793831489
-0.3013312801888777 -4.405373015800339
-0.36901748005470375 -4.221261145689614
-0.35734335714118204 -4.36326030188578
-0.1281341223073721 -3.821140899340873
-0.28490905400851063 -4.35000368658818
-0.2671775576142057 -4.400380522527952
-0.191087500680656 -3.8353403023607244
-0.2803015296395777 -4.183100358975089
-0.19400582862318377 -4.196016383540357
-0.16992503624490798 -4.3905846975059
-0.12051419381563788 -4.25585931223594
-0.3662164873484269 -3.8746273432879823
-0.3104998627877896 -4.023482387179534
-0.34439470555170554 -3.9500040027432846
-0.35475553283717953 -3.8804707202488466
-0.11104906139856013 -3.8230764017066914
-0.35387110962706586 -4.4116637674262575
-0.2604302208221263 -4.461154047049262
-0.26484868262765604 -4.504687853506915
-0.29194620395582527 -4.176271737863389
-0.1965248886954207 -4.379216170267939
-0.17982241286935002 -4.242768153584611
-0.35609209289655014 -3.9242541168081346
-0.2957162595407118 -4.334383939320901
-0.3210385117544863 -4.013716633582111
-0.1177551215045437 -4.096538993155747
-0.28551718744425136 -3.889728725009313
-0.3453260092468413 -4.018942653053312
-0.3956556826285388 -4.014028197017976
-0.21724575630058557 -4.1396594282898995
-0.3834929640400494 -4.259640703341974
-0.2455274902104434 -3.884173066284693
-0.21433615237279618 -4.213988458125261
-0.1581999728716593 -4.1240421148231405
-0.1489898794479239 -4.154993689484809
-0.30123860595103463 -4.570525816457558
-0.18244469901714366 -3.987674304930859
-0.2959848739241911 -4.489298581903282
-0.35480800422730296 -3.869905252743078
-0.23022694115083595 -4.406797225893037
-0.22547077437213658 -3.977914119083217
-0.17109805244984658 -4.402827842364262
-0.16958095943908513 -4.109922845580365
-0.37733029867912316 -4.484758025842431
-0.36327889183784623 -4.539173133737494
-0.17664466617726465 -4.41072811858716
-0.2480006019690807 -4.037071574545436
-0.19233841232428342 -4.343712367262076
-0.366553909967822 -4.117049847866471
-0.23112499145324292 -4.3490850067692906
-0.27547465920179764 -3.838302089139189
-0.13593524524951422 -4.499234268700507
-0.31652241568209505 -4.157422983795165
-0.27031974179371954 -4.186486331695478
-0.17684947925997538 -3.9214306656138795
-0.2676567607101711 -4.019390627211081
-0.353141320100654 -4.537909677025001
-0.16467342993774126 -3.963425286143661
-0.29876009727030445 -4.098659438910655
-0.2887724744432845 -4.439607815830148
-0.10632099239479453 -4.533824645332024
-0.21015261363471122 -4.356386850318935
-0.39190293837062984 -4.0821035002809545
-0.3987057081663969 -4.359448568657234
-0.13790293803857234 -3.961595296599705
-0.2986735643697064 -4.536130213688218
-0.37409758090523415 -3.845074733567042
-0.16532704829438052 -4.53238471745549
-0.3598276497817226 -4.255762957812513
-0.16882155254984055 -3.966258922834242
-0.14666652510508327 -4.337447016816008
-0.21496490603136564 -4.413351054753291
-0.2006581283809359 -4.4861234684714475
-0.322334083000329 -3.9043356754456777
-0.19381117246231375 -4.284292267356894
-0.2535970784613223 -3.9378089186670913
-0.11966526939413263 -4.17442868695147
-0.27732899306504877 -3.9487109132358
-0.21797575147509007 -4.442460092896347
-0.23285158329255112 -4.330953781210992
-0.3449435907605377 -4.393519260261342
-0.17098925611338325 -4.1894929050427905
-0.13015162788961376 -3.8609712419037763
-0.19951579743945821 -3.9577292491587355
-0.26502664724854075 -4.236138306292934
-0.33016234897223906 -4.00206005203962
-0.3261157756472687 -4.027867024284998
-0.3484198922140701 -4.4434325720373815
-0.15333944653688036 -4.3333363428905125

-0.3541424564607211 -4.087661784862387
-0.38078856936730937 -4.2314577900616355
-0.375083891843902 -4.350570506813671
-0.23218845641254532 -4.445649435599774
-0.2331970545707276 -4.277063722304054
-0.26527836936646365 -3.93253313299662
-0.36555106171453455 -4.27055141171116
-0.16307701159192473 -4.327377092452658
-0.35128775637454124 -4.0899413778135045
-0.1681537069640803 -3.830791527557678
-0.22745528143426272 -4.518694319947288
-0.2426560549958307 -4.23224058576968
-0.29004144351933725 -4.03597715607714
-0.13421985271754816 -4.553219998626707
-0.38266788407168345 -4.084234748691202
-0.16984362695543048 -4.036582156810901
-0.3098697688992541 -3.906401615055867
-0.1974557561475855 -3.9578899848326303
-0.30762824089076257 -4.517774022306543
-0.27222762118993943 -4.017760627950099
-0.19916047681833385 -4.123074010825731
-0.16206634815547474 -4.457976670633164
-0.13522286760338426 -4.243336073835578
-0.31742781242268864 -3.9907082916342485
-0.38757848094036756 -4.474258526281955
-0.1294904362757789 -3.907717486525226
-0.13007331366429903 -3.9348542664255284
-0.3066101449417958 -4.376310470476101
-0.10255938072559462 -4.412514469353475
-0.3119984447532826 -4.535056166885389
-0.13884077353294855 -3.9632843764556958
-0.3796946439341102 -4.265643062912845
-0.2413608414118571 -3.8439341375699474
-0.2281587090634009 -3.9517964967043153
-0.2518188270767052 -4.086370384865458
-0.21773081353649945 -3.9808015130458365
-0.23407143317753748 -4.044136536319114
-0.3899911293772312 -4.273717759859497
-0.35016679757015406 -4.176852934269655
-0.25330369651651274 -4.0761681192344055
-0.31504983201779546 -3.9977847953501313
-0.384756718134608 -4.080958283319333
-0.34873948914722325 -4.462051480499182
-0.15366879455862972 -4.17842404924104
-0.2658150542358531 -4.205201288831317
-0.28593830999510794 -4.297468325995141
-0.2955628578802434 -4.318243372874301
-0.3037917786661853 -4.2908396898957415
-0.1795361049021267 -4.523455615786204
-0.2963111506450026 -4.056770389601288
-0.35048415911083036 -3.84825181363211
-0.23050926552251777 -4.501179375993108
-0.28902873339573903 -3.8721429027742857
-0.13020086615120596 -4.348909036981572
-0.20234846272773427 -4.445994005051057
-0.16649175935048502 -3.9479693426310893
-0.1877689361589565 -4.262939957213316
-0.27451911655247996 -4.536092106937041
-0.26235477376917926 -4.574477524553085
-0.2318053927256933 -4.543959055825528
-0.3558097607937073 -4.347877619379665
-0.11030095135375778 -4.325379643011822
-0.3318295790124924 -4.282426718503195
-0.26322415539343125 -4.466490037957579
-0.26736894197228966 -3.988067725256741
-0.3974900175858109 -4.066939808189602
-0.3093167192561639 -4.265832287111463
-0.359948841316269 -3.907571425951973
-0.14649201112797872 -4.363658983054042
-0.24919101122046824 -3.8662638757211774
-0.1388654345377246 -4.4411372326211636
-0.26766772010876366 -4.030899272953706
-0.13490741877236445 -4.347449421549017
-0.2964902009115233 -4.390961617747939
-0.34456440043661873 -4.477855840339643
-0.3863338626371036 -4.143523953692555
-0.3133933983771825 -4.008223569984352
-0.2227478494897317 -4.153481099297475
-0.1330995461167067 -4.34999569431785
-0.14209834568574048 -3.955079378822806
-0.3787760505442247 -3.8373635109881494
-0.14607752752619096 -4.505600003122622
-0.30593511683205 -3.9752732938287996
-0.36075905436832956 -4.429688769520467
-0.3785422378809513 -4.525021207473711
-0.31493749759633294 -4.473130428846028
-0.11134667917668661 -4.205057814851351
-0.10683142775801174 -3.861351653720207
-0.17622033223466138 -4.327358059654192
-0.2032829227920539 -4.144296276891886
-0.26367112127825987 -4.3273651827504995
-0.17080768717488465 -4.463562930356626
-0.358842435282826 -4.263463650754672
-0.27655759266567126 -3.9960199591228474
-0.34270479168991147 -4.000062321853039
-0.37247241138944426 -4.199925927337684
-0.1542086594203497 -4.052789951740536
-0.23420613892324277 -4.0227025473665075
-0.2048309204918292 -4.167954124118846
-0.3461208922939941 -4.410803462328397

-0.27178293220375704 -4.4461285323786655
-0.11278322946078195 -4.5356984607708295
-0.35200927443251656 -3.850927735549004
-0.20504878728124357 -4.51863337725285
-0.10386451436800914 -4.311218778637233
-0.19851561841623014 -4.578457247383277
-0.2204458523854601 -4.24438098097867
-0.26124209062684217 -4.409653627831365
-0.18338826813842965 -4.542724675434933
-0.16778516824096987 -4.470138284331101
-0.35475066532487376 -4.263289749630802
-0.33049832547208663 -4.398965710942977
-0.1793458187479411 -4.278434742699427
-0.2503265004862014 -4.154821857560853
-0.17589138051565906 -3.812121738450218
-0.12870523344242057 -4.441964721543482
-0.34921523095879276 -4.575256271346093
-0.39188135934894774 -4.281036740460988
-0.3071108719965383 -4.104236429041003
-0.12595724264283087 -4.296307124414291
-0.25836227309852355 -4.5554796004856675
-0.30531179879176923 -4.224731930729712
-0.16003485203689014 -3.9382076590347204
-0.20731158166016797 -3.8289689012718644
-0.1920442817258564 -3.985281719498327
-0.32357375035883795 -4.3848611959508315
-0.2973155007578744 -4.252118672878433
-0.3142018784521684 -3.8656744372257306
-0.17217675111590486 -4.0659016841241655
-0.17896027688847704 -4.219946722468446
-0.208001756288779 -3.8180313100218894
-0.1983635105721424 -4.431980171552086
-0.2947652848107969 -3.8240079028591376
-0.29159877018555624 -4.015120248190005
-0.19172230026852938 -3.8385978296966106
-0.1622299781801686 -4.273418747811044
-0.17204137391127639 -4.554582902106592
-0.3895031677569932 -3.878750428247731
-0.1475965500974563 -4.387620086537376
-0.21138171370923298 -4.274356685910701
-0.23237822279574874 -4.4909952194590215
-0.38226745248763777 -4.363024910809813
-0.3236779400566858 -4.419692765004107
-0.22958819744861658 -4.382115815441459
-0.333371238072045 -3.8392303315049223
-0.29460986078667817 -3.9542425945101143
-0.3610247762926634 -4.083308322717489
-0.3973771175513666 -4.059279285149633
-0.17682588345957617 -4.05269970677381
-0.31103392091815807 -4.197729692781956
-0.1882366685407035 -4.330332412436418
-0.34926646672972284 -4.227104778552252
-0.3787413665853128 -4.171110542132771
-0.26607292716381536 -4.418931142935365
-0.3257151445095201 -4.552271774827427
-0.14227775361619144 -3.932374073459056
-0.2666320207553502 -3.9172875140539745
-0.13421485652243825 -4.093712408842954
-0.16778567069523687 -4.361293633706684
-0.36631531334071743 -4.322505916406074
-0.39829616207993984 -4.38400494880356
-0.29802207891153354 -4.145551989373631
-0.233367951739765 -3.946968184919571
-0.1002235886504248 -4.416726969923656
-0.3126661761976747 -4.084234630338948
-0.16847508602617142 -4.415476101269812
-0.1308493946551445 -4.040842819663689
-0.20454680349006743 -4.465191729402128
-0.23469590611489738 -4.143958192887219
-0.34173666179882756 -4.1139884949336585
-0.2446411942315062 -3.8262171546857835
-0.35741822907464005 -3.8482857123621215
-0.23531217064280455 -4.5183545610137195
-0.31405101619654363 -4.227893177006316
-0.2991290908227934 -4.341917348024456
-0.2540961733345724 -3.9094718389793757
-0.22652445099838817 -4.5008535472917
-0.2503149552055629 -4.472004435680445
-0.17751169771826397 -4.40608687168501
-0.12234954308625695 -3.904273439005971
-0.13115493107015125 -4.4830077386944325
-0.24357135456793247 -3.850114473724983
-0.36356742821665344 -4.138580231438752
-0.2800186962798696 -4.259676337290796
-0.2899868839372812 -4.110401538803632
-0.1636847616455093 -4.454147223844034
-0.3490481746872395 -4.450110597181174
-0.19577227642645625 -3.84347227539536
-0.113164919810474 -3.993268906895561
-0.3367848713330405 -4.0168041735392785
-0.25819692983711573 -3.8536189101162837
-0.31597632827447797 -4.126853474494281
-0.15522343854607332 -4.066892358645298
-0.23823478889887692 -4.253545436011913
-0.15693815952888224 -4.020624004933735
-0.1441420999110231 -4.457072994917708
-0.21127514361769686 -4.374328128618154
-0.19325429179025913 -4.152367384301561
-0.13342386595674455 -4.000732644939843
-0.14991904891949137 -4.171385211617605

-0.3003770483292765 -4.40877695096503
-0.21006903700622506 -4.13406480173288
-0.31495382859739596 -3.8697013536426734
-0.30997824825209397 -4.3288649815525035
-0.12332948096599927 -4.039395566028099
-0.13346571557134074 -4.368678640004302
-0.14017626936344574 -3.997961980289369
-0.34454066017964197 -3.937743411553334
-0.3534482925658672 -4.098836358298239
-0.3557468127619014 -4.347548951035848
-0.35473836131750813 -4.295245597801609
-0.27175073551045703 -4.072965383487035
-0.27554066569310354 -4.003959819800352
-0.3738053048350878 -4.163757296239585
-0.3884453341766952 -4.465118646113246
-0.14614008175549426 -3.9343372039095406
-0.34068955933144196 -4.345711465404639
-0.25502433471775143 -3.8687872386488213
-0.3612366456914629 -4.023207422732366
-0.3634672515395293 -3.998299792944395
-0.20500472413083112 -4.236236945932034
-0.18733065316930841 -4.174282474116421
-0.1632609314395645 -4.326130431580252
-0.2118766845727773 -4.3549994091011754
-0.20320189488350046 -4.173279220335932
-0.37173725250421347 -4.439705198965694
-0.15967865966710101 -4.408608187055454
-0.23850664840258567 -4.2648941696368095
-0.252640005064928 -4.021257446123452
-0.30115888703987975 -4.154096417453971
-0.1012599512750374 -3.830236847629922
-0.31820334616588264 -4.470645166489249
-0.14372235516821746 -4.579660674919371
-0.20241913837346026 -4.118370610187001
-0.3493176038772212 -3.8818172015160712
-0.39668839182402427 -4.503669122626357
-0.1593014035445525 -4.2695384299040855
-0.18832231723847204 -4.253583543052349
-0.12027950580370039 -4.353096727208694
-0.12720025582136635 -3.9207522127573355
-0.23965446393579645 -3.9213356087326723
-0.39357508913235273 -4.214597004197351
-0.2145966598149647 -3.9191327272209766
-0.1732580988219613 -3.815713827653675
-0.3595499493550286 -4.213063973947177
-0.11718902917116242 -4.108796122084169
-0.11246062240680404 -4.4338015119435275
-0.1464071496451646 -3.8311040753045766
-0.3992816259803296 -4.205671574945107
-0.2030300614018865 -4.092833018240022
-0.2708665301958799 -4.510605997132475
-0.37154542425974196 -4.287256037678254
-0.2503249756752507 -4.381562777252623
-0.12415305006518851 -4.025519651325347
-0.16137189419946724 -4.292970657525482
-0.26480094291368017 -3.9563546423506084
-0.19742390451612638 -4.235477973238166
-0.30585603855993093 -3.9514444093934094
-0.11166949620747213 -4.022316791918847
-0.21188116109280583 -4.040880847118093
-0.3328918725121529 -4.38187535398518
-0.2692681089094392 -4.496715309999296
-0.17494371623680177 -4.544193832238936
-0.22584616214516137 -4.2674739987930685
-0.30805404059493907 -4.091354110745632
-0.1956229417464453 -3.9345349833656087
-0.30369597130501913 -4.293226677936323
-0.2578163372750085 -3.8229164608401947
-0.2187190212020806 -4.157864589962537
-0.10052768207553431 -3.87084002367715
-0.2357747794451347 -3.940418024491302
-0.19124191396728216 -4.119046471169178
-0.22924377572276142 -3.9216595370623706
-0.21646798040704887 -3.985991859309101
-0.2592399888557094 -4.3141500657051886
-0.3153195623223492 -3.9622848265892694
-0.20755492550065704 -3.818061913141395
-0.22784321342984823 -4.214699685575797
-0.3952797137990374 -3.9842048957702154
-0.3400015128180398 -4.4745459062463215
-0.3574472638042472 -4.1847694850326835
-0.15371337409346125 -4.001711953511558
-0.2243536420362263 -3.950253739776705
-0.2516757652956493 -3.8374213311828536
-0.1062670947433304 -3.8723200476365593
-0.13623373402238437 -3.9802676885428134
-0.37758353586589405 -3.951173674699172
-0.3524064938204794 -4.087725840107774
-0.15351305473551413 -4.229434403408116
-0.28688899273735796 -4.49485500186741
-0.24435393178233872 -4.440983089556235
-0.28383120268759443 -4.3954498911928725
-0.3407767482138724 -4.2638835980147825
-0.10583694740684596 -3.897142600071283
-0.3684521900926676 -4.560343137212251
-0.1230093725205419 -4.442361492276213
-0.3076581698350428 -4.5032614254741725
-0.30229067063717696 -4.199379575984742
-0.3075389221040926 -4.4779730561934805
-0.22954493143859486 -4.059427029795147

-0.28166258123944465 -3.925794242376722
-0.22342181402103192 -3.900238937796015
-0.15864895624310507 -4.483075299715223
-0.15126748280358632 -3.9864193882972607
-0.27538780611262514 -4.259659998061056
-0.38233405703380813 -4.351300935925378
-0.37264426053265925 -4.046201588249601
-0.17118510966230835 -4.244941162774504
-0.3881989553072725 -4.114964194545806
-0.1949758311850146 -4.44056775657831
-0.28071470409430127 -4.5574950850541995
-0.2738800126437178 -4.442401033436281
-0.21461776211282452 -4.2744025968079615
-0.29711074297518936 -4.4475182516584075
-0.21747547596128153 -4.140312723057176
-0.2080006691372895 -4.071827100838589
-0.2479554356731764 -4.525190338010727
-0.1135747938584803 -4.411988522630262
-0.1857162053055128 -4.1814125421794985
-0.34595777109530856 -3.941729236202047
-0.2918411855756942 -4.26231094826256
-0.2504873179640941 -4.302776114156408
-0.33488671849467466 -4.227802344753985
-0.3696090242731127 -4.200495051788901
-0.2753573587946182 -3.857312190350336
-0.28277121992798954 -4.31052267089596
-0.3688159103787008 -4.282075256939696
-0.16535916417961177 -4.410520264658396
-0.34654182410147566 -3.9032559167576673
-0.19447830644222283 -4.120327497921246
-0.16104073018869458 -4.436229512368682
-0.2510567550120235 -3.994908880857045
-0.21445088838803888 -4.263765678659034
-0.3178493563132672 -3.9998338928831005
-0.2597612334301687 -4.3594391616054144
-0.3976603461211474 -4.059918831846505
-0.12378207303570415 -3.8693231356084063
-0.2512008627648713 -4.355421671411756
-0.37363866711330485 -4.244500603706588
-0.3884686676913389 -4.218419734558477
-0.21209838602242512 -4.549778031831656
-0.20343745236941024 -4.419481798928074
-0.19590099882709763 -3.9036366578507513
-0.25963315498635986 -4.135034430689389
-0.3895117205661066 -3.8367277014704415
-0.1976447584684287 -4.079394064166479
-0.15804200639912286 -3.9543691324736905
-0.35795832716952963 -3.826153221142624
-0.38768678149504066 -3.8605884103626407
-0.3755220530615387 -4.269240470843584
-0.34694722658128757 -4.239242218165663
-0.27167797335856336 -3.9694704039416644
-0.17025261662594693 -3.920368344140293
-0.21036577906857945 -4.318358483999028
-0.35930867708357694 -4.038348611118399
-0.3828680700210175 -4.4147875534406875
-0.2544465473935599 -3.814013440408348
-0.3106573610918711 -3.814372116029181
-0.10662528372750862 -4.350465750788327
-0.322548001241615 -4.0483658491858385
-0.3266494362060012 -4.24663028925071
-0.39915646342542516 -4.526996328057179
-0.2550148375709335 -4.372025892458454
-0.15153828898760316 -4.096659296009624
-0.3524034758083334 -4.516503625659191
-0.2614803193877022 -4.222682532406634
-0.3249447190318651 -3.9952317106944397
-0.3988015138729868 -3.9353448209222512
-0.35579399100552433 -4.524618598074548
-0.17048198082629398 -4.432130609144223
-0.28087771493644087 -4.349730406452163
-0.15952864534703515 -4.181533279161278
-0.3858063735540177 -4.209160526624269
-0.19097389182441657 -4.437989050292213
-0.1887269365383079 -4.352860527568607
-0.21387345371252242 -4.536434940328819
-0.3263777298467709 -4.298067012595574
-0.1378921574421501 -4.223157351082228
-0.35696584763645023 -4.372754035321167
-0.3449495394632944 -4.5174329858114355
-0.391739993125584 -4.516872769336245
-0.20986568735141717 -3.963550712623757
-0.343896063328663 -4.451537695909008
-0.19082680622324585 -3.8445747935302155
-0.156263834067624 -3.8433304048224923
-0.24094193098507447 -3.8961294589186757
-0.3128162546747336 -4.098721842115737
-0.34453179626704405 -4.315176805875645
-0.2844157639447411 -4.348055740903026
-0.13246098165072223 -4.055989043186026
-0.15033824021329453 -3.9756642357898655
-0.30275759191625395 -4.276578533001114
-0.23413196685203547 -4.312824231233908
-0.2885532196852994 -4.486627859005021
-0.16912188719073118 -4.205903054904258
-0.355115254976413 -4.321137429730437
-0.33573037234531117 -4.40100099945291
-0.18369854397390797 -3.9197482195082545
-0.25865213816190713 -4.559116847101221
-0.3111299875622338 -3.837583682142645

-0.1444930532659326 -4.451143922761141
-0.3386889105607 -3.9012817135321334
-0.13732805561733974 -3.9698901167773455
-0.15642217386442003 -4.49666456213289
-0.38823816945828743 -4.026354045647201
-0.28649691676096734 -4.076828236984682
-0.2899606469264132 -3.815264146352373
-0.2401400899385853 -4.50352280355416
-0.34038746881311177 -4.185232804364502
-0.29771036884725627 -4.201698656239706
-0.12109454462997571 -4.039092420125422
-0.30806922812523957 -4.116398367867181
-0.16999576981749032 -4.387240462129454
-0.18843096960425862 -3.9831427714847845
-0.31125917982103685 -3.8215391782696937
-0.3767460264611379 -4.415977066639717
-0.247620019586318 -3.9637140218254823
-0.32449674748747814 -3.876101287349349
-0.3612466008076782 -4.262783733322926
-0.37726309877239556 -4.082511809682056
-0.2991064309277719 -4.5415260326450015
-0.3586019344865602 -4.36422705194085
-0.19183487932824628 -4.3977658754565505
-0.20328335160844965 -4.123014100379358
-0.18052928390409098 -4.511585523347872
-0.1252679390908128 -3.8266363597975737
-0.24888045884836146 -4.538448904556928
-0.27364333545639774 -4.039586809108886
-0.12939763460074638 -4.438046921145482
-0.3876509638241914 -4.060806095916776
-0.23697578492908428 -4.491193199022132
-0.24228924885302616 -4.301454312303772
-0.304578863760154 -4.466105062064254
-0.20146979601434808 -4.033884240274064
-0.35981745712885277 -4.0038679216381405
-0.3793632500065726 -4.410298764541214
-0.3892034297658714 -4.573513971895734
-0.2620245950186194 -3.8204362830022
-0.12549651333267287 -3.8498854119322856
-0.1396399860735757 -4.524026511226426
-0.3128196926110378 -4.459546951226512
-0.10044277729889428 -4.405501816300834
-0.3698907903283121 -4.076688290560418
-0.28300864475798543 -4.3483632828903644
-0.38730936677150934 -4.000307540478684
-0.3859225484187315 -3.9428557149318397
-0.11222070075625401 -4.3818307205782325
-0.10692223235785286 -4.3955140371175885
-0.3925220208148735 -3.9899709355349318
-0.23960561294279387 -4.1539736416840265
-0.3857920806937832 -4.164167024832689
-0.10443218388155417 -3.8417871333477214
-0.22351875601026538 -4.375338161298686
-0.34703660792030316 -3.8146171832738416
-0.32979049868624066 -4.523936934458226
-0.18809499869791108 -4.310000545920781
-0.36422044689916894 -3.924176970452202
-0.3395120419172127 -4.317512456913175
-0.35884645323726483 -3.835053470884067
-0.25180268771976844 -4.032877472804946
-0.3500988204289847 -4.506675863524851
-0.30053967848981933 -4.035364756722709
-0.13976671536427965 -3.892101530316312
-0.33400629999014375 -4.356288434748522
-0.32881236201252917 -3.9862586636538406
-0.2701871658288396 -3.9921592004468147
-0.36337434437542837 -4.074964504024772
-0.2736638852288422 -4.284102753195819
-0.11364996248795645 -4.287406449498582
-0.161421860205575 -4.492109402821637
-0.3228626122280177 -3.905237182239373
-0.2831368397372063 -4.37727033257494
-0.2598251375013412 -4.339121268355254
-0.36481143967887325 -4.428819858872067
-0.2608856644614558 -4.5422940278628205
-0.36177663234970275 -4.527045192340929
-0.2796249326014595 -4.117396967595225
-0.32338816849725227 -4.39360552428821
-0.19693889550448196 -4.3886094242717055
-0.3014224251071143 -4.284159054732774
-0.10602839825832899 -3.9917371548415947
-0.1477420811257022 -3.85822488812775
-0.2598512506710504 -4.3558901267032795
-0.3908768863928116 -4.320752951642128
-0.24772546399655282 -4.327464700855773
-0.1480153178582969 -4.132786584690513
-0.1330220474562397 -4.014157486325719
-0.18081672962131007 -4.09069670259778
-0.10784380476210792 -4.378379994872775
-0.21048235456896344 -4.008246252572853
-0.21400054336011845 -4.547579721894874
-0.17420696891765236 -3.998801306223789
-0.2773645333186129 -4.153730206177239
-0.30787265492605276 -4.157523414347724
-0.16092813019485713 -3.9011238074094137
-0.23388272986154418 -4.377823604940254
-0.1103503942651261 -4.410168476032897
-0.22723461629336844 -4.079417956668655
-0.14544507539460794 -4.510010246315319
-0.19395745541226658 -4.484376011513394

-0.1737085746125243 -4.0434773175353875
-0.2973090033272955 -4.229842594969383
-0.33165088904844064 -4.512699761422221
-0.14923023520261164 -3.837856088717304
-0.37734937190707524 -3.8856772235324692
-0.15388582926771793 -4.484981004415065
-0.3305160659241743 -3.999686391552216
-0.2516651571777031 -4.049505957511174
-0.13997746943294537 -4.144733376557323
-0.10118432852857806 -4.172753436027821
-0.24088511429827647 -4.1075184929500494
-0.10772702684799795 -4.055182006019807
-0.13084129168009734 -4.580115925135955
-0.19954033008673336 -3.970213242913452
-0.21763445599059567 -4.001036361586136
-0.3766254746602764 -4.283716653119095
-0.23552508547208828 -4.177317395871117
-0.10970941375942617 -4.570926681994438
-0.14749447778105723 -4.104940646828061
-0.214563944373119 -4.089358819239091
-0.3114163000403793 -4.052896505514645
-0.30958973384335725 -4.251136264880803
-0.3272624669189826 -4.556290887724178
-0.35057664773766184 -4.013790223514791
-0.14934762396520496 -4.144838105654462
-0.37746686801522095 -3.826681696468785
-0.1303697029903501 -4.037344953751922
-0.1965341625787655 -4.56833129745626
-0.38551082826599165 -4.187181122366349
-0.280467462481947 -4.435537181099895
-0.10466377604951399 -4.278091719494913
-0.301607020323279 -4.246035639576654
-0.39567749258074786 -4.333945939993096
-0.11654494976181379 -4.538139073370656
-0.12826870220214825 -3.8368791519921124
-0.3493260202635665 -4.302261890035011
-0.31814489171950266 -4.2829174940217465
-0.32079157674805936 -4.084757046168424
-0.3217838161786296 -4.2288702077523075
-0.3884077139876296 -3.9493080866172465
-0.2342788192265638 -3.877236205515773
-0.22840651496511208 -4.356559358102312
-0.10909691686352946 -3.987197154777423
-0.3356145892577865 -4.506770210041202
-0.2953984042418723 -4.413261802221185
-0.12175925288224254 -3.841783488791418
-0.38569457868709256 -3.9230009328992446
-0.27507890788821465 -4.029355296396236
-0.26831294616434775 -4.1463131540677916
-0.2917908184186947 -4.516129262349505
-0.30658833652721323 -4.36157992996396
-0.22964256556366205 -4.3051259169142035
-0.27543205207131505 -4.273192330016994
-0.345086773143853 -4.418270260869289
-0.17732565411842516 -4.434325973128925
-0.3854433955046262 -4.4357479555086154
-0.15253252606378 -4.57004710877091
-0.3029433144738335 -4.5487060699013675
-0.1514159126812195 -4.369018119871159
-0.17507626332905757 -4.039495752458508
-0.3262334954626872 -3.92365946275123
-0.2262799814541062 -4.103047166971471
-0.24581956862160342 -4.3885431010801765
-0.2815820438004263 -4.152115544695653
-0.35542070257631486 -3.9548045160793226
-0.14776267593100556 -3.967141938084663
-0.2577686054870773 -3.9517816858872794
-0.1347651191727871 -4.4785677506541255
-0.3844159287312926 -3.852399726970205
-0.24243019265224663 -4.497873863575494
-0.2901175412025441 -4.433685009848652
-0.3509280622409727 -4.239493277839321
-0.34716236325131117 -4.48922820289397
-0.23424901512509114 -4.50871682849933
-0.19125149657640048 -4.554179984492774
-0.31249581554042355 -4.162325230980729
-0.31941543160387276 -4.086587474256615
-0.1517674898843684 -4.184650841063131
-0.17165004496605754 -4.4223253008553005
-0.15192464449476548 -3.951385173568136
-0.20403016543280386 -3.838003193070856
-0.30122762922039026 -4.330408964275554
-0.28871867864997125 -4.036804322487642
-0.12258460984314784 -4.296741437435988
-0.28682327699413834 -4.372564480546765
-0.19691653863521233 -4.2212470707782686
-0.12497570562150401 -3.864895366087257
-0.2257024903705025 -3.986576484418037
-0.1971245872030531 -4.193931891434456
-0.11203517186069922 -4.435348558866056
-0.3084108255843581 -4.263748543199602
-0.15124738562174128 -3.9623792470284487
-0.3882796241669033 -4.403455276214709
-0.30890114748025554 -4.007124912545293
-0.2939392148633239 -4.280025604095137
-0.1377965095365894 -3.8330832448873595
-0.1734065099268832 -4.561985463929793
-0.11151559385004078 -4.308922991043778
-0.1348038185771137 -4.090327833736669
-0.10385397891387349 -4.427698884193639

-0.3358622448680404 -4.505611224703342
-0.2789791556584503 -4.265403736471907
-0.3007024582485347 -4.506470657628468
-0.24967373077706664 -4.076891090241648
-0.11985831289439386 -4.364078613674699
-0.10100046792996559 -4.366766085261259
-0.15676619432293182 -4.4391443377647875
-0.28275301480274784 -3.814812640046473
-0.11638067967283777 -4.39380161247754
-0.3794805804596349 -3.8601209608536373
-0.23965222625920368 -4.093234141828423
-0.11029155478354408 -3.87951872582295
-0.15853337316032645 -4.083032822138165
-0.1962325573733649 -4.4763188014018676
-0.13801909000707008 -4.1689405448961026
-0.39701484952948335 -4.219853761948267
-0.21951355863112135 -3.867038988013972
-0.1699074866084274 -4.313646229573728
-0.18846114017104343 -4.0166268101152065
-0.14991840978713372 -4.085360236549899
-0.3963803709866188 -4.14924790940353
-0.32803921570737604 -4.227625134882362
-0.3335252787602559 -4.366810306157196
-0.34875448598270054 -4.053040887667359
-0.38033776888244203 -3.9032512960503993
-0.10868227971442956 -4.274854618119856
-0.35715771023730836 -4.467862650923483
-0.33663129066026404 -4.551392922753381
-0.12923985622107254 -3.9942964385407094
-0.28843614781987426 -3.952141931679934
-0.17217621463864002 -3.9937692978056294
-0.12112789861889156 -4.5704807952686375
-0.23098046876288228 -4.303167321473518
-0.2899475180900096 -4.307113168852052
-0.27605669322589516 -4.527226071652233
-0.21090329824801254 -3.9138231883550416
-0.32019354047127324 -4.124541072886649
-0.12452194178570086 -4.097279864701591
-0.18992014564627324 -3.899012092843781
-0.14471589361181691 -4.0390423858543105
-0.3634962607548162 -4.219647774966765
-0.2136745598336991 -4.237692425479315
-0.3905392753351373 -4.398750995530775
-0.2219371154713858 -4.356061240737763
-0.10499048490426349 -4.1813831744986185
-0.20920413169383756 -3.9603123733207934
-0.1768264205148548 -4.047635945686783
-0.25889108801639416 -4.190743068053071
-0.1398629822793312 -3.9084395005928867
-0.18071255247156975 -4.5258385914056145
-0.12395863080245934 -4.326851472740098
-0.34583139702222826 -3.8343348268615105
-0.20007986784509665 -3.9321093097791904
-0.3715648981588682 -3.8373373820214343
-0.3102728220550467 -3.9705715388479716
-0.2839647491199814 -4.425050229924491
-0.34899610004171844 -4.455730079407499
-0.23753462328521746 -4.310161847593712
-0.1684785829159497 -4.050735243379099
-0.18164616652472174 -4.472254569634768
-0.12150647493872418 -4.51981989739923
-0.17802849142965702 -4.394770224596149
-0.3539835741309317 -4.000711200472771
-0.2196032904398383 -4.348323704538071
-0.12205328722326786 -3.9563216169796256
-0.39698413967889923 -4.3772745161677316
-0.3184744961739116 -4.303655502528879
-0.3874525067693881 -4.551146502468951
-0.26042147988546027 -4.573009486880146
-0.12824083115851626 -4.045916754386127
-0.2939339647499174 -3.94692769709211
-0.1343256004070434 -4.066481643164624
-0.3217965789535656 -4.490029996507439
-0.22014827874032764 -3.891095158021076
-0.3509892804232039 -4.000017480286058
-0.26874150630442745 -3.8349937182971794
-0.11717949025540747 -4.04095570936849
-0.16368751200056414 -4.323144711463326
-0.13441492159060825 -4.371778099247601
-0.16406598666678196 -4.030733752926414
-0.30423605867466896 -3.9884235286674468
-0.22655777485491305 -4.021896239738937
-0.3371740019848325 -4.411651386942974
-0.22448236994040582 -4.3726544104390435
-0.27540500480410235 -4.076733819349126
-0.3264755409903276 -4.229497750222876
-0.2793624514524815 -4.066231350083698
-0.28993551666493605 -3.8202785954858545
-0.2912930137181733 -4.030913835265038
-0.20429445785363545 -4.406418013835867
-0.14821415454646059 -4.288129864431846
-0.37624318358685455 -4.410739649046953
-0.2318312932108521 -4.0060757592426715
-0.30597190056932977 -3.93967689419073
-0.21752076977995688 -4.205423214254053
-0.24805426812461767 -4.468135841719882
-0.23742915567416567 -4.577179441516718
-0.14992930526890424 -4.4190380351562855
-0.2114789606575759 -4.3837689202127885
-0.3521872450074186 -4.004187447235888

-0.2456069411952045 -4.0696827236873165
-0.1995311965274347 -4.4611605185383505
-0.2209691313179797 -4.125619142670349
-0.17221927323140798 -4.2604828110485915
-0.13684779334538172 -4.5077475596701815
-0.17239370020550357 -3.8650645562111574
-0.36344287676905057 -3.9873190565735492
-0.1444535056355623 -4.168970314150548
-0.18758809058315395 -4.4345887766126895
-0.39921285311235116 -4.445847694709491
-0.3354387463836249 -4.572280266613846
-0.37751530946244044 -4.514619477299703
-0.27663276641866696 -4.027133386713538
-0.15034158514377785 -4.165589654812051
-0.12365862873676792 -3.8348603519377127
-0.12841461817919764 -4.45962983221508
-0.11431717715038175 -3.9372454042951643
-0.3367908325896211 -4.126998654151896
-0.22387347372655525 -4.5633737927507
-0.2142030744859298 -4.177072882216984
-0.3673577878920125 -4.548127649814187
-0.1649518201053958 -4.1610047714882015
-0.27685864867172083 -4.238960777542423
-0.3057208454668664 -4.152638246922458
-0.2130725842161075 -4.309879859901314
-0.24300543077098055 -4.12683048175636
-0.3258137855144136 -3.8386827971693274
-0.24852178632825397 -4.0829409867683015
-0.12794796845403417 -4.249788107821307
-0.3332304490094193 -4.4676110385843515
-0.34281940347412243 -4.205342378440538
-0.22787956520205513 -3.8234927388266002
-0.3849795439974075 -4.044947536200526
-0.33607048102644876 -4.072065425819215
-0.266598210328269 -4.418778642023857
-0.13839518927649208 -3.836354095915709
-0.18632674161700613 -4.419628579183354
-0.31499983547873983 -4.322059444558079
-0.21338992877644167 -4.565339663004324
-0.33529980390826236 -4.456544167395335
-0.2671657422671634 -3.857392823796975
-0.28717909299269856 -4.026216412447028
-0.36357542287510647 -4.436974449319464
-0.19293259421889264 -3.9037885111476074
-0.3110313988963932 -4.043018637794668
-0.23601454775181926 -4.104558966555524
-0.31797238720833726 -4.191917346864868
-0.35074913420949305 -4.477994746240639
-0.31541736516503255 -4.288083372661412
-0.3629993637988343 -3.9100140991955583
-0.36493493434954766 -4.284453960678009
-0.15860337359491136 -3.877083172635855
-0.3229294883502817 -4.285539866486214
-0.20212462015850824 -3.984313489596163
-0.3100061901778681 -4.295155160583522
-0.2261999152558038 -4.361239362564926
-0.2938128016512929 -4.5449559033412115
-0.12926661786383603 -4.563759750615963
-0.23149374120941793 -3.821314938246448
-0.22570662659575605 -4.284170895951536
-0.17856599265086653 -4.564997680858651
-0.2111117085076887 -4.397834595101079
-0.16499391991295606 -4.230742401137808
-0.180502109597359 -3.8927474765207464
-0.33818396951821883 -4.091933207740338
-0.3077920441086275 -4.159843972646228
-0.19694520779995414 -4.473375626588782
-0.14006335486549237 -4.547997132904576
-0.19280796949987306 -4.400771382390171
-0.2081653149035719 -3.873583460761597
-0.2611439714459951 -4.345263877994081
-0.3828989002707623 -4.545288491351147
-0.39668920458753154 -4.192204796381928
-0.2145432511077769 -4.522946940578304
-0.3168663451609761 -4.51327897161766
-0.38722419308546435 -3.8529126046513573
-0.1787644763032772 -4.2022170508051975
-0.18127113814666104 -4.252852766626091
-0.3617682526738314 -4.378160176730039
-0.3170672631996502 -4.41154327041604
-0.21390560794141356 -4.062349220707981
-0.2636841682954439 -4.311516121163331
-0.3665544035585273 -4.096183202343488
-0.2938623353409334 -4.215138349484417
-0.2974661588107543 -4.24861957812565
-0.19981851332308315 -4.246354408680064
-0.3622966371868088 -3.9030228617893625
-0.393107942256537 -4.303041495636114
-0.286483466379689 -3.9734130469853945
-0.2408721581619326 -4.142512920050554
-0.1688615881673907 -4.240679247592991
-0.28423272828930213 -4.544556851869726
-0.22104325104102643 -4.187228097445739
-0.11970008268088089 -3.861356227033826
-0.3260386849655217 -3.8952358775494265
-0.1864899203081454 -3.815114366240632
-0.22237035866649654 -4.1174349445784015
-0.31591888188620376 -4.492275237355092
-0.2844549439258878 -4.022144807770795
-0.2894232338121606 -4.216711010918456

-0.2799347434000336 -4.14887484454481
-0.12073850725985069 -4.481732320440035
-0.28886006724127455 -4.222595823033829
-0.24223930843211572 -3.82415310683158
-0.11262416023698768 -4.267545240438674
-0.1812816932558369 -4.254557966499243
-0.26023856362039743 -4.0207658621540405
-0.2572584728602188 -3.8560332031684883
-0.17706266921747982 -4.415110523248806
-0.3084019523110164 -4.26074963439373
-0.39056101953763483 -4.449525771047167
-0.19541063429337963 -4.569720962154612
-0.20690075885253253 -4.4777363530059855
-0.11740323613451803 -4.315150289116708
-0.19881121415021824 -3.816431218147825
-0.1564153682819041 -4.232023256815092
-0.2827390693186025 -4.099372438376152
-0.2395768336209943 -3.82209438033072
-0.1272491616645059 -4.288301180690162
-0.1817573007499948 -3.9567764947823565
-0.25969839412028045 -3.928397235796444
-0.24689113994000952 -3.8641587517301192
-0.29774794446336467 -4.451686524491206
-0.10008519055956544 -4.550459938784032
-0.33039567421331517 -4.379590020029748
-0.3942392814940643 -4.506792111892088
-0.10592736595038071 -4.188596096495211
-0.24759666901491023 -4.026803289963123
-0.13876649113139372 -4.480884399545172
-0.32554149435357915 -4.528450476090134
-0.272795669780696 -3.8965763712408803
-0.1961273240309425 -4.349610090181486
-0.17258777743014883 -4.359541819410564
-0.2462893793741452 -4.151592916734388
-0.3726785255849595 -4.380063207916825
-0.3477859902433639 -3.9856085564459964
-0.21795546081411768 -4.250964396210965
-0.3092522915817571 -3.860779383028613
-0.10775375699773931 -4.256723834219623
-0.11136017017003935 -4.223844565520459
-0.28129268139473274 -3.843092577719875
-0.33291344890356805 -4.045569069978689
-0.1776709128840087 -4.100102837257891
-0.22070971260916256 -4.364825430967691
-0.3451204324462247 -4.573752439324007
-0.23277276792786739 -4.381943882086992
-0.2359112335571344 -3.9716153548401794
-0.1981555171964314 -3.878553057773698
-0.26128125610022923 -4.4485574461838056
-0.1795898117382516 -4.478403638034099
-0.12257198790200158 -4.4429349453755895
-0.31001913451269464 -4.560860445887873
-0.2624353678126642 -3.9326127976134697
-0.11805950328260928 -4.064316948962604
-0.2139601539238273 -4.001576850905553
-0.19642872613512175 -3.8326560694566503
-0.1568033620324133 -3.8891716247813863
-0.14214066239925854 -3.9013322693749983
-0.121419825451756 -3.9520508208511353
-0.2680365917044796 -4.223239237911086
-0.29396365380882444 -3.9874449094974853
-0.19963653059214015 -3.9329960438138465
-0.25977702411036896 -3.9141614541131386
-0.21963536537134168 -4.574172966471282
-0.30518189157428655 -4.350857837917871
-0.21813386711434052 -4.439224922365887
-0.2219834684100819 -4.338957836995188
-0.1414967574950492 -4.363507729867718
-0.29365126255121243 -4.036913268964841
-0.15469722476949008 -4.180092905498386
-0.3100539452923671 -4.37818463907041
-0.1297031990495629 -3.8198229995762705
-0.3433508212507069 -4.414086539330122
-0.3995990672214972 -3.969506347310147
-0.2973780900236406 -4.035629029498779
-0.16058817930494645 -4.444571956708997
-0.2657915165843363 -4.204395767393284
-0.38400224663960913 -4.321982353091313
-0.38326533280350833 -3.906407251963909
-0.22940674013821089 -4.311637053194483
-0.3605104128793912 -3.864346293976578
-0.18254664456050468 -4.207797907844462
-0.24168056495845777 -4.052899735210275
-0.11195831276471047 -3.8576409297388654
-0.39613706536353577 -4.2553684221010295
-0.2358838850945154 -3.871174629649368
-0.19297377874114843 -3.9852663360230345
-0.3498847746970585 -3.8781643613924865
-0.3486244546139483 -4.460276566548388
-0.34065177387559464 -4.176678369519443
-0.24416983830582187 -4.396481382834707
-0.21729105892530554 -4.157382117238446
-0.27849695649678213 -4.077129213411231
-0.14316922353883865 -4.083997758937938
-0.2943654909103981 -4.182973436486553
-0.17355888351118368 -3.9797464584420608
-0.29137004511523945 -3.898585270317579
-0.3966219090832493 -4.556817168260363
-0.35873773020282473 -4.383978957219668
-0.19952139723802223 -4.145014413768796

-0.21563375228361117 -4.0791453254441725
-0.17693553102268703 -4.251045114258339
-0.30104790806785586 -4.003713350827835
-0.20629079931681732 -3.883858832210511
-0.1495471286349283 -4.000959531854165
-0.1380032576756976 -4.506593120341832
-0.38426386197945217 -4.414289710265439
-0.22927597796892144 -4.228260976552008
-0.18659670719350324 -3.8428216476344845
-0.345143998479062 -4.293975510530022
-0.3198953306329291 -4.063539987576961
-0.3591132119530611 -4.273449851207896
-0.3900381809500151 -3.8863476301581645
-0.10422700678455948 -4.5517131628748695
-0.11065881347987111 -4.071516974665484
-0.25768885856125456 -3.8433053561232904
-0.32991519398919267 -4.171007164917333
-0.3686448109225722 -4.111304674623008
-0.12132918895521133 -4.104049787989365
-0.2608961322966083 -4.3857568475244415
-0.11146878177141761 -4.177914098690392
-0.19698462232766406 -4.146168835277701
-0.11327826337060248 -4.13145749881994
-0.24284523026484311 -4.308817481559357
-0.31997863522116676 -4.244611044917019
-0.25172225883636024 -4.334771980117827
-0.23986337987691725 -4.069365694320177
-0.3288613996864683 -3.8378330723915064
-0.2589829075218565 -4.0925595280330045
-0.17879096426301289 -4.108816180015042
-0.3398108147459483 -4.089828147402762
-0.16620858730483268 -4.4340144372910935
-0.33382360329110883 -3.8306958244647658
-0.36946915224533 -4.4727055484871565
-0.3035055017789577 -4.162125190499486
-0.37693245355070704 -4.43945570540236
-0.13976748343372453 -3.8645552234267893
-0.3798030013139558 -4.082724308283209
-0.3498774501389107 -3.8826068931527464
-0.3005469233438366 -3.899792123375445
-0.22807598379144672 -4.123143083849365
-0.20691669119995607 -3.848794938922281
-0.10392820471272285 -4.238531425584273
-0.1407605298650621 -4.508690526105055
-0.32394268200815546 -3.878833575388547
-0.3928688896658976 -3.9602085766466026
-0.12308999875228677 -3.878069291765616
-0.30557736535997004 -3.971542882990774
-0.33588115818962794 -4.407371204050593
-0.17931963656318683 -4.357182814705411
-0.34779506573243213 -4.3033139430046425
-0.12041892747813249 -3.888575863799752
-0.11243006522226145 -3.928608379708164
-0.1941219277777055 -4.139668030455211
-0.27905862665367 -4.0030023312353284
-0.2975299641653982 -4.328610716332101
-0.17382618302598385 -3.8937604625835167
-0.1879110840551974 -4.066933513511172
-0.2923868570807588 -4.310146948389621
-0.3584054219412494 -4.03627426135372
-0.3522244628240067 -3.8773522282644737
-0.36335945170916156 -4.481256713754057
-0.15603757117784517 -4.44363773555547
-0.18247516189934454 -4.235697689997931
-0.1371506363864618 -4.424534198113999
-0.10288575329890809 -4.440761901911248
-0.1487336585798647 -4.385067808119812
-0.3916673702680363 -4.268649487925285
-0.2940491906103887 -4.151758346986415
-0.19019738124423344 -3.9249441280785855
-0.24306580659909766 -4.217312938007554
-0.19516153589671623 -4.081121322703323
-0.1703207763858541 -4.484592752409671
-0.3165801829296871 -4.198950121714698
-0.2350814875212782 -4.554397965161907
-0.13924991480798943 -4.446161614043859
-0.33942437587429597 -4.248384051322215
-0.12189041964804226 -4.234875719770438
-0.32840512769809843 -4.263570143272517
-0.3021854449545899 -4.011260907142365
-0.28221197120741887 -4.007888343470657
-0.16099871733874963 -4.121913047090333
-0.10796827700505196 -3.9196186565010533
-0.32193858899859584 -4.108908197175673
-0.34018666719761315 -3.8212467046834857
-0.35260773157298864 -4.168221210250988
-0.33967680232843794 -4.073005273564511
-0.24064669643220887 -4.5487656945358665
-0.16698058904488638 -4.021857258670756
-0.2568600596719009 -4.322242348162585
-0.387058834263164 -4.488845660170775
-0.17303668454905158 -4.294976473835843
-0.3193006501954653 -4.453327823776087
-0.22612137863750148 -4.040194967899781
-0.13061096420598955 -4.365520980932096
-0.13960588244674715 -3.865796168022209
-0.2845652002837935 -3.9104868625223013
-0.31763113519761643 -4.151462660070621
-0.12711545731561402 -4.485912078434127
-0.2219974777005463 -4.086024534261726

-0.1469396204058515 -4.156357379489739
-0.31778115668254425 -4.400579411048778
-0.13852938947458437 -4.517987680883203
-0.3001349271663054 -3.8442330264660622
-0.15359812884483623 -3.9755974934948903
-0.1899110714693075 -4.096902573877523
-0.34868789706667996 -4.215494324352653
-0.10567393854181184 -4.27113484175982
-0.25957633759646837 -4.08497061121795
-0.21741252168872516 -3.8519477871538372
-0.16205195324324637 -4.217036642753827
-0.380936612843379 -3.8173466490190084
-0.16958249564988925 -4.271019434077147
-0.32795652280054344 -4.5171142610247434
-0.3876154809977309 -3.891318463673425
-0.1509931390391019 -4.486041289681997
-0.37087668979733657 -4.268897827986598
-0.29650986596352025 -4.432516791666078
-0.3142576444022314 -4.526753674389184
-0.3718098161508792 -4.501808894584912
-0.1407978743422435 -4.349718739426871
-0.12123557336262508 -3.933912110572918
-0.2234941004602596 -4.579200427969289
-0.3410186328761117 -4.018627505966334
-0.2382933897009477 -4.488836028732568
-0.1147508526545839 -3.9208136354671628
-0.2891121304340883 -4.565633320549911
-0.1303642915062418 -4.572003537436947
-0.11035981178439536 -4.132382452769269
-0.2725680940691477 -4.4532537757134145
-0.2530677372676986 -4.002785126689437
-0.3254799396046139 -4.471972598419596
-0.2418674042576686 -3.8342936358075645
-0.22466478442933263 -3.9302039977891767
-0.25346644479750535 -4.040913126393159
-0.17376080143556982 -3.9306116606872585
-0.15688885971287958 -4.451180243434638
-0.37426086788909896 -3.8192242384325907
-0.1633075256317038 -3.9212352019138184
-0.31600749408893597 -3.8551163790172325
-0.33116181913850007 -4.155499598238977
-0.2875067792123856 -3.823715958147157
-0.25454900104884526 -4.121784573270124
-0.15766096611747368 -4.273759641576558
-0.11287214138304064 -4.380360367325148
-0.2884970212969316 -4.031087005689469
-0.2673074326712169 -3.9252204863760145
-0.17085052826945052 -3.887640936853804
-0.13135256024722042 -4.289221855197009
-0.3897647589658979 -4.120371927853726
-0.17451822484072624 -4.5317598299903485
-0.24119473966712698 -4.086467873680949
-0.30688946040787396 -4.319178062874318
-0.21026498925312395 -4.490363762147038
-0.11050180745107169 -3.9557503772109444
-0.15613206532544757 -4.438460719864529
-0.3503633876588329 -3.829719380876398
-0.10979329212296696 -4.107158201589817
-0.2662343579096767 -4.4592237040336675
-0.15458249496306484 -4.473377450606881
-0.20637798375507385 -3.8205309758384174
-0.21185756585373963 -3.8792018422375167
-0.29569527068410467 -4.379122701114018
-0.3282456079878027 -4.311480853667209
-0.3587295853756459 -4.0634699239141305
-0.1724057687427811 -4.446795702909487
-0.31269241974500983 -4.435580898508745
-0.2663649851287812 -3.9539916429446373
-0.15675151200065646 -4.197784150101422
-0.23112366588680333 -4.238069695670707
-0.3115150020639727 -4.3196263314905075
-0.2540204184562017 -4.273296148686468
-0.35862008737925993 -3.854480874152028
-0.12791185383159753 -4.324653479832002
-0.37951377694505606 -4.14986087301384
-0.2555608352365796 -3.9333779037171364
-0.32223056710375597 -4.424212782678515
-0.11944999117362187 -4.335544022216595
-0.13325122832754227 -4.542440748790799
-0.2459928663564178 -3.964030548104805
-0.38769602553729987 -4.459764416020391
-0.27642348086887675 -4.334407615412925
-0.2569650149820295 -4.268065016432616
-0.1327494350088994 -3.8612132191787945
-0.2841830851173409 -4.518182454128401
-0.31170418808467687 -3.842631006415305
-0.225477586150708 -3.8473959396830946
-0.2965352216584038 -4.312810305039065
-0.18528538595782829 -4.493169841231917
-0.36910313704613323 -4.343106841681236
-0.13719578515198438 -4.014266017556502
-0.3567889806317764 -3.9541431645164167
-0.13883522639121804 -4.57709315661681
-0.3532106769372053 -4.486308134243543
-0.36682544079525403 -4.064933469232024
-0.1718648752172942 -4.353664245300764
-0.25373635002820294 -4.510759288655502
-0.22401349641375534 -4.343455146400771
-0.24420629701616597 -3.884804265029888
-0.21101898698287525 -3.904338513586634

-0.24122480423897008 -4.12112652086691
-0.14443287044676278 -4.241085323429869
-0.39752411065754356 -3.8424966128503315
-0.2968119493349309 -4.236432071300656
-0.3145275955710012 -4.005379839669351
-0.24020157238570145 -4.57707089519387
-0.27546467828755217 -4.352630470624424
-0.2932994392997148 -4.453292962101232
-0.3736745310433672 -4.309076188962668
-0.22059815383986422 -4.237070980903867
-0.362389851676632 -4.285813150796959
-0.3591328264655821 -4.50993178019977
-0.22581234673760772 -4.428831465412361
-0.10059605621673628 -3.8393994617373877
-0.3104415216140305 -4.455827214181371
-0.3238865100681871 -4.28586426489672
-0.3771358974077182 -3.8383001768258898
-0.2868195237431319 -4.497975576076439
-0.2688773682876874 -4.430296069741671
-0.3084094761727366 -4.463528343218725
-0.11059449916715919 -4.508353198653811
-0.172872003734772 -3.9297563785588547
-0.2792518246559583 -4.521857543533184
-0.1900674123042732 -4.503966804910364
-0.14728326310272422 -4.259447639948941
-0.36779560684858553 -4.242507024387584
-0.23996288908544358 -4.134639131392044
-0.11596369770367931 -4.106086004801136
-0.24599384671254257 -4.460086114823217
-0.25644750795835375 -3.892395799948868
-0.16459402474394705 -4.221458902035653
-0.35901598688020897 -4.213874932271391
-0.173996294052824 -3.9853291221004836
-0.31625395540481993 -4.38857610662903
-0.2663075540046864 -4.091094167085678
-0.10749531985337107 -4.239308106392738
-0.3958850963997812 -4.276875265890169
-0.3718455202374219 -4.558137555480234
-0.3864271381940674 -3.857284973408548
-0.18644471283802466 -4.206209900552944
-0.3678039858457909 -4.400273656888948
-0.13867228321516611 -4.554865815267998
-0.3662353410332102 -4.160971971002802
-0.29942001898142834 -4.23555314519397
-0.12383427685304016 -4.381279166697901
-0.23687282141665958 -4.36326903489037
-0.36796657680682615 -3.9675748701826725
-0.1908756259544004 -4.577820455112878
-0.35398435259895644 -4.5448065195781036
-0.1895733381917705 -4.146003335888984
-0.28070464926650207 -4.4994169079852515
-0.16386829717386908 -3.9368956640843695
-0.21751293630410637 -3.91696513444835
-0.3833556055086275 -4.457893863451519
-0.2173509969140589 -4.206419105334073
-0.22149614870463227 -4.212247187395169
-0.13366559794786104 -4.248294939718395
-0.22135400763266355 -4.097926244158623
-0.1639945087492126 -4.098596931948148
-0.3711902167300518 -4.558024032558505
-0.30765412526729746 -4.1177484074454815
-0.3023537843587125 -3.931572275682798
-0.15760724818944635 -4.418522389055222
-0.20632961534156416 -4.093025087320012
-0.24767002022590265 -4.258114890477563
-0.28538146360823247 -3.9783436056082317
-0.2675756911533383 -4.127596083972095
-0.271506413158129 -4.243902795320293
-0.2282079028964358 -3.85316833934882
-0.2408318380348092 -3.880147071069233
-0.36860879293102466 -4.35297588542697
-0.3876888102514914 -4.0897845589726085
-0.3988880340247454 -4.534088480634581
-0.10902969286720571 -4.471650978175874
-0.10028494225918844 -3.9564570922470477
-0.17378329451656985 -4.108990571614485
-0.32555823167728326 -4.015167422161699
-0.27702452620331725 -4.388101318338131
-0.1804927689513255 -4.544538823654951
-0.3847911761814751 -4.166773825622014
-0.3975579843131838 -4.363180407254272
-0.29291629616910664 -4.172583033182063
-0.2231713020779666 -4.300079958710746
-0.1690166191800831 -4.439990429168544
-0.19274999998557524 -4.017026389281872
-0.23567608036685272 -4.08664377705643
-0.36807967473220193 -4.346132517837928
-0.2597412218775105 -4.067249479840576
-0.37414262923214414 -3.9881027189794866
-0.15677152448852252 -3.942680723600281
-0.3645427882234925 -4.300611800790678
-0.3239186890919234 -3.841530121262735
-0.14300026882346117 -4.4563972135883025
-0.11155195450572847 -4.283995924722355
-0.13188542291096716 -4.253208137496727
-0.36895153134522574 -4.366384649181135
-0.37753409270075083 -4.4587247312517135
-0.27534063880187415 -4.553874693488425
-0.10711114943062516 -4.534406149090069
-0.3841512819695224 -3.8613754377284017

-0.21112817769397876 -4.559255042253219
-0.38121589955927765 -4.282785363650728
-0.15087556865923374 -3.8685116100018835
-0.31110014404722464 -3.8525773490233903
-0.1984913355902312 -4.179269003223963
-0.11969891618770695 -4.058562605055221
-0.28767421910159896 -4.129242257426616
-0.19291282447827132 -4.246433045940016
-0.24740382220212215 -3.994719875733841
-0.2180119595868418 -4.497713306769798
-0.21844288750908425 -3.959767949683733
-0.23133981847996915 -4.108571385878175
-0.3535972840523447 -4.520124335550719
-0.12431029977537644 -3.9915292930465447
-0.17339788540820286 -4.019503569612887
-0.18171995915188371 -4.04808996452499
-0.3012817783425888 -4.365150333071611
-0.3447626772786201 -3.8366873210029624
-0.17989250764310208 -4.180646653870213
-0.2812177823251673 -4.089269568364436
-0.2943598988305288 -4.227777163841163
-0.3959377124205479 -4.0200096537066985
-0.2123571293947999 -4.228469819091305
-0.1935155553276174 -4.254151107637701
-0.30040508088029155 -4.054407926634346
-0.28263009016237106 -4.302980769612304
-0.13611200891637937 -4.364006295468992
-0.3893159344881166 -4.303140359364033
-0.25403679701817095 -4.210362826215983
-0.1753505138525788 -4.232380799909589
-0.32726855960619916 -4.142187567071175
-0.3375207735949395 -4.484355043238079
-0.25914843711077784 -4.167899363048999
-0.2977830199568101 -4.290104903501429
-0.17680715189235197 -4.22307334097574
-0.34158895769623476 -4.2899892676446285
-0.13406381118546706 -4.325741161998899
-0.2123753323367818 -4.020803566471713
-0.37531879801129103 -4.367608361205775
-0.23650929336039972 -4.386409113561009
-0.20052567959901132 -4.525978553986701
-0.3956458431615998 -4.433455324614797
-0.29007325653247273 -4.003051130568033
-0.14499994408782602 -4.164933189129768
-0.2836532906051086 -4.382708096309993
-0.16675039069428182 -4.509152452951482
-0.1175749889240536 -4.148304863885842
-0.291745864707085 -4.476587951837435
-0.31688051299694364 -4.1272066463339065
-0.24516203804010578 -4.515510756306654
-0.23317587850473465 -4.056893137947282
-0.21435390589443468 -4.322384949416997
-0.2981369340489863 -4.575856883799922
-0.16629312032760069 -4.000694120439084
-0.22059801228480927 -4.330124343841175
-0.3388575255850273 -4.4616609348682745
-0.1683916876441844 -4.407140304049314
-0.11726322125463545 -4.423341443633943
-0.14751628366692854 -3.937946211516696
-0.3579805836360582 -4.491340278142203
-0.39232808382501577 -4.450214348404537
-0.11490745777288125 -4.284849079438182
-0.17726817267288475 -4.546412207384003
-0.17707968009596964 -4.442103434616526
-0.2611679381430886 -4.079510024888705
-0.31706465091287284 -4.471567823532195
-0.10587493716251312 -4.0400650738541755
-0.3155673024255147 -3.9884141059349116
-0.3093118370839913 -4.020191239194857
-0.38149098696957584 -3.8411049983301235
-0.3019808161052724 -4.291769595522404
-0.29677532923448907 -3.8977146449617535
-0.12071553216745601 -4.18980111238033
-0.3346669848400145 -3.8194063145680794
-0.26898990547776097 -3.9517013947968005
-0.307197161069277 -4.5090591123613954
-0.26417109064608457 -3.900223412571802
-0.3646178893789228 -4.327674339601024
-0.3039452079494349 -3.973986706216402
-0.17316422037566864 -4.327571815011227
-0.10151569456093595 -4.446904139735695
-0.27056575088572654 -3.9428329002069336
-0.3404965478739084 -4.411610564204129
-0.2010076313810315 -3.8937586875174732
-0.10096354404166769 -4.347749941331066
-0.357671559350936 -3.9090868378352566
-0.18385077992449955 -4.27341713615176
-0.3273591775775893 -4.346328319874116
-0.2176570190305658 -4.121125323883413
-0.2715296255379061 -4.484969044018927
-0.23845500831433564 -4.215570484877171
-0.31051654150454944 -4.385407204926569
-0.12405264878773481 -4.20229409063086
-0.33923340785922057 -3.8268083478890684
-0.28895986561456005 -4.487037171041912
-0.3505160198547708 -4.136053168372136
-0.2019104663503442 -4.054912026178639
-0.16099431759897992 -4.3429464879596535
-0.14330232289473188 -3.8321071289651316
-0.21105390551157915 -3.9379787315465227

-0.1134811361075001 -3.8902378755575544
-0.17533749399887624 -4.286241792280152
-0.3730852482453891 -3.921015720746643
-0.10956311651952605 -4.243372207692968
-0.17719478729243676 -3.872641516957197
-0.1405577811674638 -4.25972636717917
-0.21414776520752835 -3.8463995182209336
-0.17153599464247699 -4.337049353239451
-0.24972818308571976 -4.173319513846236
-0.3698605940892485 -4.232764026880703
-0.11298022279453301 -3.8689716894636144
-0.3399605117694435 -4.2745812260843215
-0.28789498244236605 -3.941217536317124
-0.12111728412687361 -3.9587584082483502
-0.1322476272303874 -4.26424492506024
-0.25124651683211463 -4.257056376513921
-0.3538107870463547 -4.311821631791789
-0.2963404328897643 -4.328596202677469
-0.18008951610550084 -4.419316715629745
-0.19469043164474387 -3.877464655212383
-0.2988895710683377 -3.902723969259334
-0.13334404034168446 -4.084606801339914
-0.1239899402891545 -4.464298152730322
-0.38690816112762877 -4.150199911491278
-0.11512445094706414 -4.311620148467778
-0.20204323383326314 -4.28921045089279
-0.3458047827368437 -4.506800223019235
-0.1496458971726221 -4.182522813066981
-0.38879379630945093 -4.342306619572146
-0.3725268515920167 -4.166454140140779
-0.2714829542226619 -4.467506452119861
-0.19848898410999086 -3.928057417267691
-0.37697830176449837 -4.0783897788920855
-0.25044599641619314 -4.384999518054269
-0.1636884977377483 -4.5600433365138
-0.222717476314389 -4.298694541569953
-0.1819280401194369 -4.0941221336752935
-0.24236054568033913 -3.8918144759617492
-0.39925759035162023 -4.305103934009422
-0.37865015230626675 -4.366598454816113
-0.1949115242632347 -4.142354651132054
-0.19636176719579124 -3.9859517940700924
-0.19203963764866977 -3.8485760073045316
-0.21173688718991546 -4.500564087165442
-0.12150657190856984 -3.8560175479114975
-0.22227603196871837 -4.371511357472791
-0.21799657468404895 -4.0761955256535245
-0.3977153461531787 -4.173538320713901
-0.3841323739598475 -4.380007075943128
-0.10695842170393899 -4.428660501062092
-0.3900577546246543 -3.9752082190673086
-0.22009087449250614 -4.52529237484499
-0.3405290046934565 -3.9612689746795815
-0.22950393622826865 -4.234172930159106
-0.2804672770781015 -4.326791358709959
-0.21575266613614102 -4.000139894486775
-0.38908946400074146 -3.829455642416967
-0.3210048069502618 -4.563016530597569
-0.16915250722997724 -3.936639409467906
-0.2531328982708977 -4.524987519387317
-0.3466729467880535 -4.194490272051959
-0.35433828342653906 -3.9524088995561195
-0.38752079897005837 -4.283054660707568
-0.3495957863766906 -4.053199345330864
-0.3400423054684124 -3.860105364863679
-0.11783563994780116 -3.829913059352394
-0.11892532169634534 -4.106581041329418
-0.11933993669197013 -4.292841977558384
-0.18423790709349902 -3.8258316147052294
-0.18858548632625977 -4.051907446939614
-0.27242220579774246 -3.9983514354263194
-0.210359749105484 -3.9574655486057426
-0.3833136700984888 -3.931253533496813
-0.17245394000280978 -4.007177920114841
-0.39257318097368404 -4.141367617763986
-0.21401335741427588 -3.962982913750569
-0.354126594473431 -4.471179015796885
-0.2615646465681812 -4.519111506161707
-0.17664885362304564 -4.242060603576945
-0.31168298621908547 -3.8262701082225736
-0.18056520669712994 -4.086961328697717
-0.3165037524107438 -4.12841770309647
-0.11419100373873803 -4.248829388703741
-0.18343635088353638 -3.8815940668325153
-0.21521539657332503 -4.240725052551652
-0.37790617545870675 -4.484640082352781
-0.2701525460872688 -4.048852799272664
-0.21955843825859309 -4.002725623085756
-0.16873165700275758 -3.9607731578617273
-0.20889561280895025 -4.179860819431618
-0.11875628216222339 -4.355332159374683
-0.24905872791942382 -4.379670833693857
-0.12136135870682457 -3.959333082903067
-0.2722558057836562 -4.478637802902205
-0.3712206108170552 -4.452109170102342
-0.11658427588544718 -4.341332676722029
-0.22583271611192673 -3.9791894676039905
-0.11866281295893716 -3.8211350984244192
-0.21092699993352873 -4.270474313532744
-0.35326455673950585 -4.440840221014564

-0.2408532693117503 -4.378921165413439
-0.35038144989710046 -4.042230413540849
-0.1858044131926401 -4.423582301520093
-0.255513764434124 -4.082341598891513
-0.2206643571532315 -4.081647985286938
-0.15907662178363352 -3.906235204900013
-0.13587940609839216 -4.399014972994669
-0.22438595725525387 -4.0749049502388335
-0.3554502949389262 -4.052182516437519
-0.3890035112489524 -4.559257675481603
-0.3315666014467523 -4.374208218018142
-0.13872599256763662 -3.9742465544340373
-0.23716492005634796 -3.8984175510183885
-0.10077462315213803 -4.075290684159842
-0.10638596752530394 -4.375252904145311
-0.21437915282320913 -4.311123735900582
-0.22798116852644795 -4.006322216586656
-0.3698507072159995 -4.398021282234716
-0.1966365350731752 -3.8287570624035387
-0.25800979572403027 -4.5502437080723155
-0.38216934808512715 -4.404125862204933
-0.24930944645305983 -4.250028588713307
-0.366665646509064 -3.986353769880288
-0.1180276242180886 -4.113683304206209
-0.2580808743940758 -4.3911466352782735
-0.322835429358895 -4.448277660451961
-0.3393943808150059 -3.9511374663759815
-0.2770857192569058 -3.9818128292924224
-0.14764107829195744 -3.959135751809448
-0.1329137932642807 -3.9752238050925204
-0.10609263512204004 -4.045579976411233
-0.374412876600227 -4.256515278834986
-0.22973342884389966 -4.067750786394412
-0.23480353215054137 -4.460642582744809
-0.24758535793766165 -3.8866259204816522
-0.1716139919886232 -4.025148526873943
-0.13392155990882043 -4.4704872731998
-0.19777001042070544 -4.039211694788878
-0.22878255885037693 -4.103133063753917
-0.2120263611658389 -4.140749245315839
-0.3216909672349292 -4.33086067342656
-0.1487098225610074 -4.358067930615883
-0.19526648357278029 -4.290406108802957
-0.32755637894758033 -4.561752571540002
-0.3853458299875769 -4.40949796162463
-0.23173882552590896 -3.8156447011898607
-0.35425518416700685 -3.9557954026057742
-0.34467844041086215 -3.851159291853544
-0.13034129273513484 -4.313772428218339
-0.304299688024749 -4.388407194883328
-0.2164359637687124 -3.8173220390040186
-0.38226622942871097 -4.2254902882480145
-0.20464468558328427 -3.9336937765984974
-0.24697696551577802 -4.225661328494369
-0.13429253853268308 -4.575645960395953
-0.2127923432512179 -4.06645451438283
-0.34598967494322014 -3.8785797384826495
-0.11839750658645465 -4.165185656886632
-0.34396168281938333 -4.426846335313626
-0.30547661302955215 -4.373072830992593
-0.2539244597883588 -4.454781962455102
-0.12658713718607945 -3.922143951668084
-0.1849175413667572 -4.254693417806224
-0.3665647525502903 -4.485269900795665
-0.3040055427674311 -4.447576708509954
-0.19516347782941906 -3.956335931473296
-0.3942903793163729 -4.029675478639911
-0.1122122395051719 -3.888066951188505
-0.3213818998019299 -3.9793845835056083
-0.3521948116396447 -4.367180006331905
-0.3776380293830025 -4.531377963199042
-0.3652342056267641 -4.502411560778533
-0.2628134731389468 -3.98306218746419
-0.17525763176639494 -4.137557074495387
-0.13564958593610793 -4.389316827134144
-0.28968013631062317 -4.007698120368081
-0.3432058715639573 -4.271560953103468
-0.10980051742273617 -3.8618509294269807
-0.23702181200205447 -4.491194984509866
-0.1631956946723163 -4.307088083093225
-0.30516774930107793 -4.010908030235227
-0.13036113535173166 -4.229964697579843
-0.183029120681242 -4.2956778943718215
-0.3574721112659533 -4.379509309124387
-0.20858144179130197 -4.1111076807814175
-0.15360347188142412 -3.959544805153537
-0.2350041998344732 -4.361966108329086
-0.1445593445615927 -4.075582976803127
-0.31184263819790414 -4.437878069330689
-0.36251069367015876 -4.152818003711909
-0.15017983696402412 -3.8852765469189516
-0.11231206885550421 -4.443372252900772
-0.3469875215218757 -3.83843901526308
-0.3342401044022425 -4.044405427752949
-0.2377102582309191 -4.205224191533231
-0.23465082666296647 -4.564057301007551
-0.388716587262165 -3.901117725103929
-0.16747683722412948 -4.008989221143949
-0.13362180773384674 -3.9837859720797644
-0.22559615816384523 -4.454549276928527


0.19724683616886038 2.111434051499086
0.2097848737850857 2.241040638645833
0.17518994424518364 2.1989771004928653
0.15052734933606376 1.8913118828446154
0.11077878965981329 1.8900114398585146
0.1753224705691091 1.9059394368026283
0.17014328282387264 2.3144197728534337
0.24179736983905126 1.6875062016793962
0.23202546758169523 2.008516676034686
0.17295095683137274 1.9625944185980966
0.24383372505203382 2.214094524913068
0.24085540053737986 2.185634255678686
0.20473645143999164 1.5375434228373497
0.1324307184648835 1.58690591558603
0.15292809005486752 2.1337263039758514
0.21923687229796907 2.274531579812481
0.1539434189014492 1.6230521344508704
0.12246948315057707 1.5174192686523118
0.11558579198400823 2.2356270579130166
0.23834806455302898 2.479628305001283
0.17789502486524028 2.235924719473968
0.07533472599307592 2.365758371028175
0.07810095298526276 1.723811927555199
0.08079637306464862 1.8832880836261245
0.10666296652414506 2.427835030083367
0.08067945098752671 1.6845896220919538
0.21077616219670292 1.8534370731347165
0.2386346985053751 2.4383635503460486
0.11130059975492095 2.125379354714208
0.1215141004007157 2.0681376814712897
0.08462018930063693 1.6152377870668038
0.15041523413339009 2.1464355050376156
0.11325992830297006 2.4963453180556083
0.08235927141018677 1.9648140231902067
0.2145565928333295 1.996081480592438
0.14500913205379135 2.1695823535283365
0.08714654728113666 1.8708125849307586
0.09758816259664885 2.0602150184745662
0.1450814546608384 1.899278594330943
0.13093664944833533 2.276113821649815
0.1459645248915331 1.7691599458104277
0.20732535664855933 1.6052967320004425
0.17759264195293387 2.0500478669557087
0.1760686163551584 1.5045558032070994
0.13332818053878112 1.548295318908082
0.1626288478052747 2.2852128102851674
0.15405184893339374 2.472775895508028
0.2309176672520607 2.2810231962243925
0.16093581887722883 2.2547848442829537
0.1642294677888279 1.6993151724786804
0.1400075119432386 2.148626853613639
0.19099006640212807 2.0249273159880574
0.11739657748408477 1.7553504604067842
0.19364265852135717 2.488758285035394
0.1615661821677557 1.6928200191376421
0.22674210872230283 1.930256634411343
0.21561908669037277 2.4743763385291917
0.09626190688894871 2.2566548472565064
0.1771107380536992 1.5646406139802198
0.21658521521629315 1.8389309279022585
0.20397983279251664 1.97290122328008
0.1296763368687586 2.4600955185730555
0.0844528486966604 2.2688798848938223
0.10269051574508811 1.6117806011698068
0.23108459884878768 2.3869894139044967
0.14106423015132794 2.136887709989141
0.20427912085599642 2.423756248454968
0.13391868153984898 2.3545908279596235
0.17211543818239083 1.923668361276826
0.18636629355349 1.9018141246929212
0.16834838465559093 2.423852396692216
0.1421052736622303 1.8956427509665805
0.1854915770202537 1.9264620713523666
0.14318782175267603 1.5348127825810014
0.22818276887782518 2.2061592724953623
0.10340601312270206 2.287173704883725
0.15160524109372014 2.1022076035119435
0.12460915132805811 1.9528156120624478
0.2005427945807341 2.3017129359422674
0.20240081968798984 1.670667090583244
0.18261974176060625 1.5929275557147773
0.20133499725779558 2.0577768504284717
0.19555952291181578 1.7477463827734745
0.13858833668378148 2.1167998410968654
0.18480956203940774 1.741073130804469
0.12109471052345779 1.7746593661125671
0.19061860251049345 1.7395370708642255
0.19734288326340765 1.972654967206907
0.23597982887447444 1.5380854546612324
0.0969910912909103 1.92487449028223
0.13137548480506608 2.18827820979527
0.1818595518247118 1.9854499031067618
0.10405723302543726 1.870433247227877
0.2298073676129797 1.526176776957767
0.18942733320885963 2.166097337123178
0.23438463608914806 1.8176870274800359
0.1809654458315873 1.8362815942686448
0.16871281283650175 1.8469952878666898
0.08215426204317909 2.398903849188925
0.07554949635545806 2.3519982257573324
