20 100 40

0 1
0 1
0 1
0 1
0 1
0 1
0 1
0 1
0 1
0 1
0 1
0 1
0 1
0 1
0 1
0 1
0 1
0 1
0 1
0 1

-0.36704564662488814 -4.345140065455858
-0.11101545083817571 -4.224372930099747
-0.22191698935927756 -4.207807258529467
-0.3519214397005585 -4.014109879485449
-0.2302417719245461 -3.8709206635502347
-0.15108673163713912 -4.308115823307021
-0.20555797176435375 -4.536736859996551
-0.26199847272183696 -4.211346881366686
-0.3169867441122046 -4.404790704265363
-0.2714773217550317 -4.281332661936688
-0.30004432213125387 -4.051701197595486
-0.25723289913422176 -3.907451335606565
-0.33455459504588636 -4.091779970233434
-0.23234170518948344 -3.885936600604853
-0.14717364361854285 -4.125073531780363
-0.1609003426313741 -4.213574915153128
-0.28389259622267454 -4.125573290192239
-0.3606648924881301 -4.111612511755584
-0.3414306460775459 -4.034363356234923
-0.3004136936659718 -3.907620300839977
-0.16725497584982604 -4.043501067978169
-0.1714636557016159 -4.146105593109716
-0.12965817498303445 -3.980782177805563
-0.28764857955126666 -3.860132426129545
-0.29860999020499945 -4.1730971286791565
-0.24037475721786544 -4.531084666424522
-0.1287348514284355 -4.522818118640856
-0.16407855201224486 -4.265972510522197
-0.28508451361579396 -4.551723121481193
-0.10177463469313697 -4.168518328679672
-0.16508859586292168 -4.542095736955487
-0.12342667192990953 -4.273515766619292
-0.3181251957555995 -3.936251216974522
-0.15929545321683314 -3.9847400987304242
-0.3285614650481723 -4.046225578272676
-0.13742927752642015 -4.427820987697148
-0.36689821777261256 -4.060429146225399
-0.17772876459973044 -3.9213918078059278
-0.31349724842795507 -4.291505098240716
-0.13806919643329035 -4.50620126522167
-0.3812438504434471 -4.021305997002576
-0.3011148172977235 -3.8728026076945907
-0.3261569772926264 -4.15789630689876
-0.37951740677470347 -4.152562219201217
-0.39456294724372243 -3.910805379730508
-0.11816488280662846 -4.248919705494463
-0.3244468160199342 -4.44628756954755
-0.12931930730363245 -4.347920849201574
-0.1386559680701766 -4.533814821636451
-0.18719252689143734 -4.064415133699049
-0.16690215706952088 -4.355864283156283
-0.14955937623260318 -4.457475101281
-0.1835055427415643 -4.362809546860455
-0.18616881775400507 -4.068138820900566
-0.33628914383321834 -4.197720738781358
-0.39909843666539857 -3.8480486023501594
-0.2797402477189125 -4.407984173145533
-0.2281110072919142 -3.9027776924362176
-0.1396453000883216 -4.562143511231512
-0.2920461094081941 -3.812725560866126
-0.14952918931845138 -4.273250862430595
-0.2378537518788181 -3.9290086694807025
-0.2569255847095015 -3.9882790803952917
-0.13038553184459117 -4.420906453532363
-0.23754243531828606 -3.962131114781198
-0.22574979455556385 -4.410258882378196
-0.2936793815536337 -3.870775218795284
-0.22255865379224765 -4.451429459519106
-0.344577590080708 -4.46824096955973
-0.31610044721328295 -4.314026897895625
-0.19564888375041922 -4.065112919851278
-0.2229987370669773 -4.072874450612085
-0.24647982220209902 -3.994093897836862
-0.3140931261798389 -4.417572753630865
-0.24240584426202663 -4.56677216886297
-0.23237435736002576 -4.422171510746527
-0.25176629196642725 -4.098491257900945
-0.1448239888106328 -3.9756781928739313
-0.34351646891477206 -4.387917433789399
-0.21633214012086277 -4.131394301679855
-0.2929638799364004 -4.101317214174269
-0.24241744602757195 -3.9777719096270485
-0.3243889759839417 -4.168911201913677
-0.17482984009031793 -4.07816598632924
-0.304240958650562 -4.097788649999296
-0.2018126958053747 -4.0888769603508655
-0.11361510615494019 -3.8842115020855914
-0.2879433403732017 -4.362805708031466
-0.1832642202611709 -3.832378650737354
-0.17716487789878985 -3.9872130887977697
-0.20928394400962133 -4.031111353376809
-0.29774756648373196 -4.003323711359103
-0.39574115368648805 -3.8313029863259076
-0.35497082609787417 -4.511882681651094
-0.38733059445777496 -4.286353177105885
-0.17179383483495897 -4.1926980745143805
-0.31540148565092263 -4.393796816545007
-0.16241470280531273 -4.341174465171594
-0.25986666795277696 -4.533888485435899
-0.18587980513963154 -4.222245900004501

-0.12641669066813793 -4.162697038655177
-0.2780881821642047 -4.232613069562895
-0.3768263877295461 -4.0018437380336636
-0.2777019194429657 -3.9143230951414276
-0.26667075110129623 -3.8942903329557046
-0.3769908854186036 -4.564536036232703
-0.3977729045797452 -3.9616307877008694
-0.30110896426591266 -4.468650645859348
-0.22230626710949078 -4.178282734763344
-0.3386453558594029 -4.443208227370865
-0.10821019684481487 -4.150413832597059
-0.3580242895581572 -3.8329524776400916
-0.26824139522635804 -3.8232288480202663
-0.18536085048072493 -3.9463079940410797
-0.10313251549619579 -4.155826799010424
-0.27254914951738196 -4.380343550092702
-0.14265062145764007 -4.045785369199901
-0.20838060766469027 -3.8903612989445464
-0.33627448029777923 -4.07850568911581
-0.2133662860042366 -4.401673743813173
-0.11955885545605 -4.296654165231848
-0.21942411123013789 -3.879230641862307
-0.3122323692380343 -4.521616032432551
-0.1956144788166938 -4.57024174406367
-0.21029446096916174 -4.151856144047319
-0.26947831432148506 -3.9350523214052213
-0.1657520740748593 -4.001242818244823
-0.32407836853142974 -4.511219293716048
-0.2313526353766887 -4.101520627665964
-0.14564154699470694 -4.376942867949248
-0.386982201567275 -4.411922947584345
-0.21519330412873888 -4.459018763329913
-0.24559603352015993 -4.289067974538435
-0.3663899563072238 -4.225552860850865
-0.19685040892238617 -3.9289977976029524
-0.1661826843674391 -3.830546396347719
-0.337041225077005 -3.8774751655093382
-0.2419168165813722 -4.233213952677371
-0.22764979657295825 -4.323375139045942
-0.10453804307447706 -3.9933631710551225
-0.13011057984051638 -4.0984766806359225
-0.10422047102408782 -4.113113527379717
-0.29840393657429654 -4.094075014008552
-0.16777974053848055 -4.2119849984153355
-0.11725503747005728 -3.959832749588281
-0.11017284558828572 -4.272203985069574
-0.11305938422251155 -3.950962771241031
-0.20079937198441913 -4.3881915748514855
-0.3214304653171706 -4.421286591685492
-0.3885756390413808 -3.8814435041109916
-0.38000977509425254 -4.067127680572503
-0.39752445047228857 -4.436048773539329
-0.23355766616095852 -3.850819557777851
-0.21224785677696376 -4.026461111487375
-0.19059474777870872 -4.28314683593874
-0.1463298834777485 -4.125961253903544
-0.16321384041041254 -3.8541407429552414
-0.1943502574153391 -4.421066089118352
-0.31741973587616756 -3.871686872506994
-0.31042243896293387 -3.8362826099589826
-0.38405803026750696 -4.368858382686301
-0.15303057639581805 -3.994472975086345
-0.1278234331462254 -4.316244917370824
-0.29102902883215553 -3.8410354953858086
-0.21052641144048642 -4.123305110525679
-0.1308235526957206 -4.017415169608622
-0.24667369728542585 -4.574356358401321
-0.1657635361457365 -4.176460021602244
-0.11205676545379206 -3.9598304364469055
-0.3275417023967664 -4.12422821831902
-0.23865951612893277 -3.825941383660964
-0.14381011548570877 -4.058076084135471
-0.35608391763748065 -4.482057558979374
-0.16481920862631103 -3.917919973179769
-0.10681411636971733 -4.456391645900914
-0.16098648567630855 -3.864743632962893
-0.1926655559163349 -4.199027340488829
-0.3811161054087334 -3.8973130834907677
-0.1844541110348493 -4.505624663292538
-0.36493419205458455 -4.2089489184599564
-0.31031086185646267 -4.554748261939473
-0.1980148846389316 -3.8615891360260113
-0.38888174477016835 -4.397171656545707
-0.3494333787221642 -4.198238688980786
-0.14688034746344236 -4.022203233378081
-0.34188316727033496 -4.418063838295012
-0.24220284764873684 -4.332754195766062
-0.3822634786817018 -4.004322609043744
-0.1872976541474205 -4.297506553168783
-0.3308196781473319 -3.8492602919884216
-0.10970446572589876 -4.575493705814298
-0.35931688030775244 -4.141238270396313
-0.12881066496633709 -4.153154291041492
-0.2029725297705511 -4.170200615911919
-0.11283431385389658 -4.194815115175918
-0.24818934457740177 -3.9896407410915575
-0.2304753301469263 -3.9683052188354857
-0.19808242771910958 -4.44454520910595
-0.2754474620919513 -4.409410741056304
-0.16857483188959707 -3.8460042094026776

-0.20702914331965028 -3.915729688620206
-0.3319022823742667 -4.426543391261208
-0.34577825828392544 -4.381720135838551
-0.3670196281572156 -3.9339314182484246
-0.20078308889665755 -3.8869566853217816
-0.39498340154732425 -4.210511165342869
-0.25168392381133786 -3.8141882130860205
-0.3228722952974767 -4.202538389126447
-0.3151414260732179 -4.205409667665423
-0.19730481512811493 -4.551618842497777
-0.24557342994291226 -3.8671982217556504
-0.3673039485592548 -4.233064647514156
-0.30075781295012904 -3.813447989887181
-0.23499930685488418 -4.548041851555747
-0.12419734752433415 -3.8882157186884885
-0.26491006726893923 -4.123236155059768
-0.3404894268420906 -4.223016659067246
-0.3975171212242279 -4.275956103572974
-0.35613937502418347 -4.2403459838763995
-0.21490751299600439 -4.528681028797416
-0.2805591963700186 -3.8483144757051715
-0.3912580580752333 -4.348957327242839
-0.11677539276172272 -3.9859249014222073
-0.2816106485782564 -4.262487814719338
-0.20335985757091604 -4.233570511048444
-0.18284650232463884 -4.224467554278154
-0.30889690324974034 -4.097672908946109
-0.3778328929580782 -4.576809890593603
-0.18832822417818323 -3.853802368959529
-0.19108427408870737 -4.364242232033885
-0.23788104053875864 -3.851686353483526
-0.38971939122694044 -4.11294861910683
-0.1635532329877706 -4.172963893069998
-0.13145283555048215 -4.371582189963402
-0.3616495367032079 -4.376757430991121
-0.11340397458650153 -4.163740711458482
-0.12752857379633653 -3.91448926793471
-0.24915673649709055 -4.371651551011307
-0.2395449816680374 -4.401283781539739
-0.10523120279113618 -4.45840825860635
-0.11400853811518208 -4.395453124453144
-0.1339852767780098 -4.441856314728513
-0.2324082192103741 -4.104186518638792
-0.15995328426769134 -4.5140025243769175
-0.3975762102425439 -4.089523990903398
-0.3377302980640821 -4.030365998462566
-0.32156754446321645 -3.8789435967004886
-0.20597651088404412 -3.8535317487501652
-0.308546593190727 -4.137660235158768
-0.3210984369555411 -3.8758258110619392
-0.20023042551522963 -4.22481737198708
-0.27688805985488013 -4.496608020564815
-0.25174450973905116 -4.232098824996581
-0.2963903358553253 -4.272734680864206
-0.35042572994300947 -4.498780976875479
-0.2938646189681193 -4.000033608445284
-0.22154121847728406 -4.004430090071262
-0.3478461683363501 -4.221348893284076
-0.23479881910545009 -3.8599376979861733
-0.22454059231884502 -3.991375479299268
-0.23607507380739856 -4.5480023916543795
-0.2842629357614043 -3.9972825324851353
-0.11850542109947698 -4.286576859303337
-0.22882220086205343 -3.843359560968109
-0.23130720672476535 -4.131620094479222
-0.3415319339693949 -4.293585908283811
-0.1871769118439272 -4.454264786037744
-0.30288348031736445 -4.2527707360285545
-0.11820688646315358 -4.56733412337596
-0.31448805875019736 -4.268995041155698
-0.35708769428989223 -4.0039572684793026
-0.2868075471502135 -4.154292796767873
-0.1663808555637628 -4.268284317897167
-0.13428201634165832 -4.328743976898009
-0.14065848746207688 -3.8132703801662666
-0.32110485611443396 -4.066007314991092
-0.26994577544470383 -4.557814222211077
-0.38123773925756704 -3.8226817893137968
-0.3462441700032034 -3.8795925731009095
-0.28603204533771415 -4.023693194965914
-0.2550781326719709 -4.179924290024324
-0.29303314704030137 -3.8296133248887645
-0.3590951857582781 -4.428985995134225
-0.22191214341051207 -4.551641838842189
-0.24440769352462915 -3.964686757779786
-0.23417109544571288 -4.511908997432883
-0.16006112328849523 -4.4330190599206
-0.28674395064931396 -4.160276541167782
-0.2450447462016278 -3.8578837393185066
-0.12392320302667531 -4.145881841510728
-0.31616257101929823 -4.269273527227067
-0.33586929724969 -4.135256130746066
-0.10082695642457484 -4.157957866405834
-0.12280338093680798 -4.291846072960881
-0.37666258755271864 -4.439253862090792
-0.10443801178560552 -4.0958832266645135
-0.17423884716685167 -4.503363902039669
-0.16388393256686137 -3.9357459561675765
-0.3124234393484487 -4.40662333851008
-0.2019036723228156 -4.19768140673654

-0.1173512967006542 -4.210219419876804
-0.37904454150756006 -4.067925824674736
-0.2988660163267148 -3.8558179217647632
-0.39512974646653604 -3.9859724772127088
-0.3232455914347946 -4.021052405709838
-0.20997366590759475 -4.076840484673033
-0.3582706905017482 -3.8721247372975487
-0.3494948379692723 -3.8294307364145252
-0.2954826027954257 -4.3887518575139035
-0.21735435576858317 -4.081621558312702
-0.26365519946824145 -4.246184587654245
-0.10238919053524614 -4.120250415070414
-0.34668217603966256 -4.281807792758589
-0.219167932148908 -4.3126607236995715
-0.21382643110139826 -3.820495049995317
-0.2876120664062089 -4.148438341475565
-0.155736129983101 -3.962525819288214
-0.11929504223043119 -4.444661482683657
-0.14235021954092614 -4.040870661989598
-0.2905173330798447 -4.37375739449775
-0.3025177362294656 -4.00265459299559
-0.30593859612863106 -4.1726328323435355
-0.25102809506741947 -4.332557676514469
-0.307283776809094 -4.347929893305766
-0.2790433078618435 -4.190424808724068
-0.20037809373936996 -4.107329599776169
-0.27161037529477106 -4.384454435225176
-0.38394145330131 -4.281254205566628
-0.15568939679791335 -3.9786929375234843
-0.39989420409028326 -3.8322578901335733
-0.28769376167998956 -4.050057302804806
-0.25383485152506213 -3.9883050872689654
-0.3059335530472612 -4.319940013687556
-0.1478771297049638 -4.49760093107317
-0.2706788555765315 -4.377426453598776
-0.3898295859426281 -4.494228637623907
-0.24972466049626246 -4.5498626476012936
-0.1349177903114207 -4.097906448834739
-0.3213307730670302 -4.549423273331993
-0.13663978565980278 -4.341342381115015
-0.32679506514688184 -4.488676623478102
-0.16332852054445193 -4.374850671191537
-0.39058414504568123 -4.39780556686304
-0.16862604900472372 -4.071565545382837
-0.3258476482981192 -4.055076557635139
-0.3513595643396581 -4.0626126793969055
-0.10125771773626285 -4.467541638980083
-0.10740305450432297 -4.3068677087119465
-0.26987058864733837 -4.00990912503303
-0.3805410188393804 -4.295297715451763
-0.24637126195515063 -4.3467015813625975
-0.13362596745616928 -4.553841618785887
-0.29790121086160826 -4.268958567266798
-0.32793022204128847 -4.48035669754361
-0.20928021839820196 -4.302660135449029
-0.2522858106188347 -4.509031473566343
-0.34218291596193595 -4.3099983383579765
-0.299148327896526 -4.351008215274373
-0.3603379088186899 -4.492983043687473
-0.30806332650925156 -4.416801567686603
-0.19509631764164545 -4.257372255360931
-0.2399640082016343 -3.87064142959126
-0.2310739014245348 -3.850488728899903
-0.38183241751802716 -4.550667159140456
-0.17092035147639079 -4.231627995300835
-0.260565216875292 -4.0952131258187485
-0.30407512512182816 -4.368659750113051
-0.360453390123262 -4.121531236093182
-0.31885732930363775 -4.029724982299619
-0.2637213154152289 -4.151714724740602
-0.2314715390575769 -4.089977976422137
-0.2528006035995398 -4.213757605509014
-0.18214485925426321 -4.267377352249766
-0.2721702254690209 -3.868774716800549
-0.11677853643729652 -3.983273159633946
-0.35023433247514935 -4.574781978561671
-0.3859051681237623 -4.153375890920365
-0.29160404700192755 -4.286595659160674
-0.11716315591159826 -3.915134242377274
-0.1651967115680229 -4.361564812455011
-0.3277467549672339 -3.8567217989429596
-0.1518136126765699 -4.297916425835877
-0.2342821690378075 -4.061925539591581
-0.1919441725907348 -3.9619782770076224
-0.20271088869798848 -4.316490455891822
-0.11642244034833432 -3.8878363782283625
-0.22927373420970817 -4.447251671459939
-0.1471489396736797 -3.81334780086968
-0.32086249275977413 -3.9264059376718863
-0.3112373680890884 -4.20579049818791
-0.15659525848069833 -4.288199173828307
-0.1531466788025527 -3.870250820553175
-0.241301564442168 -4.496235390253867
-0.1592001747811264 -4.298787820551316
-0.1368860038254197 -4.161736738716522
-0.20175402275515936 -4.166347318404269
-0.3650960963575773 -4.199864831501637
-0.31557889608549056 -4.570947431511192
-0.282867066132821 -4.041066086007444
-0.10185029245252475 -3.820837457770137

-0.10750384444073546 -4.471098301490336
-0.2801022961767069 -3.840058819826076
-0.31201861664563546 -4.452732358392302
-0.2075519076486935 -4.251838868958356
-0.1692501500435237 -4.099790052661221
-0.2021276544172401 -4.116396356962434
-0.2553367326751721 -4.478486538691669
-0.21297165331141546 -4.482748258638445
-0.31934023658248517 -4.310268259083927
-0.2720619402776412 -4.4775254261396755
-0.3437129829657561 -4.325405115888102
-0.31227561404782794 -4.487311245060057
-0.13394224415369405 -4.212146087022251
-0.1331321722130815 -3.9671870486036465
-0.17671251814421687 -3.8515693297545575
-0.23302359677187806 -4.261538753896805
-0.19401242660362916 -4.357878099889477
-0.32612097535861234 -4.526557238267254
-0.25325603005550074 -4.505457007779783
-0.18933637935484282 -4.2446204985398674
-0.10984253916467834 -3.8821622324649114
-0.22876350011265034 -4.255157071214961
-0.16876053656211995 -4.545790303280489
-0.2650014468856427 -4.188905318203903
-0.356255408383262 -4.015273620609193
-0.26142774996961915 -4.288934611188572
-0.35897823021645864 -4.076561366234987
-0.37778657020215245 -4.1852554913860684
-0.30302120510915254 -4.146065402632803
-0.27786513754373915 -3.8898760491716207
-0.20030749290355968 -3.843190077263446
-0.25024223158002923 -4.4417408725082055
-0.31820402074115284 -4.204921679727366
-0.21249046690965975 -4.41013389367422
-0.30577315076877265 -4.197818511288795
-0.20042798290009153 -4.194231825928954
-0.20980026830808784 -4.143575199000374
-0.2680334810986453 -4.19005233585647
-0.17534433337571684 -4.280934860735301
-0.38812958402285996 -4.530357193926426
-0.2985469118398251 -4.385212369947393
-0.3447909237108761 -3.843146231787319
-0.3792134139679473 -4.077066909816222
-0.18323858734175114 -4.151261277744041
-0.35472154329838823 -4.398815753747913
-0.339746556222842 -4.009875457886027
-0.3113121477367236 -3.873518348863703
-0.12319775107006037 -4.563024447885918
-0.28962533387383577 -4.579081338914338
-0.22589153697434142 -4.397593277669613
-0.1497969146135505 -4.3081434952602695
-0.2423640177132192 -4.252597030763653
-0.3050982558078544 -4.535829435275691
-0.22094670100605787 -4.419796131073927
-0.29088371399555446 -4.005383465105622
-0.17275024093162156 -3.9732385365147938
-0.11900086602600152 -4.251546545264364
-0.3430842075963117 -4.213919186899558
-0.10392802690738456 -4.299511858889205
-0.3533466721957507 -4.167943444361285
-0.22228356455043996 -4.1483971474670165
-0.1001742703695283 -4.130576370497444
-0.10079131971015409 -4.25039016066099
-0.18152651616024615 -3.8914773560705918
-0.15112445698454743 -4.4648614272358484
-0.335659161642885 -4.420600333196102
-0.1380214892511426 -3.8531025586641756
-0.283551364041642 -3.8183312760046895
-0.1253501754038162 -3.9872993429872947
-0.39994768471641556 -4.215168070138793
-0.2649395154254699 -4.228370825007925
-0.20953713965945134 -3.938651770517095
-0.26694720638954816 -4.244056350518022
-0.23459347015694856 -4.200396173072522
-0.22082533180393146 -4.234533983499371
-0.362269633240706 -4.50142970805372
-0.17090401867402313 -4.409627739337217
-0.1425924577753555 -4.178320400561448
-0.32671334774113037 -4.071241993755127
-0.32385106101564487 -4.158179205051295
-0.25594298870531706 -3.9110035209120864
-0.30927840154858477 -4.377381917609681
-0.21303356651576616 -4.1717881617801735
-0.11158705198538804 -4.202577741040732
-0.2744815281639039 -3.89587039870601
-0.23527917439424292 -3.9453934055045146
-0.12218755918696356 -3.847097180139814
-0.3635841293827016 -4.435371301692958
-0.2029328877134493 -4.218042133371287
-0.15157043817650453 -4.2427632036161835
-0.2140969640242737 -4.025253611905332
-0.3946194896335286 -4.323758148414006
-0.3322805786250846 -4.413245925976587
-0.26815047591446023 -4.36083986468426
-0.17636529363707765 -3.865331700911656
-0.11676200543059406 -4.004508154143961
-0.10254944118554032 -3.8200585917159717
-0.21574977687374713 -3.952966975716049
-0.26278294723463735 -4.366361244253173
-0.3967777756362086 -4.287544299633922

-0.23646057905170745 -4.331606327754361
-0.31384459007624155 -4.050741836807609
-0.10726674628648242 -4.416598707980264
-0.10198922801933885 -3.857660921036623
-0.32792902648207123 -4.551141244437068
-0.11535648440770152 -4.402300241418193
-0.18822896144880089 -4.573641349893617
-0.26112554266035226 -4.37394912500164
-0.3670255987456613 -4.223933612621686
-0.12973912729864617 -4.2886261945795345
-0.2539177692493709 -3.954615027585304
-0.26743848495571426 -4.457260367486645
-0.17204381828390414 -4.012036703176854
-0.3247547162017654 -4.10436442690635
-0.10045036418277475 -4.125725239273857
-0.1268505856194832 -4.43386469611539
-0.15324750139277443 -4.5654296383155675
-0.36948894649477865 -4.419649415746646
-0.24382339178072274 -4.141334545311286
-0.16890953442594078 -3.8168515145255646
-0.1156795023376655 -3.83543558603209
-0.1580723446305157 -4.262789792702437
-0.1211457337496899 -4.491765639397653
-0.25358178389700076 -3.971615758877389
-0.22091203022458494 -3.9150188707601172
-0.3609944879561849 -4.245165731225088
-0.2354637322806888 -4.273295816321492
-0.2502793811741224 -3.8879450961153053
-0.13594745848660578 -4.482846419680068
-0.31180206954295125 -4.234387705862936
-0.3824632195545994 -4.255906477733727
-0.16837377972497125 -3.8329473479217606
-0.2618167132967151 -4.365634017944133
-0.12380594473340517 -4.405509005096082
-0.17929298725699544 -4.301658699554754
-0.38976009768318864 -4.286742795855924
-0.3650131038584401 -4.355283399172884
-0.11518285882998247 -4.045680103541354
-0.32958807760634035 -4.2926757227164005
-0.27252620780971043 -4.116507812660489
-0.39347878783970436 -3.828066188047379
-0.32091574929214206 -4.360824950194223
-0.395274506005568 -4.222027129947343
-0.373121579390224 -4.001667858339585
-0.19139224124738824 -3.8272053878211514
-0.3018093021492898 -4.19832537721
-0.3715050809938331 -4.436177576735503
-0.18840307596819061 -4.386993703566672
-0.32791437375636023 -4.3546988346460305
-0.3345325803555874 -4.114015337118457
-0.2962093336658651 -4.347895534363132
-0.1460384162151409 -4.525040178886786
-0.15772160779966315 -4.176546984872265
-0.12116501974030253 -3.920431164583624
-0.1373494093117824 -4.010212540398169
-0.28765492752202165 -4.271928309361991
-0.3027957379245786 -4.249842866425375
-0.12659199192029075 -4.304504190997916
-0.1270439501209259 -4.170735043322537
-0.3119199989223897 -4.336045834941814
-0.25899811490612284 -3.940691354877133
-0.32839250689011523 -4.037150529785765
-0.1440739004668664 -3.8162072472695123
-0.2737592897130448 -3.8199922016778745
-0.30234681967615024 -4.017280852527626
-0.18273682252598134 -4.09290982930573
-0.27134114909151036 -3.820224133200362
-0.1512407424379339 -4.0405030716911705
-0.1827708528539088 -4.108190757427092
-0.16855769139764232 -4.479143787789331
-0.38396446262735756 -4.338225146072563
-0.33174104133987226 -4.494228865208692
-0.3387708117155404 -4.343514355515068
-0.2546345632696716 -4.3382485344053245
-0.10044933044486382 -3.899378377219312
-0.120701341700311 -4.231507290312001
-0.25532600570236186 -4.180883946472371
-0.13646325407873794 -4.322003176570227
-0.1000742492801745 -4.192680576812147
-0.33091015221290415 -4.463281076031349
-0.37643714202015577 -4.005995849357523
-0.2951951949667666 -4.384702408068497
-0.23184156786528404 -3.900920708153701
-0.107690538072572 -4.043887212342926
-0.3131919687402299 -3.8571426207147916
-0.2335225200817189 -4.413344501724013
-0.1415452696634399 -3.9619794117944656
-0.37531856758553744 -4.061527712954384
-0.21137415074290786 -4.017677965999879
-0.3767940017987378 -4.200842816109376
-0.29134173134602637 -4.310763661842898
-0.18702990616263945 -4.42083271715695
-0.23945904645139146 -4.4781282611361615
-0.13784293072664855 -3.9130728294811012
-0.18003526877326545 -4.236234470019681
-0.37940847266790384 -4.069597017758171
-0.3257836942188622 -4.086048665669702
-0.12352319585784266 -3.9858474278227565
-0.14239769160109284 -4.23828501055667
-0.24829588678129155 -3.9385691144992228

-0.17423724496957593 -4.460351196086894
-0.2686647467173892 -4.268003693868221
-0.2606565167713418 -4.061515512616875
-0.2674311364849917 -4.183132610763545
-0.320958986026096 -4.254477574044857
-0.27953047618430676 -4.404111116936008
-0.23239029550587162 -4.161121185497752
-0.1303366694324778 -4.007463438537428
-0.2619841017399801 -3.8142991089290565
-0.2804863635523489 -3.9952163111072965
-0.2844178885019704 -3.8347976905279357
-0.18058602675811875 -4.120374545486333
-0.39394128988405747 -4.152440994032851
-0.3908223098738769 -4.543503653818125
-0.26810955727800856 -4.105591118980784
-0.18129480169583903 -4.413797726277838
-0.27816118089811115 -4.403513102045765
-0.10489221812228294 -3.8636225248539744
-0.14235184434793507 -4.013163960512526
-0.39395508002240104 -4.066787838585648
-0.22017654162037914 -3.8241229412661726
-0.3816576995639154 -3.961921451249042
-0.13705267561264795 -3.9518607711586102
-0.19691861406102676 -4.120350585629351
-0.2879523262984776 -4.116724355889828
-0.12748395202882118 -4.252961243988331
-0.27953707491130503 -4.334783168718797
-0.12956567463442054 -4.410688746164618
-0.14854318349264606 -4.039580898216212
-0.3575656096188726 -3.9763419031776204
-0.37751617386853115 -4.444862686188765
-0.13190311391407306 -3.8691692863892433
-0.2153789588151883 -3.850181069112423
-0.2695059108419725 -4.27682965831109
-0.2953636490505423 -4.365447416994852
-0.3628291479983381 -3.9950733273859345
-0.11987092838699459 -4.5713941924897314
-0.20151894868425604 -4.362329462602191
-0.26859691870483415 -4.0402468712928306
-0.10450589374274821 -4.017174121212005
-0.2568921823369972 -3.988823865708427
-0.28912104294536006 -4.100990093789414
-0.2051109583332564 -3.8711793574925664
-0.2670198077863317 -4.038700040309684
-0.3305139947226876 -4.414493114793188
-0.17184240748385993 -4.575033789449768
-0.3198357572071916 -4.463571596984555
-0.2189133137787432 -4.3473325382593835
-0.26699572258326953 -4.330287194531127
-0.23966181568824474 -3.841113064308656
-0.2159656253407605 -4.329720320364236
-0.13318232067783076 -4.207188450137997
-0.15837101967704414 -4.37597045962002
-0.2829001807941577 -4.102680709539262
-0.10605984204374491 -4.421345494938327
-0.15646948657160087 -3.9867760806434447
-0.305305189711064 -4.006415148649183
-0.16924205439058054 -4.20549433672666
-0.2981243000063671 -4.139278129425501
-0.1865036258800296 -4.395356580881818
-0.10110818593697868 -4.577992097348539
-0.30389453337491396 -4.348114695088603
-0.24459789278240357 -4.014422256114715
-0.17332801064640704 -4.471133057643713
-0.15160102242177628 -4.11231916106113
-0.10419372476818589 -4.012988530724419
-0.2524846421530196 -3.9660444197740983
-0.3596048912646508 -3.9516455151292953
-0.12313402075894347 -4.0755198609618075
-0.10051401090560241 -4.26693682255462
-0.25986988621137985 -3.9722636041114514
-0.3428462050346418 -3.8850404609120686
-0.33513508171712675 -4.418425406063279
-0.17003422725782405 -3.96266208918225
-0.13989425496205887 -4.426648808123927
-0.22538085339094696 -4.322207729680085
-0.337405734867928 -4.444217335303922
-0.3485691961691297 -4.29627921070527
-0.24484479754091973 -4.479466056497228
-0.19464171914007206 -4.157881426706678
-0.2431612819025678 -4.567310583949376
-0.3836140598305093 -4.014816940278745
-0.33003478518260604 -4.117005999723787
-0.15639097779078617 -4.403579461790956
-0.21226031242101084 -4.308451883027365
-0.17126715905293866 -3.824713217527587
-0.24635660637155965 -4.227564791935427
-0.18726049947860796 -3.829632826203655
-0.11200932722352258 -4.3310127827721105
-0.3449811378027756 -4.531257413905168
-0.23733386509407808 -3.9203654531758465
-0.2608201409308899 -4.0174138691733265
-0.24702999502383322 -4.127387848020694
-0.26434901243918013 -4.2038021719055685
-0.3055794014078961 -4.039299903973354
-0.3296877256922638 -4.001502011156042
-0.1409131804764041 -4.215647525399549
-0.2655249086796878 -4.337660343328826
-0.2008249218213739 -4.1293769074023166
-0.1438989176200654 -4.190218406539047

-0.22496019574503617 -4.053243077613295
-0.3350559463287022 -4.4155295879369065
-0.3687682854968637 -4.463893346950407
-0.15830029351433203 -3.9602747655438666
-0.20342221093384136 -4.367486053099209
-0.3399461685427103 -4.135610423619814
-0.38057053437066796 -3.8717860836404903
-0.26689777954632066 -4.335134376249584
-0.39998456719753683 -3.8979046141516456
-0.11405851069860273 -4.328197228523639
-0.36641892824175437 -3.8498991158272946
-0.35563567246634625 -4.555251150091696
-0.15763092047462635 -4.0236996688715925
-0.35420850321005193 -4.35499312652684
-0.19669533481296092 -3.930553182382976
-0.12694662021611502 -4.486104409456154
-0.3533581590532045 -4.47819156232005
-0.22940031728408766 -4.1173879025303375
-0.14822305787608558 -4.203467132687491
-0.2076750728474375 -4.234074194716923
-0.11786634785106054 -4.117042051785561
-0.3689065089170464 -4.11144294536055
-0.2833564367474061 -4.364998873451272
-0.3869084480282796 -3.8617140008593895
-0.23897534260472145 -4.229108219264482
-0.2188725309709449 -4.048923163211979
-0.19109013208684797 -4.060011774534101
-0.2245992365302118 -3.916675760947349
-0.10828160127020942 -4.422694078596612
-0.34851160260328456 -4.264918744811822
-0.3809702235958456 -4.051073830878787
-0.3668242994752456 -4.018676699212326
-0.39300355221098543 -4.536008277846527
-0.37000651890922587 -4.322088722985507
-0.21756933149615665 -4.193355829911142
-0.10777859810044166 -4.30308597583388
-0.3024131231580516 -4.477213828326564
-0.22099653755103912 -3.9653417565284075
-0.18385321865244303 -4.368873497570522
-0.17463614786499582 -4.571970618467788
-0.3832029173194064 -4.25272721127293
-0.266307128153717 -4.32658911405252
-0.1478555701247009 -4.0926197351587845
-0.14315487581475306 -4.008568832829024
-0.1632670781414826 -4.280412245262726
-0.17309446089447117 -4.28195333884061
-0.1409124035055443 -4.521340011218723
-0.14365962503836044 -4.248619579089948
-0.20278117982026178 -4.50356397859595
-0.1003516594159718 -4.267472896616135
-0.3639852946113181 -4.037743687419535
-0.18845844312750254 -3.8180205481860594
-0.20038149751783857 -4.2227889185300045
-0.1500068012374465 -3.9966991415861335
-0.30870093349863953 -4.309028445218259
-0.3519024733482101 -4.362236970181584
-0.11773218496396537 -4.346295618641711
-0.37155107924221953 -3.9100769712966628
-0.2961494820665916 -3.8427239123987054
-0.29820980303557043 -3.9291650560731335
-0.1359256374539226 -4.000013522312626
-0.349536012451922 -4.429614356533104
-0.23514341880935405 -4.264061341469855
-0.3794024728662022 -3.875389871245431
-0.16189038299140915 -4.2644443676663375
-0.27436304600418937 -4.195126240391487
-0.21759268227778777 -4.1447022127403805
-0.14357854547584742 -4.211783860558862
-0.24052246739647312 -4.506471695255145
-0.3021673403762843 -4.039090362194941
-0.34442200654417 -4.093811970432155
-0.3513921593493018 -4.569403346186018
-0.10646916695511321 -3.934560633902085
-0.3460965700406782 -3.8897834631646266
-0.32785855351027493 -4.475271150101659
-0.3441565613777236 -4.0093367049313455
-0.1921078283315169 -4.158178714989522
-0.30614632248836726 -3.973051292700352
-0.3068692074331424 -4.544752872940184
-0.2829143068362229 -3.8621641885401248
-0.19272981441832707 -4.381122833940201
-0.3335046137567852 -3.937726119125757
-0.20862202896537024 -3.911842955172662
-0.144368659210158 -3.8453027371619837
-0.34753103818188114 -4.481452325624216
-0.1464869151080178 -4.455731696225992
-0.11598994288156222 -4.330661757058915
-0.11252129223903345 -3.918532211247943
-0.10117132025084075 -4.364782136575074
-0.2589081950040163 -4.264819849962507
-0.3370067184827258 -4.402911536399347
-0.24822910961039302 -4.25203711174334
-0.3113032077504885 -4.358139214992462
-0.1675459684166012 -4.204872556383536
-0.2811871372250628 -4.331855677364095
-0.16238604650958163 -4.155366233775479
-0.2664681659067228 -4.015461668817692
-0.38424210241984413 -4.406432408348612
-0.3362679932514961 -4.196005914607292
-0.39703336800406364 -4.508676388491005

-0.20445978946305743 -4.275652845403101
-0.2565560259381514 -4.032818278904468
-0.36938769745964034 -3.9018681986550927
-0.3548295602962545 -3.9036339897019574
-0.19413346496064215 -4.265050063209537
-0.1740264869016438 -3.933255799951153
-0.31699875692128876 -4.223360575578509
-0.13908065256967778 -4.108946630535604
-0.13971227309626255 -4.187169698531566
-0.18205250469253023 -4.226596946942038
-0.11616925723090932 -4.517019445580924
-0.18373066165598942 -4.491159429850345
-0.3919100230809944 -4.215704875391815
-0.22075524142760783 -3.8670727010359283
-0.34970899902285835 -4.307493440324317
-0.3227326164100932 -4.250163699020621
-0.35018862995996164 -3.9697797237047507
-0.20694670370475562 -4.115443617981568
-0.2816909160236257 -4.2914675073190836
-0.2324520830099125 -4.430391733293027
-0.2976621019324659 -3.9441979219989776
-0.17241386126355635 -4.0655888123849975
-0.18010157693081003 -4.497445176648127
-0.3401367067894235 -4.076665950116537
-0.3820353517477171 -3.853506994306315
-0.14746262398719018 -4.481707688395882
-0.2911090748003177 -4.233353554026051
-0.2002852458875811 -4.04354440519205
-0.26973339450868017 -4.16881364120321
-0.10248699637734565 -4.553406135837792
-0.12143204752240638 -4.220353382157839
-0.33215158741025497 -4.55683832775473
-0.20521529951901685 -4.27046713234898
-0.31074667845024045 -3.8955262185373414
-0.2841386325706674 -3.9864554060830426
-0.2106745198088231 -4.083741413676105
-0.37139661668310586 -3.9854277075322813
-0.2927112347547968 -4.058099625865841
-0.28083087651168587 -4.14923149870332
-0.2546576063902708 -4.398283939939369
-0.13741175077829348 -4.45137190472459
-0.2196373972717607 -4.154841512882262
-0.11118895161608161 -4.311058180159909
-0.22538614969042337 -4.547358146923674
-0.30137781956710247 -4.509372403303485
-0.1538238479842372 -3.9103464868292988
-0.25789212759627234 -3.9296840597541935
-0.3649189179266534 -4.272356441373507
-0.3180577448166114 -4.558310909552836
-0.17723366018133482 -4.021932651147479
-0.35890314378190297 -4.217136836320091
-0.15539589130763914 -4.544444199565385
-0.10619074371774917 -4.384916414975922
-0.37227635992724495 -4.345657139318439
-0.21708700360985986 -4.374978743911538
-0.30726814026746885 -4.462995717416465
-0.2755295471001129 -4.224414970122609
-0.11525876507552302 -4.280316308021796
-0.2426916744427584 -4.447152680148204
-0.31909966998170797 -4.050011172234784
-0.3081629480720941 -4.231888155146712
-0.3963764284427038 -4.512816519597359
-0.3180267004435838 -4.48369964329143
-0.26285534066875327 -4.066135613181431
-0.34234540174928846 -4.1325153922759315
-0.3705597866018701 -3.986825130588757
-0.2335642180194866 -4.017184852668232
-0.37546433787437894 -4.264777296388397
-0.24123016018260157 -3.831423289464222
-0.32276642678112055 -3.812494312305946
-0.35512789570943426 -4.016850506308284
-0.28773496546258404 -3.8722852066026356
-0.3268897730911102 -4.330937255542802
-0.18503157967942963 -3.9420489669987933
-0.3396368099857594 -4.004118754968192
-0.3431354459630224 -3.9196194032320397
-0.1839729519218523 -4.0892330297718145
-0.3211356991655083 -3.879018601734625
-0.3483017468412787 -4.403733647540953
-0.15624179856285111 -3.960375413438096
-0.2998052660677148 -3.9591678557963936
-0.2854138607564778 -4.443849153561787
-0.37299407055171674 -4.177960544192266
-0.11578726509764214 -4.084206701217873
-0.11716228252356609 -4.56991436898191
-0.34898648355677026 -4.106052844769365
-0.10293681468899851 -4.4926126895202385
-0.20815431916308685 -4.269420248579786
-0.24710916766686752 -4.5681445608367826
-0.291748979574494 -3.9152817072167396
-0.23936912797578974 -4.112922051750019
-0.16807089316629192 -3.9185349912142082
-0.11732023112394574 -4.471001223839526
-0.3514087234369402 -3.8964358816674856
-0.2868503068431985 -4.368257265503261
-0.11931649977351066 -4.490600415155278
-0.36368256986149927 -4.4484144114447
-0.3816212299774107 -3.8525425005870275
-0.3785544631717541 -4.034127420679015
-0.34439302913654046 -3.988260802275828

-0.31073673556157194 -3.9110531088116978
-0.14314344829468284 -4.062564138765429
-0.30999730165451556 -3.999551641482536
-0.17137114050281455 -4.204591689662499
-0.3601565727397062 -3.9817100099334657
-0.3165581688412348 -3.9831046502258527
-0.1550524101463317 -4.551832271812633
-0.2210998453501809 -4.3935614147910735
-0.11006156419773455 -4.230756131785612
-0.24629084863685002 -4.508118837063421
-0.3849459920207756 -4.2088672719463185
-0.34189771035834626 -3.997512470014519
-0.3489696803122603 -3.859811831295528
-0.25760055790147984 -4.526341396096817
-0.3755845206957375 -4.25785351388102
-0.23057576784401732 -4.3738163978205975
-0.12679944689259603 -4.108309188705744
-0.1635301143611425 -4.283385657211794
-0.26790560631043325 -4.56995279878488
-0.2365505757481382 -3.994549202628725
-0.1650423196879297 -4.198346883405169
-0.12980106193239382 -4.291411618088578
-0.36582973244733025 -4.500400869788317
-0.3547457562603116 -4.222425200867129
-0.17349624417002202 -3.838535138455888
-0.23425077798871347 -4.469799092412732
-0.32461933944810256 -4.547782854979313
-0.27252093467939204 -3.9858391192367377
-0.1930748751213224 -4.289407342104196
-0.2570515674339321 -4.480580547121452
-0.28857002364537643 -4.3063399477250455
-0.14855563792392185 -4.144364089963376
-0.21407716867139168 -4.322214967264208
-0.21369506536364466 -4.213322001946685
-0.26151001097755266 -4.154994281166778
-0.20943185377087334 -4.162693851973787
-0.23980083865650065 -3.92775379283582
-0.23822042983710948 -4.354202381232272
-0.33749397454122787 -3.9002414635827414
-0.2977361527907124 -4.329225094269561
-0.11964552958288777 -4.539079969856774
-0.37211306031001445 -4.013281266452075
-0.24768103377396372 -4.360052167475795
-0.1540106765356111 -4.467063879518072
-0.17371711061712564 -3.8628291551487495
-0.2865575042084566 -3.876524826653604
-0.3284805038505861 -4.244333823874891
-0.3190402186129442 -3.8516973187687658
-0.2274341736089431 -4.521657921511873
-0.18406348679283854 -4.316917263162022
-0.1020056519854528 -4.397849164417273
-0.10463134447165395 -3.919236160849168
-0.23766139838167774 -4.288874641103854
-0.37372990330569417 -3.8329336730923433
-0.3748410857056397 -3.826729313826319
-0.33452398971158204 -4.157052504548777
-0.22425652462160608 -4.2505672533249825
-0.35657889591735925 -4.301376681285922
-0.3511868664114626 -3.831093898279586
-0.13022671056318713 -3.8349156897947996
-0.19661661147521792 -4.301431687063454
-0.22780344586754284 -3.857680690019539
-0.15838146505954087 -4.034732267904967
-0.38534535869409486 -3.9268109966571054
-0.13054260146342683 -4.463174840575423
-0.18354382004062342 -4.189531116908672
-0.21722461846003385 -4.205857359764774
-0.3270412550592946 -3.9599816272737396
-0.17828947406572923 -4.570429564637794
-0.10744089459344752 -4.568511474551247
-0.38696897777606215 -4.562793961392231
-0.2644827746298123 -4.275795067475565
-0.3353408715220718 -4.5162275596612975
-0.1374912729464246 -4.568275736856504
-0.31977294553898394 -4.35742509309586
-0.16380928334663666 -4.139002483753586
-0.13949459377578277 -4.524296108390793
-0.17092280295726864 -3.893352831926445
-0.2592262646180965 -4.3902109669488265
-0.38354967083920044 -4.302125294020366
-0.371528397995021 -4.245916289273738
-0.1490219124038582 -4.26412153820369
-0.22878032940507181 -4.4172278887663285
-0.1900538597162185 -4.283899510052234
-0.25758385204296735 -4.43440367906888
-0.2576276214295366 -4.198162099675236
-0.16944546789925996 -4.1098327378870305
-0.12621391896679013 -4.447946401613012
-0.35552024843885704 -4.576980530511657
-0.14255961228596475 -4.207011948133863
-0.28379048823682795 -4.520608331893635
-0.12689760414016094 -3.9869267568642797
-0.2928776322329196 -4.181138476972117
-0.18084427060465963 -4.538064677370435
-0.19472357276625438 -4.279671852678528
-0.35249165428074425 -3.9729757897201283
-0.13130388278425037 -4.071370381398832
-0.2759491499445169 -3.848413708078321
-0.2947804026069623 -3.8979197656234064
-0.1913887860921935 -4.341684035715469

-0.16215259917497532 -4.50450875070552
-0.3099377403291233 -4.276484986774176
-0.1370777606567377 -4.20223251349011
-0.23808517138641638 -3.8184949724855928
-0.12814215955728864 -4.3663334220247485
-0.2230231786035918 -4.562809480668059
-0.11817941434127854 -4.5240596746573845
-0.2801372464446947 -3.971780683746596
-0.3725290260788816 -4.118634596366997
-0.1510803685644791 -3.9047019915609917
-0.3414454937350527 -4.501296777629618
-0.3064904656217624 -4.566283270662566
-0.11669897071054774 -4.051129491066424
-0.14581403633419426 -4.578364483116845
-0.3344018041769712 -4.569644207489602
-0.22216864201752945 -4.156847312095079
-0.33140735178049885 -4.575590193059351
-0.3394236012992765 -4.266347794375904
-0.32119484010202115 -4.262861883007758
-0.3360727101065035 -4.299927290419091
-0.375131046444763 -4.390505173766843
-0.37616837852175633 -4.063257790059685
-0.2666403466286627 -4.139231336075802
-0.17665875241508283 -4.146272850406431
-0.28522681268809447 -4.228261095903355
-0.2898699846564031 -4.3021749111141
-0.2533261505491066 -4.01017797862484
-0.31062714764562405 -4.334867729679819
-0.17939537082662055 -4.228918662413168
-0.2420993154240912 -4.152777211104007
-0.2253450020908868 -4.468643822465445
-0.32862658352721374 -4.410536610308298
-0.3179193812746283 -4.114468561157832
-0.34450198176009145 -4.280466099177786
-0.3684957546109289 -3.912820298632692
-0.34928615078234676 -4.369340858091116
-0.19118182136433456 -4.393267352395083
-0.19252435121459965 -4.032205893713396
-0.1892742508258983 -4.504519322371444
-0.3910649277651396 -4.1930404569337965
-0.39271818675970416 -4.459626539031267
-0.26905542537269767 -4.4725074328684995
-0.28851274199095633 -4.341238191502533
-0.2214944281727336 -4.086817875029673
-0.13208471492793056 -4.248388329922574
-0.19318609900811695 -4.563304674929404
-0.12615998144100243 -4.299343328760995
-0.38567966612720306 -4.326072242702347
-0.14848470448925966 -3.8879543513353836
-0.39545119218772407 -3.919106292484891
-0.2103504074621757 -4.156350000102119
-0.13059431465976157 -4.000550973832859
-0.16539254996316544 -4.336269269186
-0.302087782029861 -4.04192100965229
-0.13172399291256498 -4.257017701305781
-0.3498747350432985 -4.303934817571092
-0.3233678293261068 -4.384616088953281
-0.3949614589624603 -4.0708014663729655
-0.37227259705817 -4.572866752801857
-0.2166542610896402 -4.181572240715035
-0.13231956983507442 -4.579703059242941
-0.2410126839628665 -3.8244702361617837
-0.2344897111779507 -4.0341545812512365
-0.11700587578966104 -3.848938933142994
-0.3762033514643418 -4.326276958340072
-0.14551545457278203 -4.395256724641516
-0.3202596500937157 -4.164713498094009
-0.27271674593836615 -4.0920323090437964
-0.20137911583023732 -3.8299341265803433
-0.1712546166369014 -4.231555511383585
-0.28980244790714965 -4.152876239825997
-0.3534090024159585 -3.9534271256423525
-0.11133332053805672 -3.988474955834832
-0.19959372955686475 -4.217670338616504
-0.13546525514212487 -4.487998442081372
-0.24919527370624767 -4.361249560756417
-0.12506288229628887 -4.4273531339566565
-0.21064317384158482 -4.493033935476164
-0.3566743845141923 -3.9731882057030723
-0.18938522163913923 -4.533442454393941
-0.3042483318174048 -4.4937134351671455
-0.24872607333793012 -4.005656387154788
-0.24599564154567696 -4.140516089294041
-0.359845908151071 -4.262651098641767
-0.20633460721798566 -4.24652786364822
-0.2669558513821001 -4.262028662953319
-0.32875992971718887 -4.419062802341018
-0.1813615071643672 -4.180217050794582
-0.34439427182500476 -3.9844961761200293
-0.2922808510568919 -3.879433737575613
-0.24112303931083282 -4.127744231239641
-0.39206450423902117 -4.147806723784268
-0.218526515338478 -4.153505108853604
-0.307194750620567 -4.137870232520856
-0.3749574297160176 -4.067447826262498
-0.22062908189778635 -3.9935096955943137
-0.2885504792966594 -3.9539309198617474
-0.32288892180876844 -4.139483515585842
-0.21723627276846283 -4.22273826068718
-0.18186766578647734 -4.3364869849419065

-0.27816835994222455 -4.469724922603316
-0.3344164402061185 -3.908274028592893
-0.31809960854486674 -3.9090715599355104
-0.28952395775169215 -4.2620723830159655
-0.23702897920088153 -3.942205691326877
-0.27506040787075203 -3.9594024964335937
-0.3143889034371266 -4.39318334708247
-0.12739331463783865 -3.8748759017155106
-0.34655793188480666 -4.323431868317366
-0.3714203281103721 -3.873158172842594
-0.13914046026569804 -3.9638549494812416
-0.2012452450381554 -3.930472532199025
-0.27295518055063794 -4.183262452118944
-0.145709181223372 -4.167717990231568
-0.1344853169413277 -4.203516817956849
-0.239026337852478 -3.9698330626921177
-0.3653787196175053 -4.565137487212931
-0.35698251941220077 -4.30282289657524
-0.16787288229903555 -4.450458151577292
-0.12275607868753191 -4.281684482606915
-0.3524110209119306 -4.142186028397472
-0.10379307645889596 -3.990673869814785
-0.35961887854999885 -4.133611213620094
-0.10513550812143879 -4.392104077956962
-0.31933028913450784 -3.9836754097652616
-0.18026282433948881 -4.299295845096985
-0.14374394543255314 -3.992963060634805
-0.3801728061753387 -4.363516245909082
-0.17130844953433638 -4.497807137802992
-0.3859688758201937 -4.568535536555303
-0.337438786390595 -3.83285297459074
-0.37368789775883665 -4.330366636518251
-0.361710747090074 -4.404741801319473
-0.19261581000061728 -4.009019928774082
-0.327972793378011 -4.382923525231082
-0.37883528437052244 -4.056358780916822
-0.38122552886723576 -4.3169791781886895
-0.2329882430299269 -4.168509393127213
-0.11577993349778681 -4.526928465432492
-0.16311214698338233 -4.234901528606634
-0.11292834116022343 -3.89439369941986
-0.18008415221837232 -4.518435344887231
-0.3381916404565872 -4.454405300150226
-0.18666966316705652 -4.453409959875677
-0.19676300802129157 -3.847281385976844
-0.17230062383219757 -4.444069578838165
-0.26661740612178736 -4.513304435573154
-0.13525069252744687 -3.9831260505667947
-0.30183461860516164 -4.470931674078022
-0.11626564690710811 -3.8863028154821646
-0.16111492960520782 -3.9431323768774686
-0.29823350206100013 -4.386783673332654
-0.39690513692842455 -3.8413055584628193
-0.3885645171590818 -4.279650143376571
-0.25759397256554184 -4.044858913817233
-0.2105871407600846 -4.267466142839643
-0.21167557139525614 -3.926924647704925
-0.21541706910560707 -4.1138609063010225
-0.24902039533118936 -4.378700744229397
-0.1407012788851768 -4.0230579400363355
-0.3162138415002983 -3.9334569282060055
-0.3943424980122732 -3.848329925645184
-0.21266411314048858 -4.2578194140518555
-0.37227423802271403 -3.9257089352959698
-0.28861931388563045 -3.8794841742291943
-0.3035257089130477 -4.028691347151923
-0.3552657719242798 -3.974539248586293
-0.29246840963699766 -4.004309748923472
-0.26829265277212805 -4.231988629543004
-0.16014472417892733 -3.99735381171913
-0.28298146945260655 -4.189520387819405
-0.12436738400792935 -4.056295588023313
-0.22937240529648914 -4.416023711217865
-0.12387105071249405 -4.29982268684627
-0.24813284560042384 -3.9322376671759973
-0.3975035309719974 -4.168416912345858
-0.16331048908919032 -4.236996155138885
-0.11873793507232638 -3.947999019826897
-0.23071870231416666 -4.537504452121872
-0.2592092184579577 -3.9753641462797034
-0.3818017985902833 -3.8644642748122
-0.2864706905558524 -4.2230186387518085
-0.17981069169505595 -3.8189831438414785
-0.35083384012748714 -3.8505285052658405
-0.27919501651272716 -4.161603236458672
-0.2792986854509863 -4.50229470003445
-0.12643068472955454 -4.292364664405831
-0.22307022988828537 -4.462254257400802
-0.22114459920804205 -3.835545055738611
-0.2609496241354425 -4.035207390503874
-0.17951149235885758 -4.504734008160772
-0.31801270678860194 -4.223256523456466
-0.12218863995720702 -4.402043135154837
-0.3533785469686911 -4.512634590645793
-0.3341140156148198 -4.314268595839922
-0.18927386914932345 -4.421228743551519
-0.33369126686241046 -4.545025470779339
-0.1642897664314133 -4.265075424230391
-0.13066954161876482 -4.081321447227422
-0.13773335312370477 -4.323936626103686

-0.15437789676285565 -4.425296357214451
-0.12653870897610558 -4.415787437996286
-0.36853036068318873 -3.934106471848847
-0.32991659954018815 -4.179038969730247
-0.26175478114201683 -4.553614448206168
-0.18531622546526771 -3.957557066786977
-0.19328925538656896 -3.8785912286851385
-0.16740024358835381 -3.8140500073296852
-0.27290018944916017 -3.8457806872149827
-0.1048223635243507 -3.9072583662635427
-0.23614670922553238 -4.161383605623824
-0.1754975435759607 -4.103574003216704
-0.25850650941909437 -4.2754934341935105
-0.2986768496205402 -3.925051968386551
-0.3065894231715679 -4.013643754548031
-0.281947007981151 -4.57002802392491
-0.2891936381483505 -4.529019513410689
-0.39698413952727263 -3.8668376805763613
-0.2587512840948636 -3.8471208802795642
-0.14354853272461815 -3.978964714592435
-0.3401863557613486 -4.389874638737311
-0.18127310905555155 -4.296168524390194
-0.1923393261286358 -4.3484245417869385
-0.1562719582061073 -4.358127119134313
-0.2943722227590148 -3.96629963751259
-0.3243759880926624 -3.881873444407026
-0.35077569550831067 -3.969704879599685
-0.3747780975798506 -4.023416556553081
-0.3319976844438608 -4.503812091966132
-0.12398182412997816 -4.3794699763439295
-0.2412041698009125 -3.9765363786801022
-0.1642203493285309 -4.368315478235791
-0.23474891587994198 -4.580121225860488
-0.22621600008295034 -4.203612629504368
-0.3619310505624944 -4.241119573664606
-0.31267090589190943 -4.4734818479978795
-0.3249743616969356 -4.489750954544359
-0.25949592179718656 -4.004622718800193
-0.3914819175976568 -4.161517681237477
-0.29068516309455933 -3.871465848900876
-0.2938117207293013 -4.286415682845732
-0.24209324989404096 -3.962010932685511
-0.3475219256097634 -4.241565199562448
-0.2873885040720449 -3.9036359078929537
-0.2259807312297428 -4.401279651671667
-0.29107015126364616 -4.271388361533932
-0.20031114912607642 -4.1127831211603
-0.271609283357781 -4.5718943182677885
-0.10502202127183607 -3.8725037738275074
-0.235047050288677 -4.245069788132866
-0.3949301835932918 -4.143567154426816
-0.26774555701541924 -3.9358479125205617
-0.22169188311347812 -4.14442492376282
-0.22217038860899802 -4.5490131939674905
-0.3691356503351742 -4.2832217920913065
-0.20123647516332435 -4.124513286219258
-0.1685244555610796 -4.5184870970512465
-0.13354154863234508 -4.288568000599691
-0.2571075494549867 -3.926296104404541
-0.12439565110784656 -3.9298113177218026
-0.27325393235819945 -4.20294204674424
-0.11311260643823307 -3.8353922345926974
-0.33856971064806984 -4.334966226277269
-0.16446553046258805 -3.839181101188454
-0.2324374448984684 -4.544894585846187
-0.13929106130869517 -4.105147247753485
-0.18684386691974803 -3.880267177206101
-0.25283286174201697 -3.8769178023421973
-0.13171613649416902 -4.57029940139003
-0.39607119537051727 -4.001265730983829
-0.2576692005739233 -3.903515927493344
-0.22665557610421647 -4.143435723961431
-0.3546033339546586 -4.537535897380144
-0.2630805578897479 -4.196103533538374
-0.1863081460895567 -4.255727771379853
-0.1844773077187184 -4.139575949578024
-0.2727906325019376 -4.1570854891093845
-0.22159457383217093 -4.519582170768777
-0.20774015071029991 -4.446344747392682
-0.14677532536734572 -4.190642073974641
-0.3545731604324256 -4.5334947973212625
-0.2620977308948155 -4.187670226869922
-0.28040588194449684 -4.322706860139559
-0.3051149968492568 -4.489845768069847
-0.3923106348948691 -3.998549752051664
-0.12203649095719354 -4.1867975188435365
-0.35677526796973363 -4.3802252235404495
-0.3429981520444383 -4.33140713091209
-0.22735832933456446 -4.0088619625715145
-0.377446206674512 -4.57717527201954
-0.17482018620487452 -4.314827637316827
-0.34926077906306013 -4.498789327842964
-0.21470159305247064 -4.243340204404466
-0.3603108700735463 -4.314781943999949
-0.3560742322685413 -3.814592935233208
-0.19750337864434175 -4.329546886360334
-0.200124344700943 -3.914580897816096
-0.23827847401850596 -4.243628473183204
-0.15227642334029098 -4.385651398822938
-0.22044439117008605 -3.8833834162256444

-0.3563013476230178 -3.900661277091011
-0.32374087614072317 -4.239716707111987
-0.20696051605959473 -4.377945153734512
-0.20939811034194378 -3.875506510414142
-0.1785048921747972 -4.267049660953872
-0.15701661978862866 -4.515703304901365
-0.3972196255615228 -4.319657485291064
-0.2436944467269611 -4.532109540025926
-0.13676869452767332 -4.567512939649527
-0.16390320013066603 -4.036425709386954
-0.3376233796227975 -4.392978486831832
-0.25378868416725053 -4.548024452357592
-0.25570722998499196 -4.4423486560318795
-0.24079563566442092 -3.8629195045576434
-0.20635893644299858 -3.924774262242752
-0.3448029449302833 -4.48248872744222
-0.1776712816263795 -4.343608833241192
-0.22277235418873734 -3.9116072219911158
-0.36033504522803456 -4.545598121022967
-0.38716962545437766 -4.007635621241405
-0.3154317411029526 -4.540819658196715
-0.10866293352660111 -4.377469855575105
-0.2120447963274675 -4.4429693089545985
-0.33725737523834987 -4.359273325970232
-0.3822388263923388 -4.226440881426225
-0.22537371903808417 -4.298583664148982
-0.2657377011220959 -4.541459512115448
-0.2240243411272563 -4.2823338785613725
-0.14603305314170484 -4.004324457037983
-0.239510065854748 -3.8460771758023133
-0.2459864832708598 -4.345706097818743
-0.13090217991695557 -4.347297991915275
-0.2531582765623628 -3.9553223964051902
-0.39166214609318073 -3.9483329423140097
-0.15456335473800145 -3.9101447539362884
-0.11418322648290102 -4.272445235584742
-0.18802223671681692 -3.9062492698691256
-0.2770482745077504 -4.30326949898536
-0.34868999696331615 -4.27490187883416
-0.1270188931297364 -4.49159232779039
-0.1654032456228825 -3.903890247113916
-0.1575501653040244 -4.030604525931732
-0.2830034525438252 -4.39564857285158
-0.33536976283715186 -4.058534709477484
-0.28880078917276625 -4.084029152781361
-0.3874660259052797 -4.472054793760781
-0.24497278972242387 -4.38127254137719
-0.13275026438427295 -3.964849009608598
-0.15352014603082897 -4.471979534773472
-0.2152097601674103 -4.028729115906755
-0.12285728115396 -3.8976648364835422
-0.25299190208305006 -4.120198051716879
-0.20256012549363664 -4.038195110902238
-0.3655655725819214 -3.882567309594675
-0.12275807081083717 -4.201169957785137
-0.3484477293434154 -4.038426101735226
-0.34196048849228006 -3.955910644153626
-0.17662176593398313 -4.114701228133767
-0.20322053700674245 -4.195626009943775
-0.18991925355695996 -3.9490019377703915
-0.3306689612557051 -4.223463143775597
-0.1273511240077933 -4.087084503384068
-0.2627012924738168 -4.315873192722544
-0.35269674965470194 -4.2078824146306095
-0.12881054617397647 -3.843888318493413
-0.3210376194336374 -4.046779245995554
-0.2508459049784776 -4.360851351978828
-0.3712265825220313 -4.106651908663502
-0.1584444998265247 -3.8230404442740973
-0.2733836024606978 -4.374323485077089
-0.3787344719952543 -3.955777934191542
-0.12170249952573287 -4.366550921914917
-0.16294154690485185 -4.319235605588894
-0.26552889688891007 -4.299824059622138
-0.12191225776425246 -4.138208223052703
-0.17890062920112307 -4.1748817139554735
-0.1756634246408582 -4.144424384406333
-0.20427496240320642 -3.8211149619739633
-0.16231953111896041 -4.3878353102505425
-0.16960987062497426 -3.926241968889638
-0.18181678811621174 -4.040420241289326
-0.3976948827665774 -4.469911271943992
-0.31010351894441707 -4.404791060093698
-0.23331567302923667 -4.521631370468388
-0.300366865484895 -4.4192279495668565
-0.21980872806312596 -4.420441567276146
-0.33764624474127486 -4.452031628160085
-0.17992410715856466 -4.00690270189007
-0.172599194268736 -4.040033755550226
-0.1962688965149094 -4.183447520344811
-0.3910151064361361 -4.200556936587075
-0.17701043858022628 -4.224676726179123
-0.1775865830698984 -4.0965030309986075
-0.3421969634397261 -4.177446751384424
-0.14323243719370532 -4.068800718447577
-0.319057744017603 -4.371075645279115
-0.33522245621322866 -4.324303933037929
-0.1419169696854682 -3.8970390092832385
-0.20900693756482794 -4.037985161465976
-0.3102703848651876 -4.153217875686553

-0.26495245859858874 -4.555630873840652
-0.17401191869221555 -4.37759180225542
-0.15188929514168292 -3.963509798640671
-0.2903801605535802 -4.137365659936085
-0.2247042007601462 -4.000256396304284
-0.28702538171550673 -3.824194972405232
-0.2450382681333302 -4.524296337222152
-0.39275528900079293 -4.42294815086648
-0.39193672065077995 -3.934474403190666
-0.11551073637498771 -4.37239429854257
-0.15259769531167364 -4.464970265008809
-0.3877416684903792 -4.197351632774749
-0.16762529197568599 -4.276084424218726
-0.30393008111460573 -3.9092151750914677
-0.24561526190251654 -4.544506463718568
-0.337261257601075 -4.097949284305166
-0.16489637808396537 -4.153800273621928
-0.22549833390567353 -4.4706704326297215
-0.24640320852349923 -4.390311628097418
-0.10200244924724922 -4.010308129676567
-0.14547320507758044 -4.160462649367101
-0.16843850728492765 -4.290101784049215
-0.19988039463734428 -4.034937173998219
-0.29594524791132343 -4.312984176654615
-0.3656357457817204 -4.55404410197185
-0.12721323003877866 -4.021583803241123
-0.20005836766839408 -3.859762882213466
-0.3281344077145618 -4.012783318390806
-0.1433871508111459 -4.430887351248204
-0.36821952776834793 -4.2391309885400235
-0.2608692254469315 -3.8207979352730543
-0.3633397119271186 -4.170314616375535
-0.30358458348741546 -3.8202206321588648
-0.1887853278191339 -4.020323535171258
-0.1963888246919503 -3.878214364182658
-0.11080547159123 -4.510030945190604
-0.2468037470155549 -4.15017302237041
-0.21994545390169457 -3.8751379938060992
-0.3160157944900502 -4.248187016087562
-0.1901584409301215 -3.897002825966886
-0.1916655419034081 -4.052110597363045
-0.32528583328773186 -4.577759991188959
-0.12268575768927031 -4.031161294188231
-0.2914207152499317 -4.2622548049121844
-0.21006000703628905 -4.265409422409588
-0.1253906377501784 -4.0418512524613845
-0.220489516192433 -3.9226597224186337
-0.1763537463590797 -4.290086428021277
-0.15666236743214104 -4.293292649584649
-0.32080151419536 -4.0836313959020085
-0.12264149397191221 -4.216467468074095
-0.11297944053731002 -4.555046178952062
-0.22848343161982812 -3.950406569142552
-0.25705872307799515 -4.130862685955388
-0.38487933551860853 -4.000330643852014
-0.15688457412145912 -4.244373921220284
-0.39421151003819577 -3.885944911451097
-0.24151930833207713 -4.303634592780597
-0.18099578032847444 -4.28827064420674
-0.24243303492175364 -4.287984928725697
-0.2951644573271691 -4.477572710250617
-0.3491885619125739 -4.005089360191315
-0.22328914048282544 -4.190967849576659
-0.34897823630809166 -4.146455189685724
-0.3313162251277747 -4.536905974390943
-0.32182910629212 -4.5516220895777915
-0.16697917131224485 -4.3325212082198234
-0.18191510224911944 -4.272198873633514
-0.2789238782864599 -4.29991185780138
-0.19523612788096292 -4.058277561453972
-0.24845486070445522 -3.8822905594395967
-0.16497316182898222 -3.984019981788929
-0.10186321814092847 -4.480778881949078
-0.23228793644174534 -4.284103141519569
-0.3085845425897968 -4.185559502070799
-0.369792448171799 -3.927586371565568
-0.24362657260671441 -4.240839780827656
-0.3565194573418805 -4.069484361305626
-0.10025194797488196 -3.8925126967713064
-0.22086962280836742 -4.230530176358807
-0.20230886637240306 -3.912612786573211
-0.17010795001882217 -4.064532600617705
-0.17852048036131135 -4.034628900353214
-0.24384732437177806 -3.8753144758364027
-0.12374380634978455 -3.887652856281044
-0.3890945294004451 -4.130306811768137
-0.17055248143670607 -4.320043545851909
-0.3195792197767845 -4.087655068693794
-0.11244618114604005 -3.9193582052293174
-0.16328994125819632 -4.292102769814923
-0.2353635761136872 -4.120866096309441
-0.2826128951377198 -4.042516284314106
-0.29002833251702104 -3.9481194070264416
-0.22641880054450728 -4.552511499253732
-0.22133532463749084 -4.0346049570371605
-0.36742240873105614 -4.0961963982041905
-0.32112540716677385 -3.9011542276223423
-0.39122092169034756 -4.367647247235245
-0.20001484645920606 -4.20214863937426
-0.18933908360369162 -4.515307141065247

-0.120631443109396 -4.275410318458455
-0.1658876921035671 -4.129918877622674
-0.3255955975733691 -4.027525640255438
-0.22604600357683705 -4.372856102212767
-0.2571730073431028 -4.115089025404371
-0.10239418825253005 -4.515949437451059
-0.17109143602939741 -4.318200653158564
-0.37021183807628666 -4.032226505029103
-0.23340794866393036 -3.8453378170525214
-0.372470417670012 -4.310248699299239
-0.25400927145053176 -4.012993516310225
-0.2516781372661761 -4.353165899407842
-0.388474598868733 -3.9274589409880774
-0.22620362253253556 -4.34464020891472
-0.35661994807339453 -4.222207553612372
-0.3781426127354795 -4.546093148618762
-0.31407302567365647 -3.975649240433885
-0.1646912767371097 -4.313781094728663
-0.2231333349365817 -4.229043849335082
-0.15369368201751968 -4.1946961725233
-0.33892615603922854 -4.258678236029872
-0.18099145049744492 -4.213086708690952
-0.15502586862297138 -3.9731106806309797
-0.21182744991698635 -4.40051185552339
-0.18005886537238436 -4.535415990740341
-0.23789763311834566 -3.813007103909751
-0.17380529328445551 -4.552772224000238
-0.16845140351529303 -4.38225866590114
-0.39768089127080064 -3.989564272591035
-0.21239033465441115 -3.849815770790661
-0.37327697936815346 -4.412682488784127
-0.10325574698715734 -3.8306510947485037
-0.2700845888714919 -4.137377950383504
-0.18892335954928 -4.132263087964427
-0.12692785178417137 -3.8660924770390794
-0.17206964875777167 -4.112543821521848
-0.2706451422270448 -3.9351461605711746
-0.320668153689847 -4.292106750818165
-0.26018019629199735 -3.959162790297658
-0.2685723364339618 -3.9226240292927015
-0.3213689143478754 -4.098574938621799
-0.2728574392827061 -4.192854887731126
-0.11935024408988248 -4.36892888292367
-0.32737669179759815 -4.226171093497911
-0.2231391981123978 -4.0339183218768735
-0.25085139459443334 -4.125993248662991
-0.2697159510971866 -4.380193391066391
-0.21726088065135274 -4.183069199725029
-0.21188504695202956 -4.121798712420767
-0.3680902269449352 -3.9200890898084593
-0.12849030316227195 -3.9026932404705983
-0.22886347699798115 -4.451734300346603
-0.17791123517174207 -4.121655549371473
-0.3661537262885843 -4.0299480612751575
-0.2134313111146893 -3.8270556728535983
-0.1639006491845627 -3.8775956300434773
-0.1844963267568158 -4.390296328126446
-0.2261392562662915 -4.121726853616383
-0.22113519192801542 -3.9488344031897813
-0.38499742409679133 -3.9851041266094684
-0.33374569110250496 -4.165299067255084
-0.23468953032788228 -4.373717907827266
-0.11376120836221798 -4.237603026860214
-0.3820643130661868 -4.501368313098172
-0.27501324301073204 -4.043686360930117
-0.3547526511665286 -4.3637513136419575
-0.16953466253544858 -4.2093082075188715
-0.10689863903292185 -4.550122106970836
-0.3312096449616121 -4.574206585127753
-0.38832873110125954 -4.357650606714586
-0.3070452350631351 -3.9601751516278374
-0.19402340779472924 -4.552643857908882
-0.16730168458242028 -4.331729641224723
-0.21497823624550896 -3.9077756045320244
-0.16223729462970474 -4.526425497356925
-0.21050161195578276 -4.165175562830176
-0.2528563744367156 -4.3614344407042305
-0.22682749167776925 -3.9004573947119927
-0.18865376822399854 -4.063617409400348
-0.17780821174881697 -4.422203485636778
-0.3557131980695881 -4.315494827599856
-0.37383865486112955 -4.0267166965066234
-0.24418839130175107 -3.882529983469406
-0.36437789261173753 -4.269891208408393
-0.23862063831895797 -3.8502743336881355
-0.19961545451526716 -4.373247674523488
-0.3170889626829211 -4.449535323457746
-0.20399994920701497 -4.099352457136824
-0.1519482746406535 -3.878266352293233
-0.22430993378833913 -3.8201967295288886
-0.20684134288015124 -4.428944833356985
-0.26367168738821345 -4.297832478865963
-0.3478391483736117 -3.933919087136003
-0.13722220451281192 -4.427831855755164
-0.23596327580523485 -4.282948666711752
-0.16064542516123445 -4.019970996488955
-0.2504933771183925 -4.491476495129838
-0.34789060081995954 -4.3988843895848895
-0.14355192728994026 -4.282824693999261
-0.16395802101264773 -3.9716297417792865

-0.1688546595545923 -4.364402889796816
-0.15434364607454473 -4.321416861325523
-0.3324415157241973 -4.495662020540468
-0.26262604404580064 -4.273211700013309
-0.3581992884891579 -4.300631149814466
-0.30296416620261557 -4.48529452864962
-0.12417477498560053 -4.263337631688187
-0.11211991954378003 -4.166023312440729
-0.14223846450930616 -4.160140235952597
-0.14208420475646472 -4.31681212606682
-0.16281225873820782 -4.161779027205933
-0.33020998599578466 -4.537429238432713
-0.3558172040559945 -4.468625526575188
-0.2653364148465768 -4.368971284588024
-0.2978374677991875 -4.157814491860937
-0.36073519792574166 -4.40219347951158
-0.2164448044490834 -3.975133645624715
-0.3765896341629664 -3.9261100471953014
-0.3115316150430605 -4.266486951773061
-0.23628529898868253 -4.086927002124075
-0.2294578694580785 -4.109204174721134
-0.20703260346664604 -4.390871745999129
-0.35938757216491163 -4.201462426769166
-0.15624187126951158 -4.474678574841179
-0.20137818282607944 -3.9788652955886863
-0.32590875553730203 -4.08041348218141
-0.3796133669697501 -3.9931694954321477
-0.1521121737627228 -3.8348364619494566
-0.3788278485352636 -4.509250621611407
-0.2565008347589697 -4.054201418614324
-0.2441190020072126 -4.168636418502106
-0.3159359126992004 -3.8906495335339892
-0.18063239046523777 -4.111568774059167
-0.17796427900915826 -4.237096716326413
-0.34537092795339036 -4.382864666487628
-0.1804986962805294 -4.061904836023468
-0.39146070777222225 -4.290991819718173
-0.11488148195117553 -3.958088584364476
-0.19508840240322683 -4.441881784011042
-0.25710800725688676 -4.082248405356778
-0.3189390713581393 -4.025792996749443
-0.14232331012356103 -4.056681213167771
-0.2178680686397058 -3.843620128174128
-0.18249203761025756 -4.522818753887372
-0.10926879671223644 -4.2478574674294824
-0.2399576760021898 -4.131593426683515
-0.11153812829097581 -4.010377055981326
-0.12148740618940385 -4.183932264138494
-0.3456324844814031 -4.500754972233653
-0.14354305648135446 -4.54005193997318
-0.24201499646717065 -4.4030678999370245
-0.13534897307343535 -4.41934345298304
-0.15215271496154384 -4.316997113848808
-0.28838744639772795 -3.872170107066066
-0.10242351693304885 -4.527374130160786
-0.1924096172081606 -3.9875287823653887
-0.2275004779404622 -3.926780890120691
-0.11219993459539734 -4.164387239294266
-0.2857068898177091 -3.9345843953431814
-0.17865542247644423 -4.41470420828731
-0.21636746919718294 -4.0927043993249
-0.31686741146111425 -4.133693305972497
-0.12941614987340866 -3.8902574076026863
-0.1799653220150447 -4.461200217613052
-0.2170900191702945 -4.328241533224979
-0.16466514064508428 -4.235263540985295
-0.3454725573058129 -4.486384749919132
-0.15380575767657315 -3.993242956200856
-0.3230348766250943 -4.413101330551206
-0.21056718545032466 -4.1306288720558175
-0.2200989267467334 -3.8125264491296345
-0.10987723738567051 -3.9559191405991525
-0.15907901420188944 -4.552845919040107
-0.3217409466754938 -4.179314832119022
-0.334166252914096 -4.3790954630443695
-0.15244698361369388 -4.035145825586068
-0.19550092664686747 -4.009394616637966
-0.22919876666411593 -4.264677690228176
-0.35162177027473107 -4.433040762790031
-0.14639670413802658 -3.9019778564058036
-0.2272378087135338 -4.282969221339192
-0.16547375204301923 -4.260435581973493
-0.17011348851445357 -4.428728720623815
-0.2101035878631388 -4.566313570226631
-0.1693356664900372 -4.146914918559221
-0.14928518550726877 -4.222414168946921
-0.20035510864173767 -4.276492627917705
-0.18695875875466283 -4.305824525365663
-0.10794256687463649 -4.451525545338671
-0.28657175632032295 -4.1760130900574435
-0.172034842500135 -4.047329463043669
-0.12136564034405084 -4.000934165506371
-0.11412966857716822 -4.122697467928804
-0.19898913907409557 -4.098951617542365
-0.23881123886533334 -4.374579545108663
-0.3993878748953127 -3.9199937281444983
-0.16841477495353885 -4.409909513585861
-0.2560372187942529 -3.833541980853213
-0.18867983119063703 -4.022124738415808
-0.2999401552639748 -4.228930666008353

-0.1999927854188071 -4.059746801257794
-0.25255022098412827 -3.8762976290240365
-0.3562858403875596 -4.5341980793293155
-0.26524938435275114 -4.142249936958874
-0.2223609679498572 -3.973880084028461
-0.34650031482889465 -3.933793093540332
-0.36541047550414163 -4.547848126535505
-0.12371829312574262 -4.346072015465455
-0.13010222650091707 -4.33526640037271
-0.13789662742324738 -3.998947455056311
-0.24566784823865687 -4.361767550013699
-0.34884980297732954 -3.816258177724142
-0.3377671927152338 -4.048019367467292
-0.19539748752213584 -4.204537820711141
-0.3261931224588315 -4.552435829673115
-0.19019266615659028 -4.315891101248923
-0.19712312079933866 -4.311419702768191
-0.12954606192137574 -4.186803946611747
-0.12593857697402566 -3.906789333732839
-0.15325552989444582 -3.824938599921228
-0.29012709426554684 -4.221486274735059
-0.38437987254082845 -4.022878899277168
-0.2759480800735079 -4.100978856761226
-0.3927328328829335 -4.465177985560626
-0.3670836377375858 -4.471908124824053
-0.18749707270765603 -4.28521733636106
-0.36383508736325854 -4.412847971307732
-0.1972332051957464 -4.393625822257203
-0.12903558758347533 -4.350293045079466
-0.14991444607119025 -4.05512858941464
-0.3610232609813237 -4.238296790442983
-0.2750763602607111 -3.8623698941955174
-0.36486201641607774 -4.322304054220251
-0.24214759160396432 -3.982951839624378
-0.1473988609425957 -4.433932934416569
-0.14181982396260456 -4.396567254365585
-0.25200710493311607 -4.097660501156395
-0.21477287692422345 -4.535327300513709
-0.11860210875720983 -4.448045145784107
-0.31171455160276784 -4.236984938182048
-0.1302217875241261 -3.8759278218885433
-0.3076350441183539 -3.9077537108435476
-0.29670810199116804 -4.183469838617883
-0.30888464252735603 -4.575501585210062
-0.3911463261415786 -4.139179589355102
-0.3977289060868506 -4.198475599029041
-0.1915664819812541 -4.404670511806093
-0.3447173468844596 -4.482655735659393
-0.38064903331146294 -4.332813673605957
-0.14219275365576473 -4.041914956230977
-0.2016445923481814 -4.474306375749071
-0.21963614583830082 -4.516422622441392
-0.26751194861209004 -3.9980834871925475
-0.310913895093917 -4.190364039616504
-0.19622246060200424 -4.154058476731235
-0.17799973591104748 -3.981019509038165
-0.2746441984865604 -4.162656585668377
-0.1459424327939568 -4.105204037029664
-0.11005859771197568 -4.184300175214332
-0.25722048864395874 -4.579096223858997
-0.1694521958288986 -4.393928553559472
-0.24280763379287293 -4.385475180223593
-0.2807399883747829 -4.164811545397098
-0.1305558309834005 -4.223431192807646
-0.186220337036445 -4.375633588700295
-0.1680672847340688 -4.311064959633861
-0.24854617122825404 -4.216827413392343
-0.1766151406684043 -4.045780727439317
-0.1218492715914552 -4.03884838900132
-0.2767581585265481 -3.872510655326531
-0.24198475134016906 -3.848134431238033
-0.1445910600690612 -4.555622555305691
-0.19018230595485888 -4.205580351951614
-0.10141975238458661 -3.9280243525875305
-0.13448389031938002 -4.05467501468973
-0.3891732761584301 -3.8177370454740283
-0.390196810815952 -4.403344175614558
-0.12259204580680977 -4.310069663713352
-0.20192800004728093 -3.975714407351913
-0.35187537943150815 -4.425812281310196
-0.3858997666467867 -4.139574861855886
-0.293693444406462 -4.518588836288218
-0.3455149940887642 -4.108396147160124
-0.2394944148771676 -4.339856677892197
-0.19852442958092736 -4.287140036989315
-0.31768156470136316 -3.942210186078618
-0.17874678312613657 -4.107945809465832
-0.2042196890861407 -4.02988699856665
-0.3050623780787617 -4.421147786795701
-0.11807583585805359 -4.380591809181098
-0.3223920810786387 -4.032100492247597
-0.3157466698583967 -4.123542254720698
-0.3988339497610885 -4.223245366893101
-0.10814403287791374 -4.155688612551967
-0.26674633082829047 -3.96133979459293
-0.2105463887998277 -4.4161464154020384
-0.12002246828981222 -4.25671272167739
-0.18004215778775512 -4.553150208444682
-0.16179204922358636 -4.173994692182672
-0.15289646028236373 -4.53364877097604

-0.20355695183379413 -4.193976822626993
-0.3623597832934768 -4.020624992677558
-0.3386976181238091 -4.0681019552907145
-0.10761745864107919 -4.145775077140812
-0.33649044345844065 -4.296904260358164
-0.2831997062600248 -4.500703910417296
-0.15146558672811716 -4.139843098319183
-0.21703090897086563 -4.210394148661085
-0.2666893366008741 -4.311338981117269
-0.1776431127521958 -4.3792067751393065
-0.15810826832217245 -4.345342286233077
-0.1752118921383179 -4.408352622341023
-0.29914066988009813 -3.9491842883453754
-0.12164970648326484 -4.226566073857432
-0.39819206550550573 -4.150471627839017
-0.3559508087696127 -4.324975313935078
-0.2931724759724232 -4.064047029943515
-0.20986012473815 -4.009324593589895
-0.11785255702534525 -4.208445158187895
-0.3263553386927562 -4.18433302712967
-0.21937863919349526 -4.171239255204306
-0.22484193532330785 -4.045503546586066
-0.12953226968902926 -4.491839024165262
-0.19356743635409338 -4.147255835160262
-0.1938805705097761 -3.9178279905549402
-0.3173272846494447 -3.976615490323734
-0.32382068336754444 -3.9403050517456863
-0.3564238794439753 -3.8416154649229473
-0.3388103714971349 -3.8344993472597455
-0.32548267539845943 -3.957557426731289
-0.32874186592640947 -3.9328793928991224
-0.15636259936756258 -4.118501917362638
-0.38298888290189737 -4.382262337587645
-0.2897127775151328 -4.203758012347279
-0.28180898896638135 -4.503997753788044
-0.21240390990394195 -3.861439675441793
-0.3053254426442401 -4.437647798540895
-0.10934820863404648 -4.081538198586536
-0.10780748226949166 -4.14314424022164
-0.37882067188492174 -4.422565265461199
-0.15358973214628913 -4.253068601115269
-0.26746424127607527 -3.919775271757622
-0.15270102948099798 -4.124747439325159
-0.3152205958505847 -4.011978038940473
-0.3860979298071658 -4.378355053984596
-0.35248318202532436 -4.051796225219545
-0.21417770347035237 -4.050509276411293
-0.18679525473544667 -4.442956702335964
-0.1576411411217233 -3.993586629975063
-0.19650635181950163 -3.832009609994719
-0.15547897604031646 -4.059117178427462
-0.28577808080563316 -3.854820699394867
-0.3527715383452042 -3.9572586864634487
-0.2945857482753117 -4.468315568280311
-0.1493651784661374 -4.245086467232704
-0.2318350098049303 -4.17569869676596
-0.2675418390807325 -4.53161576414996
-0.13890008835295814 -3.986364350064381
-0.10218816148027726 -3.9773789169680063
-0.25778408196208935 -4.5652751831660385
-0.12324054073742491 -4.272513431584066
-0.2771084266434559 -3.9575804215095056
-0.29159293890662996 -3.9571620493186788
-0.20938915144545717 -4.421854022100316
-0.1376610346574717 -3.8887612281209387
-0.28711694673246263 -3.988736480175051
-0.38433239764147736 -4.062606017192167
-0.3364175142743937 -4.38699141498468
-0.2372226561857477 -3.9151297869317423
-0.27841055869929904 -4.487775709966317
-0.2237975585220425 -4.300638378748644
-0.303780904188102 -4.393653426964384
-0.31316901427311084 -4.46160686846743
-0.2621561003400436 -4.158815696532832
-0.39085963380438643 -4.358551756003955
-0.25233080817477976 -4.4235961886083475
-0.12914546318679926 -4.048175418518291
-0.21051738232525083 -3.983374590533641
-0.3425061204835932 -4.161204060386449
-0.28802979267208234 -4.349465247956806
-0.36210828798478334 -4.2712553489079
-0.18788592682444422 -4.13281336382943
-0.3366393922966734 -4.5201216267847
-0.14298848875433523 -4.198016602872803
-0.19067237241300308 -4.47675943660613
-0.38838025958036654 -3.964408455560599
-0.2253048779375554 -3.8235645566448184
-0.14572704741328052 -3.830319877541058
-0.17403863742310224 -3.868809161223006
-0.2874027346745646 -3.8593888062982957
-0.154601826147856 -3.8556126485491053
-0.2658795075641621 -4.572380630113481
-0.25239474282399776 -4.023152382857512
-0.2870040033932167 -4.227591177532899
-0.2894880806028819 -4.099472174174187
-0.24766912576861597 -4.041485387876267
-0.2587586136184457 -4.443272843171148
-0.1019774838183754 -4.216193103383053
-0.2576555262131085 -4.471327699491428
-0.14581807002034297 -4.241366720113978

-0.3066051388898332 -4.146991131738169
-0.2669754043028084 -4.132817008239399
-0.18605645186628145 -4.016548094326647
-0.39979701551584335 -4.335442084986753
-0.3073591552020901 -3.9597451865522917
-0.3692734063851999 -4.04663177361887
-0.20684863563116251 -3.8695136545924873
-0.3114056243909929 -4.545750384918733
-0.2857299505068006 -4.554995791776112
-0.3050794054671337 -4.500511537981003
-0.3930330671194138 -4.219945713185456
-0.1377530560689601 -4.181922887803839
-0.1152718118855029 -3.8866959422319596
-0.2148721951738596 -4.495370534683825
-0.18442072292398745 -3.888681285141019
-0.35982890729620254 -4.326052227194166
-0.20504539154757637 -4.204935818947037
-0.3785025558582392 -3.989042681133617
-0.18948696172631224 -3.8517752145422133
-0.39158143290774666 -4.089040180146694
-0.3946298349149304 -4.301429365789349
-0.33819384319831003 -3.9277167536811155
-0.13928437172227537 -3.886618627100422
-0.3852135350058542 -4.358701380522474
-0.35407728528691323 -3.927093257236788
-0.3677738712853366 -3.815075374435348
-0.15855630954399064 -3.9017923649977773
-0.304433300225978 -3.986481893938954
-0.34154698313676113 -4.2718302473207075
-0.39451199569298684 -3.9927654469885017
-0.19215435998099373 -4.318150714266878
-0.27403826739135556 -3.9069495443671474
-0.11977512308535593 -4.4563676076213135
-0.19079508960685054 -4.557482580166557
-0.23945366858491365 -4.296429200013688
-0.16618980002064532 -4.366946644871107
-0.167434469954136 -4.456862629202627
-0.3974531963730711 -4.035201680993775
-0.17336507872526088 -4.080282909542194
-0.11460897602127917 -4.276745494194751
-0.3187877839471508 -3.9066170147773973
-0.2660252662087185 -3.9994978813716884
-0.13913348194217734 -3.8130995838731643
-0.33409298988172526 -3.910797401295145
-0.20358521109655758 -4.378450804181622
-0.25608774010899943 -4.440218134472265
-0.17851491427705818 -4.320131808495117
-0.13741476010361386 -4.017146444206857
-0.2050184373022593 -4.538243975969178
-0.1594384933763689 -4.024380325549464
-0.28806404228664106 -4.445650928815929
-0.39084674717579876 -4.555168074424388
-0.39463778205272765 -4.3472500499703255
-0.1236360571515126 -4.209628286481313
-0.3320339447253053 -4.506966649915237
-0.18019061199820444 -4.062292370775962
-0.24162732982311164 -4.032425077822782
-0.16810613765323895 -4.571444568103207
-0.22672432461065886 -4.1807879259326794
-0.32300150619409695 -3.8773016796288977
-0.30344258712962613 -3.909604748572302
-0.2613421143137512 -4.567746025194163
-0.22897764551699035 -4.498455173788054
-0.1697580239143482 -4.057280858064176
-0.29703895104970435 -4.457382701790002
-0.3871059635559822 -3.938682517613883
-0.3340477127285604 -4.110721238314135
-0.277920256977356 -4.27615476923246
-0.17603661945331225 -4.394993351873633
-0.12832033963699435 -3.9158523348322882
-0.3419749970914632 -3.94581893647076
-0.27057955821688273 -4.442165957091291
-0.38209115657923154 -4.530780087928657
-0.2865722341966873 -3.9260253419743534
-0.29029364423381177 -4.470046774828133
-0.33868808908478265 -4.418920830352755
-0.11108673558342708 -4.429934256507053
-0.22458656417812303 -4.034873443387655
-0.3524462084543867 -4.201369671187959
-0.3050962974995189 -4.250716641661791
-0.27897966677537395 -3.95954569350857
-0.23786626535710106 -4.353231428731219
-0.22794250629232757 -4.49055917060236
-0.26222561865919625 -3.8996074966162184
-0.1971511868236887 -4.266264500610155
-0.3995763823175629 -3.97268878818729
-0.2790553367897181 -3.932678929457077
-0.2906319395747046 -4.459637254541398
-0.32177560041733416 -4.067694279427501
-0.1515665889019425 -4.279363565692306
-0.3284382225022663 -3.9401211955292625
-0.39510884012788333 -4.563726095038849
-0.29438176102256713 -3.9438155558128933
-0.12075622247965401 -4.1795468882352775
-0.206415472252174 -4.17926849246776
-0.36532661080606144 -4.152967271760506
-0.22479865377553662 -4.054126689071493
-0.3586659014803504 -4.37889582738254
-0.2774933530087227 -4.1265136079450055
-0.17992773954879188 -4.035899379204621


0.11697019919221865 1.747513906110266
0.11337946721829437 2.2213262217777627
0.20083108165892927 1.7369724929881296
0.11253556776396213 2.094673640699846
0.16974696274318662 1.9737485945504392
0.15918884420738783 2.361751908363045
0.1801991009025543 1.6033838857380256
0.23543695643430151 2.188583704637887
0.20964781356121742 1.783430239142862
0.16758721543014937 1.5575927934572864
0.1623794183633141 1.9855011839450372
0.2430544619153721 1.7193895949037836
0.1573035020667406 1.9047406628118724
0.1854106584507001 1.526686247741973
0.1828740465492117 1.529953952496839
0.2262128440968592 1.8165319714283568
0.2456287679887929 2.4338052327285995
0.18988000675822797 1.9364676876171623
0.22851706694738344 2.0821799043148577
0.18193694405884242 1.8247462039799975
0.21608000676879413 2.1024924351136267
0.10017600954462386 2.354347799421516
0.11504044791012626 2.420391904191356
0.1982855340929095 1.764562692899199
0.24976817910868349 1.541602154090799
0.21877056731427164 1.5546970497119346
0.15237611937421514 1.5792026974298192
0.1942999585152912 1.8959601401910102
0.09830266480349094 1.993807038023526
0.16842056729405563 1.5797113518663717
0.21574887185783653 1.7905823762995425
0.11248368778340107 2.193416397661135
0.22038339343112479 2.273484505335717
0.18142792669936497 2.0312765245289808
0.2003278854167858 1.8760685856213302
0.10803543568201754 2.3880228756677644
0.22440212200943765 2.250304522642332
0.22897090328608882 2.2259292415570626
0.10752156171017965 1.6356682783383854
0.07850773967526882 2.22966005302653
0.23295187558969194 2.4514521355474357
0.2115311823840651 1.580185459175619
0.17563438433042403 1.8274540063924916
0.16545491901845716 2.4570595866118388
0.15531559855209687 2.0997807169260754
0.14734494994849173 1.6391989700537213
0.19661301932491715 1.5700871078568759
0.23591799500905797 2.323026760423854
0.22606776213741242 2.439740267927864
0.13154273081663898 1.5235283385462575
0.11416107670451922 2.190287859862369
0.22143947194091673 2.4790633068207644
0.10779855455511869 1.9771048857281324
0.10548661713332873 2.479298485103668
0.17104001830257748 1.970953610512691
0.1506964505274654 1.993417133998678
0.1543749990142615 1.916818983472961
0.14768181181424428 1.7656759424471884
0.08969995570956578 1.8182315614420699
0.21660149882967517 1.6139565282815043
0.08457643793405346 1.5411458734020527
0.12600306559634744 1.8176522968828774
0.19858707125602548 1.9980386903286016
0.20022848335079185 1.513660335492137
0.20643328394196087 2.042635501443006
0.1078671728854142 1.8487696604682446
0.2341203472123577 2.086470466898175
0.15527781858368245 2.1554938943376842
0.13069949384042712 2.3156426182397096
0.13432057274645343 2.4971104300109452
0.08511381562090073 1.6882316579493306
0.1203307982043395 2.1399552920066176
0.11007217651158145 2.472674337689973
0.18133896714818726 1.575079413232817
0.09564158424713169 2.243915560001158
0.20267550260050188 2.1667934910283044
0.2251233935909781 1.6695584059792585
0.15065534026883903 1.960259957369563
0.08121794986377405 2.110924157239861
0.1314702441691757 1.8750965380725904
0.10793566244159644 2.4521810590675845
0.11729115744108118 1.5141595626267068
0.1676750545262244 1.9084659442228118
0.18811330025751835 1.955687900147551
0.1253464969132936 1.9764994475598865
0.17588662950402115 1.6170771738737741
0.1378219793614316 1.7785026077296031
0.17473716195102645 2.38814603095875
0.24529327552505958 1.7473317026679602
0.13353181604183162 1.5008782915768
0.13403961428637795 2.114309708944291
0.12167706748177348 1.5189199372930418
0.13751255880665225 2.4611687717946893
0.2223608842373877 1.5364845989598193
0.07791628271479477 1.9370295332549876
0.22279044580771007 2.438195914484917
0.08637471195420104 1.6359521122689054
0.23944987630839376 1.7013169573735665
0.14722666340972462 2.027464210554161
0.1140899944215436 2.047604187563475
