20 10 6

0 1
0 1
0 1
0 1
0 1
0 1
0 1
0 1
0 1
0 1
0 1
0 1
0 1
0 1
0 1
0 1
0 1
0 1
0 1
0 1

-0.13000808695623473 -1.6177501511537962
-0.3970586229954716 -1.7206745850893252
-0.3601309537912708 -1.631855015722255
-0.10572563875068808 -2.247504402843559
-0.37487250431670444 -1.8997653473950509
-0.3616910448120622 -2.0654488121881474
-0.17363078658170072 -2.1421945094360146
-0.26958596101899096 -1.8347089456161823
-0.10568059062633361 -1.6560264891633323
-0.10258282394944407 -1.9192726615137095

-0.19511546985743658 -1.5402452865344083
-0.1849427205712962 -1.817553183147412
-0.3666040058976707 -1.5139348758164082
-0.24288404890773235 -1.6481539453890175
-0.10728196193444617 -1.9107189019115887
-0.3867154139319509 -1.715086184524977
-0.20169466456408616 -2.225880808205427
-0.21034001927568535 -2.211098846386768
-0.23048865438657248 -1.538697239996536
-0.15990574190226414 -2.2760735682580275

-0.26040408920470454 -2.2074751623655526
-0.3062881356427253 -1.561607071765932
-0.34085874608408095 -1.5429285658660077
-0.3464461099918842 -1.894276092022205
-0.23183262995559398 -1.882870826673237
-0.331407051961563 -1.9228212988733973
-0.16258743075932985 -1.981297572930222
-0.1339353049846571 -1.7886684129167085
-0.16554744469276053 -1.6190086195118063
-0.21224898397893038 -2.042549845886545

-0.173341948927688 -2.1810004449778146
-0.30320289623599606 -1.8198451118819268
-0.33783400507508693 -1.9698094281178795
-0.20097475733074613 -1.7317567679619907
-0.12007381946499918 -1.7413716999141213
-0.12370749107272994 -2.0753893390408624
-0.2572875952775697 -1.567145357879888
-0.17429807525313823 -1.8018987713804504
-0.3884038000336032 -1.8989538586279224
-0.29173273057899823 -2.146173543234954

-0.3461037688521188 -2.1948427155448718
-0.1661539069942703 -2.1731326975284153
-0.2998063889097764 -1.5410927248475663
-0.30718701179874763 -1.7035210858617367
-0.27963852260613353 -1.8903289013678506
-0.1871117641096675 -2.088793392343299
-0.10042677140741824 -2.244370383565334
-0.29957566433232585 -1.617530655280986
-0.26918523396734606 -1.8650846472982827
-0.3870634477662795 -1.8927362396557412

-0.19605296323128996 -1.843951542311082
-0.3043778398371314 -1.9465941458213862
-0.17828657929640024 -2.006978163540128
-0.26590585523143045 -1.5149472452385733
-0.32413945497289537 -1.9153372055542843
-0.31374324600807657 -1.9681336898286947
-0.23873942537877868 -2.0152337657992136
-0.3348233367487903 -2.0868672893227966
-0.2577256370183546 -2.1075918172026005
-0.1676538582820262 -1.6474354416532215

-0.3318214315371298 -2.0076161077148926
-0.3451744202790941 -2.028116602720372
-0.14097069178755312 -1.8321600273144854
-0.38963648475900325 -1.622076444306363
-0.2644279936904273 -1.9409943851748288
-0.10753432794955065 -1.8932046850869078
-0.13182815213380866 -2.083910293253824
-0.35659584416583434 -1.5942237500572258
-0.11006970454124287 -1.6632844185262954
-0.2230653549639606 -1.9584824670989094

-0.3307221216266805 -1.6435873911292003
-0.2985779491255355 -1.6553460454962199
-0.3658870256349399 -1.9622633228898039
-0.23491953777893865 -2.157609984900438
-0.10047337863076994 -2.135153189425218
-0.29913052622608904 -1.5673518151017631
-0.10161518162731287 -1.6641167941529307
-0.23315372240256266 -2.1473522086644636
-0.14841315122200527 -1.6987250696773675
-0.3988804561905223 -1.872827106597249

-0.15257152464860982 -1.6123733665569802
-0.17726274638377051 -1.6483912251823072
-0.28648609425202787 -1.6714334774926858
-0.11531764266619571 -2.145633970629351
-0.10319707455691657 -1.8944108997808184
-0.39883880629613905 -1.767768976158103
-0.37498727078187133 -1.6038063549448933
-0.3542804423953273 -1.8606856556429245
-0.209281013743892 -1.627651160679733
-0.32944452363078364 -1.8630367619386368

-0.10703153030763257 -2.2035548396969853
-0.22106312768442007 -1.6419033565620484
-0.18513804601717895 -1.8980327208263008
-0.2551861873410395 -2.1679520029574353
-0.19533082933733809 -1.6664751025942843
-0.31431821694521433 -1.91723923121991
-0.1158272998616397 -1.9996755059125664
-0.37023464742725953 -1.5550283526211937
-0.3994403451437673 -1.7246198988007193
-0.31578870419981586 -1.6665642417356465

-0.19149708841139906 -1.8223329006895366
-0.255469735613155 -1.535779341183682
-0.27625004850554225 -1.8961504263295759
-0.3235080820060312 -1.7365602893529257
-0.24797427637528588 -2.0808754293705447
-0.2316899610250265 -1.6852612939566383
-0.3946771653681322 -2.1954536565779668
-0.12991173699397912 -1.594555328711241
-0.1059207591048455 -2.106881928921958
-0.23417965796771295 -2.1683635627953604

-0.3654418857284079 -2.1937490813450777
-0.3303416866050092 -2.054914851765585
-0.17833741437821382 -1.5680760881760158
-0.10919393036011915 -1.9809378897522287
-0.1706239315591227 -2.2229980949571946
-0.2186729117071234 -2.1510867524793444
-0.28114240674204816 -2.1617980145466826
-0.20137502800334975 -1.9460865353222787
-0.3173458813166187 -1.6973264268640682
-0.3928664699538501 -1.6844670016086531

-0.3954439329011028 -2.0380372939817315
-0.175711658169976 -2.272441577943212
-0.22204786136857935 -1.7719749313810045
-0.1950805860904831 -1.5881541012223321
-0.16971800664845288 -2.2691400984033065
-0.21046918743976445 -2.0600470223585297
-0.2840454121697419 -1.7077175792267796
-0.25960583258711234 -2.101043507442157
-0.24335067712695324 -2.1909891653352966
-0.24997896434826827 -1.5250089445994766

-0.3527754557608159 -1.675697385330325
-0.3912043797476225 -1.6961812895721224
-0.16246800319142873 -2.2290144177933597
-0.2539212392140589 -2.2600711215959177
-0.12532512660320322 -2.081302507327218
-0.3701956758313804 -1.7325338287831518
-0.30682434723717145 -1.5328732084126
-0.19898428999486723 -1.675572892909944
-0.11308147809742647 -1.9772740430425064
-0.20787495600805622 -1.536095793838208

-0.2628021569791301 -1.8844398558760187
-0.36192257802905553 -2.0541659295921737
-0.23830256153049598 -1.5220693531571938
-0.22034191382226403 -1.8636632460285316
-0.3619044970633884 -1.7342555934715427
-0.32118740762113634 -1.679941906275868
-0.3433371773524808 -1.6982812834912369
-0.3705785383135208 -2.09389144865912
-0.1254441853097613 -1.5380727016846156
-0.19687495840131625 -1.5617297140188169

-0.16822135177522257 -1.593423073910759
-0.11153236232629843 -1.9978616765665262
-0.313166001593336 -2.1774260078156003
-0.31122079586621615 -1.584166396545498
-0.14605010729292872 -1.7258314733383282
-0.12499475237044683 -2.023716052720021
-0.26074102898602913 -1.718551275105719
-0.3750511447246519 -2.023118601308685
-0.32680614533594865 -1.8789678185380847
-0.3219645179006161 -2.193069691604832

-0.20203039287086916 -1.5528049403473962
-0.13116208911928778 -2.184675899012378
-0.11402673948630387 -1.6672429549842247
-0.2518840795713597 -1.5966343980445987
-0.15474568470864056 -2.0428492622850376
-0.3821936241934616 -1.6293480234049595
-0.14613726806087546 -2.2160521702078047
-0.17600356733136313 -1.631760145995493
-0.2961162880416121 -1.7637479268170413
-0.21901463363607995 -1.8266610165269623

-0.2217177964686772 -2.1827760506446645
-0.39834162985097116 -2.1680838381595358
-0.3400192527617687 -1.5789757253188634
-0.3459339236331578 -1.850317234614538
-0.35317657201519365 -1.7793615910918918
-0.21108278490700733 -2.0039917504177045
-0.2523045480995904 -1.914948791349934
-0.2466029941626649 -1.5512036844863701
-0.18850507690862836 -2.1223198983277496
-0.3999274488106106 -1.7576267663377596

-0.3974719519303364 -1.5826092445440323
-0.31225366115820313 -2.1973758867931927
-0.19500358515146715 -1.8662516389302635
-0.1385090665899008 -2.156857189255541
-0.3440075615292517 -1.9307403827475362
-0.2208570836203415 -1.7849885879996408
-0.10724402819687107 -1.8190910540790892
-0.10078591285142818 -2.0968596931539
-0.1182782678306018 -1.7460075233652734
-0.15283311369500976 -2.0424960217474055

-0.2998195409918693 -1.665506503011176
-0.15618051290911628 -2.0253528985750107
-0.2854162059752106 -1.9520027718297306
-0.37756440647377637 -1.8169425332849416
-0.14331043049950765 -1.8574710752367394
-0.10379745773000815 -2.0397868766657075
-0.1127255267219412 -1.6033531358535031
-0.13882056735665843 -1.8712112389302236
-0.29201403734002185 -1.5623051298139286
-0.35146564390717966 -1.7836223652976597


0.15108046797537578 1.9993184928437255
0.11513720498171098 2.3294859975749476
0.2456990903597565 2.0541225092157376
0.18981161871582747 1.6767128199988337
0.1907734022624404 1.9839034887445757
0.2236827569500739 2.222930905847381
0.2484312990010083 1.5892979831688
0.11956190546664466 1.9854486586385005
0.2466860243157511 2.285094951301416
0.22088806894985058 2.363069234158499
