20 10 6

0 1
0 1
0 1
0 1
0 1
0 1
0 1
0 1
0 1
0 1
0 1
0 1
0 1
0 1
0 1
0 1
0 1
0 1
0 1
0 1

-0.145360304300806 -1.9211090372782649
-0.30117364717564893 -1.8665218889065107
-0.37238280656784073 -1.7006667287330606
-0.12616844787227405 -2.2277520936908273
-0.35517328627744765 -2.154778391169783
-0.17941112654514219 -1.990295458120777
-0.3913586339842838 -1.6894304201883934
-0.39028624126919514 -2.133576894734569
-0.20339548528934356 -1.7102590682121903
-0.3090214224544099 -1.7372616374617422

-0.34057403582210105 -1.7182880874568631
-0.2770085903230619 -1.6975916109484435
-0.2132285705424062 -2.1641564569199305
-0.17853322555763806 -1.6531070711931166
-0.35890611748839407 -1.7084189985700182
-0.15416618092473924 -2.248720372493925
-0.2851655161672133 -2.0349011622213715
-0.2781803992183988 -1.621338424596789
-0.1612080364050359 -2.0839735055286583
-0.16853846392803745 -1.7395838343945413

-0.34142772573484687 -1.7667721138357484
-0.3639090418958803 -2.26571316299792
-0.35328615206429564 -1.9565683443216426
-0.368451286456332 -2.209054265448591
-0.3548856723775548 -2.0371564299847535
-0.18078508002216645 -1.8740836040218052
-0.37177918918993846 -2.2711512476382896
-0.21392834088167317 -1.5937850719840188
-0.3016109106642804 -1.8733522520471722
-0.20255089874664242 -1.779922940430277

-0.35367187978005565 -1.8578508959663875
-0.281095860973598 -1.7916217394208847
-0.22925533664468836 -2.0661522377176946
-0.1431240284404019 -1.7172933047441876
-0.3417441984306641 -1.5728188713952616
-0.1473172024159482 -1.9560905181467372
-0.1000526143346182 -2.1019959059474993
-0.18212523638327485 -1.7159841412297565
-0.14631527918995751 -1.542855998056588
-0.3973203326575802 -2.0863233989160337

-0.10605090168614717 -1.9931214049548485
-0.3231093014175434 -1.7284643288735158
-0.1774380122163829 -2.1131357472867567
-0.28534322597604456 -1.693401654060326
-0.39181973185451524 -1.627246952481849
-0.3454287776075225 -2.2193221279619255
-0.29029835699816003 -2.0188082309185855
-0.2407315955668397 -2.08387990769115
-0.39426116353751894 -2.0758039303604283
-0.3664131333961472 -1.8064599441982219

-0.16926433568923033 -1.731964095498987
-0.24478351570993864 -2.1620776124450534
-0.28941454131790983 -2.0505980463235236
-0.2624588879657266 -1.6340109482465615
-0.2459774456399585 -1.9027889799031845
-0.2411435281894312 -1.8980738363122651
-0.1282125141671711 -1.8154100118416978
-0.23941908497852074 -2.265319522537608
-0.2626051299430563 -1.7525271086060967
-0.38150943754349814 -1.8843329293216948

-0.36215108034433513 -1.7599964225866946
-0.30860687551731436 -2.131213622850226
-0.3651849872459483 -1.5871365075835255
-0.17066371588235502 -2.085908888973862
-0.2824933772368667 -2.2391882850116356
-0.2296968177819825 -1.8026552226592152
-0.2790217798747007 -2.119789508665855
-0.23686562717716678 -1.6563163831334031
-0.38769035598769874 -1.841513048426935
-0.11421124509975322 -1.7161951319590643

-0.1292465338334613 -1.6437521445655983
-0.36506029030830756 -1.6514920436834397
-0.39251258958228114 -1.6506512703849898
-0.2544287710092069 -1.913996361941637
-0.10748492297751572 -1.841565940942746
-0.25749982063075727 -1.5549123104175622
-0.18853545623925805 -1.8852829198069458
-0.10673605277566617 -2.1607819590151527
-0.36719138607751445 -1.7434509142512282
-0.3312607247881565 -2.156557127129555

-0.11191326020748055 -1.9169207365707912
-0.2626405262682191 -1.6734151437560842
-0.11952892879597882 -2.097613351869029
-0.30310603151686005 -1.9443456142161892
-0.24671772428335653 -1.8158391902828686
-0.27072484292702087 -2.271907484306302
-0.35977060740928785 -1.8430245412537636
-0.24608727094208058 -1.6385614390920622
-0.36903126437330064 -1.7537581932616693
-0.2991159710592895 -1.768306544834176

-0.3539318819725457 -2.0811388761569485
-0.29635848813015664 -1.5447926823441276
-0.10286967547890419 -2.03930058855971
-0.35115314240102946 -1.5396672948126104
-0.19543512854459774 -2.022608942207045
-0.3308057814011245 -2.1388139680820832
-0.24526150366515959 -1.57708551756514
-0.2277688215626214 -2.217649093769812
-0.3945547739197497 -2.2017800885768324
-0.1712734996715185 -2.0660913916159225

-0.316878592256037 -1.8557085248933292
-0.24840581728933725 -2.0744788127221856
-0.2590872537297886 -1.643608152211452
-0.23938208885440415 -2.2350718235262597
-0.1567366749035183 -2.145753006459569
-0.1819314485496757 -1.8769864531109077
-0.24631837040344856 -1.9207142237109716
-0.11977912578110189 -1.7292133958867262
-0.33071933054957214 -2.162405802083254
-0.19881307722592245 -1.8091612643604698

-0.21209974840261384 -2.1789462760590337
-0.14874091531569344 -2.203076460702333
-0.11270510259210448 -2.2519769175421924
-0.26779271694445517 -2.212820122120475
-0.18936580683233173 -1.9954147620034348
-0.1721252159515588 -1.6408393392044673
-0.3943422541100591 -2.0188647201173047
-0.16218242498258362 -1.618046255983747
-0.22600958397743381 -1.7909436477274636
-0.2521359895633416 -2.172842112359127

-0.37837861601906425 -1.5700631035749484
-0.2034948511786949 -1.9779344100571945
-0.383269964959863 -1.677881270471853
-0.204542145886875 -1.558819089715029
-0.34534287497536553 -1.8025769746913896
-0.359678019915731 -1.6371476227161335
-0.32252202747791514 -1.9582092509310929
-0.33048781065434474 -1.721675138803104
-0.3917800573880567 -1.808183100010511
-0.17377366231997937 -2.157142130302114

-0.24230102628010058 -1.6306275207563505
-0.3640873718729229 -2.1693406707192913
-0.27588718541457047 -2.008848370578573
-0.3730372808820085 -1.8535287267812726
-0.14608833989748676 -2.2008786546324255
-0.39496425833698046 -1.5676776505105376
-0.3600137249111356 -1.854371074102127
-0.36051663816157464 -1.851422470002415
-0.3457376753538679 -1.5974847456465158
-0.25154560488763433 -1.6431957391831595

-0.2377163415527569 -2.007948416693321
-0.3971302911138646 -2.2423692731292353
-0.23107053436126382 -1.7720769127927922
-0.22205997054169024 -2.007210488594792
-0.3450332405652008 -1.6745714335538515
-0.18738996572806862 -1.7360605605906172
-0.23546939693847707 -1.8836616540663351
-0.19228172085504336 -2.1780791482501685
-0.24462235384744097 -2.1972760606705655
-0.21754327334087176 -1.5512284525344082

-0.3531432468445097 -2.203476181784467
-0.13175125335922228 -1.8176006326477487
-0.21408305191598823 -1.6279748547893549
-0.36235523323662655 -1.8378558915341558
-0.30322737214036666 -1.9752476929074916
-0.2179740211301988 -1.6986481100407214
-0.3462361800169586 -2.259684898670939
-0.3615031535000053 -2.0966207728216952
-0.3666286077293769 -2.02528406781144
-0.12779660285562272 -1.8308314270203427

-0.17752270217649102 -1.58321167754496
-0.1560080556370542 -1.66456689312397
-0.21490434500726785 -2.040095469400489
-0.30969846106410487 -1.8944681534504928
-0.15479967393313906 -2.017924378989294
-0.283902607594455 -1.7473251123915878
-0.21313046793373727 -1.8921637116126664
-0.2126707020343917 -1.514385573630153
-0.2587231984118932 -1.7409620981343523
-0.16720317315775426 -2.11437894922511

-0.17841978164545025 -2.145118545546529
-0.36404492913270864 -2.126867532169921
-0.37664874231498907 -2.0317294346416315
-0.3858523241864401 -1.573441876553933
-0.39215592902376406 -2.03811515922535
-0.23866001455506108 -2.2310367648748413
-0.37022110638684325 -1.9763924579690446
-0.3722297908683156 -1.9999166539464446
-0.15503358107404036 -1.6139244786911036
-0.252786710068073 -1.6376733085024089

-0.11710387326040606 -1.823422006590849
-0.3793644168403924 -1.7493663951026526
-0.3282066433083937 -2.251122940305381
-0.12415697596404879 -1.7584962005991898
-0.26112222801741397 -2.1397959989937902
-0.3676114784595897 -1.828944785356824
-0.3612382284956603 -2.063196906603005
-0.33437072032527293 -2.0256162425605244
-0.29357142905445793 -2.0437639597057475
-0.2660882333746123 -1.725132748611005

-0.10208022535601913 -1.991782571216691
-0.19882296612302736 -2.2439270116732617
-0.24378091974621646 -2.05910915016816
-0.15373012449297066 -1.9374888815404796
-0.2724088318115494 -1.8236427744645411
-0.35414965461979847 -1.797547462441572
-0.29631881526150855 -1.9723643968042075
-0.30595994376073005 -1.5150000309994724
-0.1637189473177666 -1.5299777342711793
-0.23335745774467243 -1.5849680635416268


0.2344588463014593 1.5176544098012505
0.07956711071573948 1.6877032374255823
0.1091049521489737 2.3440360380807608
0.10403913408322467 2.114549462911892
0.07675266899995405 2.049651571846572
0.1190299462003496 1.9672191808226716
0.14283784138266417 1.8680538717736281
0.22556726760206702 1.7556106980157555
0.19292675438882073 1.7982710052942013
0.12805805110921503 2.4186467904544404
