20 10 4

0 1
0 1
0 1
0 1
0 1
0 1
0 1
0 1
0 1
0 1
0 1
0 1
0 1
0 1
0 1
0 1
0 1
0 1
0 1
0 1

-0.39795400100954886 -2.2448185919094543
-0.3785065100490001 -1.8986853702936175
-0.1244020367445316 -2.066877023827137
-0.2079507744922312 -2.1615623258471457
-0.30501936336861646 -1.5672930894110095
-0.17161569407659968 -1.6298132133396912
-0.12874720663528055 -1.8926073531872019
-0.3101178861917068 -2.006710595764571
-0.1217392030031722 -1.649852227948107
-0.3163302357330831 -1.9385006816269028

-0.33366785392523907 -1.6562768365494938
-0.3230340840241956 -1.792265545482854
-0.2844262323012548 -1.6027187590757928
-0.15525320387775443 -1.8280475597417083
-0.23290320428216948 -2.1633820981108567
-0.22396720016342056 -2.2094327089485875
-0.13939078489670714 -1.7403134172099541
-0.13420156870572625 -2.24939848421266
-0.3507845189664592 -1.8216447559756257
-0.11737255827161314 -1.7852223508495868

-0.19057118002185675 -2.174532192307951
-0.2245730156963554 -2.0162790451490147
-0.31847036548190943 -2.078641101095999
-0.33486311233571436 -1.9077759719448717
-0.37624912120137066 -2.2508030761690145
-0.1337551435353878 -1.783313187836516
-0.10512140188894586 -1.9166844746110674
-0.1058316317607561 -2.2224752013411817
-0.15716168538130681 -1.9034067605444276
-0.34966586896226776 -1.6255785954505593

-0.33067662643022927 -1.9009887567932389
-0.29099173199786893 -2.0863288403669378
-0.2732710711918881 -1.512723548002604
-0.15660324686496724 -1.5776762433572797
-0.19658721721662575 -1.8345305182693008
-0.30511381222983475 -1.6694273963803856
-0.17104060132102253 -1.6802253831942526
-0.127818133735342 -2.2047531535165077
-0.31693453847466757 -1.7043636806624147
-0.3829439178942827 -1.7180497756492714

-0.2761139774418278 -2.01393325543487
-0.23198821797220687 -1.9152869024827954
-0.28224500806570985 -2.2445665597518256
-0.3174038505316642 -2.0493402404357086
-0.2583576243247809 -2.1507966430610876
-0.3392973377745555 -2.260306840465088
-0.33246448566260417 -1.9407408939233324
-0.32216075924202703 -1.9963980493433504
-0.16898693733570735 -2.143410017673831
-0.2758295414922513 -2.0315170177163995

-0.3937060575883043 -1.520286714186962
-0.2825110662472746 -1.9456425604962575
-0.23795207237749816 -1.9503505307468068
-0.2939147041223319 -2.0551704751678854
-0.17088472204074817 -1.706632912034527
-0.22104420227142896 -1.6166107571029782
-0.28631539427948816 -1.9201980678029966
-0.2088460149911505 -1.5201920406766027
-0.3312270171750028 -1.759578292706176
-0.3517437283766476 -2.175983089804775

-0.2879610467558184 -1.5198450437533477
-0.39483933804109667 -2.13951629107848
-0.11059595491030799 -1.800116201862132
-0.22415069748990632 -1.836523775845326
-0.2474988112505114 -2.0050448211256855
-0.13181463919833264 -2.0768306311252593
-0.30657219998151153 -1.988546851116857
-0.3152356390745129 -2.2314147214294344
-0.29714766185046887 -1.5258980170307488
-0.3611975016755148 -1.8974098113341367

-0.2132154646061675 -1.9406611673938297
-0.3532581507559477 -1.687748508802144
-0.3094468287325767 -2.114287298270418
-0.16480535016648865 -1.8620891497995968
-0.3771374496517958 -2.2300555017207664
-0.3251093373982422 -1.6761505107412618
-0.2692305203990191 -2.047748670616833
-0.2866712176274626 -1.660985423503238
-0.31901482989186414 -1.8687698897227478
-0.11684545526618506 -2.003084112887916

-0.23772378978699543 -1.8335963219558233
-0.22608883216930428 -1.7337001514037804
-0.2029480672145684 -1.9134936446895494
-0.1413135202345568 -1.6916603936071861
-0.34774856707532836 -2.2045117691801273
-0.1921429069336457 -1.6053888598402333
-0.12106108035780455 -1.8944479663039682
-0.3562316960933455 -2.19534190998814
-0.24847363675109305 -1.9830402126928903
-0.14895931190352002 -1.9705515965148321

-0.39587223323697335 -1.8120959206871907
-0.1206919220580242 -2.268377655677648
-0.330628701774049 -2.001179482719052
-0.11800575349580689 -1.6181434588286079
-0.3739935358783501 -1.6734361474186685
-0.18990638837878288 -1.5169272957915183
-0.30347068353234924 -2.1512356458894084
-0.24630100382528197 -1.7641872314443907
-0.3091928158194384 -1.5264212941895599
-0.3631118209399888 -1.5967023295022613

-0.16900333714167548 -2.047048531296009
-0.25077967328081735 -1.7756298433407554
-0.267953934170014 -1.514912255143875
-0.30478567751728985 -2.1736950910294754
-0.11678345362354409 -1.8188786160507
-0.15886700893299893 -1.5594290990713886
-0.30184341156427696 -1.5820977136791181
-0.2969402146397663 -1.98641403254355
-0.3313165773631469 -2.135834897319463
-0.19616012918213513 -2.1707572654177856

-0.3338071712420686 -2.2667824321290775
-0.15664192043228392 -2.0911086003109935
-0.18207579332010762 -1.560699075384303
-0.32218935277988514 -1.844913393265241
-0.163860476266763 -1.9006845455342445
-0.13867846313567284 -1.6502702686223727
-0.1239579116238736 -1.9160486648907087
-0.3021587976683186 -1.865384598428971
-0.282779400619201 -1.7169946390675446
-0.189955217613414 -2.1365485043359316

-0.3327924578688751 -2.219164911451471
-0.38293552116671775 -2.0853028816827166
-0.10001323625049174 -1.5732832666842351
-0.3178226236627053 -1.7930494097129779
-0.19547300992454977 -1.978663769634816
-0.21961362984997476 -1.9707533445552792
-0.1933645031970185 -1.9307301281424425
-0.22414314495967896 -2.0818105194234993
-0.13635782767056592 -1.7799423281037758
-0.23509563161801048 -1.8730675639053902

-0.3345922766370369 -1.860558175210759
-0.154224435683356 -1.637692018811026
-0.18149560752021832 -1.8184771527782266
-0.14163369306424545 -1.550036098179902
-0.28979952180028984 -2.0472466233276783
-0.20469925707055536 -1.6156907041413753
-0.19683474804797427 -1.7733923101568567
-0.17677829686860638 -2.018475345100217
-0.17126696950132356 -1.7091750082248003
-0.20815860755368856 -1.730195451836336

-0.15156319566897744 -1.9455142453864724
-0.111869526859183 -1.835353029556777
-0.2863768002593977 -1.8316967455212556
-0.1110189055861795 -2.228447922527745
-0.38457352408808415 -1.6596215418683617
-0.27082122800592723 -1.9714274938399718
-0.3164550624409142 -1.674799645001389
-0.2924917604345779 -1.930761573423642
-0.2775191424009217 -2.1417358942672764
-0.36440621084344993 -1.6537961135095136

-0.30756235860604386 -1.824180992234166
-0.16685172529043762 -2.2718057034434347
-0.11978707645571951 -1.5605876188665055
-0.11196680489462829 -2.2063455186181753
-0.2625020476887428 -1.8760945504559567
-0.17691982818960367 -2.15635779849233
-0.3060088226920087 -2.1612688291432396
-0.14762020298914202 -2.158416742077007
-0.23708392474184237 -1.6900747947701302
-0.3828747797764195 -1.6408932395206866

-0.28706421348489153 -1.8454323040372769
-0.23379152026312683 -2.157302495344033
-0.19424092240022736 -1.8225554733677425
-0.2097218333007833 -2.0166020370450752
-0.31329677722505844 -1.6464426859100545
-0.3474292651468617 -2.097003328466092
-0.14359661391116185 -1.7969641902920965
-0.13223512383420577 -1.941294500501537
-0.3684405432063831 -1.7472868826808798
-0.28102309889217536 -2.0550787506489003

-0.20411637935232335 -1.955953098271844
-0.18649923201593177 -1.5269298970753948
-0.19296409183130042 -1.6511852149999109
-0.24365255959728133 -1.5703192523261893
-0.27875670083904497 -1.5997201684995206
-0.10451706830047958 -1.7639112648530013
-0.23887751754663955 -2.1729702596313087
-0.10051667682622034 -2.026595673339753
-0.31283917653158294 -1.72401492012545
-0.1912313763284468 -1.6775397949049347

-0.2931239994928885 -2.087582012483837
-0.31018115745764085 -1.690545314854547
-0.380177680775984 -1.701900396707226
-0.1439734489346522 -1.5414210021514372
-0.2390485082391019 -1.9790297432462391
-0.12803769418810262 -2.0016292785873446
-0.19957579334483297 -1.8193310983847983
-0.14294882724567765 -1.9059972868269774
-0.2735925792437979 -1.657652344375196
-0.15753012714714637 -1.9229281101534403

-0.34280800568863656 -1.6126742496956317
-0.31386521384015115 -2.2406538621242014
-0.2545966338610637 -1.756622882030531
-0.30339994503073753 -1.8585418981003492
-0.3723804418767463 -1.6735498092216041
-0.2832971827892422 -2.0693843311425093
-0.31371398939813294 -2.2688386422823887
-0.28421410846646206 -1.5154507533003603
-0.3653163280306414 -1.9616450016258633
-0.26788887263494765 -1.9575331684410904


0.1492367630306089 1.7730140922317588
0.16453159132623985 1.7783645434713846
0.20195210046973688 1.6607959850358869
0.0847034223897725 1.8996253315608709
0.1843751817243113 2.3059389385104385
0.19354495373258962 2.282889190292092
0.21313058918745653 2.0465173025267807
0.16159590799328816 2.283302757849269
0.18556259980982207 2.445929531714741
0.14772886138281724 1.7978182305713033
