20 10 4

0 1
0 1
0 1
0 1
0 1
0 1
0 1
0 1
0 1
0 1
0 1
0 1
0 1
0 1
0 1
0 1
0 1
0 1
0 1
0 1

-0.15546569952565054 -1.6599344820078585
-0.12202227972538848 -1.6485436778971896
-0.25333854732906635 -2.2643437436487694
-0.130974806958579 -2.083910256146325
-0.3222808808547959 -1.7591614996971634
-0.12344704459174527 -2.2402421126078216
-0.2635829260043331 -1.563110038274361
-0.13774616773430937 -1.7557819737893468
-0.2496612662801158 -2.0601618669585253
-0.3172543628764504 -2.253173662271798

-0.23910194278857227 -2.272336986621536
-0.21884447060202453 -1.98109390629331
-0.18028913108591144 -2.024002041578492
-0.3220625651255292 -1.9664196906742448
-0.24928633409751774 -1.801134804287006
-0.10235341738919479 -1.6273106595458589
-0.1978441398697451 -2.2202671982991387
-0.3069652989792525 -1.5616296862080632
-0.3215973124584506 -1.861390888855757
-0.3421114039310233 -2.0250602861230393

-0.3408277219823157 -2.213724658672115
-0.32507606749329243 -1.8431832096839351
-0.35743572851407324 -1.9777340592978978
-0.2663093157582616 -1.9896781392496985
-0.11498623968533889 -1.540738984395703
-0.21659889463403476 -1.6553509835961426
-0.3243591378231586 -2.1394186863032836
-0.2669624869932836 -2.1376446758551895
-0.3138585672663835 -1.7093932947208996
-0.13804739015008055 -1.827194599973439

-0.3783541112056842 -2.122015486212017
-0.2889415788100869 -1.7728278603131704
-0.1914334051635912 -2.0144287431760204
-0.14665019435833826 -2.1482800000173246
-0.3333743714391898 -2.0586601402966926
-0.27986938781344317 -1.8459522599881135
-0.2831509396779898 -1.9675352125971897
-0.28113789597856415 -1.53506996490963
-0.2821750663700409 -2.233345309490238
-0.20495274549093007 -1.547665364358493

-0.3139610481765619 -1.7983220392606678
-0.1226623760685534 -1.838373300360273
-0.33832460952991833 -1.7012574614153357
-0.17780453015295175 -2.1220478832030762
-0.1870463100102891 -1.6641105772550775
-0.3892830653600735 -1.6385646248962273
-0.26534702046408953 -1.5456600225130233
-0.15031457396762948 -2.137114745685983
-0.2489209894066044 -1.7468574250120703
-0.39187268850161583 -1.6542320920518234

-0.2606208710243403 -1.515886798834567
-0.315031826073003 -1.939303769162371
-0.38457406998550603 -2.165893096686493
-0.264460870445263 -1.8861767112828545
-0.19757451537108367 -1.871949616049007
-0.16855959841049425 -2.1626298411968983
-0.14685624135597675 -2.0841953944343565
-0.23707877639506178 -1.6832687686435464
-0.23157338250822895 -1.5596290554270107
-0.23721271832105922 -1.7885844206914294

-0.3443637354765189 -1.8588953223273381
-0.10498881499320872 -1.7834386649302028
-0.302795703091709 -1.5777080732595608
-0.10635446351514549 -1.611320618226311
-0.2736456287030903 -1.8634132729944792
-0.2268384238478873 -2.0680064227818162
-0.18490662841568095 -1.945054929284344
-0.3190491564834513 -1.774748208630521
-0.25320123195357114 -1.7995460061591269
-0.29996342717185565 -2.0103237183147815

-0.3211893934393746 -1.9343883888903843
-0.18047294627203173 -2.077335558722481
-0.18017302307589544 -1.6932961309439922
-0.1752620038570184 -2.1993310236093455
-0.16813797174125783 -1.7183202245990434
-0.2557714651637434 -1.6467127284416831
-0.14252345963790974 -1.6959349463022826
-0.3076664457611918 -2.1278922688055886
-0.3696249097569877 -2.1885449373269985
-0.2570514415237942 -2.143949514648607

-0.14096266939309937 -1.8070276927761304
-0.2051517236102615 -1.9641550626620132
-0.3681285977768614 -2.051307741929744
-0.3722042928693665 -2.0682684149189816
-0.27173647184268057 -1.834078662085044
-0.12285133768033601 -1.8540778225549013
-0.23555564044294802 -2.1851214443404823
-0.33722849265239097 -1.5821801112248552
-0.37257244062111977 -2.034298788207215
-0.3737530913015995 -2.0549452337234606

-0.26593602802180344 -1.8499540128683951
-0.33483469517266456 -1.5400019785530454
-0.2387797440379968 -1.557053248283243
-0.3563024270128201 -1.8219846054939923
-0.3023951957459824 -1.9696520408755185
-0.3311141301751088 -2.1661765444433922
-0.12281757390111953 -2.0004081592756435
-0.3490586105185936 -1.788263855970707
-0.2815493072651274 -1.618402727007344
-0.33694604177164644 -1.9290671946659856

-0.17352364392031588 -1.8393613769100174
-0.12375806897600067 -2.1319645646000356
-0.3679490375987292 -1.5511483795641077
-0.2851297124695961 -1.5631172822380015
-0.2928453131853566 -1.7205243034672222
-0.3469009451479527 -1.7375023430591936
-0.2760046285312871 -1.6578039764422186
-0.3923130714632005 -1.8563079228015218
-0.35164760220719227 -2.0615452242524572
-0.12296635322419647 -1.7234671640683743

-0.3904680880245325 -1.889101468204533
-0.35261703007485856 -2.0900582978083975
-0.15499599514061427 -2.045085238561925
-0.3481899946441458 -1.8563183195941637
-0.2895564425572081 -1.7792706266300429
-0.394714603138481 -2.089160368526145
-0.350257750459746 -1.6867958234144393
-0.36920334387125503 -2.1691278056546213
-0.2414985346385134 -1.9637639516208727
-0.1256536823880432 -2.1834090308441865

-0.35697404874522415 -2.0856519478634135
-0.30521816015369674 -1.8381973628065493
-0.17607687338147437 -1.6478461866619516
-0.30685529613304674 -1.9453452397215338
-0.36302393719914716 -2.0156880425884096
-0.29556874818767886 -1.7912206733236542
-0.12460069444674332 -1.6641612043432903
-0.24538285787990283 -1.803546847985778
-0.27926843666390394 -1.5319921634795102
-0.31853737146006955 -2.0565363401009327

-0.20517308225517242 -1.630501126799114
-0.3261818860628504 -1.765108084066843
-0.2936131908252415 -2.170239527688739
-0.19483002741621006 -1.7709179360065352
-0.33009203663387 -1.9450470992191864
-0.13100925476091158 -1.9913825668620035
-0.32432066888902766 -1.7037599663280218
-0.25007004792807214 -1.9353842063542404
-0.20163768963743814 -2.0672200701424828
-0.2569568735557166 -1.5155524985160551

-0.2979421816178082 -1.697411574836114
-0.17504594843881413 -2.1473164293905507
-0.21886922818639795 -1.5689035674812248
-0.23340864619974833 -1.9527650750211067
-0.14953972627097367 -1.9247114316203404
-0.3935843018451399 -2.199982441712255
-0.35611108160828325 -1.9707976481342553
-0.23073352603638658 -1.973538471643593
-0.28766782376853584 -1.8667945514763455
-0.35686274453853517 -1.6280047845418244

-0.3700507448360701 -1.7417072711871082
-0.2976602506066153 -1.7748541679132446
-0.27978720862398904 -2.015565947614168
-0.2633844664190305 -2.142962698220123
-0.25715441260288796 -1.991068294241978
-0.2789519542128472 -1.6951590748045806
-0.17907252692508255 -2.1294804086130217
-0.1130119361399744 -2.009252644108702
-0.3288638740674495 -1.9323289854815657
-0.2334117202651389 -1.7243164276373038

-0.3037716616035403 -1.955907991554428
-0.2649626703651269 -2.2509664527256836
-0.3032842074942955 -1.9193266066612245
-0.17795735732013993 -1.923202455162768
-0.3160842869245728 -2.0104824137122757
-0.2730510648795528 -1.517539088370111
-0.13840373253546595 -1.948027222713416
-0.1309202933691338 -1.7875113080349443
-0.11910105784781866 -1.8704119462044746
-0.23901363458556726 -2.0772321783813785

-0.1519615484627397 -1.5414979551928987
-0.2981448922408781 -1.5874761113974045
-0.2131978254832633 -1.7529665438316215
-0.2894055829092028 -2.154370847859552
-0.2685395281507871 -2.138745184839549
-0.13050950705032166 -1.5705737495815972
-0.3420234778747192 -1.6573873308393545
-0.16629742981029574 -1.6887019203243918
-0.16852858860109796 -1.8881687933948073
-0.17784349467112975 -2.142116139269502

-0.27200098332784206 -2.084182036024277
-0.350588094425549 -2.2140782354119484
-0.23736978394263764 -1.9718201836335294
-0.29678007942270457 -2.0134640225004907
-0.32510488443660274 -1.7884499900538435
-0.3637712799155043 -1.7231598383805697
-0.1446784224878091 -1.5995563983180785
-0.260543761084451 -1.710963380244375
-0.36972659440064404 -1.990576877620363
-0.206697464522142 -2.128430444811803

-0.3949086275731173 -2.070557231176265
-0.14497877249586494 -2.20921046947464
-0.36282332635504605 -1.9182329847473132
-0.1898924187733126 -1.832685398892251
-0.35535397677207137 -1.591622054942448
-0.33622118606410256 -1.820805112448459
-0.3341524590691177 -1.6955749657816375
-0.21963896069575964 -2.093159289894099
-0.17886548830664648 -2.137402985803704
-0.17517346262250777 -1.709320240096741


0.12265381704396786 2.479003450254393
0.2412126985639646 1.6540211414710084
0.10060697783527076 1.6841094119340916
0.1720250071980979 2.390576466244438
0.23799752791022366 2.313478434621297
0.08932320737363 1.5340412075914116
0.11046400541398879 2.3215733821203224
0.13205323442007463 1.8172474160641436
0.16759312278028796 1.5729812510690189
0.18010732287658238 1.8461623746874714
