20 100 60

0 1
0 1
0 1
0 1
0 1
0 1
0 1
0 1
0 1
0 1
0 1
0 1
0 1
0 1
0 1
0 1
0 1
0 1
0 1
0 1

-0.23744747539328442 -4.052187813431198
-0.3695070418053538 -4.2218919864647635
-0.11577570036055906 -4.263529988370895
-0.16660621615194393 -3.8543007403762033
-0.3630447652542676 -4.016864644885139
-0.352876587538698 -4.290656098783201
-0.392443262926506 -4.2363684761823155
-0.3863973823735717 -3.8978221152656665
-0.11467610341623785 -4.154882714623326
-0.31137121496924114 -3.9364083267985928
-0.18559308698829452 -3.8120363374818025
-0.23548979449625762 -4.5406778622520445
-0.16363046828234054 -4.076865742855007
-0.37568835299025694 -3.825999103041917
-0.21870800533697743 -3.9594399214858687
-0.11866462744252437 -4.4537516733591875
-0.2293090490193825 -4.161544093899295
-0.22185259538327173 -3.8337581755702996
-0.12062308721446402 -3.8962588739740793
-0.22111118201742974 -4.169527179735876
-0.2630308978609136 -4.195180914028298
-0.27010277045623765 -4.113134925161201
-0.17457412977448122 -4.062559703541069
-0.32248012329972814 -4.039599933686239
-0.11161840616812624 -4.069119038073728
-0.33567389426798766 -3.9331941182574957
-0.22929342876170059 -4.077180068312304
-0.15180138943400626 -4.52032444902566
-0.12679109980735576 -4.450343656028432
-0.18238157069905858 -4.026611875891488
-0.21822706844962605 -3.818448150346565
-0.245388773109196 -3.8950039183412786
-0.3105889113020578 -4.096334216056988
-0.31777480012126713 -4.153661017664843
-0.13085606641695435 -4.085509593000316
-0.13298017275494495 -3.939127435913551
-0.14754980930811962 -3.964671480068071
-0.3575418166615722 -3.982090486400144
-0.3858543101495954 -3.8958100562854927
-0.2842963535845491 -4.26274202444215
-0.12477096018808514 -4.506886798489403
-0.13178894983091083 -3.838316042464757
-0.1209228817057329 -4.131257905249503
-0.27936084145007783 -4.383042050578488
-0.1186624454677842 -4.180796477036213
-0.15348651477752998 -3.9316076715232313
-0.24728512878604572 -4.210579194851615
-0.1815024598589786 -4.379995575056604
-0.3645703899687775 -4.212226682289759
-0.39894965534995025 -4.432516707627704
-0.266734026941874 -3.8569245500258527
-0.23212930832576265 -4.305452344803017
-0.39231598388078065 -4.041509200555703
-0.30355091007111834 -4.412473305874434
-0.20861412583736386 -4.561334960212764
-0.1386939152419322 -4.261076348766724
-0.3213968111692876 -4.078597043466791
-0.27156488528239214 -4.376135262052295
-0.11306035962346167 -4.023942974481834
-0.11659654369392025 -3.9310731578060736
-0.2981734866030207 -4.056033930931932
-0.3519040220813836 -3.9670793502602306
-0.38782138734140564 -4.155186673093847
-0.2206612803295604 -4.3488049936002104
-0.1260688381695501 -3.870825150082296
-0.30521325463763155 -4.384603124971002
-0.26943623379871606 -4.474061824926987
-0.17262513359911236 -4.153741982084873
-0.3610934043643088 -4.02090109150148
-0.25499569497937147 -4.225092115905359
-0.1308872374857732 -4.433580465535777
-0.16918795721487245 -4.5632233171128
-0.3499831787646179 -3.9497242542513264
-0.3787051346640225 -4.222519947009735
-0.2280858391428352 -4.489142902328357
-0.21793859445314437 -4.031567579544631
-0.37538216193362567 -4.073463920214166
-0.33298015645113277 -4.44453590986579
-0.18006661840004268 -4.236658839334888
-0.13716124231036508 -4.261314446725147
-0.25065675772541585 -4.169195250767925
-0.2854850440259724 -3.947851861805331
-0.3513318479303609 -4.064214704893171
-0.37606995078358074 -4.03772722842354
-0.33379177896574974 -3.8914672470023017
-0.27690522217255237 -3.9970938209320592
-0.21120576190089627 -4.300552751129885
-0.14284027505667407 -3.992120084002237
-0.14054926896445374 -4.31185165392856
-0.2394236785168768 -4.374838058258437
-0.33909260621812 -3.854692962672084
-0.22651529934059672 -4.1048261727456214
-0.13171497864622517 -3.8584088249104402
-0.2760069543529777 -4.524573084712334
-0.29963143573280826 -3.8463024600131535
-0.3394495070293317 -3.922539214565313
-0.3590590145992009 -4.141181873270903
-0.1438511814716868 -4.169146305637617
-0.3228896223033261 -4.376109340595924
-0.25935577849264424 -4.073503269591757

-0.38895052434289357 -4.126840925222723
-0.24874344861464096 -4.22028871739393
-0.10218650508975624 -3.944359532611391
-0.31612773064446514 -4.311301922893584
-0.2964951067300964 -4.248260050414997
-0.11725076509715032 -3.9137777796760638
-0.13723999974061346 -3.824144652799564
-0.14865170837029246 -4.425191378300475
-0.2830835426499595 -3.8254117453310252
-0.22540754734639976 -4.03463732948636
-0.2329373703467908 -4.556207838545123
-0.20569255056500152 -4.4801713249825825
-0.3632237994215839 -4.1121860999114945
-0.2876152640698305 -4.042108472364953
-0.20902142461151774 -4.170050640609329
-0.34452414537243997 -4.323315473866771
-0.13951927907385286 -3.9346916270027212
-0.29647014910910663 -4.478593026426932
-0.1504248012317635 -4.507279337935032
-0.3301326431519756 -4.073062945328901
-0.23659902283149153 -4.297724451925958
-0.11380435262376581 -4.195233820781756
-0.29886283005131614 -4.200535040552666
-0.11232318524724744 -4.1589303628607235
-0.1376296003998856 -3.840318740332742
-0.1463879224372871 -4.144618799454483
-0.15587282405768677 -4.363458786021208
-0.20554424131811894 -4.223993071234136
-0.15052399189153362 -4.574869491179728
-0.14873174026517133 -4.555070887950764
-0.37784385646421864 -4.449698905649567
-0.25199362905718026 -4.0708328456798775
-0.38180638475311707 -3.9365959082340907
-0.2967442321469529 -4.040114782767779
-0.25497506822871885 -3.840392234037262
-0.1617978606350603 -4.567317704242421
-0.26104429102556914 -4.116110363575191
-0.2895428277978916 -4.441017355634128
-0.18425611464392233 -3.8386465106961487
-0.28429604923874535 -3.9377804867768367
-0.17795126855144158 -4.408449797929778
-0.2588407587911349 -3.94876936837695
-0.11482031075910537 -3.99454703614592
-0.3963987467138102 -3.950980675471726
-0.15649089186089613 -4.363273815972532
-0.23619889124990495 -4.084288024542669
-0.2978909083534461 -4.535135613759975
-0.29500087741767633 -3.8446178255642316
-0.225364483410706 -3.842396902848742
-0.2084570444206061 -3.8133717887657896
-0.19842676611253948 -4.083652838898476
-0.25591017159336005 -4.165966824131881
-0.13582018943195368 -4.0042817980037695
-0.24827945960797693 -4.491379544777568
-0.34543328602369133 -4.14941148620933
-0.39101934321874654 -3.9959715627974934
-0.19565902310669278 -3.910889349532904
-0.11623493650506073 -4.132281036191837
-0.20582065627711846 -4.386449687533722
-0.31333495227762936 -4.0366677309007555
-0.16137781784703223 -4.5286944989576545
-0.24745322501288997 -4.3669882656520835
-0.3331666069247526 -4.5096537479848315
-0.3593951873379639 -4.285072774683227
-0.19335179302199948 -4.569363749104055
-0.10637122368172686 -4.01409576502742
-0.3706591122066905 -4.130607563055937
-0.26324302925029475 -4.382923453616378
-0.17583196972183876 -4.120417141934811
-0.297703014012549 -4.007739617474001
-0.19262865635067705 -4.0238929419838145
-0.17417938711361292 -4.544312706233358
-0.3316522201014348 -3.8755865153404745
-0.11765950953997867 -3.9366754432869664
-0.10776559985652195 -4.211895756429032
-0.16901777504699556 -4.137886616127119
-0.2705942245168038 -3.9034960580724554
-0.39114006846966315 -4.0600530724228925
-0.3074068061435197 -3.8401055912706563
-0.20874774723212566 -3.944332390616482
-0.31492303103857705 -4.365976168276567
-0.13066895329204647 -4.161675232109973
-0.32917095489501247 -4.021682682216353
-0.20625131242613345 -4.472020274642873
-0.16248541842273959 -3.8988234682432408
-0.37568863954886794 -4.1985268342811075
-0.3066366090000135 -3.8915704906999036
-0.23651739152537418 -4.3480134310972876
-0.2558989247307947 -4.09364762084215
-0.14390863222734462 -4.202955530945438
-0.24841755472216862 -4.486778496350278
-0.2220536426840668 -4.065767655492447
-0.2950523206029457 -4.238020145071421
-0.1519130799048728 -4.25635042257222
-0.2117711537076653 -4.513918367707639
-0.37311367865044737 -3.852146500077673
-0.3441265417877749 -4.172730561283718
-0.15011839213912298 -4.53934517239622
-0.25410375077444114 -4.004892733140891
-0.36113998600656483 -4.070512543678069

-0.3047743732330812 -4.00607495470545
-0.33947288949043286 -4.058714944669957
-0.21980585199392544 -3.834023105459956
-0.2213750451628158 -4.304651062068138
-0.2898201017890084 -3.870417571711368
-0.2028189591078514 -4.4119022611825995
-0.15282372201095665 -4.039489808411094
-0.20749020908006863 -4.260480092675826
-0.38472934902004524 -4.512969926076596
-0.39246930705756244 -4.422024986852332
-0.3743411587319807 -4.083247646439119
-0.1076161330553389 -4.36284424887477
-0.3648266755277492 -4.078878944631577
-0.23493191260956472 -4.3004402803979005
-0.2587119219056242 -4.493716488060692
-0.11726824266828667 -4.217640216844605
-0.13514222426264821 -3.9240235043696283
-0.19409348836228663 -4.440379308666265
-0.38291739681106896 -4.39854805535965
-0.16639111071982327 -4.543626703323448
-0.11133199625285278 -3.8306890863342207
-0.2159045568958076 -4.054047671576155
-0.38820828051996065 -4.267204081735143
-0.1655070954417855 -4.545706203893138
-0.22795150413620838 -4.368416419538562
-0.308552661551204 -4.395619241567036
-0.27342354913085126 -4.575917624609988
-0.34619327230454683 -4.204847977431654
-0.38365050009961743 -4.366857874822122
-0.27245113447715696 -4.477753076664088
-0.23161905456634002 -4.341545167909137
-0.20958715026203764 -4.3373311345636205
-0.3256424230767489 -4.315421758477674
-0.2502339124148892 -4.373787672689411
-0.25639780126674927 -4.28980427116221
-0.1823305221515739 -4.175550722308026
-0.2797688108779369 -4.247272100354443
-0.16468742234374145 -4.062931675582399
-0.2386313945798761 -3.83107311273503
-0.18124902915312902 -4.249311447336371
-0.3872012207962 -3.8906528872491672
-0.3148334699150794 -3.871483328199423
-0.25585628452022935 -4.489787731339794
-0.259381845346082 -4.1908223471308395
-0.25483947881862523 -4.254247043327564
-0.2883161457301927 -4.064241436733864
-0.32650532241238145 -4.553392045159659
-0.11264837337541578 -4.423735646063573
-0.2337283592501512 -4.539763051698105
-0.13538442162712494 -4.10059063714347
-0.19697345942252492 -4.292264842846713
-0.2416954545501533 -4.193706291867646
-0.1243683811680848 -4.379065256313645
-0.16708413029353303 -4.1553490566838285
-0.39924771972692236 -3.962099896263396
-0.3394753376905508 -3.949473575172732
-0.36781571159858906 -4.331327891544831
-0.16935856689615247 -4.4288312551387765
-0.2609958223811726 -3.921606264210283
-0.2355081156388629 -4.3896460970497
-0.1783313087411751 -4.323763468420313
-0.2966246607960673 -4.274078072717114
-0.2537253483765561 -4.159027132146966
-0.34044137226048643 -4.392859889154869
-0.3898916332281594 -4.371218138848302
-0.2848659661174439 -4.394449130346459
-0.18502045103627282 -4.469810632594575
-0.18877436642336404 -4.018960556827675
-0.17407689997036332 -4.085505218702835
-0.23252149019181717 -4.172129245248738
-0.3197322260293088 -4.204403132579659
-0.2898645892703062 -3.9487434428809163
-0.18285317057567382 -3.9674873888327165
-0.3452042764116528 -4.526051289009369
-0.2040206957642157 -4.141879341180733
-0.20747546640129852 -4.405351626140263
-0.1705138405648495 -4.041329734793793
-0.365431953090832 -4.256076152864046
-0.27441796316318123 -4.011300275250118
-0.2013501249570203 -3.92640065118749
-0.2933768504409782 -4.287842820044099
-0.3240115434036971 -4.368053361283075
-0.33773676737582753 -4.309076145340054
-0.15972055852000022 -4.489123375937997
-0.25281005068490225 -4.415930952595731
-0.3361542603935862 -4.407284641034242
-0.32682988994334916 -4.393244838917894
-0.31464424647280853 -4.349242249829353
-0.21237767274879646 -4.071699755803502
-0.2991127844419114 -3.959239782615681
-0.35168722311131584 -4.477681172691711
-0.11832848390545497 -4.575714329547698
-0.3724070933733683 -4.442243024153686
-0.24149886853035846 -4.146578629265744
-0.19869817568777035 -4.243228234156521
-0.2043798780232709 -3.9180407286200074
-0.35794132981960103 -4.10028817931473
-0.14884354307148734 -4.116853966258744
-0.16217036357343936 -4.457840390392417
-0.24544642197751998 -4.305091114140442

-0.15880133318011086 -3.867839544666507
-0.32087162355130483 -3.872726949794611
-0.1411730324414472 -4.029697629977008
-0.3188047643024987 -3.838633352354389
-0.1184402336236377 -4.065814230153348
-0.31653787102189457 -4.355460149886481
-0.243873672311914 -4.230396639391155
-0.1371067585806236 -4.478396576466764
-0.1861566676841851 -4.2604034837452005
-0.3112444042358527 -4.2917034475687705
-0.24004643533528475 -3.855235012892429
-0.16402601132207706 -4.495665444641481
-0.33839232847082834 -4.239117880821933
-0.2188110336283391 -3.9342553870285544
-0.25631457414387326 -4.402335245482797
-0.2652629799479391 -4.108987787346963
-0.21415047746940602 -4.376278781731643
-0.2882073627839179 -4.010451174138322
-0.31699474824516916 -4.048611175165766
-0.21489246824994274 -4.2064091207925705
-0.38187759203550903 -4.019608420105709
-0.2834806020879248 -4.0008945592724885
-0.27900413846095096 -4.552605422819732
-0.17087676907436494 -4.497000583468194
-0.2460128917351004 -4.297338056443584
-0.11116931178718964 -3.916935508760188
-0.34015792249221793 -4.142991875789129
-0.3725112606552326 -3.9926081424621915
-0.1279061064973771 -4.034877557806467
-0.2618751825093791 -4.164476968324642
-0.2317659279144009 -3.8150739481041462
-0.1801077457129598 -4.038575007929552
-0.19726326472408431 -4.273306353884726
-0.10213595753458748 -4.2704429019891625
-0.3703887388434868 -3.898885314486435
-0.10822179572687135 -3.8886171824229168
-0.13873984395566247 -4.076668423986856
-0.3835320906287744 -4.520684731790964
-0.2233511090416052 -3.894792682126508
-0.24407558951367667 -4.140524617850302
-0.26942263931892724 -4.191415411272539
-0.1569365591029443 -4.577180040255164
-0.264592073778312 -4.092766348206283
-0.14175391554868666 -3.855205214993137
-0.30337045771146054 -4.468913353579445
-0.24481389022640412 -3.999448539956102
-0.30683751719820385 -4.518780739689363
-0.3096615976535865 -4.461051551524548
-0.23852658508989613 -3.997598090642597
-0.1707613760425527 -4.542181404867849
-0.1524192525883771 -4.3543235569782235
-0.3491652420817751 -4.3954037041281815
-0.2978275073403939 -4.512468021903014
-0.35274225740259446 -4.352200490897367
-0.23905300656769649 -4.2496329696711905
-0.2689891067701664 -4.331294542610388
-0.38312643366946564 -3.840782980725368
-0.11883527100519187 -4.151036721169886
-0.13168113684256266 -4.187800496721578
-0.2038798074026589 -4.301317038138715
-0.265899862989379 -4.034727423414514
-0.2013013388151039 -3.9334070991199925
-0.3347824878974201 -3.9162324058048323
-0.17031868817891002 -4.53933881825496
-0.34793992590805084 -4.153258047867354
-0.2679211216858176 -4.516591486248827
-0.2643789276881734 -4.482159908968632
-0.2623668184673802 -3.978549708589375
-0.16373684070542394 -3.999007526813277
-0.2384692286607223 -4.087866864943339
-0.10988921142639757 -4.57557749584609
-0.25181726147985195 -4.37697116313732
-0.3738213849848548 -4.5480057020702915
-0.2958904990120379 -4.26676888168146
-0.26318868352144187 -4.262689700018612
-0.3895465495966144 -4.032533806572713
-0.17367888417946659 -4.280040712328324
-0.12451236354251555 -3.869525011764581
-0.3844695308305567 -4.524603944881811
-0.38288802149606127 -3.944797194523464
-0.2441804729463719 -4.075268482707119
-0.21393640930140062 -4.409497882472656
-0.39074052662887515 -4.568496622801864
-0.29420933181300085 -4.156207765370355
-0.27803659044509776 -4.014874288713383
-0.23735568236056187 -4.351434152466926
-0.3554290018922228 -3.9865973236670698
-0.1068909621075046 -3.824565135523816
-0.14677086361127106 -4.420622887566727
-0.11970651428997875 -4.0086777976719965
-0.24493379752795125 -4.127280461152511
-0.24435050938709743 -3.873649031527225
-0.3458175831351911 -4.302252839391936
-0.2647823092793312 -4.317253189174681
-0.2215099939740441 -3.8528672893505007
-0.18656442940931298 -4.268138655322385
-0.31486088403470835 -3.998166613516461
-0.3642384927939205 -4.267544927307869
-0.17505565412643623 -3.998664623061539
-0.15648242199795773 -4.487974759415819

-0.39441434340631853 -4.520692603145677
-0.17053733024402568 -4.453010581437333
-0.292177339103811 -4.278767826148195
-0.2750499506572012 -4.037288861515903
-0.26491133221538576 -3.894973005217856
-0.3425676780524482 -4.325313755589153
-0.29259911796338994 -3.9475969111798053
-0.2575921394825046 -4.313043707883527
-0.15665038710950846 -4.319323394783731
-0.18440887235156242 -3.9043064477888145
-0.29024148251267146 -4.339878027511279
-0.1908079892254872 -3.988460827944378
-0.2112656860582113 -3.8509686593700523
-0.3220419282992723 -4.451680677214263
-0.17936115175488654 -4.104154292297928
-0.18137831402451493 -4.216226551845918
-0.17605179758805733 -4.5491164863011235
-0.17665315955927546 -4.0196071482089835
-0.3515890542978647 -4.010785746469839
-0.3296569992289765 -4.5014888095057035
-0.3112257630134746 -4.391312587610775
-0.3585330312983082 -3.916157870575865
-0.2860310978738835 -4.010541100159025
-0.29758372615352224 -4.5367542450562555
-0.23957708693252955 -4.0115193672726495
-0.30063377661864316 -4.463236926244187
-0.13114915415895623 -4.364702986524195
-0.2514171676870401 -4.416807627383001
-0.38177322625727095 -4.326095602563595
-0.19957364373986436 -4.4412909742983535
-0.3149928032062834 -4.158416591629617
-0.37050445160899437 -4.166394756406169
-0.19772605077039487 -4.1907693065633955
-0.23575143995344935 -4.409744300397826
-0.39493765182744084 -4.4269356544491485
-0.1742072711712147 -3.97142889892776
-0.3997718730943061 -4.566848075617905
-0.2525968191050198 -4.3718771321435685
-0.2623277498684594 -4.231875570229546
-0.1505014074903567 -4.354693106960206
-0.3612981026706122 -4.16085520191952
-0.2165317408216109 -4.528550360450694
-0.30478409071298324 -4.5394857649313325
-0.24108563084277937 -4.28987045282655
-0.13002011319438678 -4.051638353231574
-0.3566529562850053 -4.363852002790908
-0.31705083661749967 -4.261561182810712
-0.13111030882168095 -4.255342902150544
-0.3319425747665551 -4.081741380560845
-0.3830676073128667 -4.364282041852312
-0.2885456889125502 -3.930278605154282
-0.14211797778806562 -4.1133694666479
-0.1118040448626817 -3.893246801803632
-0.16903402129471687 -4.575743718861888
-0.22564093500108573 -3.9250805828435964
-0.27513635329594166 -4.561653982794271
-0.2788795975829683 -3.828261724357679
-0.2585831184577585 -4.151150567430173
-0.2242228667996322 -4.356620144909159
-0.1145941514475155 -4.474248332545338
-0.24319683467714523 -4.093629682602098
-0.2030798764838183 -4.371025456252911
-0.17134493202413015 -4.441263954903097
-0.3800316374725902 -4.061578283139807
-0.27621613862601324 -4.551881116345127
-0.37631523630395275 -3.8541839462350147
-0.18791222276654068 -4.059664104300411
-0.21482454846967394 -4.252147539463052
-0.37907953688536744 -4.358943521672739
-0.3696206407524777 -4.133166299693204
-0.26231331324681767 -4.468866815641416
-0.3358958634700253 -4.2967172687782025
-0.18416462220624394 -4.024324573726964
-0.34287412402110806 -4.069789894143628
-0.2477490036989652 -4.041080101918092
-0.22961544009506765 -4.157152958903001
-0.19335181328848014 -4.055246153025971
-0.3718987972810054 -4.482530741609109
-0.35673444212765676 -4.534150172666201
-0.13396106497927968 -4.147345503721359
-0.272170787554985 -4.243184456771392
-0.22176831384558496 -4.479349811571896
-0.2709069208381296 -4.311938187045716
-0.24024609752723727 -3.9273100868745128
-0.21491636081659138 -4.4529731801224655
-0.28876492478504917 -4.324952422442399
-0.13253187775932956 -3.864826468761026
-0.2717434856185239 -3.945549966062941
-0.3765541097823914 -4.4510698124262555
-0.18731540047898 -3.822924495121583
-0.37927279335746045 -4.2000913781178895
-0.1266670783672183 -4.2528534681698815
-0.3918517801611693 -3.863843762097606
-0.35301747845687625 -3.886693933081335
-0.18157050800330313 -4.318603338912443
-0.2278476663382451 -4.200914643027698
-0.28953346047223405 -3.8267883016014954
-0.3983653173185946 -4.536358427043211
-0.15699825038549223 -4.015592371701059
-0.2801950479966579 -4.427444464020007

-0.17006913788768832 -4.380413177249485
-0.30500579954883755 -4.513911847928952
-0.18523622026638448 -4.541351054572133
-0.33616611188566675 -3.997023311231067
-0.27279925081385137 -4.486545131694579
-0.2384796138377718 -4.023402315532858
-0.3359966271953386 -4.493107087193852
-0.3391000016293563 -4.382573427790062
-0.3560081404017883 -4.139381890939754
-0.2642205185432276 -4.095286355704292
-0.23145096633426399 -4.35041119044805
-0.2715973358969144 -4.327005492239798
-0.11980351650561516 -3.917496922721381
-0.33749591057828526 -4.290613852733017
-0.1152238706478243 -4.560406345999777
-0.21019971544520413 -4.302857820084644
-0.2866205342459635 -4.374726634826005
-0.30213883384054224 -4.090173498151801
-0.30641776608969123 -3.8122935782872767
-0.19268756641931806 -4.4153974655454675
-0.14903903639095833 -3.84926678955773
-0.10591922655961261 -4.455398346236007
-0.17935808978370113 -3.9101153816303245
-0.19999427877451298 -4.547045002122904
-0.38538261932275275 -4.311169534814483
-0.3629013248385282 -3.886728394151286
-0.10859496811247893 -4.271605442353196
-0.36158412367033665 -4.511117306261087
-0.2936864082128534 -3.862434061148583
-0.1243426887025989 -4.300744002242548
-0.22830330440229432 -4.476353445847863
-0.3079440200358181 -4.416198941308083
-0.11590449658246937 -4.305976831741102
-0.21164825631140347 -4.505956378427311
-0.24108683072646803 -3.9767530201045735
-0.11760537519591507 -4.37848116398308
-0.2416353900543603 -4.482567912136287
-0.17843844691579666 -4.1280514295535
-0.13331807830473663 -4.039298321177824
-0.3534227426740663 -4.536987283799638
-0.14409738187661136 -3.8290684392128345
-0.3675642659930135 -4.212305992229565
-0.18467460964228796 -3.9665519083882503
-0.39316239838903766 -4.181722195332724
-0.21674806195607002 -4.542344412688856
-0.1972960937091632 -4.306023106327037
-0.20756486610179228 -3.9163853818552523
-0.255489609493226 -3.8362965191971874
-0.30484974116804076 -4.230739661239404
-0.1529688066422859 -3.9615150079381585
-0.27529931685320574 -4.0963603470007
-0.3974619980516744 -4.2124089243047225
-0.10606433846879332 -4.380934063202403
-0.21609731822486986 -4.199573085298238
-0.22665425911271528 -4.443930831787158
-0.3050853968595775 -4.470177682144032
-0.28607025755406834 -4.238160644615694
-0.18619674117423696 -3.869780329855876
-0.14970090877148945 -3.9963317599171284
-0.264117105989644 -4.449084476526053
-0.39500142412612715 -4.274042510409283
-0.1405597455569907 -4.2559764231007335
-0.3416204189330717 -4.26101160906343
-0.28762412121642467 -4.566238174928223
-0.127497482267368 -4.263171472046794
-0.334500953282735 -4.376892316898784
-0.38510009612103985 -3.9821165927051605
-0.1894390347043621 -4.253383363435242
-0.11520542764740671 -3.8290968990826366
-0.3914856016642874 -4.020732118173265
-0.20658223544364854 -4.295815379589653
-0.10059841635298222 -4.091672430336965
-0.15241130106616038 -4.576968071594314
-0.24202451931348418 -4.535179560542002
-0.2979177398297971 -4.297470002845119
-0.3487786603981698 -4.419003466198048
-0.21842601766299202 -3.814095775306577
-0.18763076148500504 -3.824369982789477
-0.2688664491355291 -3.861732316750887
-0.2327502409013036 -4.080229959472877
-0.12851180275827145 -4.372492408293912
-0.3957144072955548 -4.542456816023168
-0.35498880553389317 -3.9694576339837457
-0.277284817015209 -4.556920811340651
-0.2978490552805986 -4.240772239757948
-0.1794633582253184 -4.193192322554426
-0.2936590780683518 -4.013856772254692
-0.1197955142323921 -4.27519441640539
-0.13943236961804695 -4.227086690256279
-0.29035803373621694 -4.231123130296627
-0.1798362151827223 -3.876013836650658
-0.23029567247649418 -4.254378539855302
-0.3597685931829534 -3.955608755533205
-0.38390367772221984 -3.9767347732632756
-0.3190604431601349 -4.491384315432419
-0.1659129634016621 -4.378916149815345
-0.36926127400912434 -3.979542462854037
-0.18721563851219902 -3.8850058677917443
-0.27795498742078834 -3.9109406216350115
-0.11928481275726982 -4.564352857056136

-0.12730170046912942 -4.220962206559748
-0.11889568757250984 -4.055151241544815
-0.3736306587834288 -4.481249369374214
-0.12692932278307006 -4.392125025837323
-0.18995155342028744 -3.903683955265552
-0.28018614260253377 -4.223822940160139
-0.22375995593963063 -4.52137860783846
-0.20764694199660097 -3.920967241880296
-0.2501416651556617 -3.8886200560329893
-0.15285494014713827 -4.533092291031976
-0.1190657281146087 -3.8302967272097055
-0.32545492233723144 -4.193612901924511
-0.37910046709737183 -3.9250196237603534
-0.12673553237625013 -4.459049581713093
-0.21041644675388163 -4.393107838819644
-0.3062988607998577 -3.886651601415601
-0.22291128096530197 -3.955734186271999
-0.23645204661480218 -3.9669984269811707
-0.2873993490925809 -3.8167381694546823
-0.13089094966041626 -4.538517843071594
-0.2534225299490017 -4.106619430050862
-0.19195277059320615 -3.9370331215959267
-0.3768669404231651 -3.9957954764862347
-0.19429925489541525 -3.857779146175856
-0.3836683226431694 -4.150201916705499
-0.28504932412519435 -4.448357545525166
-0.22747196146977036 -3.932496709431642
-0.3353666338319029 -3.9681151751376995
-0.34346841686090357 -3.8144024285357263
-0.16224804957024622 -4.277033578619227
-0.2430634613901069 -3.855157944788016
-0.1952074904020304 -4.3044740121425376
-0.14716616086582734 -4.1169673377056455
-0.13423491264670706 -4.168130114003496
-0.3455920751720038 -4.157666261173286
-0.24400344669043691 -4.110919698755229
-0.1408490097681267 -3.9685769818651195
-0.21450028710670901 -4.105220592636186
-0.24653090117850096 -4.217979249433224
-0.3509802045795867 -4.397553870449376
-0.20498254602432095 -3.8598002658184254
-0.19048411518370276 -4.352641723056786
-0.3264423681518327 -3.982091149651896
-0.292317794763235 -4.196908556236702
-0.2928913513340787 -3.8146561186469685
-0.26585774520401434 -4.164287864145459
-0.21568944412383342 -4.485928746075582
-0.21295187809601315 -4.544904162570719
-0.35991229449346673 -3.99964570624521
-0.20731235251208247 -3.9196083185163895
-0.1710040074934618 -4.1623808820817105
-0.29576899652304667 -4.358927794965985
-0.39948169779813925 -4.387649851831828
-0.27798171512635306 -4.254526886182922
-0.22964278179643544 -3.976439452466577
-0.2189265970219568 -4.346698140733182
-0.36612140447769764 -3.838325779227598
-0.18451233058957972 -4.248671688618847
-0.17914460781935887 -4.398942798337124
-0.2879512784647233 -4.463482149032754
-0.38819176249639015 -3.970616533062741
-0.1630761650442301 -4.095772857398021
-0.25570744625594366 -3.8354894245008677
-0.14350792221056663 -4.277510512117108
-0.26325768287794615 -4.240149043452041
-0.23762057654029098 -4.15995898202098
-0.28331835920582826 -4.105620719349575
-0.16931003039049985 -4.4776019420376505
-0.18789907780985604 -4.295317384296907
-0.20587104074783338 -4.14620923953214
-0.25003758391313147 -4.501382438861098
-0.24788112369093446 -3.8122246979960206
-0.28105883282409927 -4.129776284614417
-0.24122513575923693 -4.117073922100635
-0.23100770054500314 -4.536485555208927
-0.10977307014955395 -3.9004047504067554
-0.12361305311742726 -4.345821100796005
-0.3219287906170162 -3.847584633967244
-0.2537501613344391 -4.306312782015966
-0.3590805243232955 -3.8757111767969965
-0.20527522318663943 -4.471430655165299
-0.23027992361210736 -4.4618250302790985
-0.3397573579733954 -4.566263283652521
-0.32228476480043944 -4.187270884211982
-0.1350030675454033 -4.071758684731037
-0.14505649016232863 -4.133890901302968
-0.3112310192226243 -4.156900564232462
-0.2323616047354001 -4.027953971967581
-0.22439704801470242 -4.382216406901187
-0.39264457438444844 -3.9560386424865754
-0.39295254146851266 -4.43385832039526
-0.23685280226212552 -4.438117432814843
-0.2566072171243041 -4.320115768186089
-0.1660568026119718 -4.3192362282447885
-0.2905090939983618 -4.058134831832232
-0.34761717987481644 -4.531649683942668
-0.3504264574219701 -4.500718581345091
-0.36554487973754934 -4.244432540777542
-0.1393457481644117 -4.55993918332782
-0.1912845352697236 -4.464658613808162

-0.2530983446190508 -4.477839871293994
-0.15927589440667095 -3.8361152364718745
-0.15914387412267672 -4.321791469872845
-0.1405853198782931 -4.045641096773897
-0.2740253756277725 -4.266343386794174
-0.3385040879257347 -4.2976661249916654
-0.13220943402889535 -3.840368389564292
-0.1110491559447988 -4.48356752299255
-0.29966189839876045 -4.105964818106465
-0.21146717906677687 -4.0073790102928175
-0.10853933436120727 -3.9204842418825234
-0.3367958020225359 -3.8996006588379815
-0.22554018218685093 -4.45491389777052
-0.3634388376245995 -3.9405777751358033
-0.25637085546125177 -3.914338013146992
-0.1265911270488278 -4.058627342402459
-0.33118605387972455 -4.478448091829376
-0.2570409809977341 -4.531249907113272
-0.12484774049859987 -3.915659861908221
-0.22681410141187142 -3.9819057636831285
-0.11328366269948414 -4.342191390182371
-0.3616391123761389 -4.551325804543873
-0.25189218998470764 -4.506354406099213
-0.23314622518190461 -3.989758277031943
-0.18576711992478195 -4.533568177446423
-0.29942603322681133 -4.204202747194659
-0.24000022349914069 -3.918951281308474
-0.18257571299693465 -4.381747916779272
-0.20670119225649045 -4.300264008209811
-0.29610479124564226 -4.291953163007463
-0.3805311502112712 -4.081305791816932
-0.1238885656098252 -4.470365255964549
-0.25514483598166826 -4.576721868418976
-0.24018375183892798 -4.163693128257614
-0.3137845847252374 -3.8441235195903456
-0.3716458210970671 -4.248624797355155
-0.11542134991209446 -4.239185003878854
-0.39297641499004715 -3.992375301926995
-0.22266596420060547 -3.828361384335059
-0.31986681187227034 -4.575118897178323
-0.21389335191805045 -4.258308664061665
-0.30803973200186197 -4.0994285454188075
-0.2839657783767538 -4.216824487049037
-0.19286565221859195 -3.9003495002371054
-0.3419038496819383 -3.885396945442996
-0.21939918058808305 -3.822253907366471
-0.323587416133826 -4.142042458201177
-0.1583263304617007 -3.820751163898745
-0.30607127913875476 -3.8981384131820658
-0.25939072787577205 -4.256058574467773
-0.33015720777112184 -4.019884320363824
-0.16733058376570217 -3.842140529431313
-0.2413803798258551 -4.190654684268037
-0.2578421836610598 -4.1892115660810685
-0.37953075230665967 -4.039083691500504
-0.32069473006437127 -3.846047079736265
-0.24383313230791404 -4.352845745029436
-0.36980199596221 -4.3601764821539115
-0.389835629666174 -4.032535574672684
-0.2937591445852779 -4.3255665410276904
-0.36439586546275127 -4.27683791305929
-0.39039215443343167 -4.310414844629319
-0.1323148086974199 -4.025802427569545
-0.14200775487782297 -3.8969156149787296
-0.22644922410453971 -4.175304057010059
-0.3168999468881924 -4.389659663768428
-0.3752896767953307 -4.15509428001947
-0.16358981581760398 -4.446452227596346
-0.32994833840117976 -4.02818876364909
-0.14276733459047558 -4.297987334752021
-0.3484299768742523 -3.938176237393669
-0.21244134944673143 -4.091985170169998
-0.2586075473104057 -3.9660577827649894
-0.21943036406069996 -4.559172411541331
-0.1607195638555168 -3.9247087416900914
-0.3150491661789186 -4.431459344544237
-0.22945260319452856 -4.412318026124863
-0.14786428702779147 -4.327488541309516
-0.31432326630803076 -4.164219122864308
-0.18810787751375896 -3.939799072388384
-0.31821468641910894 -4.556449412027117
-0.3185990445711828 -4.476741197158768
-0.27063370145215293 -4.121804365373398
-0.3273189475706973 -4.017178941332568
-0.10243280301090207 -4.569060111924211
-0.1619718695812709 -3.871983230990959
-0.25166694209759616 -4.297808914316416
-0.17197343992244601 -4.4013474915972735
-0.19076640701583264 -3.8237211697211984
-0.18661255487260847 -4.558633635711871
-0.18195441404289486 -4.4177499042982395
-0.24940787413330273 -4.091092724669016
-0.14858534683984198 -4.195197915871806
-0.26274727499849276 -3.890710644661051
-0.2345335052043465 -4.256818274853893
-0.3324575914421113 -4.007175196147724
-0.11688318802695519 -4.501154442016628
-0.13520324595975053 -4.016836295099574
-0.11020162684009971 -4.536734401203348
-0.22204301150324512 -4.386827996820913

-0.13085527706703448 -4.473344852860617
-0.19866733212426793 -4.5284697659669835
-0.10939451208048839 -3.9716999920701417
-0.30878211434880093 -4.0479644448261825
-0.3640327888681069 -3.942598726554121
-0.31834573550915446 -4.445207822735706
-0.35581665341181473 -4.2955509083389485
-0.33224945475822776 -4.457662735949165
-0.15949949893896304 -4.339119556725108
-0.17959362257744046 -4.342561386571094
-0.22681565781114835 -4.411315462704307
-0.16935096081202905 -3.953009254835788
-0.16765979548629342 -4.4050279515424595
-0.23439101583234867 -4.551422147237396
-0.10606927741197131 -4.141415544440795
-0.21941530353872385 -4.271979917268393
-0.16394800822476277 -4.4523765140716645
-0.3563970025987306 -3.965747298175454
-0.12178079543888998 -4.437927623140547
-0.19977560553644602 -4.451691477951941
-0.19480781803461836 -4.366950957119257
-0.23948944416112528 -4.054944927424596
-0.28211818070404654 -4.355239245976669
-0.3152168528126269 -3.830451435311156
-0.2637508482488249 -3.982110686477815
-0.3956423156212464 -4.477689318674385
-0.20521262363132003 -4.462621766448491
-0.2637421023808232 -4.2867303459197315
-0.26429760907303373 -3.8424174878483033
-0.2166278025715459 -3.9810160214022883
-0.2135898480963506 -3.9088531842198773
-0.35375098869198573 -4.3646393656657
-0.3991876530563764 -4.243508074161925
-0.14280256637411498 -3.92386784646404
-0.3289218720971131 -4.233197395643841
-0.2409223376877686 -4.562442454785319
-0.29453859840108587 -4.21271699623966
-0.22295458700031037 -3.9985591126304767
-0.29686264201803403 -4.472801366610746
-0.2132497577427954 -3.9818371284281304
-0.30401804514878084 -3.967257048575743
-0.14002632427676387 -3.966500196212504
-0.18122159582156205 -4.369693467483242
-0.30589681432839433 -4.078905194252047
-0.15712627244673094 -4.426401101741738
-0.12339544721666268 -4.292103139049789
-0.10914160684657442 -4.375035506463539
-0.27025997538434077 -4.060790873218275
-0.2971308392259465 -4.108405612702956
-0.14586075435400092 -4.525308997234855
-0.22256705444044442 -4.17858630405936
-0.2372329788175148 -4.175121852133263
-0.270402469501678 -4.434185819517986
-0.20044320361315635 -3.8894493322435415
-0.14460458202991855 -4.104365582059628
-0.3900997476658022 -4.056372436774841
-0.16037314208112557 -4.38938366728115
-0.37262491352627114 -4.0146073293146936
-0.15257095949446012 -4.474790618598765
-0.17527211680058202 -4.416292313407479
-0.26621705358395287 -4.428662055608794
-0.15662299079260203 -3.8435241890729195
-0.2702469440616847 -4.241435370031292
-0.3328806375255585 -3.892301552831824
-0.11230826084145723 -4.244258362570148
-0.23360987308277126 -4.236477699330321
-0.15307395208068095 -4.225303254573151
-0.2287869673559981 -3.933855272269358
-0.204391656033049 -4.54477468098302
-0.24369495705943509 -3.896172346867713
-0.2087688400956985 -4.515408067791978
-0.24474535985816953 -4.188164218207329
-0.158011348169739 -4.126707728532053
-0.3606870671231146 -4.574280525423685
-0.17214894932900793 -3.956665545280634
-0.1102534171769437 -4.36180408873101
-0.12700661000294994 -4.443625818033492
-0.2432325116008736 -3.993474219989655
-0.13416503055991436 -4.132199389647275
-0.3105822510082636 -4.14933393738226
-0.3496423819359088 -4.512176336363418
-0.28333162359562125 -3.971834884244095
-0.25087051949396405 -4.427099174474609
-0.3564294031655154 -3.8261781706531615
-0.18862247641213864 -3.845138308312401
-0.20388477906775865 -4.158923044452073
-0.3359882340052357 -4.515724102840904
-0.18840921269705826 -4.554865083973532
-0.2181393186409859 -4.5433399339792855
-0.20143951219625203 -4.184451721776009
-0.27312240931182474 -4.42778624970324
-0.2582606388727918 -4.565042790070893
-0.13484951741377693 -4.384834111570093
-0.18986169973380643 -4.068626271773683
-0.1934846149206897 -4.485384905383352
-0.28216916750550525 -4.338418460268184
-0.3915295553423808 -4.354906742145952
-0.18226702811268095 -4.439716418158767
-0.16935314280311975 -4.3674184112735945
-0.2586214427268363 -4.398356236269061

-0.3306857015911576 -4.368313869157862
-0.138302013351364 -4.08426697924238
-0.133854343172101 -3.846893673396407
-0.1775534405483168 -4.14978841607197
-0.3543391934787776 -4.465707449917006
-0.3074635635205216 -4.3297798776336744
-0.27506096020389315 -4.173019108739737
-0.3091682474143264 -3.8505600352508713
-0.1824803799753077 -4.317508527941047
-0.2547906559929107 -4.152547277389617
-0.3735379417536479 -3.9694428555424444
-0.2347150740332848 -4.070029364476621
-0.19778850017349145 -4.209058271810452
-0.37123875607160944 -4.537718179005437
-0.2756630976705294 -4.569005370128931
-0.3649867021922143 -3.881893650188146
-0.19878675397717258 -4.1034873301233885
-0.3678692169831634 -4.310718596261335
-0.2600040543562877 -4.299711267303032
-0.3279283429896827 -4.170987663252037
-0.1367456474951595 -3.820982645087086
-0.16738994699605975 -4.101786186954081
-0.33177325508840694 -4.462629509737543
-0.30896838495357515 -4.181499924091241
-0.2041727644717734 -4.050052629053718
-0.2593085032814769 -4.4543277987464185
-0.3783296318192899 -4.273637251659824
-0.2776256898061245 -4.428209934770776
-0.256677802972103 -4.240800184690698
-0.19955293293198953 -4.1840707747707775
-0.18211532781074433 -4.206814891964503
-0.13416166265799356 -3.9083858635213127
-0.39932923311948304 -3.8657486669628316
-0.3438104914407791 -4.465880759621235
-0.11543420569834983 -3.9547159397286884
-0.37874427001399263 -4.005229537382306
-0.3890746975825571 -3.982089050880301
-0.28478198041982433 -4.0824500476867716
-0.12444153364705501 -4.308446499517163
-0.11944330144760079 -4.453479299437651
-0.16007520787993001 -4.441290104740708
-0.327643601939252 -4.107590917530552
-0.33892752787856834 -3.9277884923947695
-0.38919858598321433 -3.8995763479812227
-0.3816755115815131 -4.250172068489982
-0.14739647838644349 -4.25875673197663
-0.38361205119466957 -4.447434601270615
-0.11256979665883132 -4.539481293704833
-0.1292536838429419 -4.207880398955841
-0.38317826303847946 -4.197010799370571
-0.13590997681824785 -3.8806977777957794
-0.22296206711704608 -4.284524412197725
-0.26853482229489106 -3.904347489739921
-0.15902755276262967 -4.457053716366897
-0.11270267014056612 -4.536156923745872
-0.12698095384391384 -4.003147510815679
-0.33641276960209354 -4.505818072386309
-0.3897373373294018 -4.495670769728419
-0.24141807474575921 -4.197738413807361
-0.2792782877478753 -4.5418376746251345
-0.14781033513140224 -4.0691841225012695
-0.2699862238247101 -4.27531022853867
-0.39293617875542575 -3.8638907095369968
-0.31357741064686867 -4.208496848770772
-0.379347760710032 -4.027743446849452
-0.3899129395668804 -4.250882245916992
-0.10661646222033078 -4.254839182539417
-0.2246749399762314 -4.504127203021698
-0.36515306533699404 -3.958269241831772
-0.23286360911702275 -4.227175092030729
-0.1455840784107605 -4.541348013008515
-0.30987753554512504 -4.537437828647998
-0.374772328459344 -4.512861010336485
-0.2608949471297011 -4.330595171642419
-0.31696268465709837 -3.9992227286994515
-0.3375957037150312 -4.0842314815307414
-0.3120213292531258 -4.017478292578026
-0.3020948415134509 -4.399728072409982
-0.16503208250167173 -4.162543703599372
-0.15678149277121028 -3.886113100561256
-0.19119148589928536 -3.8409018778211474
-0.3912014567893777 -3.973867259339686
-0.13501475948067598 -4.23266990437393
-0.24727395457645537 -4.301298371296655
-0.30139175454533684 -4.388144545812709
-0.2563067219827766 -4.44596277431377
-0.38270412131834525 -3.8990949922362814
-0.2529950483386589 -4.254955582808648
-0.2159860713370875 -4.361328084950428
-0.2276023198878553 -4.30043536376405
-0.22916016822625518 -3.9805341306765163
-0.34126516634473386 -4.072413746136766
-0.13914123830498287 -4.510797499999659
-0.16997207932894554 -3.951663514103858
-0.38250917231419773 -3.813150477866264
-0.14158970513138325 -4.276027147727319
-0.108340272336994 -4.5182543480481705
-0.15937225509475084 -3.9748841321581674
-0.1058994800622668 -3.918636738334224
-0.20899268182987293 -4.2916340101552874

-0.36733197017376296 -4.539329097038162
-0.3507432875384268 -4.167221091228675
-0.34525677578396863 -4.470567020353279
-0.31706218330575064 -3.870318462805909
-0.187836173709118 -4.341306864721231
-0.20126738457837778 -3.8479182679401713
-0.30648391263293556 -4.074279988458915
-0.12936135349680766 -4.469528466364193
-0.35901956107536037 -4.232971401409422
-0.2907806229855981 -4.200938674481807
-0.34994224081712444 -4.442536854788371
-0.36435222862856426 -4.20827909114144
-0.3503376344151008 -4.168445767377283
-0.25283516524994304 -3.9609549346288344
-0.30202097118593463 -4.148794399057961
-0.3274689205022504 -3.87742354495047
-0.15005266968399858 -4.153780205731382
-0.11464295582488943 -3.8406122934785314
-0.3198979415347254 -4.389741174931215
-0.3621806249955256 -4.490956028417162
-0.13904988050035733 -4.111241724017478
-0.2972244028925715 -3.958624830406575
-0.11308529849335164 -4.213432520567976
-0.12045257120965808 -4.103204300634384
-0.29613349458391963 -4.463699025986317
-0.3004945932035296 -4.031925037814986
-0.12158625823947083 -3.9061923786802106
-0.12474495518910134 -3.994307656555941
-0.2573556398957189 -4.419419346181154
-0.3762838474708738 -4.255217461742305
-0.1242607458976 -4.149907411094305
-0.22144361778912236 -3.8269922787074453
-0.35798382532148354 -4.4852431205197
-0.3218133089723691 -4.084290265237274
-0.30277717930334785 -4.065742007277531
-0.3735528414536261 -4.4869154900268455
-0.2552965124702161 -4.45560483769625
-0.1864398202928072 -4.303679033878119
-0.2628812198537793 -3.909843331871851
-0.12829922521027953 -4.304239103776181
-0.11657583252831799 -3.9135956471257947
-0.30361909920789804 -4.538229236128793
-0.3139458539375327 -3.9176078633272446
-0.28895120670134333 -3.9077227461611335
-0.15476581487182284 -4.1766950271581855
-0.1431290817187552 -3.8339498610677674
-0.32500904863094726 -4.080180881104772
-0.3170167804424089 -3.846923605193282
-0.17264981026137138 -4.349924775328917
-0.3743576472244293 -3.932250085438049
-0.2614675321724786 -3.8435635810810154
-0.2861407100408082 -4.17472562380902
-0.3436858288387925 -3.9828259077761166
-0.2334086476589926 -4.281105982055995
-0.13969914874975714 -3.923505801721339
-0.388092619044964 -4.378869588419537
-0.1577791697243795 -4.12105449450649
-0.13084042601804652 -4.235218546706653
-0.34558550143569977 -4.316623232213167
-0.33865850060035374 -4.3731439079584495
-0.15870777050256957 -4.553678135047058
-0.30773779342995056 -4.409499174649318
-0.37156358976589426 -4.087541354236024
-0.12195002923558651 -4.330983892080809
-0.322429339488895 -4.462037576794788
-0.204351482458491 -4.482166236074379
-0.33576962138355076 -3.8878355231876665
-0.3940201207134057 -4.320436938200814
-0.1697408769849593 -4.010755171419512
-0.30139630689867003 -4.178143243405639
-0.18938224911384777 -4.42910636217391
-0.2448588251444355 -4.423383439513002
-0.30247384920420417 -3.872916208723608
-0.1893279494088542 -3.9448198606483746
-0.3000338951282931 -4.37268462447901
-0.10159659677901639 -3.8355496294802514
-0.17058226728742087 -4.505165846026232
-0.24706543063690603 -4.013429043251987
-0.34006626720489097 -4.574248036788845
-0.2839862177723954 -4.092222645997573
-0.21101396756155202 -4.0029537263387525
-0.3498963189695206 -4.436904835828839
-0.21758839022556975 -3.987659419087806
-0.37318342616519473 -4.52214396976069
-0.13381898971284623 -4.415125495644287
-0.3770895196854351 -3.9889656842225523
-0.2961132273643545 -3.8990336842003566
-0.20961813301815235 -3.84730154323277
-0.1699091056455105 -4.151751720163791
-0.15219639023609371 -4.392921310341439
-0.24428803027018237 -4.19730758608717
-0.1732540428143948 -4.242579515845305
-0.28056798706753466 -4.563566129030312
-0.26081138049319486 -3.8350923678402395
-0.3873139916390535 -4.557963378280044
-0.30940803924610144 -4.311655691319032
-0.15244211023109994 -4.457321615334388
-0.18203179605641684 -4.256143788533166
-0.20903033299682908 -3.8185645970620254
-0.21990846590776839 -4.278784694098007

-0.2210498173886767 -3.912638364514555
-0.29520411194222673 -3.981243627348284
-0.32995808804178195 -4.042739811216523
-0.23940170791593957 -3.9280721408053223
-0.2879577588656824 -3.908313663465721
-0.23625355512477725 -4.442963617876978
-0.37748885411331484 -4.251234903180037
-0.22840500140125192 -4.049455929828204
-0.32594658350266814 -3.830497361447656
-0.15286501352880952 -3.9408041905646156
-0.39973581682262765 -4.1036951928229675
-0.32592459804144847 -4.5505645235033985
-0.3837559917616234 -4.32422374804998
-0.3650764519046085 -3.9379798975137397
-0.21832855954208893 -4.089764858115417
-0.30227462952889433 -4.30009628430375
-0.34303212946067557 -4.438645350357302
-0.13530109340520524 -3.9211974001740737
-0.30358149618544494 -4.180354422648294
-0.2042536307752613 -4.109181838781373
-0.20737695660715824 -4.4098974107326825
-0.3399655200572933 -3.8594150509960636
-0.21454159498659015 -4.394520142259825
-0.10304629368818302 -4.4188026145247425
-0.3377661063166695 -3.909481829103552
-0.14528567218013527 -4.571093300337262
-0.15807019227022073 -4.484546175804178
-0.2619836023788221 -3.9838706765540444
-0.39496189280913185 -3.815688703093243
-0.12461848113722274 -4.164220585625746
-0.2922750353659214 -4.121433307592492
-0.13103556539808714 -3.835036043282077
-0.1975386121198154 -3.967398700388493
-0.20647038268998133 -4.457808003934126
-0.3818732667131511 -4.553568359748225
-0.37127914973330545 -4.460378596826438
-0.27669154594448936 -4.4209566728705925
-0.31524851811536175 -3.9777122689595656
-0.2557695963716432 -4.466709892849914
-0.3158828533531598 -4.070405013901086
-0.2935860404492078 -4.078921734771403
-0.3587962704882041 -3.937547903362448
-0.2742060691711652 -4.310094865134218
-0.3221798187302098 -3.868982140584395
-0.2620966718307449 -3.9023513757782844
-0.15296729708764903 -4.282194143603212
-0.3093881974501721 -3.8861008606349423
-0.18451749595107775 -4.413791166418012
-0.16486446075442837 -4.0377596714042525
-0.2574146248437462 -4.443150444029998
-0.10483830891315843 -3.9816801777223207
-0.1591765800543594 -4.50617969789459
-0.12725801944011722 -4.433744579641817
-0.12031002805896795 -4.495232227791131
-0.2811062883325124 -3.8840833877133907
-0.3838006659159987 -4.496774605183354
-0.3158702261050267 -4.17107301620646
-0.25524770626501836 -3.9630391978383934
-0.3301295148411293 -4.460953912596378
-0.12486007038101438 -4.160281908209107
-0.2950966219156782 -4.081075643376574
-0.1819456466046171 -3.845987688467245
-0.23150665877170803 -3.967392098528365
-0.22635101528210633 -4.54504630020137
-0.15044550627134204 -4.210507442797138
-0.383034454231476 -4.559287249362863
-0.34316847569455505 -4.17031857549452
-0.22971308239097135 -4.226544569416526
-0.36612115343149954 -4.307927538898448
-0.21982510744346292 -3.921356800721198
-0.30974207491801153 -4.0721072748535825
-0.37193915505653335 -4.225812339520044
-0.29296211072075945 -3.924717375433406
-0.3864739676187736 -4.219299841711768
-0.3769876468172602 -4.222610431120263
-0.30185998017695287 -4.51969033086719
-0.19584774160774523 -4.262799814878393
-0.3631952337217287 -4.075525313591426
-0.1536486269701364 -4.3796577476047105
-0.10276877965857584 -3.959814207751858
-0.3938415233459026 -4.281077853437487
-0.1611016477080226 -4.344079205014987
-0.36566080431723935 -4.022254278309154
-0.16372183915746258 -4.5450738489229305
-0.13138216446226847 -4.354050110959571
-0.35467037394515855 -4.22890892705654
-0.3889383672365706 -4.522144938799259
-0.16036882428505303 -4.089021706132664
-0.3335913674289625 -4.044572879467684
-0.29132391274106395 -4.105742192456417
-0.20640911787649344 -4.568286587152709
-0.15270827386396346 -4.16596001142563
-0.22504936894080607 -4.085551587216834
-0.129026933521233 -3.8473589709112086
-0.17162343787421594 -3.8314871763765543
-0.3930598210944652 -3.8579261246839627
-0.2928092686986773 -4.0255261164523635
-0.3053344785389289 -4.375990943382557
-0.3048832108376444 -4.005481306027082
-0.2640383244882186 -3.889308913725597

-0.26684419991962216 -4.261193988453948
-0.16276585244003833 -3.8853836318048565
-0.13395193442248482 -4.494884280823128
-0.2636707034734613 -3.851066582748539
-0.385809466537631 -4.174385223406595
-0.16999587697559437 -3.957792603020988
-0.34002539099410745 -4.1591503412669075
-0.38410299790054436 -4.099756371016657
-0.32091234121172024 -4.234120341587074
-0.1629412187133984 -3.851814732507904
-0.13676191136125082 -4.203473067149309
-0.39937528765181834 -4.338694024021761
-0.2404941595558874 -4.277612082315138
-0.11068642168711162 -4.170315647826456
-0.36428203659286185 -4.323943385760846
-0.2237204155865322 -3.9497812962864627
-0.1947111941711663 -4.434095487590683
-0.28479405486041554 -3.899053256917524
-0.32325463104551583 -4.490658646054972
-0.3279365702626924 -4.268174796562113
-0.27751634555042914 -4.041442493289802
-0.1910537680870092 -3.8982721686782194
-0.25004629363791886 -3.9553622305422245
-0.10618826917674878 -3.9114120761046403
-0.39812634674649067 -4.502110996842367
-0.1980679904266795 -4.30592230771442
-0.3461461647276292 -4.218427738787354
-0.2055843540729139 -4.362097381222609
-0.18832381708546506 -4.283595074136233
-0.13481534116411276 -3.9472801094660275
-0.30263896798509327 -3.966299066285821
-0.37791847355478086 -4.315255660117817
-0.10018791186101261 -3.996151080494502
-0.11933889748881799 -3.852961723625782
-0.169998762920894 -4.271915009603405
-0.394020913241868 -4.184905762226559
-0.2116884135641532 -4.501544934278506
-0.34725175742902403 -4.400830028612465
-0.3409868562523578 -4.414569848895121
-0.2658213249907923 -4.186172016373111
-0.12216046807749797 -4.213829830482501
-0.23146579371580986 -4.277405527186495
-0.39204631892868214 -4.2825711905691195
-0.28330512320954093 -3.9565408276806795
-0.28801419269397943 -3.8231734794250825
-0.20667315544213982 -4.393441589678816
-0.30304193098401994 -4.136981150964501
-0.2584940262816561 -4.097870176151499
-0.3165855295978699 -3.8426482662493724
-0.19172219620378017 -4.17424317609496
-0.24087206083834517 -4.2677750085126736
-0.3887240682373377 -4.114331987503293
-0.23350320968146626 -3.9078780996057856
-0.3039827879485773 -4.324564422960015
-0.25503888937599845 -4.394523163324566
-0.17245788198838488 -4.454775438803157
-0.1583081545755147 -4.082958334119405
-0.3593853129775429 -4.557423574029516
-0.25396082621903787 -4.437168725760728
-0.3658390434421971 -4.164874588233748
-0.18585988870533054 -4.0599547033506145
-0.31263664328227164 -4.102205693958157
-0.22934357669259844 -4.460546257515131
-0.36513103870775565 -3.824199923008196
-0.22885729634870777 -4.4503407215647055
-0.14539970887846465 -4.537756101459427
-0.32718597559990786 -3.9187793711347347
-0.36805557235934894 -4.380495867415046
-0.1507994418242884 -4.4414581857548745
-0.3960570526330435 -3.8938116700134127
-0.32034228122135444 -4.5704898333185575
-0.21770187136486785 -4.200435554292155
-0.1122048183537045 -4.165887220181429
-0.32665053562639257 -4.302683720223878
-0.10220083666701901 -3.8182288250405363
-0.2375768462222175 -4.072733851913095
-0.25784724166653095 -4.458174415565425
-0.35532829488812806 -4.4862245239608765
-0.38847373580292005 -4.223128746163942
-0.338622138359539 -4.10010855484979
-0.14950827860480131 -4.059825435613546
-0.22385163498463512 -3.8988291251225546
-0.3267411230088014 -4.397295739689482
-0.35569883742518443 -4.136957044876729
-0.10076691295561052 -4.546960152001307
-0.1707303505027831 -4.559741534261464
-0.3361893933091245 -4.574775527769609
-0.23424180604200662 -3.975136557287783
-0.3502034322683374 -4.080203793789016
-0.2881336130810287 -3.948865435465099
-0.29626627143865303 -4.026788974631355
-0.2740242142364683 -4.112360305533917
-0.23263791575334647 -4.192160429590192
-0.21950345257539025 -4.313828731730028
-0.164571799245971 -4.448811553294599
-0.17229337705774184 -4.277247229070096
-0.22654416229829644 -4.166295409911342
-0.2887520912443558 -3.884075810281585
-0.18833421475310874 -4.423442927295948
-0.19312755122848985 -3.998364742567889

-0.26595373474437195 -4.197368810982609
-0.23328379804864094 -4.292030267585429
-0.13734664299169935 -4.572283241639298
-0.2816865639781218 -3.9804640760627503
-0.13117424789164456 -4.427877062754121
-0.33967264261131125 -4.455123761876563
-0.1790540013039819 -4.284995725379895
-0.3296780806437619 -4.363505923735167
-0.27780520317388324 -4.532340628597361
-0.11102852711142513 -4.244477096881127
-0.20763727425989956 -4.275552367291031
-0.33074359108614815 -4.052047806559833
-0.2920436363275329 -4.018812905058431
-0.12397458976705583 -4.221612934481763
-0.20401412953226528 -3.9338802248019418
-0.150618695702299 -4.468443880566137
-0.35781995905188274 -3.834018405920972
-0.150561677961046 -4.244801478051544
-0.3384410394465385 -4.3362960861381925
-0.23340820481553365 -4.434619554442847
-0.10679924301447791 -4.1549792211816765
-0.2207382121033122 -4.317590258516385
-0.24004569973028825 -3.841367269736208
-0.3893436133335715 -3.981598569548289
-0.21813233795343698 -4.3941227156692975
-0.35206089869172846 -4.352600725760517
-0.34975492594001345 -3.966354091385882
-0.19709770572315066 -4.539515838181653
-0.1259329549522029 -4.578307340531686
-0.23274935315608017 -4.03395067586447
-0.2554205999495558 -4.360289539648159
-0.3965778667783149 -4.384496885678154
-0.3105712944292351 -4.199452880281213
-0.16082666930175302 -4.511375515025829
-0.10169747991468292 -4.205563452346427
-0.2636201807234352 -4.151782232089083
-0.17379784345184557 -4.547443023133465
-0.20791034880374423 -4.1732433099048425
-0.12296085087045022 -3.839843123751732
-0.2553859456417885 -4.102193067971358
-0.23758114978208839 -3.99842381780133
-0.1775160044177312 -3.9532406886267633
-0.12608554366128227 -3.9034419533611087
-0.3433915234849214 -4.494609777545646
-0.3643803922586709 -4.288964523173143
-0.1463684685014192 -4.4390639059080765
-0.2672638930480131 -4.493303513818087
-0.38902060061344423 -4.031282325520814
-0.13949361857167714 -4.159137919050685
-0.3481210109349836 -3.9796801965781823
-0.1259832595888612 -4.301918743055431
-0.2697828945323817 -4.095367326220391
-0.12549766041961735 -4.313704863482834
-0.19949817860612787 -4.19678310932371
-0.2828617396730268 -4.161763859883537
-0.35816920809617553 -3.8651916010893705
-0.1358551457505826 -4.385079099101112
-0.16265022887136887 -3.8255343356475904
-0.19834034027709885 -4.454489633850577
-0.35647498058677807 -3.9346867104126124
-0.25663721833779773 -4.526934361578232
-0.2829151750837573 -4.393732438634587
-0.2797652094474986 -4.0950641155321446
-0.3940729868377423 -4.192736583512091
-0.20748628944262296 -4.542671394152412
-0.34132697070749507 -4.3941383636484135
-0.1264711145662556 -3.880357609816428
-0.13843491006399272 -4.518778011896371
-0.24687297633609345 -4.400704333901451
-0.21649005337408792 -4.186763374422115
-0.3301646760888971 -3.86496690763213
-0.37781046166397003 -4.102638855534941
-0.20432235883133668 -4.434789583857204
-0.3172558316891067 -4.273441339757513
-0.24149576401143474 -4.525735159688797
-0.11914020466498931 -4.5412836782243655
-0.12067105142753864 -4.575814527746532
-0.38316685161623076 -4.574775083663141
-0.11677117740081078 -4.336587941722993
-0.11920701132273076 -4.150374889561288
-0.33941277468587133 -4.3286176898050375
-0.16829600774069323 -4.415012555624151
-0.29019745198461694 -4.299434717780685
-0.25337578054156396 -3.877511709234616
-0.12295406450437563 -4.454893048159269
-0.3594693301037821 -4.2897526941114625
-0.26422466901711017 -4.3425486695600695
-0.34795197060218847 -4.017552574204664
-0.35211972159463023 -4.3683666806059005
-0.3513510369728938 -4.0436829690373495
-0.2587124998406424 -4.384506597286491
-0.3321813539101738 -4.52466696648458
-0.1984543770854525 -4.34867744624737
-0.12142790010262178 -4.450880726898436
-0.19881350098352016 -4.447461730617356
-0.26053303491335333 -3.9576943257246766
-0.22757282550839938 -3.948725980189386
-0.10802022595494748 -4.129326923230398
-0.19811499993305376 -4.339311283426378
-0.33371053968452813 -4.011110976127047

-0.1419695848774365 -4.03682885050897
-0.28397193225741946 -4.511387465143123
-0.3570733618297148 -3.9491294500896497
-0.22318125210544965 -4.354728848266815
-0.36419592893206915 -4.4050182507855675
-0.3575059207501778 -4.1931294487099375
-0.25165083995342374 -3.8276576710395442
-0.10584049964508863 -3.8139779631922917
-0.3071653133865658 -4.092920854959089
-0.1737913864044137 -4.152484077537706
-0.24453311936225897 -4.206113303047683
-0.3035563504338036 -4.496460462326403
-0.39697117724931313 -4.401204737717385
-0.1927772616183168 -4.236075459698307
-0.35336045362674745 -4.108655920512533
-0.39362345150712486 -4.516459644933818
-0.13254904774581788 -4.4614556430578505
-0.3813722608616666 -4.019614885419452
-0.11627075469847148 -4.568756265244974
-0.3520594012576852 -4.351716311435212
-0.1487181586894153 -3.9193813851950043
-0.18632926444502654 -4.13958649517094
-0.27822336672096337 -4.381917015461647
-0.22540251449139262 -4.140275056868038
-0.3898691707109991 -4.383236890222149
-0.37715762269697756 -4.269406914086721
-0.32478151798708277 -4.466861939231521
-0.167459494800894 -3.85482156501989
-0.21243850455804067 -4.391454831522916
-0.3679953833289785 -4.292702433697437
-0.3010666514835669 -4.270185638600076
-0.17690831295550413 -4.454818745074859
-0.30191867931892036 -4.325947141737513
-0.30908911118259613 -4.028050229917459
-0.22176445288373497 -4.206416505796132
-0.29359792845371685 -4.563539901425716
-0.1696168522056996 -3.9750095702173636
-0.29522321815617053 -4.08745402716079
-0.2029872588841463 -4.027759605248948
-0.11413667918425657 -4.4887853193966
-0.2761524599103342 -4.361543427664017
-0.23294625467649832 -4.552003858523011
-0.25289848061394915 -4.32494191091094
-0.2802782602821294 -4.515908175252528
-0.3153810069197005 -4.097309147019184
-0.3615572588833996 -4.296682043069724
-0.38612545355669514 -3.8456760346487115
-0.2122813281851538 -3.9287361257228026
-0.34659727548824193 -3.813069770360477
-0.29374016872987985 -4.449818659407519
-0.11614979087401078 -3.948485709303933
-0.3934049076980629 -4.489919120693105
-0.21661675160100888 -4.453723308926488
-0.3813016073926647 -4.266139636258795
-0.3271398610590637 -4.5787572408119095
-0.3239496480376121 -4.213079622059303
-0.3804857351000991 -4.5330684748830965
-0.3837525256761153 -4.008128630209097
-0.32976639232951477 -3.883121259105545
-0.3704176851190655 -4.116803243951983
-0.10518267169746914 -4.028553941791212
-0.11127506483370625 -4.278103260789653
-0.3591965408446613 -4.387822257468217
-0.13151258096238166 -3.8944303207197737
-0.1962245305033055 -4.01966757771374
-0.20925205353165102 -4.527471778188615
-0.23440635473004512 -4.287772218976028
-0.3875938695953835 -4.234409357396012
-0.32747792383349783 -3.958136364487191
-0.19333668129616605 -4.286399248771229
-0.31070441545957816 -4.3668774035691085
-0.27410138270038886 -4.001489184790551
-0.304561084009553 -4.382795045372959
-0.38039893859166696 -4.099082483437139
-0.36994749156175466 -4.551976145089545
-0.18257775252400485 -3.9319458636495273
-0.20466493404576502 -4.384085396597712
-0.2638641865072837 -4.044424276646665
-0.20040095847845005 -4.26755476544837
-0.18641640808229173 -3.9652405290328785
-0.21101115877124 -3.929289466632746
-0.13568527633397937 -4.407256329895778
-0.3222542156469396 -4.17136426882425
-0.1978241433842503 -3.8922345503231996
-0.3638422907405637 -4.188881159197032
-0.3860217917836108 -4.24169970516477
-0.12582179889482192 -4.435959516162352
-0.26938404988866493 -4.379209288223632
-0.2803540336221579 -4.536439600645474
-0.14220341522182556 -4.578133914001729
-0.18182745171234818 -3.8926081634133913
-0.375248188536507 -4.541791693588675
-0.39184056992624566 -3.8672039348052154
-0.3703003060358508 -4.126850494195134
-0.10741664770299203 -4.147709131869773
-0.22432227784882638 -3.934615023229825
-0.11475420414623988 -4.266797959392287
-0.2046551377271772 -4.447236415241394
-0.3596453375244213 -3.8541907185015205
-0.32770206608264674 -4.136475652227993

-0.2914623665054035 -4.382793746925379
-0.31136910656025724 -4.260801573027075
-0.21998201272950463 -4.244010551798393
-0.11268727264596201 -4.496106022471297
-0.3307846427211927 -4.024131008422996
-0.20840685490153107 -4.530994454275853
-0.3152650001585967 -4.446136380753126
-0.1783185681944755 -3.8521372834391956
-0.20231381248391994 -4.409056032518273
-0.1413228776797648 -4.269220061966165
-0.24597058289127133 -4.040105052957433
-0.22201701449974579 -4.2037393483092105
-0.3017291139019196 -4.233927655981746
-0.3429531531661484 -4.140685032235598
-0.19445968689571524 -3.9418416339121127
-0.19347526274273238 -3.9400220134017983
-0.16045163652923336 -4.095011560203592
-0.11091770671260937 -4.430630720602156
-0.21125108699479303 -4.011803483466145
-0.11165295983583556 -4.329931419363709
-0.19006452473485191 -3.830489017932329
-0.1524597874315451 -4.555359229666369
-0.13664072791936954 -3.9376110336467613
-0.1940044325043445 -4.447394323885227
-0.22995966864323233 -4.07426536895425
-0.2559120570077258 -4.158671747353488
-0.2503989363488563 -4.21128177117618
-0.396818616822549 -3.916987844075108
-0.20479011456511406 -4.48536374921887
-0.3158232838397413 -4.05582345324441
-0.1569314969471974 -4.11183713856224
-0.3576661387169391 -4.480011095901732
-0.16067870146518254 -3.934393135735834
-0.36731731494353537 -4.259085283856167
-0.24766084946616126 -4.257572173615342
-0.14308793609228954 -4.264656995259132
-0.18085846532840258 -4.3214240472132825
-0.18329944867389614 -4.14683495261035
-0.14571223978845854 -4.213607002937109
-0.3697871380190068 -4.34656792158192
-0.11369322578788243 -4.529574235726366
-0.16302057832520023 -4.09365651194992
-0.26791338316949853 -4.149580533495053
-0.21248129652849665 -4.044396804174748
-0.1086392939597639 -4.192514495036179
-0.3386810146879055 -4.0665632235506886
-0.33835205610421887 -3.9207987760099083
-0.20756775559927235 -4.443500741401936
-0.13576974537549646 -4.079601785343879
-0.12683068357812738 -4.381755971535104
-0.23116134380861295 -3.8304252702427624
-0.2819349007942574 -4.387752333053966
-0.2673816565666506 -4.01537407242919
-0.19639378197842047 -3.828341355010375
-0.20182427801510003 -3.981363796814328
-0.3052004668583058 -4.01423810604633
-0.20375633791672063 -4.516495039875197
-0.12859804192127977 -4.5191016024193615
-0.2916687934587593 -4.203749507848814
-0.3684894603695727 -3.918524382505108
-0.3058360977469419 -3.873010041468379
-0.392341017218028 -3.94658241757507
-0.3144391115789567 -4.083447423206903
-0.32171462129469913 -4.499710940312099
-0.39812665172241846 -4.365428094948414
-0.26637992599202986 -3.905188508699249
-0.2580393469125186 -4.1869560108376325
-0.2954771143376105 -3.852595111556399
-0.11007402469786542 -4.266131579909136
-0.18582904245488358 -4.134291026659309
-0.37486625417976205 -4.486667512032899
-0.3043379219906774 -3.994855887781952
-0.28530901438370837 -4.520723778914986
-0.11822566098689485 -4.226573891390718
-0.22431764923092054 -4.141494110115406
-0.13538679413139532 -4.108693137057202
-0.24611568418330076 -4.00958796452931
-0.29984934696697985 -4.171820012318213
-0.13296091905600166 -3.8358456183736513
-0.32639884337653596 -4.042742288503993
-0.3922338172243648 -4.2205850774909495
-0.31830711153116187 -4.212802864772756
-0.15863619636944304 -4.57654653829569
-0.17500627324678197 -4.564113129337182
-0.3133290364386863 -4.212818174887374
-0.35080013515178066 -4.130354664645683
-0.22489599593550402 -3.825913642644151
-0.15655408926799635 -4.307909172625488
-0.20287983783090077 -4.567372013746323
-0.3532345245375937 -3.8976526864157224
-0.3334979164259106 -3.819359053049329
-0.17822666372433657 -3.921319998757671
-0.12397610720703206 -4.185737219202139
-0.21908683571300006 -4.12770484645728
-0.3346366543223746 -4.388843654743364
-0.3557309166875095 -3.900569746691182
-0.39517718611057495 -3.9978285718358646
-0.11416872759551344 -4.417333606254982
-0.3781960885211973 -4.1177488253387
-0.3167097740592882 -4.423980488935869

-0.11788629555609131 -4.102859441295847
-0.30644087989930463 -4.438482650810343
-0.3348804240708535 -4.195478842099918
-0.28199292978106116 -3.871363780664738
-0.21592084147769444 -4.3623768061193555
-0.13134087156558005 -4.201564280619499
-0.17588413945321918 -4.011670679203658
-0.2811270762088674 -4.372707088045483
-0.1643119441869061 -3.992204466642699
-0.20938016832103495 -3.972300294924661
-0.2562900977209804 -4.541997688903975
-0.23841924911831047 -4.278385283341975
-0.20265774999885255 -4.022608981621923
-0.3218017041516374 -4.575933663852497
-0.13494659168555434 -4.202561502499338
-0.29222248652881566 -4.398216363412016
-0.2905516427759492 -3.896634099432778
-0.23919602479964752 -4.15564483839079
-0.11937979724810704 -3.8623343223865136
-0.3522449536822623 -4.199078148334881
-0.10432051919396917 -4.244239442988891
-0.12111317909525088 -4.573357199912488
-0.3204859230801886 -4.4767940162366155
-0.1866636540435723 -3.867390537234729
-0.1631946330321883 -4.414255824381373
-0.18870083110006763 -4.5370152195654825
-0.2503445242164766 -4.488361285870431
-0.36324937343102237 -3.9281734503676695
-0.21799355983767316 -4.148305829671693
-0.2695190104877394 -4.395610177684577
-0.24561533702950802 -4.572917652070677
-0.3254619823565404 -3.8645105400292206
-0.31839143327175656 -3.9723214205889836
-0.3913628091221642 -3.8884397024735264
-0.15571551892423383 -4.122526261591325
-0.10303213359705649 -4.084638769600985
-0.12326937116503034 -3.8348378937748677
-0.28827311833912256 -4.34485857423156
-0.17788779323849904 -4.1009790025789705
-0.24728583199862034 -4.531205036100359
-0.21954533466306295 -3.8886655900024336
-0.2118896325899229 -4.16059619430531
-0.17174330048150482 -4.333114114989278
-0.25183949535270367 -4.547510693775499
-0.24649776736163223 -3.9779249801180545
-0.3869805876157663 -4.096042355880321
-0.22567682661400965 -4.222455293792045
-0.17944654387520678 -4.499350065335939
-0.3353043489714999 -4.245693863333308
-0.27224570457549335 -4.258121223305841
-0.10883142986672245 -4.303663567130112
-0.15879415199396232 -3.9463798463458466
-0.28649841348627947 -4.261375741765307
-0.22818148769056756 -4.153369806855515
-0.2786992838164098 -4.534147272908681
-0.333473739333991 -4.213933315147624
-0.10335786854536927 -3.964835515837179
-0.3159111815068284 -3.8670262217489353
-0.26787037093941685 -4.158807374200193
-0.215449322504003 -3.826766820128855
-0.24648760342663661 -4.4893939024755545
-0.23382537988572177 -3.820109015716309
-0.2910827908256279 -3.852416094148211
-0.1906447724471511 -4.532526317052964
-0.33185203900440113 -4.317004952986458
-0.16244511982666704 -4.334822294429742
-0.3655004720362372 -4.282123056628874
-0.22397337532618655 -4.225322686743645
-0.13863992333855096 -4.2966767559615135
-0.2984140115435185 -4.499363871059003
-0.28733772557860243 -4.372023544640849
-0.23078440506255452 -4.386165065780273
-0.3956957673381545 -4.254280272274422
-0.3841645727310889 -4.530436100586601
-0.32228053266518714 -4.226470234539647
-0.12281292624179968 -4.127220127927705
-0.21595305036014048 -4.293188911673649
-0.396079058999999 -4.212023163084215
-0.13543205147262904 -4.279712362703205
-0.2463031719247752 -3.8621899178925383
-0.24083904104588047 -4.290063949050904
-0.3422334520469945 -3.8730695219074374
-0.2171366939740674 -4.1576006885054255
-0.29917085398700916 -4.48402279982286
-0.3031043027309607 -4.017579913600811
-0.2826840306118903 -4.2420800227563324
-0.36425006395296844 -4.082943557684509
-0.3359219824242916 -4.000299742476225
-0.1841669518481342 -4.453217662709409
-0.2548573192234124 -4.292569374088033
-0.1461028141068661 -3.9647096033287843
-0.1668377979750519 -4.560887370638008
-0.3177574177281812 -3.976605606956494
-0.13088204094273798 -4.279209911296586
-0.2171105966105687 -4.265517802791026
-0.2751834063679885 -4.542067192085498
-0.14296073353100902 -3.863846227636649
-0.15879651696252417 -3.84367541159535
-0.13236918299286377 -3.9771399238072185
-0.14793558634157777 -3.968559197980291

-0.2906518469709878 -4.580009797735071
-0.13339349257905747 -3.989893757334043
-0.19253501150768623 -4.528364104362229
-0.21062336785861535 -3.9288646676278796
-0.24077656504500888 -4.183053846347941
-0.16576095354279585 -4.350576600316584
-0.19295777801330422 -4.327021317023647
-0.16950163225697018 -4.282206937508093
-0.20601088186700434 -4.0982615852133115
-0.38111681763982946 -3.9868338860494843
-0.12404120811294539 -4.0469137839693765
-0.28943045172964993 -4.1386776844727855
-0.16339535149345147 -4.576141979424134
-0.3087682677789088 -4.494241999639226
-0.24480059590221567 -3.9380255573959566
-0.3347889711943171 -4.273733097159187
-0.28852443175961245 -4.323266252496884
-0.13712997706555163 -4.393903603890134
-0.3718336381059696 -4.044276088160365
-0.17734050923757727 -4.001106902379439
-0.23840753325657543 -4.337043363167577
-0.37523929353532287 -3.8559601085330026
-0.256902273885238 -4.286240398206931
-0.14295798040439367 -3.867003305171162
-0.23083819212426268 -4.045765030982
-0.22603014213916686 -4.494734242572164
-0.37503712254930094 -4.429478438390758
-0.24369541390597385 -4.007988642077674
-0.26377977386055984 -4.049341613290628
-0.338895072452114 -4.078031755447185
-0.3136276182942882 -4.286708723785469
-0.17430680854494923 -4.4664757379203
-0.17859501294141011 -4.138700609276626
-0.24947615674312362 -4.0103023686857275
-0.1311542133647443 -4.572235062443575
-0.14503675389619436 -4.076467710083846
-0.30272850014677394 -4.0720028487257265
-0.12240821086495896 -4.305802750599121
-0.38288943929296426 -3.906136366157353
-0.10738359587569701 -4.061718812034442
-0.1962107778916601 -3.9362103986414962
-0.15334413816828948 -4.0726000059652625
-0.35780940161626984 -4.300227325112501
-0.1169407910315945 -4.24830553034943
-0.275622267775205 -4.056581420505885
-0.224407460864951 -4.462299422709055
-0.12314259521847093 -3.8122314906823656
-0.11673642305815041 -4.349548139764177
-0.37778675668499273 -4.0911856541364555
-0.15016682949955976 -4.362715549822507
-0.2561968013640966 -4.514698494041104
-0.34118594382103795 -4.402990891889956
-0.3180342222655053 -3.976748472879734
-0.13126749727168946 -4.0910265703860365
-0.12510821558346868 -4.438018406468732
-0.3429936496222071 -4.01504402187939
-0.26550838811009336 -4.264702765350188
-0.11644543157780651 -4.2460098796727825
-0.23459943232226185 -3.8659079978547988
-0.3533428111342218 -4.176794016273816
-0.39127543368053247 -4.448334265708773
-0.27109722754803767 -4.3117901997925765
-0.1707433476964146 -4.068285980386515
-0.3572548046696618 -4.168525797565994
-0.3239652075164392 -3.9499238883551566
-0.3241433130837018 -4.045764062477324
-0.15054081306494232 -3.935874805138565
-0.17809387204899754 -3.899290781643303
-0.20022674299077287 -4.225527635905242
-0.18584562117709197 -4.2949266661925005
-0.37676949230199464 -4.5194435026905015
-0.1355076563407671 -3.8430046493060193
-0.18118833504499948 -4.489527639096858
-0.14649952762312157 -4.323950011616647
-0.2056345907751744 -4.5008685640461765
-0.16678798823547883 -4.254711614564173
-0.3785201089132297 -4.4177420543343855
-0.3918835591391011 -4.533976973887259
-0.10745978664550143 -4.396398836006782
-0.10868223461902676 -4.026747581809571
-0.15999217992515297 -4.234508176906161
-0.11955682948556867 -3.904149942368971
-0.28978027178694665 -4.088439789107845
-0.1068820486027885 -4.166140671674288
-0.32954345501460086 -4.425899357214778
-0.22105163666318697 -4.431934037666291
-0.3930407919478611 -4.512665561190467
-0.20328017367855222 -3.9004435149267773
-0.1600972201454175 -3.955294665758108
-0.3227420732557563 -4.539834393568465
-0.3346252740151926 -4.08970624392726
-0.21164102103092272 -4.572093627962025
-0.34076460749263265 -4.401095345822583
-0.15599970609273542 -4.071899926257881
-0.3109535519276289 -4.563976921646539
-0.17364207113748198 -3.894560182657578
-0.16187180082340458 -4.560950828195322
-0.2729277954412871 -4.565756908344035
-0.24159383862056558 -4.15693821325707
-0.17114959108161315 -4.213272295985136

-0.21876411114918312 -3.90894002732799
-0.33014606138985797 -3.871556830395616
-0.12648763619391873 -3.9013340591919126
-0.37366879304213363 -3.948517742671165
-0.18793710908683878 -3.8144019920467085
-0.35435709999879905 -4.503757374004002
-0.3014304564034772 -3.8451768859627284
-0.19053769561674996 -3.9400283942621206
-0.2936952635724364 -4.52877850884259
-0.15604865610820207 -4.245186614343727
-0.1422017749025698 -3.8474929576243637
-0.16115881135660015 -3.8232771347357204
-0.24542081040583943 -4.564257388164798
-0.38867244153859143 -4.155300607028736
-0.10527917946380833 -4.319724458050027
-0.3996759152710844 -3.92410692286633
-0.37589675038594783 -4.4527317058588105
-0.3157079588503812 -3.8683539575293455
-0.37114757488308203 -4.248584948507937
-0.3307050675131405 -4.523524277523582
-0.31993004435500827 -3.9733354551824016
-0.1523713273721646 -3.8173795362391294
-0.34278439167652763 -4.1450053621005525
-0.2969877455199779 -4.31401433423725
-0.291193604365473 -4.40611694864757
-0.18235931723172338 -4.274480038778041
-0.24236105216180445 -4.020504887685826
-0.3810261249341621 -4.548839895245906
-0.11997576138629157 -4.3745539905002016
-0.34628401510264145 -3.85458006949965
-0.3579960852481625 -4.415163766373031
-0.1394460896261494 -4.481994223622267
-0.34377251847343016 -4.263631943274109
-0.2876126617748054 -4.282823829920935
-0.26835076519224205 -4.543452698362127
-0.27600079162990815 -4.4538525903376955
-0.2274841366323171 -4.296361328805426
-0.23087603354753772 -3.857305395159598
-0.10511452918420511 -4.410845053407365
-0.3186774585353157 -4.292727798348264
-0.15491735537979634 -4.355392542714489
-0.22003351923754955 -3.87102955531608
-0.36421518654664004 -3.8189166660274334
-0.20997420044075468 -3.9448187512667605
-0.36258223215885055 -4.193261152254798
-0.3401360634893147 -4.005288488334308
-0.287200414406281 -4.292738044329569
-0.1209965434190971 -3.968435814550114
-0.2285014300642473 -4.160181488750086
-0.32478512136083654 -3.889502240550261
-0.34351534573821946 -3.954686344872661
-0.22143114932257305 -4.27917057274621
-0.29599059599101585 -4.4280546124611195
-0.22753419811255426 -4.119598680248002
-0.397337262824663 -3.9263290572903458
-0.16702081472147529 -4.353880979778785
-0.28316381004222746 -4.1242713521646195
-0.15634543025204128 -4.397796529954055
-0.3558905851151199 -4.4136446340256885
-0.16307625500600922 -4.480985561063434
-0.14425110915189593 -4.497194296496122
-0.19225121796137723 -4.150010587330111
-0.21985215878571857 -3.8641695012597146
-0.2845485999560328 -4.038119948470241
-0.3019738591571217 -4.328456329201595
-0.186029667970951 -4.5504513427009385
-0.3031631429979988 -4.429414061750023
-0.22330664698009567 -4.01350231039124
-0.24473967246177342 -4.074434840129301
-0.35353954764220363 -4.349454380016087
-0.285563796868332 -4.512160120027102
-0.2563790539956974 -3.9639069627793027
-0.30664692846510555 -4.541855091611409
-0.10589372437704986 -4.066343305650738
-0.30591339215955093 -4.526696713103852
-0.19945488289764882 -4.064791799443873
-0.39566955544383586 -3.8480071395418993
-0.1882252742031238 -4.060017043245535
-0.30360040196553717 -3.8755212530575003
-0.23099709938903923 -4.563474935125885
-0.3238250971152576 -4.515193401134771
-0.3592971653116662 -4.350605408461328
-0.11863837985871784 -4.141492163347876
-0.142247843359882 -4.169309357121991
-0.12800192827160717 -4.1301357087900445
-0.34801658928586326 -4.3280178008905565
-0.20024812166312148 -4.044233354102695
-0.32228492320656243 -3.8671634944077096
-0.22275777440245986 -4.458501053604456
-0.21462861371590572 -4.361989364305529
-0.18505361958529543 -4.447237218690974
-0.26671821997324585 -4.454647378190284
-0.35066902392540855 -4.36244901225656
-0.30166661847251697 -4.557791207471614
-0.22155513710608205 -3.845845862745903
-0.29444561675365355 -4.011958059186633
-0.16768060838289472 -4.375402476638576
-0.17522758255330748 -4.114762388081745
-0.3037095324175403 -4.471073761480162
-0.17414160244393345 -3.957459583078095

-0.16673253948684413 -4.443619039322134
-0.2896725028850156 -4.234469058329525
-0.15657093639006753 -4.004343102156292
-0.30513767537873604 -4.112540443261858
-0.13036927850877106 -4.545487309849557
-0.2527568251513097 -3.9304126315780223
-0.33079491343661127 -4.119564237739801
-0.33004752063995535 -4.203681518439112
-0.11169659611398153 -3.843199717719968
-0.149889557027803 -3.8378079709467277
-0.19342234432624456 -4.190674354844988
-0.3166951008014366 -4.344158889860949
-0.18618395498492135 -4.008320389914359
-0.24391775822431802 -4.191847559644855
-0.3411458060822764 -4.487240286930418
-0.2773811410452825 -4.155146784667077
-0.3279759932840772 -4.576344113788597
-0.16612976185695943 -3.9162497376424352
-0.10407724227083687 -4.212421443977091
-0.22449176374670343 -4.47716184956901
-0.11663171937970446 -4.14338976786105
-0.14316796885425398 -4.49348577876116
-0.14352829550093188 -4.010511195494152
-0.1474769626259172 -4.242269491594987
-0.3779873107075354 -4.5638700233638785
-0.12704957979220788 -4.012847276613981
-0.3651583583845266 -3.891141570438466
-0.12480906541101755 -4.452619426814139
-0.20506139052297878 -4.481874538435099
-0.1777560887507067 -4.302503292098698
-0.35093758301329725 -4.352125069469741
-0.13974056493339743 -4.153282979618811
-0.28664467258129445 -3.9484928655091007
-0.1412740614061596 -4.578236903728468
-0.2753517301293068 -4.318909232218394
-0.38290981927541623 -4.530850374455564
-0.1755054417301299 -4.264039418718403
-0.2641067530249349 -4.387391931200295
-0.27598470123834135 -4.099816957521474
-0.10065654852237582 -4.294372089539579
-0.39585687848016593 -3.995037822758313
-0.15421671380826052 -3.9216650123453314
-0.33367016640706626 -4.3152820659593365
-0.2008523393908985 -4.20348645581064
-0.20669669705232838 -3.826460402309091
-0.15990038813553303 -4.514011487729619
-0.3119345330858765 -4.028566063464217
-0.2965193668613135 -4.477839740171182
-0.3367321215556923 -4.501027391760575
-0.10053190551675201 -4.078044092565313
-0.12828150707560015 -4.282458047186605
-0.10019409905152554 -3.9320029165090182
-0.3342023591742521 -4.231417710623261
-0.1408543457378459 -4.566090530718498
-0.39207238661680066 -4.027501758891677
-0.12133731144895271 -4.457730547320888
-0.2371645340518934 -4.5361687354441536
-0.2865475844801295 -4.089625138596776
-0.34581140747346306 -4.481423874854586
-0.2348922453795487 -4.169240310914493
-0.34342058366817413 -4.098348346160883
-0.2171185704196564 -4.025383362603215
-0.2584804946079605 -4.040452047796728
-0.2513198493708061 -4.339959261786777
-0.3986096130695222 -4.388013205946014
-0.3186272029993275 -4.1893972410759615
-0.2983457837343498 -4.4959665567768825
-0.3351343534072422 -4.368833048213212
-0.2649790250570512 -3.893285479851745
-0.19517283804489896 -4.457721673309233
-0.3817395557416562 -4.057958188283923
-0.17640627698157887 -4.050447505540404
-0.2717190638210638 -4.148519544672823
-0.3012020923309811 -4.442487484182372
-0.3057888192526769 -3.875345914672799
-0.14046585507539766 -3.8686572649889053
-0.3919337541270465 -3.9705297064501357
-0.3502708417313799 -3.953897935469274
-0.19404712237302976 -4.0451868102592945
-0.2586705201396783 -4.014665807539362
-0.18809139977751738 -4.226536031434742
-0.3453146704363433 -3.896122580503644
-0.22498317782686947 -4.201807004366405
-0.27634345872031124 -3.9489631661844986
-0.19864318500352351 -4.208002158555324
-0.3918993094697354 -4.075363911429822
-0.30826944558282743 -4.311342102083204
-0.32145060515943924 -4.113901182144044
-0.23544074040629176 -4.38440117731625
-0.14753222400020616 -4.115444025156897
-0.20416862925108922 -4.563602273580778
-0.24955520369621878 -4.262371503386589
-0.1381807592531517 -3.9920646966825366
-0.2624251299885757 -4.24676311453626
-0.13913325729772125 -4.553714792781384
-0.34041014740677245 -4.097063033101048
-0.12150344659348683 -4.107175471377167
-0.10922795806189833 -3.8523004462267023
-0.107345590842508 -4.423605167860781
-0.10871742686096847 -4.072831940429615


0.15736091728327178 1.9893544089644313
0.24769557599559744 2.21454426369331
0.19332355976726737 2.434695343460032
0.1115070436830512 2.347964478318597
0.08257128621524894 1.722241564252946
0.10616935036054788 2.3185701952428044
0.12027703852302592 1.951294131598207
0.1877420069456026 1.815616266628879
0.24976826881768815 1.6678751225471755
0.12382957952399917 1.5950620853645439
0.15472255558311093 1.7250985645967116
0.16983152329957957 1.7023972991382672
0.07516778984394763 1.7200634944901716
0.11079659247818549 1.5733153091428602
0.20262824772179533 2.13879111811439
0.09913896950189242 2.121571936786586
0.12085063858089154 1.758844379238953
0.12504256248239176 2.457302413471531
0.07743776685888937 2.17320074158066
0.24489505131950418 2.2308821294368637
0.1972689403921336 1.870059011782022
0.13004609668988298 1.744116343132787
0.239857381215541 1.5099551277299983
0.24548285306459855 1.8924579491698972
0.20436553586401407 1.6257652431917258
0.12001063355795316 1.9758889831598752
0.10563206032321301 1.772940458769215
0.16691825291274678 1.6373875368500488
0.21338252506929167 1.7063796158125935
0.18711831671683332 1.689990735329748
0.238221286790753 2.4549177616862212
0.11086011894343797 2.0181555706804426
0.1562975642968932 1.8198424931910449
0.15594999906949933 1.9096578342113748
0.1930382492104676 2.0391761393955257
0.1832878298579494 1.7139692304248553
0.1032484415858318 2.1431388835776213
0.24223150466546356 2.3434110847576815
0.128483274699371 1.8870839834337594
0.093719890949658 2.437225305666392
0.19525075452078047 2.442353772206953
0.0763733434557217 2.2364356336831603
0.1809995135555221 2.3313384073456858
0.13634134287917318 1.9801836176300371
0.08230917323045568 2.353639242430206
0.2108620839912848 2.0267002163479746
0.17921208412765308 1.8728722438536587
0.15245907238787565 1.5636931107405343
0.18451498777035835 2.4651435621669013
0.08917746388031457 1.9342754974179213
0.1647199892818785 1.9460459076783572
0.09844478342297755 2.3425208798833976
0.20686564783472128 1.713738478638862
0.09447759617379174 1.706089211275105
0.16750955600248896 2.3976063804456795
0.24122242135167832 1.6363511630200471
0.17654606014825974 2.201391920384736
0.24087457485323682 1.8829778835634476
0.24822246153126915 2.0021642492314746
0.10912926587257579 1.8105276894836804
0.09547640603296643 2.434511314026804
0.17434888852739416 2.447789806345752
0.08928398557464151 2.454286680958761
0.11277738070097935 1.6417957944702732
0.24379550539228795 1.864680538209801
0.14240209733983714 1.625245178026546
0.2188014017033615 1.7649784020928023
0.1734626012908478 2.391767436880608
