20 100 40

0 1
0 1
0 1
0 1
0 1
0 1
0 1
0 1
0 1
0 1
0 1
0 1
0 1
0 1
0 1
0 1
0 1
0 1
0 1
0 1

-0.253230941406169 -4.523006125205294
-0.15463867046764534 -4.101024838694502
-0.2120845461544519 -4.442977377768584
-0.24073821516567723 -4.098082793965344
-0.13154705177885018 -4.498086163469563
-0.10294791488964317 -4.530470345436433
-0.32028572191773097 -4.191633427798339
-0.13483639073315445 -4.039569506681537
-0.23015518983328154 -4.110541437617977
-0.22040375511548685 -4.568950082447851
-0.35552479812283755 -4.017546083676619
-0.23077118294696994 -4.132880946748262
-0.2355664806692001 -4.547872819676184
-0.38485693794700465 -4.128834202974538
-0.11882369063897724 -3.9001246341064517
-0.37077727829538704 -4.542272084271784
-0.19561250814011588 -4.499416294544917
-0.39560052500150067 -4.15740045343907
-0.20008446114193754 -3.9466154060196277
-0.31741809777102015 -3.898534832177545
-0.3505187914012685 -4.485680469947604
-0.3536091889791166 -3.914840786746881
-0.3249725313026113 -4.037573739238256
-0.33043538889375307 -4.250220833641048
-0.169927560076039 -4.1416287567397285
-0.17386256213501516 -4.504181061216806
-0.3764839690436391 -3.936519557797183
-0.179439337907463 -4.512067749272652
-0.24310697881317805 -4.365699229608112
-0.20597986698296583 -4.034858842669081
-0.2295330258332939 -4.148513876052033
-0.30781576306397296 -4.362400140464823
-0.1642774244449048 -4.015222786117068
-0.29103622297134474 -3.8353697609583377
-0.17027815295516066 -3.8800510779878663
-0.22415320248071918 -3.984009300675409
-0.324536805278652 -4.054831711822682
-0.3466850019089741 -4.423659701626961
-0.3124396209235539 -4.3169469556417335
-0.13247311527596584 -4.520935801910415
-0.3040268656237496 -4.378729050766619
-0.35557376837378163 -3.827298309115364
-0.2294346204383 -4.136152292487467
-0.2831573923969677 -4.219529940266961
-0.29940083475155693 -3.969439824436428
-0.22534148789538835 -4.311400999822261
-0.2684258156525723 -4.476763925757167
-0.21715060630939118 -4.310701698133999
-0.2892824415547696 -4.192501006009517
-0.3669241303438754 -4.027135974039408
-0.3105509673540558 -4.352140306384049
-0.25878746711920253 -4.266545246033303
-0.19586059906341388 -4.032804842374317
-0.19049384097535962 -3.8659879767453242
-0.18642883504413027 -4.413539285561982
-0.1408326382342553 -4.01508852963654
-0.28551337566701945 -4.367449465496497
-0.3403813657071168 -4.120315168742694
-0.11689968556532054 -3.984147417789529
-0.12262157025169967 -4.287811124886201
-0.18848503040992143 -4.043294122815979
-0.20764807833346818 -4.473371187801322
-0.3603366860161175 -4.137673971477628
-0.28271385476847133 -4.384961438683556
-0.17607093554535005 -4.083979294102837
-0.15818772310398885 -4.048332597325839
-0.22211965109963636 -3.862014913293199
-0.35526664552673776 -3.8860908953584854
-0.10082191233698551 -4.529799446638387
-0.3035168500613206 -4.21322367428843
-0.3712425751991404 -4.311399533378993
-0.15275833658722868 -4.399585624866366
-0.14156090731051868 -4.0832516873567
-0.312024269186561 -4.308318952649201
-0.25363386488852124 -4.506129554134328
-0.13957496220070054 -4.302815175708572
-0.36406075411895744 -4.368882051836821
-0.2599767046284661 -4.460876103123609
-0.39407938624938293 -4.13390123881253
-0.2071809368507143 -3.9211412978551854
-0.33621347251807676 -4.346000058097708
-0.23800685133114308 -4.108281721469217
-0.31632918002064514 -4.233776520603881
-0.13130121156842867 -4.007055106062468
-0.2499847635301677 -4.180733901671867
-0.22120039543839767 -3.846545391562917
-0.3829633433634973 -4.097344891975833
-0.36868083852662603 -3.8614582101015933
-0.1380075218444255 -4.050006560107766
-0.38359924592391736 -3.818345399305679
-0.16240723528186438 -3.971763394062749
-0.32375599002580513 -4.344245166979855
-0.17963644509358667 -3.909399421972515
-0.2074894935467684 -4.438658032632482
-0.30865272120465365 -4.380778862597738
-0.17292583215765736 -4.343475101304535
-0.3795266474977428 -4.421967966185062
-0.13267556324548285 -4.062130874970894
-0.24128984084793248 -4.391536194960874
-0.3998648530097522 -4.125172917564687

-0.15031260464616822 -4.415607909404423
-0.25932290382208073 -4.453993088002752
-0.16191696092025418 -3.8804877269873335
-0.14421495847299776 -3.978549929137152
-0.3977662182381223 -4.281964007961428
-0.14219358939745208 -4.151216554250432
-0.17151783827500497 -4.378588852841419
-0.1601270336729922 -3.814975747179425
-0.32647449360614395 -3.8402467370549775
-0.2152520613027484 -4.276113858298217
-0.2531189967935681 -3.8619332561613806
-0.27954633080415214 -4.213599936037489
-0.22344475717815582 -4.077353042138408
-0.30338306008801474 -4.246707691181397
-0.11360960707609163 -4.361041192303606
-0.3438628395818094 -4.167805050413126
-0.34548475085984415 -4.364099357282635
-0.36646319046582543 -4.504157553631047
-0.23890019109790855 -4.5133658298115416
-0.11283562915116563 -4.5685969911965945
-0.1741507708233894 -4.504126536429625
-0.20555657138321837 -4.019113842921008
-0.2884164180193742 -4.084644073425503
-0.3420297346227065 -4.487691526942346
-0.2287627564121255 -4.274036337839835
-0.19334853048788425 -4.349653179034482
-0.23592058514684294 -4.236949387839485
-0.2388316558564875 -4.533667140513429
-0.19132861659997605 -3.815397568080223
-0.359642755099568 -3.952516782274995
-0.24918227127473835 -4.4229300578458455
-0.10214647471895505 -3.99191860424047
-0.10543757190724218 -3.906472650652012
-0.21405534064380197 -3.8144577828776436
-0.2615142831910654 -3.849008639497897
-0.10267077379464334 -3.812452653653608
-0.28583803633326715 -4.580083805940063
-0.3872073111999196 -4.44662590333941
-0.10138494273664372 -4.313787849789421
-0.3946693025882966 -4.377051855967608
-0.19861424933091207 -4.392016735352008
-0.2020575798180752 -4.153942850172505
-0.3917975905746514 -3.938878550063591
-0.3596819686438727 -4.392195810488657
-0.3272692531749947 -4.238898773805966
-0.30410238072752294 -4.041378387670562
-0.2523853625477958 -4.236844259417864
-0.3552883605995459 -4.534513402026366
-0.22559931243719375 -4.131990954621806
-0.36332531506001525 -4.474156355100878
-0.1818650703940822 -3.946603841556777
-0.1330864709588191 -3.9666111599892115
-0.3016513374505571 -3.873707452616621
-0.30630582300678116 -4.143260105982664
-0.2703047953439277 -4.577808251156999
-0.24537238877779305 -3.813721090447636
-0.312861960557334 -4.131908129889263
-0.1138948611932139 -4.291219114828393
-0.3067524064488367 -3.831047427433406
-0.24397612370391722 -3.97458590988611
-0.2005151324150905 -3.9160106720188033
-0.1852053958757446 -3.9583601167985347
-0.12182307106449247 -4.512467106226345
-0.31639140232426144 -4.146726485082688
-0.33547982856026554 -4.541742744240715
-0.23284759875679 -4.534972277569367
-0.20965582156810345 -4.234741176560957
-0.20069670862362507 -4.305000090216492
-0.13249857889127709 -3.9780241829132987
-0.3807348214933091 -4.300329425931955
-0.29519357480092734 -4.395513906009763
-0.378013488751706 -4.219186327019119
-0.20476107326562026 -3.947828364451752
-0.12244489732720432 -4.181369817329286
-0.26278604023676116 -4.2661754366660976
-0.2774824997432028 -4.565415052564705
-0.3265106188470926 -4.152081524749148
-0.23124222907296324 -4.058540129196782
-0.30259035717731686 -4.3451306569204196
-0.19922020164805637 -4.252059677897915
-0.2697495907656171 -4.079010590551128
-0.21730906656849305 -4.283380305478798
-0.19217638448136318 -4.090997177757521
-0.3270458084804824 -4.275173052347279
-0.19314531209845315 -3.830326817652187
-0.3555808493263963 -4.093785603115899
-0.39473920551157843 -4.0355499432599435
-0.2005701119625473 -4.021361643774685
-0.21776710745521716 -3.8817263551827983
-0.14397496949670646 -4.334154904309267
-0.19645539918071694 -4.411208236345386
-0.30592668099856724 -3.8220909687462212
-0.17934309542158552 -4.537320475472321
-0.1236753447565046 -3.9700779631416463
-0.3313099983101263 -4.452725120668607
-0.23001459799635512 -4.475912963970697
-0.39641319658617535 -4.205591236162559
-0.3421696821839697 -4.469638481439438
-0.2997340936420116 -4.230650132245092
-0.3463910541491558 -4.195606552932663

-0.35521955794528903 -4.2294969663202355
-0.2759780824684277 -4.129808631963866
-0.21960964834250518 -4.280457360012602
-0.18642495071497284 -4.500318606634938
-0.2344730623768743 -4.231075411627139
-0.27425756206758173 -4.32059891847907
-0.32180078602463896 -4.161171896816873
-0.11165356944189236 -4.3348914169444335
-0.23577120954422184 -4.379903328905732
-0.338852991722937 -4.221381183519037
-0.2431392863115373 -4.483776757640853
-0.3020974204999102 -4.416216798136299
-0.15599406796120371 -4.222223261270058
-0.1700717146153377 -4.5726702552385845
-0.233060965296307 -4.189931973471373
-0.27815750303617526 -4.207645638779502
-0.21504813712868645 -4.051890035495284
-0.2162460757867812 -4.234238653690576
-0.14841103150532686 -4.133077941087654
-0.21612856875253686 -3.9540136399841264
-0.3746717714920123 -4.098497757427438
-0.2112568199921212 -4.0687147733214415
-0.2616281333397483 -4.560734735496974
-0.29617140701068645 -3.9691676036409547
-0.34475730654301784 -4.023693709001351
-0.3521732329347398 -4.1668771784600445
-0.23767962079652938 -4.141642133236834
-0.1476390318740548 -4.238352334577655
-0.3888297427509078 -4.570513732575453
-0.31985169603955654 -4.388353924765124
-0.1968945101398054 -4.56200850583632
-0.1477859545695246 -4.3617880829402065
-0.23137595977431538 -4.153000389008472
-0.21046909075880552 -3.9824226958151345
-0.10467420555808238 -4.053889646774336
-0.2685478516924952 -3.8775640310025983
-0.10535883312577637 -3.857337530016339
-0.14548328961500806 -4.390513304757835
-0.27327178145048703 -4.338250291650448
-0.3284200800755147 -4.153477035906593
-0.16399512299604416 -3.87124883896243
-0.12394531369605666 -4.157606788229152
-0.30370166354349076 -4.098689278515508
-0.29755720975718386 -4.2340166127300245
-0.3306708806558093 -4.193640145998293
-0.14202677797536395 -4.38331813323462
-0.32654275020134765 -4.12038713777685
-0.19719112966398147 -4.093160506616897
-0.1778042126038457 -4.0401760040595365
-0.20794404944247175 -3.814467042764372
-0.34066450506047286 -4.34674405317455
-0.208840717450963 -3.9758766371887493
-0.11647861595567421 -4.199009882895504
-0.3098012297777379 -4.533043690575606
-0.267663909481469 -4.10191747024361
-0.3119311569432662 -4.472738309024892
-0.14246329381234357 -4.144793460679521
-0.26384073330443825 -4.2415625227012095
-0.27556210127592384 -4.370591960908374
-0.23623069075866926 -4.543486671314111
-0.11397558296069238 -4.222632231494109
-0.37811378737128615 -4.232757738945015
-0.28292017364604527 -4.328618639576545
-0.36457375894208177 -4.158021958282897
-0.1522570009881191 -4.227221086420093
-0.3229752596867248 -4.516868011819349
-0.2834984063691443 -4.365354500006556
-0.13665223196035825 -4.330238463384923
-0.15831601437005038 -4.367118359584286
-0.29079657099818346 -4.021634361514405
-0.23856758900385583 -4.06100040618558
-0.13681186971462622 -3.8782039117744693
-0.3506221348861175 -4.454070230028832
-0.3204468382164585 -4.282213997031028
-0.21512389893095848 -4.297729262954474
-0.2827922227350915 -3.9063224142309747
-0.3456255037166752 -4.101982264177561
-0.23433103521284201 -4.352155657643063
-0.38631164266245743 -4.270936462867093
-0.10217664818336408 -3.838059290907327
-0.3409192929989573 -4.525465555445039
-0.2843201817235868 -4.059544534286764
-0.37588242022888374 -4.36382567218319
-0.3726166124456522 -3.8365269896904595
-0.257422437725365 -4.021971585344746
-0.24983210655711624 -4.341821649800276
-0.2067945518011943 -4.540880836445624
-0.36544380242672714 -4.34788484311804
-0.1886831467937361 -4.375816484633887
-0.2267286692965745 -4.308622780654676
-0.39342316894817064 -4.400083064291707
-0.14999022092478193 -3.9118631870856326
-0.11456435707106005 -4.03662580755172
-0.18683033632018756 -4.004548579576049
-0.3995230481438583 -4.104896203529601
-0.1180702050760738 -4.399732651239636
-0.17204923360746635 -4.042240874176119
-0.15030436377491016 -3.842916050605692
-0.33443411836635 -4.08718316591313
-0.29399362335619356 -4.312441546058852

-0.2281583628401393 -4.451576772337488
-0.2874866218101064 -4.42571409008008
-0.19015220339968117 -4.445622721768536
-0.2094151863858688 -4.293269106486545
-0.18442536451953667 -4.2730106343617456
-0.30723387387267775 -4.2725378867363455
-0.21917934358184396 -3.9244227529000453
-0.10188330080002295 -4.421298167061016
-0.14357589294652323 -4.264701905632656
-0.3009861822151741 -4.100313033171069
-0.27653693768050835 -4.030759029926484
-0.2811945610035155 -3.8139232420993365
-0.1289590168377968 -3.8802151180285174
-0.150595544603082 -4.5555770365269606
-0.19166680881921427 -4.3919045081204295
-0.27419532138369407 -4.324125311838634
-0.3906932389435037 -4.026080712608686
-0.12380779084417731 -4.203271828977406
-0.13496166362884826 -4.084619507701536
-0.3244588383254949 -3.899115891078364
-0.16163138979463826 -4.204279963296926
-0.17399227736586736 -4.118744884973652
-0.1772989125045675 -4.0768167645271305
-0.3909362046754167 -4.31166349047828
-0.16084519110465212 -4.149484043462355
-0.18170320416650607 -3.8221770201020893
-0.25856007855585966 -4.227311212591588
-0.38813487761714294 -3.8891970791003203
-0.3662072176483862 -4.471974562843181
-0.3133086782900208 -4.096815402569942
-0.24817831709725327 -3.9651204684998387
-0.3297745258655577 -4.011290399828808
-0.27189696548549136 -4.047782576282113
-0.14955291868471654 -4.198935185282561
-0.19439360763087574 -4.54293568211178
-0.15039596814520403 -4.125553621224666
-0.27754009844032973 -4.225114412502791
-0.12314799845232538 -4.2760262852563145
-0.3374270636503288 -3.8936271948448273
-0.27197016762886717 -4.277716660668695
-0.23799404795536216 -4.099735893184277
-0.36702906317826595 -4.422583638266452
-0.32701514858204406 -4.4249014533886735
-0.3357792295459806 -4.57330630335202
-0.3234558272514767 -4.461902163822664
-0.21940694884793036 -4.381621761353745
-0.3707059274270911 -3.960097497878409
-0.3840615413174258 -4.270391607160233
-0.3467849202380391 -4.448384580124779
-0.14846269943112372 -4.052568826070927
-0.2109459557070521 -3.9647566703951727
-0.3982819886459709 -4.3503426729777654
-0.25609933560704573 -4.386538379225321
-0.10196572017060673 -4.098014478642456
-0.2606743990862669 -4.2920611964147675
-0.31244796910294226 -4.409209265845404
-0.17945753531837264 -4.356029305850111
-0.26112549126896467 -4.466050525046991
-0.17454051100326573 -4.269688674350073
-0.23824078242261842 -4.150486758832855
-0.2503425115444413 -4.521719609180778
-0.2398146711247935 -4.535499037389296
-0.1291292624735138 -4.4893380093195026
-0.16775279659043815 -4.347481803579316
-0.2746066639223459 -3.8527291455812533
-0.25871594748378757 -4.213594788961164
-0.13869149158228639 -4.543926806268555
-0.12119678217183122 -3.9629384594870185
-0.3147857255758686 -4.394895296767849
-0.2572924665133084 -4.497124150564465
-0.21016671430475872 -3.832254326959619
-0.24252854986102448 -4.579537800454163
-0.3148016047781177 -4.153301654750875
-0.10888221879006649 -4.149035894584275
-0.10681222344279595 -4.200550612737354
-0.32343845940707244 -4.2986847510582304
-0.11669364710974034 -3.8202504344049775
-0.1688591852543873 -3.971775716140871
-0.26365315408208523 -4.091468526390394
-0.23134478325540137 -4.505883546796743
-0.35152480288734056 -3.994385173661563
-0.10064213209422224 -4.412829615682589
-0.19869374499362363 -4.066651014826496
-0.2826660342782774 -4.069871569822257
-0.18669845530295273 -4.398509499909284
-0.3619868109724548 -4.001598601995396
-0.3751817302459101 -4.209087668622699
-0.19548426028922336 -4.323161875607244
-0.15640249965502412 -4.083219899407495
-0.1347059597346879 -4.426603435106297
-0.3646006801333029 -3.885770941770817
-0.19090102283746624 -3.9272581413707135
-0.1940036991219215 -3.975987250133571
-0.36229701631352446 -4.385261706302865
-0.1266923941729668 -3.829926953827664
-0.1889041137762399 -4.539923112377149
-0.11070386339289467 -4.0198766100651575
-0.39192827280701614 -3.8602090803717877
-0.2135236796262261 -3.9979805017337195
-0.30688715965752034 -3.831877811481107

-0.3271578693043223 -3.913302390502387
-0.25538046235190925 -3.929312525957864
-0.11861699017882538 -4.02807618356322
-0.11866757314561716 -4.089154101325322
-0.23987779126978032 -3.896653086724455
-0.24625498034968246 -4.065169255900466
-0.36220227752627304 -4.46744024416836
-0.2968974251168006 -3.873779862357833
-0.22410533546214403 -4.1356209123588386
-0.15116885988928225 -4.166269859817857
-0.13011383994740372 -4.144815819739416
-0.3013425082971386 -4.043502132704754
-0.30893351249730167 -4.092101511305954
-0.2894331843827217 -4.310581178735784
-0.17406382758520275 -3.9805171351452415
-0.3695444117043323 -4.565990659610452
-0.11275830974913081 -3.818176202125739
-0.3001351943545373 -3.883264172306317
-0.10898272431399936 -3.950868466686646
-0.3306011444922209 -4.55444595565908
-0.3486506427698419 -4.557281250697052
-0.22045116623165265 -3.815579504628113
-0.18387794012508318 -3.9101488492262257
-0.14626181793535542 -4.029922769215763
-0.1834274481566412 -4.029315118419125
-0.15401598576292852 -3.9149869359438387
-0.13244315765842885 -4.469671100884518
-0.24628338946912567 -4.382076331778133
-0.16319270528367882 -4.476860463921775
-0.29765127668226526 -4.102558526133794
-0.3458976425224004 -4.048023472553176
-0.14854074843354004 -4.081111257209583
-0.32800996967318136 -4.565081079661321
-0.29832225002852963 -4.404294364832404
-0.3607473436447485 -4.380391026736044
-0.2693670250140249 -4.513665003534553
-0.10991760073094486 -4.489215728214716
-0.3070324220089159 -4.431405858163929
-0.2835290477818978 -4.12717526488528
-0.32294711971568146 -4.213577030658649
-0.282694174395418 -4.30201780409215
-0.20743185475896614 -4.42789641857044
-0.3797657075036979 -4.098510826664116
-0.2256648248445635 -3.8815858338053078
-0.16074181130572968 -4.457135649587875
-0.15453124376685892 -4.238884383707056
-0.19473767482944693 -3.913720599233135
-0.29044394746421004 -4.144237921464595
-0.2949920104069629 -4.075689065611171
-0.18471196856503716 -4.07483240746357
-0.3398212249435243 -3.9101030996850814
-0.21219510639539305 -3.90786770948369
-0.30588088578801576 -4.327143715570136
-0.35576226519182086 -4.265417509353135
-0.2961631820227915 -4.345523759598797
-0.1423705367074809 -4.144825685896552
-0.211722357176086 -4.351844505845052
-0.23746242239928078 -4.567621590421126
-0.14786907270920735 -4.214787775187128
-0.3407127428128629 -3.933254205107347
-0.179906138607567 -4.272032355370178
-0.314952406866005 -4.169768103073151
-0.26580832275575816 -4.444636499196411
-0.3332575497858652 -4.540723368125451
-0.379441815961055 -4.25059783769168
-0.28924321546332393 -4.152631056899311
-0.27913642191853594 -3.898284533942395
-0.33927456751952856 -4.3008968037120745
-0.25542804835458754 -4.033593329899771
-0.12962038291512457 -4.326090208003268
-0.2356403028036678 -4.140048442716306
-0.35793435733907053 -4.32839514387717
-0.38504237569415994 -4.33633476176273
-0.32976276359737927 -4.403729844116072
-0.220401603476969 -4.116266197601882
-0.2719664960850585 -4.263298498583537
-0.3494098452394513 -3.9083316364149647
-0.15099033032658435 -4.038948255630004
-0.3989753583023287 -4.033569805863635
-0.1449003781446735 -4.421115991492013
-0.29588782878792613 -4.065360077797394
-0.3724372303298156 -3.889808572832532
-0.12719524166034663 -4.082773804347401
-0.3204356704716446 -3.8336290769662607
-0.23855411797069656 -3.923792828496118
-0.38268000819036563 -3.965452722188142
-0.33185620516995296 -4.5296543722033755
-0.3525675669470292 -3.8449273189088986
-0.3156077023247475 -4.326229237874143
-0.3067667999744612 -4.087844059955165
-0.3836074802781843 -4.359471364526043
-0.33074262922698006 -4.142215989535399
-0.32483445537511757 -4.446932835431321
-0.34063992368766016 -4.3218622228954935
-0.34698620529793456 -4.305782446180054
-0.16000147458206274 -4.0422947739422
-0.3577443180774229 -4.129827144928151
-0.31763806310408293 -4.120131344206467
-0.25895926848713535 -4.051987560092353
-0.385129183518526 -4.26591411816415

-0.3933490730116108 -4.348425645780195
-0.24145522471081196 -3.843265709775386
-0.14423188641494306 -3.8334686541357814
-0.2044466933759645 -4.567314971873577
-0.1659442926291988 -4.219960138124753
-0.21680496600868931 -4.354188098639858
-0.29840418012405256 -4.3209033382147375
-0.12076224650646084 -4.391970647333084
-0.1808180092387744 -4.571141881268678
-0.12580811640523532 -4.173849928436956
-0.1851885548987286 -3.9775944139237147
-0.13512618940315213 -4.546208715931037
-0.22897279746033547 -4.239875775308101
-0.17586019220801924 -4.556687057086151
-0.30628605571056794 -4.345237097608491
-0.3322138673243581 -4.335243376594279
-0.11151429528818246 -4.267234441807961
-0.3923610921736997 -4.290936041466868
-0.15845881903860226 -4.558872812886791
-0.11789116038492592 -4.536939687531415
-0.1542862180534197 -4.292480677532963
-0.327973448764309 -4.541066839225907
-0.14168680153351837 -3.8640960208668815
-0.2852511017853856 -4.34068058063786
-0.10182931722379646 -3.8152144330030833
-0.19920772221166305 -4.398593781048905
-0.11391928497993714 -4.000631578190273
-0.15926205457793247 -4.333670919134807
-0.3065104135869977 -4.146038641164134
-0.283604646053535 -4.573715303281913
-0.30855438075150055 -4.234103991051748
-0.39420461362942577 -4.194476626980834
-0.33933862086794664 -4.473080182692215
-0.31791770307335315 -3.9447263727511457
-0.3788873990893106 -4.227877135116268
-0.11909045803374885 -3.844707715267154
-0.16990377063067474 -4.160579987527239
-0.23149887891954804 -4.424809404087151
-0.11624388052645862 -4.198889949499047
-0.16476991708982217 -4.030835407220764
-0.23458589711554773 -4.302450302304038
-0.39787061566337123 -3.8338885261418434
-0.34764648337976845 -4.022881847493407
-0.25783055981795916 -4.033873547810901
-0.2760495901404006 -4.251913732840039
-0.18186222249601275 -4.235176292374642
-0.13632690186434004 -3.985626778973953
-0.11473379718310212 -4.06236295740666
-0.10797574793491305 -3.9047637125301193
-0.21833330025093564 -4.255640188180553
-0.37913664673896197 -4.035610356266075
-0.3630350000625378 -4.476738459501221
-0.35857883399784457 -4.250584239271807
-0.19253039513154163 -3.884263454184891
-0.23939601524802312 -4.2088830372954815
-0.22601050649270357 -4.4624412036207906
-0.25747062026626666 -4.319107102760598
-0.24577729752361596 -4.123043166586481
-0.28347807888435633 -4.149395903726334
-0.27853167393343536 -4.041031057020742
-0.33377173431916696 -4.102426340165366
-0.14096082245681302 -4.51323753347933
-0.31578792813696277 -4.389668675108191
-0.26507924394205495 -4.38370857587481
-0.29856908411658734 -3.8198540728927695
-0.3412152962708676 -3.9753070602784177
-0.10231506418008612 -4.28445731819432
-0.17623384667772354 -4.440318316478127
-0.11465476775523481 -4.463126404383349
-0.2807427072245319 -4.571556879641537
-0.22742599577096734 -3.908038065460818
-0.2915891791071825 -4.3742782684930575
-0.13463241432077844 -4.158437159149928
-0.24507990092056295 -4.380808953486814
-0.3566135895718314 -4.198019601450103
-0.20740803096838484 -4.0937244035228355
-0.27455057658203974 -4.536993740246996
-0.2538591154965495 -4.010751248437552
-0.13392040043247544 -4.396494501529039
-0.25484558764529863 -4.555575458573166
-0.33073363789235666 -4.485503505748454
-0.39876682102978017 -4.33770302303678
-0.3044380087355793 -3.823971532563668
-0.35914211215314046 -4.1280287251784085
-0.12439300884716853 -3.9505725644422705
-0.20906955746875255 -4.340227822672393
-0.18747111811431855 -3.8827636854742327
-0.3872427075746174 -4.038628942887512
-0.39375418627483616 -4.152345336936572
-0.1788852270849078 -4.477927589718708
-0.3840867725101245 -3.878451085720336
-0.2960640208617115 -4.390805180583871
-0.33221577254377155 -3.981058938865207
-0.3195058114849556 -4.278868581522428
-0.18190499021051165 -4.459164780003754
-0.22688819225451254 -3.835446272599204
-0.13183587654885826 -4.242165356956055
-0.28989542396564066 -4.000009265065714
-0.1550167813416596 -4.3985980794461
-0.38964305149749623 -4.452211915150285

-0.11298636542461754 -4.211549361006853
-0.311475469966229 -3.8337007032789425
-0.3399346726590068 -4.195982005039606
-0.37371354296588194 -4.533482724492975
-0.26222433662964567 -4.055694143200574
-0.12953141971055265 -4.28984309479943
-0.2617572293486607 -4.022318375376253
-0.27721678493017043 -3.93110227594196
-0.3989207139370379 -4.243693468133217
-0.22462807226344692 -4.124037498988239
-0.11274077274515193 -3.8272287065572663
-0.3448123303743709 -4.136134653131733
-0.12798713859499766 -4.273797988437494
-0.20651099656305494 -4.03751897421501
-0.22971677114738392 -4.1907809894718
-0.3164505524700717 -4.267263020056028
-0.11478723066861152 -4.005649133718153
-0.2821075067825887 -4.024282531826315
-0.10547719081424461 -4.177857742578598
-0.13490467071889983 -4.369140615577214
-0.2638875941117892 -4.186046684982268
-0.3941913811679866 -4.466019657935692
-0.2899155639898313 -4.505835285398709
-0.29802484794403794 -3.9071619043579098
-0.39964273640008807 -4.294007003163386
-0.19395033266899606 -4.105950178055163
-0.3971693467553355 -4.0940528649518955
-0.16779034983826252 -4.244550022993877
-0.12186787718656544 -4.330006040855802
-0.2574140696578979 -4.275299305909494
-0.16912134883810442 -4.344860519783298
-0.1614781228883838 -3.9629155293532126
-0.3832429791251062 -3.9672166591374927
-0.23136199182876083 -4.512550560205074
-0.1809585407526389 -4.281027077115932
-0.2540368901450657 -3.9610621658915153
-0.3388264621710907 -3.9693094861544824
-0.2567344407595359 -3.816150319064961
-0.19489325100823934 -4.135802181680106
-0.32627673078008945 -4.207350983649619
-0.3750658833860747 -4.2230079674124825
-0.357263665978223 -4.029217363023897
-0.1892033801393855 -4.228228702182171
-0.15229167672740931 -4.499655060422477
-0.16446136313250095 -4.537345311027077
-0.34683184033420256 -3.8483971190404502
-0.3893875200655168 -4.335301548144426
-0.3375919853510705 -3.874463985386491
-0.3139123626648693 -4.259492569190204
-0.3024769180141999 -4.49127716488392
-0.29278029586487964 -4.42786072127138
-0.1466700252266292 -4.252593118261503
-0.35684927050649173 -4.322759219139986
-0.22936314070173325 -4.401101665106747
-0.23961282643441367 -4.468240115327539
-0.39995007060056337 -3.916234374667464
-0.393735118107151 -3.8204162618581647
-0.12780675697228266 -3.934244851662583
-0.3738264369710409 -4.071089180216792
-0.20405749078493882 -3.908784059267551
-0.21121794319735773 -4.419303677544686
-0.25943697709012115 -3.8797512173576845
-0.20147325751232126 -4.549925460086054
-0.3973019595614776 -3.81426147411649
-0.13417374640807989 -4.158972110005702
-0.14873829149563256 -4.3844281412622506
-0.3726081900947606 -4.0078365428089295
-0.23679494487859376 -3.915580262784279
-0.1346052433724223 -4.42506428918748
-0.20234849136988733 -4.4820728857470415
-0.2237688196832278 -4.033971436394101
-0.22643073363084243 -3.9151208934961965
-0.3284746234182835 -3.955132256283186
-0.20433808313853055 -4.065978872007959
-0.2534654343622396 -4.301741761882272
-0.3082853085219322 -4.450895496986902
-0.31422971217727264 -3.9440385814118537
-0.23611605355595267 -3.891214578390678
-0.3288493422797558 -4.236028085717006
-0.2330331851174654 -4.217753068941832
-0.12610101969708132 -4.457073877876676
-0.3707952451476637 -4.060325146044141
-0.16711337349208638 -4.450486947347337
-0.1518662119087991 -3.941507292245704
-0.19069849107995865 -4.1432728891480854
-0.17414757897214184 -3.85853840091864
-0.3313042869005917 -4.313005849397356
-0.3293883726727757 -4.555921989614486
-0.12449759491020718 -4.2852012082464945
-0.25821127289824 -4.000959158228605
-0.3263007520548188 -3.8407729788703615
-0.19229680851076067 -4.410657555283264
-0.18155353062369764 -3.9335617271666634
-0.1097563025980468 -4.424059344519906
-0.3552039023441467 -4.032597419321168
-0.21285987298476514 -3.966864526377368
-0.2508374028300523 -4.279296268060009
-0.1723270702532493 -3.9617893496817147
-0.3273949267940506 -3.909635350833028
-0.24725026237115655 -4.392360475874795

-0.173614988606786 -3.9918990936947427
-0.36404188646705415 -4.388639118175175
-0.1521148244773909 -4.059670861268346
-0.3204540195603064 -4.19721656149397
-0.10816143697125163 -3.9639102487675384
-0.11900194729550412 -3.917286018494134
-0.30184304344611285 -3.870877979963906
-0.27880071563383657 -3.9862765390115826
-0.30762830355222276 -4.2890020290732735
-0.32472857883765427 -4.31347972398641
-0.12066761087918848 -4.131927847581398
-0.3636143257513109 -4.447568854456118
-0.20580276174204673 -4.031168977841654
-0.20930384573717895 -4.296891017529339
-0.14900811789875995 -4.48325424427379
-0.35834566316766414 -4.182889637751285
-0.3779774800010855 -4.163479362057489
-0.31141921230795533 -4.0654281898752815
-0.12364394314742966 -4.01557042521503
-0.2212053015171015 -4.504187033235592
-0.11044671877269285 -4.2152700732044694
-0.17127784075128324 -3.858589005964428
-0.3590508702923816 -4.174907203389078
-0.12756166668951535 -4.400253920370599
-0.19099633888252102 -3.946794883625419
-0.2262102806751973 -4.093876888540982
-0.10557109271347936 -4.015387448483771
-0.23906889606145693 -4.292332430680737
-0.1665974991608257 -3.839046402061455
-0.36120507270419927 -4.493979956909561
-0.13735771256402296 -3.863261755505704
-0.297289349305116 -3.925374632519163
-0.2663889010879183 -4.172555837953215
-0.23507696916201457 -4.47268699139821
-0.18979373122195098 -4.5180491149946445
-0.32567450212671256 -4.382139131537944
-0.3347835450084623 -4.118692655935792
-0.24406550831928492 -3.880040895516736
-0.3494595381063469 -4.551382159132218
-0.34265344216714555 -3.912270425747314
-0.2885209168281053 -4.1172122203579
-0.23845817627467492 -3.9363114307171516
-0.29851101505192235 -4.576338056666402
-0.39955036387864135 -4.207939808415963
-0.3684561459054826 -4.234416687079027
-0.11434972965917273 -4.186344493968189
-0.32941365883856955 -3.8618671330969105
-0.3361060018135785 -4.508430685701123
-0.34102946235162757 -4.043476621296457
-0.20474161788237955 -4.503819566457017
-0.16070929474792067 -4.397963585943665
-0.19366521047754215 -3.8211430461307514
-0.3523786294788818 -4.402315026200492
-0.10653840076369342 -4.203420984813934
-0.2994435942737233 -4.021763594118555
-0.1764912260331258 -4.091091774825782
-0.3669807549016564 -4.390686786592714
-0.18641518376951205 -4.5578823532604815
-0.30548825921066985 -4.19460271776454
-0.18137300865517375 -4.453728867565867
-0.1565753448621351 -4.040910031188674
-0.27573418297359786 -4.139770896161411
-0.13718157539432818 -4.228492080343097
-0.3731739851110404 -4.546279265077278
-0.133690566799396 -4.554818208387512
-0.39274945733681504 -4.464567111563542
-0.2779440514120757 -4.24763435696344
-0.25457112356712747 -4.47392864925755
-0.27658946097776577 -4.4026701758465805
-0.10208363295510176 -4.147046900093432
-0.20282605264083808 -4.303727273768839
-0.34024287731081987 -4.117568934498499
-0.12178130607188259 -4.230893432838975
-0.3092889257402593 -4.165371531604843
-0.3619579863674198 -4.05702978559443
-0.27508258324508783 -3.8728704534875895
-0.32716326951070185 -4.1709389208576155
-0.36790626991193387 -4.331150112894423
-0.3450235637068967 -3.971064917165397
-0.10244864036438273 -4.456932184933101
-0.22053224294375084 -3.9935970888802403
-0.10218706589499871 -3.8519446200591294
-0.3154073689948908 -4.092611923482405
-0.1827639680812165 -4.3847222641782215
-0.18283414334257986 -3.8331676466238793
-0.13625250739972294 -4.509532023341604
-0.2284410363269002 -4.101734465511733
-0.360279888370083 -3.9417849508387057
-0.32514438777059274 -4.334800992415971
-0.38919491612261625 -4.092599788293859
-0.3497456800261269 -3.955431417401425
-0.3247709335434791 -4.410195106310913
-0.21841469843016467 -4.348526606340958
-0.3183213632956292 -3.9943372826411863
-0.20927088514203554 -4.007288482416606
-0.1324477778229073 -3.9957881392715686
-0.28135440581576204 -4.224627405218165
-0.2889038432541116 -3.948207813657831
-0.35950745367337883 -4.511187455005309
-0.32074958187237385 -4.201312174266664

-0.24576459954875163 -4.078948653225817
-0.18056937609159057 -4.277427502050476
-0.26490858805617146 -3.926081705644889
-0.23289517052358893 -4.169600537090489
-0.35128991501964885 -4.427823726814601
-0.39080711124439044 -4.515325632736017
-0.3691971293962864 -4.374316653101933
-0.2319705532868143 -4.481054782995779
-0.1833488589438022 -4.171176663196188
-0.25783448630883476 -4.085047594730243
-0.29529795370221595 -3.999359754373107
-0.15614698345527941 -4.384669877764644
-0.39021330743814686 -4.003942283916719
-0.14106006037176094 -3.994681892177399
-0.37779879723533405 -3.8430252456916887
-0.18166503803630626 -4.274797901927199
-0.3945289207584879 -4.542613023886494
-0.35318816159541566 -4.01642528579656
-0.10636111027321832 -4.412311105635025
-0.1633525083339354 -4.02604013753371
-0.10573232717408254 -4.510134822090438
-0.29700930815519216 -4.049584102777349
-0.18219094043773693 -4.118952275836497
-0.2677158354288824 -3.989201196915491
-0.27900656487501957 -4.538066472180426
-0.2546090043759646 -3.8924790573024297
-0.18693064462971576 -4.310382341509057
-0.10548197288076205 -4.180146796028586
-0.31504332510388144 -4.344879389904723
-0.2533927752144268 -4.04484990939381
-0.2097331946756126 -4.24955367282408
-0.20752336800719445 -4.473669361134059
-0.3907964925482524 -4.469232102447549
-0.32814992457147857 -4.425546934948707
-0.20042379300501886 -4.025733484389757
-0.2320244454699848 -3.9682764922576
-0.13159861197165668 -3.903646290691093
-0.19452382641390434 -4.093361636153202
-0.31817686528869915 -4.336685769572834
-0.33305796295675216 -3.9954191175998846
-0.3312378082278621 -4.10162051211674
-0.295757511484285 -4.311744518958859
-0.23089954032193918 -4.402594607880106
-0.3948407011157164 -4.467303798677264
-0.31972361335672383 -4.5317811980009175
-0.15693288050360102 -3.9185308080564294
-0.20047773011064454 -3.8273013468434494
-0.29154163915714365 -4.113633489900674
-0.18787826252458684 -4.391654847318713
-0.1373375497951529 -4.1191300925335534
-0.23032665022736132 -4.065564009070201
-0.2977101588847476 -4.275181915369661
-0.3393180142492245 -3.8271799173116543
-0.25939875122989187 -4.281141213322742
-0.3557437773374649 -4.0757148784556065
-0.37770889614985864 -4.470034362263736
-0.10606071603904932 -4.288042586777216
-0.1563468401250538 -3.9629344709485794
-0.1307390274379555 -3.9742989198260426
-0.2688967923690697 -4.055530948404429
-0.39883868533964534 -3.854141654990319
-0.23553904113623958 -4.423770395530511
-0.39369970494961565 -4.34810023315291
-0.29316082111559255 -4.148324613828207
-0.20304149984500267 -4.287598721801655
-0.377200945547997 -3.955984200175059
-0.11187773789788252 -4.013284035325814
-0.29563334557195536 -4.39226280851312
-0.33417017331900983 -4.332710692725544
-0.19604641208385978 -3.902671211289088
-0.3001296983866559 -4.427700394542169
-0.37926179362917445 -4.124683785949876
-0.3238956221411795 -4.083631217868447
-0.11636969782194811 -4.557291390009277
-0.23168329826983358 -4.2645330410083435
-0.3625871452817605 -4.523719804638744
-0.12920986236225884 -4.03074720436943
-0.22354472420583918 -4.117489880829313
-0.10684153477302666 -4.356324876647346
-0.3359071798483137 -4.31505764653272
-0.14414270442528898 -4.325089974701186
-0.1903008266283251 -3.926864136360279
-0.1562296729702901 -4.285145854367741
-0.31493044737048936 -4.045822332259302
-0.38398183984668194 -4.0300374197322375
-0.16952035525404202 -4.4711906057307615
-0.3284846186646099 -4.407893531901921
-0.24591426612046258 -4.1706891702835245
-0.11146888941697614 -4.533858284600586
-0.1425443864820199 -4.018789903088605
-0.28682368531925484 -4.520929691496876
-0.33020289654542995 -4.336270246914552
-0.2551480953127479 -4.077054457886753
-0.2883719065970822 -3.9378156660198944
-0.30097030176845874 -4.123524406989398
-0.2362619305087111 -4.350744076119173
-0.11042864222832582 -4.39582047441303
-0.17545336811256126 -4.002889325612252
-0.28526410448747797 -3.954868695358085
-0.24234698449041647 -3.9075317134874332

-0.15652891745876923 -4.521280072178352
-0.29626328367380994 -4.560557151394176
-0.11575981014872716 -4.124111087592489
-0.35277667493682474 -4.1772222151574585
-0.10406911359077009 -4.350773919612018
-0.2583569966059768 -4.349426457523343
-0.37287419674710953 -4.261140938801419
-0.14509884246909188 -4.500021768813236
-0.22095998782640283 -4.363788890987318
-0.3277024026740146 -4.0094301377171115
-0.27778439935871696 -3.9541942102588132
-0.37103026765878255 -3.84028332535414
-0.2605507646645825 -4.475315241440153
-0.3666213976478267 -3.9624996556528513
-0.25982202110392205 -4.557649300698465
-0.11602181085005103 -4.383301790959192
-0.19429966249478556 -4.296123800678173
-0.20972160713045862 -4.402463033975199
-0.29015079565497476 -4.153971585165663
-0.3129743401619709 -4.541271272975919
-0.3297174703362843 -4.323398762343508
-0.27566450662670994 -4.492157238881998
-0.26935141114151484 -4.478198050722892
-0.1886921850013606 -3.826170213584999
-0.23241605706588042 -3.961210676727654
-0.2924511544858857 -4.438329442146264
-0.3135941350064861 -4.1995400673218075
-0.15829632683954192 -3.9694049922212127
-0.22809932624002358 -3.8447139490781463
-0.1689919589932657 -4.433401938973742
-0.10786861165091649 -3.934627015735492
-0.3912554062347864 -4.266991288609297
-0.23722213154956073 -4.462455229865518
-0.14358749407562782 -4.297461952074853
-0.17540129737653343 -3.959284562385473
-0.16499706606883702 -4.43317312817608
-0.17508269229330625 -4.435178984517725
-0.1396455397778883 -4.135507965479931
-0.10632896588513213 -4.057116120250581
-0.3320143121827457 -4.074615670761103
-0.29195125545557593 -4.489896227088583
-0.19782526009225607 -4.435544907807514
-0.25120592634814576 -4.382174358322252
-0.1590662778200448 -4.567868671436868
-0.18341601049213696 -3.858679676066213
-0.21509164764263344 -4.112627232265619
-0.30370532683600887 -4.082389812293414
-0.23885591456115304 -4.499654995709998
-0.24417416659079014 -4.248774646624436
-0.3412426971622151 -3.9876542656781617
-0.14830345249877908 -4.383260328219909
-0.2675003393584797 -4.137426046478713
-0.1073531550784746 -3.8192957309063766
-0.1330377691799533 -4.18782373531638
-0.15231657945250837 -3.8993377985837876
-0.13561873651947892 -4.207124409370923
-0.3574079533210649 -4.028943651440737
-0.22991557361908088 -4.484437078039971
-0.3905193361102962 -4.390169935936408
-0.34040621762441525 -4.519692541135761
-0.2512778789723017 -4.454183239256486
-0.165782514619911 -3.8335516507482676
-0.1783738528020513 -4.149352855100808
-0.3403740479676143 -4.457624514501175
-0.2791907758360601 -3.9865628097327157
-0.3471897765010685 -3.8476879942124507
-0.32980164900430103 -4.385822649032096
-0.1445009933840553 -4.137196854248201
-0.12520534913438325 -4.537227045123501
-0.21166951977415524 -3.813691198773764
-0.25645785557264417 -3.822601735015022
-0.21070597031358657 -4.146138853931618
-0.21740667586715873 -4.562964174764641
-0.24811860379426584 -3.9120834493256864
-0.10883150570458966 -4.544247308435835
-0.18562238249613297 -4.1951522188849735
-0.38407746547951943 -3.88517735019795
-0.30572728278223527 -4.092994602603927
-0.37048493208544303 -3.85710704289958
-0.3289593739908785 -3.963767190240337
-0.1889031421890551 -3.8796541796673094
-0.12129581017984437 -4.407980300278612
-0.11840749256514749 -4.055003254242442
-0.359422693534515 -4.42386105693667
-0.3415162862451385 -4.161983737131998
-0.13312164788413622 -4.132104462719824
-0.21047542059658372 -4.220249450661504
-0.12064839613678724 -4.082789069487768
-0.18323692460344626 -4.152881187799883
-0.22359623054343283 -4.1312653807685535
-0.16931177456129295 -4.433303472513624
-0.13528938849373345 -4.19021214392803
-0.14839601474548048 -3.9588311642454004
-0.13407357898066768 -4.183770371656684
-0.15789528793669994 -3.942492755900623
-0.2193279659144596 -4.209801149353587
-0.3954733452671825 -4.30326249000301
-0.18222014568886927 -3.8612858352983803
-0.12416522901977778 -4.267980253828967
-0.16246055295273698 -4.4226697040779746

-0.18198523148870271 -4.3101449658446835
-0.13380679160416753 -4.153962978899393
-0.2429248485540039 -3.8423448370623543
-0.27582457133161087 -4.179681541624572
-0.2652091298096295 -4.131077471772268
-0.38860382668286775 -4.464406636730519
-0.1868255450711204 -4.0136249388238765
-0.17478352477529252 -4.388142524339925
-0.2827559928365281 -4.300216026122763
-0.3529580402751553 -4.051984618844431
-0.19868507897905274 -3.862737314971229
-0.2808496810872926 -4.5671346008418565
-0.295185070033288 -4.494573432260875
-0.36113229996624246 -4.317012327178223
-0.3777882605756553 -3.9610553427657846
-0.16951532486221488 -4.289387744560414
-0.1672736054784453 -3.816857255884334
-0.2270962438379455 -4.266752133066033
-0.1169506313985294 -4.223641167866691
-0.3583219889273705 -4.2950851453069125
-0.25405127171416475 -4.272120279695508
-0.1762028006842434 -4.192407827845575
-0.13103816839111815 -4.516515421287895
-0.19096065842775214 -4.18840259240294
-0.36705296241284396 -4.398998925780637
-0.29594944833415715 -4.004584854889199
-0.2887931260010287 -4.111346348927296
-0.3918411449814087 -3.8860782621512504
-0.39764040496649644 -4.01144471214119
-0.3507549383492186 -4.073756072901412
-0.2805649798986296 -4.3690116538855905
-0.23127998338219385 -3.8397562784617287
-0.2883062870790585 -4.495402032712843
-0.13366997797001334 -4.030742812674157
-0.131257073032778 -3.954225271891167
-0.23867806264496993 -4.147926593173249
-0.31525128878979586 -4.334028414400489
-0.1636197928151174 -4.131237469051287
-0.12382261355017288 -4.204004626880538
-0.11177863733506044 -4.480498815098531
-0.17781565173112737 -4.536640522080931
-0.11970124431055301 -3.9688119237606654
-0.2631985028225432 -3.9771811090299027
-0.10321193082474589 -4.5065659119854775
-0.38068473506666933 -4.1632633162646435
-0.19216839059111973 -4.026504347101208
-0.39539738407913244 -4.147976981532187
-0.31277514931065503 -3.8341954974745933
-0.2368538472912064 -4.577610062237456
-0.3609319871561468 -4.250753892392873
-0.15442391817512907 -4.081716830956406
-0.2085501455791227 -4.338240508757558
-0.3871300424458072 -4.415740787061071
-0.2945336945348871 -4.31714934825001
-0.3897970454252136 -4.380835311228794
-0.32356376447723656 -4.453766871280788
-0.13568489996922345 -3.893185088800081
-0.35228963967610954 -4.249674772068959
-0.21706876823662366 -4.569310323497395
-0.19556659877139201 -4.371435792899585
-0.3630761296420138 -3.943822516001531
-0.1631698720738956 -4.168953391610774
-0.31445441604693675 -4.18444215502065
-0.38323672006998877 -4.294326210662198
-0.12658695498335493 -4.078585924517278
-0.30736104855146196 -4.155081134998603
-0.19686723057675073 -4.276074596898807
-0.15395750598101107 -4.3539998460442595
-0.3632380412542335 -4.547728940223119
-0.26586878922829293 -4.437145077066306
-0.15631716294715756 -4.47005275919276
-0.21762768870015395 -4.185726771655062
-0.36646899428958385 -4.371550356122145
-0.34521527034891686 -4.389186921701345
-0.21797433226348684 -4.239636536776991
-0.21414868149036806 -4.474717996691659
-0.2289128327799503 -4.044890369205561
-0.37224763761819485 -4.350520677902177
-0.22448584286303497 -3.812189557285087
-0.20086379604585386 -4.360024727817714
-0.33167908788342015 -3.893783311730968
-0.29832220659858366 -3.923327589668931
-0.32860707409741763 -4.1967520222928005
-0.15471180801933507 -4.149015701245348
-0.36887521393868855 -3.850596860997147
-0.1286120817828762 -3.9946673655860616
-0.3987091552895192 -4.479242206659052
-0.3927289137600946 -4.481837046266656
-0.23863216227440212 -3.9731284295548592
-0.26867083451676593 -4.371025624362049
-0.3831878410263314 -4.248142959155985
-0.15303080055027957 -4.347932141384879
-0.3313090764671509 -4.3071933456783436
-0.1305104260414527 -4.348708519247546
-0.11317864527410487 -4.171450357388635
-0.18865205529327658 -4.02996560315824
-0.15208666965808226 -4.311123287118796
-0.3454636821801124 -3.917989348112302
-0.29325959622170794 -4.006546870943374
-0.20715542662168954 -4.297995550255708

-0.2990656556915444 -4.143460314290341
-0.1427518886356024 -3.8141060501033968
-0.30810995163040594 -4.25691456656415
-0.33516760817897406 -4.01802727862898
-0.20813804865234822 -4.046517824665007
-0.2923510263427738 -3.8838732163285585
-0.2698823963489525 -4.203921729998542
-0.24969215445802298 -4.370496506687271
-0.1754196429584146 -4.569509923887581
-0.2575904019770481 -4.491213741808551
-0.13934076839741805 -4.06670488061441
-0.20581687432279402 -3.990299698105119
-0.14252355267119482 -3.949600610240965
-0.30668575184815094 -4.506189674677266
-0.16809711556891488 -3.9945941442322903
-0.1743350326942978 -4.16204969460212
-0.19219690600270936 -3.940265253999999
-0.13309612414400118 -3.8344077976310724
-0.2923194443490302 -4.254432951633534
-0.12976726520426274 -4.003208396693738
-0.1617904696246591 -4.391756797130354
-0.10072640803450494 -3.8366985778870735
-0.25605219356823067 -3.9389487626115476
-0.38769387119033605 -4.484244191807276
-0.10472513807278705 -4.057260318700485
-0.3459705009930656 -4.034149858664126
-0.31220684247744745 -4.004847022347727
-0.22309691810006027 -3.903195343826425
-0.24605894150627888 -3.8795987210001317
-0.36632592442313416 -3.9076701006981747
-0.2601014743011894 -4.44054257188379
-0.11684422547404033 -4.347048792219011
-0.24459218034211982 -3.973646901303226
-0.1464258671566393 -3.9359918047460196
-0.15910089560823018 -3.9573081752646315
-0.16756532541249572 -4.159199596355872
-0.37424542098792907 -4.320083993771631
-0.3690440334865211 -4.570091429766179
-0.29095600729278676 -4.489633609487806
-0.3944264145983402 -3.8304752871460668
-0.1977625356426097 -4.531076443311021
-0.2847770418640255 -3.8784571877887952
-0.20068267556323943 -4.069253473517549
-0.315620826023892 -3.9374742820898603
-0.13715806941543218 -4.056677794520207
-0.22029630498127936 -3.9057646141485183
-0.3778188586287832 -3.955570535435191
-0.31612107222829056 -3.9272740541050077
-0.2405983582311811 -4.040609166566177
-0.34417634501505984 -4.435569718829571
-0.25447083693343653 -3.815392996208296
-0.2632386595022258 -4.199325133694877
-0.26418032378836986 -4.539193401123623
-0.11240085544671446 -4.346431053383409
-0.15557642013304077 -4.477082883348091
-0.3180886931113727 -4.404660153784965
-0.32665473128871586 -4.423594592911165
-0.3371689534465928 -4.134981242927071
-0.32132351317165264 -4.120935620996363
-0.25393379066788985 -4.3148229804825515
-0.3454626033887803 -4.154029672422068
-0.23301318695947848 -4.300477032362924
-0.21762334679516404 -4.4565735358065455
-0.12978114699344206 -4.229642282898355
-0.39640928302866674 -4.306132515548555
-0.3847237164533501 -4.485962184578577
-0.3243595682347734 -3.9311916768693873
-0.38264817022653214 -4.514537908940134
-0.20303296418123626 -4.50518131998048
-0.37081475215920756 -4.108221684278082
-0.15823067626094006 -3.8349715661494788
-0.3885652497001282 -4.332198438951117
-0.21993676703350648 -4.206425419260509
-0.23107743214649162 -4.323293817647108
-0.1184835383307456 -4.414182928457357
-0.3821394408259085 -4.037152748847911
-0.19190582982524682 -4.3275598770652115
-0.38974805606605656 -4.3243171258391815
-0.29050939063220244 -4.005143065745817
-0.17476347314768872 -4.288308712883746
-0.15488208741070958 -4.347252733875588
-0.1362835352504435 -4.569566356985142
-0.20720747178457766 -3.934001811844602
-0.3628392480570432 -4.573059070886596
-0.37561327429676794 -4.347145563755941
-0.10646167007073198 -3.8261135074440045
-0.16170785971760787 -4.148502122153852
-0.34318155800607275 -4.001958337500649
-0.36204985086233554 -4.260721808176334
-0.287365580292585 -4.051104838169113
-0.2515564907018764 -4.0443284559965935
-0.3389993601389982 -4.253968362289288
-0.12796851905886042 -4.347231302671184
-0.2412435322136923 -4.244319836724272
-0.23087284065334665 -4.026374391405535
-0.3566603455303248 -4.458242780991592
-0.32369128568976663 -4.17717589589431
-0.3825088708406581 -4.323276628208605
-0.20029516281835447 -3.880982010352789
-0.24068841050896053 -4.167436915808883

-0.17468377910520805 -4.2350916230987155
-0.14314841530916234 -4.306306918055142
-0.30708700240666176 -4.432040827993972
-0.38636765873077583 -4.261934301807808
-0.38710175925476015 -4.049836854514632
-0.11720446787351485 -4.230042609418547
-0.17656857054913566 -4.307111575546627
-0.31582329143166454 -4.530911459534312
-0.16262853609339983 -4.098680057541306
-0.21949504560137825 -4.045622020943495
-0.3342601415498305 -4.167329570447543
-0.2491036937775439 -3.857016186531132
-0.3397350034707487 -3.9404908490916988
-0.10629840276767633 -4.4110662316975935
-0.14391079733271622 -3.8276435930213673
-0.3007532351760396 -4.079229072383999
-0.22930468018066893 -4.302311484155739
-0.3701548222835893 -4.159777568762979
-0.27112630317289677 -4.195169089478401
-0.15874874372672865 -4.024220595881525
-0.1625855404700118 -3.8552899511658607
-0.23923098553471758 -4.248576510500758
-0.13253050464508942 -4.0920259041512494
-0.15442831075797028 -4.368506300992789
-0.2926520166284106 -4.109387802646121
-0.31245196478805604 -4.147838132389989
-0.3505288266784987 -3.985797060968467
-0.31511203909154695 -3.847339608447258
-0.2880557445466927 -4.0290657585456175
-0.2477124921183302 -4.370585017662496
-0.3247445971510138 -4.167502640655807
-0.13054837043990097 -4.1313098053002175
-0.27613644634065654 -4.371766300239778
-0.3836750387575654 -4.285697983598961
-0.32991294756836587 -4.478424631804345
-0.3680526447633876 -4.53336673195578
-0.3655994906132804 -4.09238439691375
-0.33584492622824913 -4.2289366630834495
-0.26536633546944677 -3.9598738473450616
-0.27091729022977074 -3.939833001829794
-0.33078790370203526 -4.57521066723668
-0.2477782379967853 -4.0981728118904694
-0.22208782552770953 -4.215299822304153
-0.2548820815524067 -3.817472882502422
-0.3112774477408036 -4.2914554150698985
-0.19580522922862817 -4.53548786801213
-0.20492520297232367 -4.182506573373082
-0.15912230196067023 -4.13896558036239
-0.10687374530825194 -4.439444416312098
-0.32852832473641275 -4.248005059140182
-0.1294276980206029 -4.173475580019567
-0.37614554261700067 -4.42274954130145
-0.17912750097995334 -4.4582309034623515
-0.2132076331837035 -3.8275060920839277
-0.20801722627253294 -4.137596485221435
-0.23960576923263313 -3.9758477072901584
-0.38057592833163617 -3.8277157470442074
-0.2943427034470977 -3.983722143868534
-0.353908483215425 -3.9577163882725084
-0.37548360128533387 -4.072636706111977
-0.25582877864886905 -4.10536072763944
-0.17302681776188986 -4.030008517727009
-0.33327540834301983 -4.271556411481478
-0.16420138618173424 -4.193119858860188
-0.20669372250894735 -3.812155290212535
-0.3340020436930803 -4.340341775327463
-0.17428694390866972 -4.312946225815983
-0.28764866783369614 -4.154354963829904
-0.1839225200641944 -4.529689153154598
-0.3628778804795836 -4.432246935299306
-0.39263728887125804 -4.043765081845254
-0.3389686940822658 -4.455232259959828
-0.35017277720031587 -4.123610903078881
-0.35864218541859877 -4.497919492341809
-0.14523712767285246 -4.072288743926136
-0.2302518342678219 -4.213961185447227
-0.3951978716348105 -4.1315226730719
-0.10589307838555617 -3.945877320857668
-0.37750970930864663 -3.9874884647317237
-0.3601248200867211 -4.3297487669848085
-0.34928842367756724 -4.487313774044082
-0.3516626086513269 -3.975800222354008
-0.1404598573609796 -3.9604538854669924
-0.3739511859044039 -4.153120949005961
-0.3042703789194457 -3.9469492409713625
-0.3048083903496747 -4.250475363018221
-0.20705075474532955 -4.279255697198067
-0.17841301230255774 -3.835965466577274
-0.2746146780763686 -4.5522573054557345
-0.14357272791538184 -3.9582966108400583
-0.28501283235536545 -4.418321740226968
-0.2135781664061666 -4.3978638621517305
-0.2468983747004799 -3.9565682770571238
-0.10034775920806233 -4.1710728021918895
-0.35612211370123065 -4.034101932903916
-0.16584122395714737 -4.537713010936211
-0.20955888183212407 -3.9949338547148856
-0.39136176924524685 -4.229506209371311
-0.23580091585089213 -3.9023111977709775
-0.2915234030585135 -4.328031586088632

-0.10894357869980903 -4.096288937545321
-0.3282059289679489 -4.041101785154553
-0.17648057170358983 -4.110127353854493
-0.3738941782529597 -4.064760512175603
-0.29617617480113756 -3.92457065163462
-0.24910713883680333 -4.128011070076885
-0.2906540984483236 -3.8724747246777547
-0.3113012714433203 -4.365626168869668
-0.29503815538944916 -4.168100251923791
-0.1554679729257818 -3.824258787736012
-0.295462843077478 -3.9212281302696863
-0.28057609228289004 -3.883938731702913
-0.39705680572043056 -3.8948085070655623
-0.19106642002863428 -4.054656895934843
-0.23453424561953629 -4.298032334969924
-0.10788564832056691 -4.164517217731538
-0.2618048383117009 -4.450578318933662
-0.35491360738585764 -4.028756320728067
-0.14272457334217703 -4.333885209108266
-0.10479213740742616 -3.84054233803358
-0.1948552820922897 -4.035692322500604
-0.3709330801896843 -4.129900645061976
-0.29462635283451166 -4.35740711691028
-0.14620157042867654 -4.421140671320598
-0.23236084658139716 -4.289711924346072
-0.23820238714969955 -4.090606356135941
-0.36605731788765944 -4.468693784662441
-0.2526348434974479 -4.274411587444283
-0.3375255594790238 -3.978369633507775
-0.23881510085313248 -3.9132196823198844
-0.23625363790735915 -4.3347777707202075
-0.1815642687621982 -4.327658645787473
-0.21256428280202969 -3.8254596137547803
-0.14772014540127593 -4.105892279216769
-0.3004994553383447 -4.140356486889639
-0.2801267016467773 -4.333522196140442
-0.22228702688410823 -4.438327635101685
-0.35348171302557846 -4.131966116559667
-0.18756753057983888 -3.995992102157972
-0.3841016097789334 -4.517813904431709
-0.2822471972245273 -4.1564446421387125
-0.3066291520431932 -4.101896280387122
-0.27006652175030144 -4.027827953232431
-0.23832173187437183 -4.5556277771954905
-0.3694379000452801 -4.210011304542571
-0.19286979623724468 -4.428443744058139
-0.30642464969096445 -4.057667765536208
-0.1143035066903011 -4.555688725820183
-0.34185900058634167 -4.128731997462585
-0.35934246675030673 -4.538612668648813
-0.12503162402635426 -4.3922990302070835
-0.32390347155496074 -4.527936143835244
-0.2980543565609148 -4.263833509061181
-0.10078224481568415 -4.363578247426829
-0.313799925283174 -3.916665379795583
-0.3705569185519922 -4.289064487755842
-0.26064264482864913 -4.192188357573285
-0.3343897493596457 -4.232976790334998
-0.3494237642829171 -4.296358804907116
-0.10367946740410089 -4.232121275394407
-0.31753883367164076 -4.298412004181436
-0.16160991737869346 -3.916007159273633
-0.10650339464316105 -4.19502186653557
-0.11691448777594249 -4.307993566821975
-0.13126825824964033 -3.918827451638237
-0.39228019904828154 -4.462891021261951
-0.24602129076868123 -4.056417385688633
-0.150195860113874 -4.207858689991831
-0.21955884729442512 -4.11097254449568
-0.2542261987711887 -4.0485785914638095
-0.2028560954481993 -3.9773909129892804
-0.2926163990061683 -4.006180280312877
-0.2710371093901238 -4.214254153226778
-0.32053800729126325 -4.075913563799679
-0.24995592386488677 -4.19139341497606
-0.27317591487814097 -4.526741770507554
-0.2559067985902624 -4.460863382235314
-0.26073919999054496 -4.364478922657265
-0.25430574483835855 -3.866530518198082
-0.2136769063369117 -4.415803654107521
-0.31914135611463657 -3.9616720015514857
-0.3891061369133927 -4.041578717442583
-0.13937439649324207 -4.519792010946782
-0.24748633754114122 -4.353863960645841
-0.24735702877042628 -3.852978219189459
-0.39358193535561475 -4.4917096593900405
-0.31457446560512414 -4.445826672498862
-0.1308860006500852 -4.236608817352053
-0.1438652431042438 -4.131272488760226
-0.21945171096882515 -3.8280661275255685
-0.30475279276296774 -4.414667420038441
-0.22814022429516828 -4.24161019566427
-0.23227677131467758 -4.109375484005735
-0.391817775515088 -4.297288864874181
-0.20513692458974797 -3.856669799600168
-0.2698827015293808 -4.4445897909619845
-0.13604367193664357 -4.0223511937156555
-0.1611079324427387 -4.398145296214799
-0.32159712257505235 -4.375824953667449
-0.24321992884828458 -4.17051848250647

-0.26023575265844007 -4.410552239718385
-0.33033768539588376 -4.26355646794237
-0.14098790760369373 -3.8509010468001152
-0.3885495712574069 -4.257302371130379
-0.19867448530631254 -3.868211203021563
-0.23457892498548152 -4.355306636270788
-0.2825061708279171 -4.302731775475275
-0.14907826920186462 -4.0171701827458905
-0.14607015104327248 -3.8378223396047852
-0.2842580390653531 -4.55994656948157
-0.24589857107165736 -3.9879666259275783
-0.2366200328103296 -3.879485246183712
-0.36313262905671656 -4.115241454555187
-0.17555983388694307 -4.260772587187929
-0.22020946973374053 -3.8997704004843494
-0.3317636206246336 -3.975595779147844
-0.39548990521446764 -4.493382862781864
-0.3138859152565791 -4.15152977835158
-0.16442191843418016 -4.449019150962163
-0.36882644900993633 -4.029111422947738
-0.13226930255175912 -4.248943996659332
-0.3631191965662356 -3.8144005982004066
-0.3503333195745105 -3.9991540953500233
-0.34619808635872995 -4.003744791061511
-0.3858039227226581 -3.9825307312700464
-0.33412516365408457 -4.113114358973594
-0.3493112072266367 -4.099095632308568
-0.17922558060668095 -4.397088382394096
-0.3680034757007004 -4.041358196908611
-0.15884035626339987 -3.898686066568114
-0.3110122131855142 -4.5051653244923235
-0.21719435466868392 -4.561884641820935
-0.2732148498782462 -4.049895028616901
-0.28820364212702576 -4.552729217129352
-0.3816264084976222 -4.037057956730566
-0.3123792206741248 -4.216172789966765
-0.3456405420590093 -4.164314170609112
-0.15831305575979912 -4.243109144226312
-0.34765377139923603 -4.226639614077739
-0.24807968806802982 -4.4356016806359095
-0.126717297851901 -3.8273916338242904
-0.22694906243416454 -4.409246474025984
-0.22467114877154135 -4.542448866782961
-0.10702272692104642 -4.37903957093446
-0.22626460359806286 -4.2649912838420745
-0.38426924676036267 -4.27477981791709
-0.33706324499960433 -4.008533910757807
-0.33216121666812615 -3.9202985040690264
-0.25403425261094614 -3.898640407238023
-0.3806294459393145 -3.979489734219015
-0.15600213590869724 -4.15300612696794
-0.10060211461556179 -3.872342877819595
-0.31488303773975485 -3.884339754285376
-0.1472109372135706 -3.8267966400378626
-0.1704947976886897 -3.8121788970572252
-0.36585468900897 -4.1346495257178555
-0.26034126042672273 -4.514795047889644
-0.23696782256176108 -4.224501792921126
-0.10358713869388592 -4.436374727749138
-0.29654913689220447 -4.302372501354633
-0.10122005603431838 -4.16104062358383
-0.1800934731982709 -4.190749003484303
-0.32870601175544173 -4.035067532992226
-0.3120949650414424 -4.51312550290792
-0.281553033358247 -4.182816441013589
-0.181189301947266 -4.129409818966836
-0.10155326720261681 -3.8764658951481348
-0.35263074053309257 -4.532613041265037
-0.2886784799502564 -4.377991838046778
-0.29102161861428716 -4.015129358475539
-0.2423458121372119 -4.268261465556291
-0.23899770581495947 -3.850127344042762
-0.2191840063627893 -4.370217358571035
-0.32982646519322817 -4.40258966363436
-0.2627841262348337 -4.077748377752053
-0.38302946257807324 -4.037750372312136
-0.2665799954348723 -4.554218867524381
-0.25424742958664925 -4.030064763470025
-0.31891446740246615 -4.252074459986824
-0.15799831685442167 -4.308648784160526
-0.36512334377163436 -3.906509270940415
-0.23242231909792616 -3.8137539876124436
-0.3845745881201865 -3.828568921162147
-0.3376345170789528 -4.222185957529411
-0.20292570573020843 -4.0851219201078575
-0.33056611487051757 -4.522632544139295
-0.22327070886772682 -4.426522693704256
-0.1940447052558412 -4.579464794716249
-0.19270632709068308 -3.850317489104508
-0.1458033267528791 -4.37532638414781
-0.2548804439144413 -4.207141916916677
-0.34137435101085734 -3.8339123585200774
-0.24299383800100427 -4.105015394987097
-0.283254644900281 -3.9375713926398297
-0.24407311181361221 -4.19707162525593
-0.1405116164803349 -4.256562546857233
-0.2815832339761275 -4.487979281400472
-0.20290357827198505 -3.895048859841516
-0.10769504825198062 -4.057145479152882
-0.3903448742243867 -4.067492659906918

-0.38550338707971765 -3.9206283435952463
-0.18594043640658126 -3.954347996903725
-0.3899591652417726 -4.521002807113165
-0.16283562216637779 -3.851725193900326
-0.21585903943981147 -4.1457709551676905
-0.26174146224884565 -4.522844266737248
-0.38403700843794364 -4.293678887029885
-0.3478055849816848 -3.9312027748385323
-0.39529799918508723 -3.920085717960245
-0.37967917504660315 -4.2315646538549645
-0.30305429684022356 -4.477750799839497
-0.23462531127645292 -3.9540222978366213
-0.10972349595463987 -4.327690787496587
-0.3252256724326884 -4.201531224702772
-0.2953786970694439 -4.4756676029211615
-0.1637107112636028 -4.287432862863155
-0.18350475088936782 -3.84841071741797
-0.31033433097307733 -3.911754964422332
-0.3058947233173324 -4.122772895932671
-0.312476439363185 -4.05682642389219
-0.2647031969014062 -4.254251109372207
-0.3306083690111311 -4.076529757399322
-0.2951945903301731 -4.07310647711608
-0.235413790969266 -3.928765626891753
-0.2766400666818507 -3.964188757534636
-0.37425907624925125 -4.360809422853209
-0.20392749002786167 -3.920836700758862
-0.15026040475833027 -3.8754975985576765
-0.19936315451693562 -4.259207141288702
-0.2482342425985042 -4.173107932536837
-0.3740212127121365 -3.929307667610951
-0.2095428635601986 -4.50255251884384
-0.38250277433296354 -4.544334973997578
-0.20129013667828397 -3.8743270141354795
-0.24749825911805678 -4.194738314128241
-0.22096659242258818 -4.283247635208436
-0.38596554149654055 -3.89918121253986
-0.35916097260316937 -4.056212884944769
-0.3227060090490969 -3.8712168454404363
-0.2197922375072797 -4.574834824079397
-0.25083344906728844 -4.165437698716856
-0.21256797263381064 -4.013756967711443
-0.22307382310441187 -4.470408014779982
-0.23648903329460202 -4.5680414370968245
-0.2691954072117284 -4.186192007352866
-0.19237897672352855 -4.449716769350386
-0.32536533436195997 -3.921630646435922
-0.1445048484565407 -4.475683865690012
-0.15585299904311045 -3.8265578799475577
-0.15975458238907486 -4.020776306973056
-0.35765287616952995 -3.8213536491931137
-0.11671259787146593 -4.308961121958508
-0.38095356735704383 -4.4333280931979235
-0.326139880754882 -4.3843276732112795
-0.3567075724272915 -3.9006241214238635
-0.3290205084534418 -4.217180338294229
-0.1332959117180061 -4.185224513337059
-0.19217696871302098 -4.1604867877726885
-0.16264802697250935 -3.997746000781154
-0.32152258423867386 -3.927349954709359
-0.11881982040086797 -4.088856359219173
-0.2957789632771629 -4.567383573436078
-0.3932933873977313 -4.404665342600622
-0.28901653204957717 -4.322955979459174
-0.1914804913038886 -3.959955344950905
-0.31802112924348824 -3.8491750890157945
-0.33479867883266734 -3.8993435633915206
-0.1284998364950044 -4.321516780352104
-0.14051469647948212 -4.571199567472116
-0.31580203344555546 -4.13010538125841
-0.2924001898100956 -4.119944524098827
-0.29398607582342384 -4.248959425097195
-0.19652459614141096 -3.9608169511392584
-0.3245506910021171 -4.51154835069691
-0.21962448033457985 -4.016434483257085
-0.16115008158723754 -3.9592195646543593
-0.21387406499585074 -3.9897278282221667
-0.12542858707293847 -3.9408100660154877
-0.35841956716771134 -3.9365966684837157
-0.20981872858108816 -3.9057704736177006
-0.21548703385777565 -4.045816634628464
-0.10245703743688372 -4.173094566886425
-0.3560733260594759 -3.865777101905645
-0.13253510128276869 -3.9195626503059997
-0.13847498373683137 -3.954874439483183
-0.31733525295924947 -4.467985982220537
-0.3857598908723 -4.5586660182144145
-0.12568393640957465 -4.424653242012106
-0.3232064025640331 -4.148788762367847
-0.1806450969069048 -4.504779624952646
-0.2569994370486084 -4.016598943999279
-0.1322231494083802 -4.342283023787344
-0.20760958287516054 -4.225295512670027
-0.11484807316227891 -4.238357615865679
-0.2731007570938322 -4.234650730908585
-0.2181099737684624 -4.484230753555067
-0.12529101965354839 -4.2941405602839975
-0.3136525319010159 -4.293834281802136
-0.22782781545255884 -4.190558960777547
-0.24593890561284648 -4.544826634175703

-0.3964114030354547 -4.574397273411407
-0.3483279718965733 -4.404355016988426
-0.2788646511342101 -3.8315966725775885
-0.23101785322632898 -3.926010556494161
-0.15442248807844292 -4.280531282574639
-0.14127440662027724 -4.5693452498581735
-0.10627387643400532 -4.323709377493144
-0.21264732805297568 -4.443537351430059
-0.1065083792380856 -4.406076412078709
-0.20093550403290844 -4.414590168986478
-0.23780378043153647 -4.530563548419775
-0.3316690572098465 -4.016740568912316
-0.2889070249108433 -4.105097166452906
-0.27062168542301923 -4.094025431690214
-0.3432029236155012 -4.4605830782905525
-0.3913288646268586 -4.49459198424146
-0.1212248472105808 -4.1441155722069904
-0.34583662653578096 -4.194561699759035
-0.290586815244347 -3.868797445578984
-0.24880011375875738 -4.017455157538832
-0.14191309742808594 -4.017674051571136
-0.21609808181987622 -4.257237671205743
-0.19974908681300188 -3.938303488035717
-0.16863053131080954 -4.2367874161568295
-0.21379922400606244 -4.19159757241693
-0.20716995200392124 -4.244169678875229
-0.21908585033571074 -3.955462285960624
-0.11234708798264215 -3.886387673447198
-0.10544514209605765 -4.414954368381143
-0.26824522814844287 -4.392984529387242
-0.2475174781868087 -3.951995537708097
-0.320854747763419 -4.223105913957297
-0.20183738660911235 -4.149516213027186
-0.38209566731065864 -4.331671750788443
-0.2008449178033054 -4.289910555833493
-0.27920538798954975 -4.069359801950201
-0.11290339750287948 -4.5474386320846785
-0.3665588802132675 -4.5126579215183815
-0.38338731841116686 -3.8993190589013476
-0.13557145975650348 -4.310094870976128
-0.15765540502978684 -3.9354449461807377
-0.14724457412391762 -4.004786043557813
-0.15970727627044182 -4.22295555348224
-0.1525765051402308 -3.976472723762185
-0.1604759213458986 -4.239483776334771
-0.10791848206005178 -4.367043992260069
-0.37006572460911025 -4.160199445900615
-0.11500677024217515 -3.8538967337127787
-0.20443840099140473 -4.031086410460837
-0.2578920737819922 -3.869787277857629
-0.27034441738401194 -3.9242705956319144
-0.2895659018928841 -3.8526579971222095
-0.14258224236689665 -4.233796032230666
-0.2685416910593059 -4.048847414675199
-0.22294055109285668 -4.196077276722939
-0.25861587730028635 -4.056853346724824
-0.2865905312177803 -3.8453060898054394
-0.36751233151143947 -4.104588820933826
-0.20587809615597086 -4.124251972306427
-0.2257845847325952 -3.906324674458979
-0.1206501255635622 -4.188754832067432
-0.14987889492871354 -4.346705410301756
-0.2827475463155582 -4.552525429639018
-0.2901876294432374 -4.456492385646529
-0.33332726010807023 -4.3814932247007645
-0.2905805091865684 -3.947809687310636
-0.33112340027874076 -4.039205273736757
-0.1305611996228601 -3.8351924275080544
-0.17595268706242298 -3.9653680924780677
-0.20092246067978006 -4.546829738799635
-0.3038141704914791 -3.825503246204218
-0.14901772176226769 -4.253086482350479
-0.10241470993447094 -4.193982206705473
-0.2036256783542284 -3.8702269144712362
-0.18028205204826928 -4.1388761387140915
-0.3396680396732141 -4.508674193627723
-0.3525409106705657 -3.9309744045327673
-0.32137965807353047 -4.142320822565319
-0.17236281009469948 -4.37680965555035
-0.12798860773725906 -4.5600568167974
-0.32245942618213685 -4.557008791155545
-0.10584657370932643 -4.266686792037529
-0.17607662327147694 -4.112789598652993
-0.29161111398634865 -4.0106072553570336
-0.13750812951844427 -3.838865825161323
-0.17233318399943498 -4.384029457140766
-0.31487835567412 -4.210073586614844
-0.3930284605875697 -4.425950772085036
-0.3514805991120019 -4.526531106788308
-0.15855795291122138 -4.0468424291142515
-0.22363446991556027 -4.270846498300545
-0.13356373194914617 -4.39727807356954
-0.18572242962051883 -4.410769932484854
-0.2386657779735871 -4.298905675525503
-0.2772080943263553 -3.845393572105694
-0.19775155569728894 -4.06872795772252
-0.3103055170602121 -3.9972723399289043
-0.3138820943412525 -3.937189552550093
-0.17416425007149483 -4.130966839110959
-0.2659765279684053 -4.231634134512113

-0.11352283310978051 -4.297947116545468
-0.2958258489922115 -4.5264292494662435
-0.3113646950628556 -4.079443293321556
-0.19196432635588984 -4.126260374321979
-0.2828406246311551 -4.466238439343069
-0.13675611862121384 -3.92555161216879
-0.3901160277241277 -4.514437406755401
-0.25365222692838607 -4.553903613289436
-0.3016084780854899 -3.924099008433821
-0.2361675697302077 -4.09711033618785
-0.3543405236248356 -3.9391927539436136
-0.21434442776447696 -4.43789981408012
-0.19936940651698518 -3.8252015478606087
-0.37243445336362124 -4.1575675431760875
-0.27599888244261683 -4.051003562737932
-0.2836034619194671 -3.9362687781092727
-0.1915150292629011 -4.41723539607012
-0.16727228663782134 -4.129618512079192
-0.1984333052630668 -4.050213624878629
-0.23488766436617387 -4.351787788777093
-0.35305144224092816 -4.048578230884984
-0.37282842014724227 -4.30652382560668
-0.24325070760302772 -4.2699549299788195
-0.3008169724743027 -4.53865617519488
-0.2834897077035322 -3.967306854388629
-0.12132603311542361 -4.41233370500381
-0.2210810742406845 -3.8193982097802817
-0.2341381843683482 -3.8226201668711877
-0.3236478761776462 -4.349652080101501
-0.16681410428268315 -4.134525932109657
-0.10230465573037845 -4.4084755861865075
-0.3963306204571359 -4.109110943435274
-0.2612535075864444 -4.399640001013428
-0.22699559431200286 -4.026931624632671
-0.3919105154628811 -4.307809724896054
-0.34380210075117174 -4.427134294076752
-0.2276098838929732 -3.821157820925224
-0.33676052075816376 -4.300856042202888
-0.34683132637786823 -4.4304421790304
-0.10503276742089834 -4.320826067837207
-0.10603754060349191 -4.430694951389862
-0.3432161942244345 -4.0101955769209905
-0.39616954362567613 -4.231276600248072
-0.2506587512022554 -4.472017465207275
-0.14179307059269192 -4.109548280646211
-0.10611861987686078 -4.524018837134787
-0.17184983031726678 -3.870091483321751
-0.3673388871692829 -4.0378660401665325
-0.23572095938267698 -4.314322445770134
-0.29446421798227895 -3.820868346307508
-0.25163168210792825 -4.302230399950869
-0.10873078157955135 -4.404385993937829
-0.2952491393986725 -3.989512413110604
-0.2470203058943677 -3.8987742889122483
-0.26300959501977605 -4.140439143978363
-0.2537331662272232 -4.255469514963168
-0.3437450578154845 -4.160505027104849
-0.3976396315097616 -4.289914875387954
-0.3109532729839859 -4.306769276287708
-0.3976660801958006 -4.161357877797369
-0.36939403603477605 -3.8296589454843493
-0.13280668013147667 -4.264264487250227
-0.313073256837836 -4.291354230442966
-0.34418781916383306 -4.382926370724928
-0.1680821272415998 -4.003492106470374
-0.2592616010910793 -4.219007492526901
-0.19520646773658898 -4.401394807999974
-0.2557675773243885 -4.441654990607041
-0.1224300901539343 -4.277025759885397
-0.3960994191581707 -4.066634205195883
-0.3662877656003583 -3.966647501085054
-0.17989952719634877 -3.9735395967528917
-0.3138140284216813 -4.036336817195692
-0.2840467285677124 -4.462776988941313
-0.2624278726385254 -4.269536862658967
-0.19946635630523943 -3.8961505856189294
-0.1695640012990289 -4.121733029311866
-0.3903486953991931 -3.9115929727061145
-0.21612023037724437 -3.8543223897029164
-0.2654349743182848 -4.238840900062088
-0.2615135815303987 -4.345129744597739
-0.295947116381871 -4.417818580604741
-0.20101163950540624 -4.187315015816813
-0.1880071481605204 -4.001978841444808
-0.28654366699788897 -3.8596228668364496
-0.29582064595671936 -4.062209405815412
-0.38491689141866986 -4.395582727982197
-0.27551445132359803 -3.8976990048507734
-0.3724853112982365 -4.036202433784245
-0.2013156493179277 -4.3858521018743835
-0.14342961640080992 -4.16295641729102
-0.2023818147947385 -4.05487121030218
-0.292857139742745 -3.9989042415114016
-0.20994174633301244 -4.093449068742376
-0.2362832736522512 -4.503186170381267
-0.15930114674369902 -4.293387259326588
-0.35623832668257893 -3.92299425473594
-0.396057201284662 -3.849044801121482
-0.3931130946868554 -4.4108034083881345
-0.24053868682607724 -3.9384931314436304

-0.3644061347225748 -3.8462476301324484
-0.2246669460904634 -3.9677799439616583
-0.37551641245108414 -4.250801880914433
-0.19981319162657568 -4.1020132609232185
-0.3298586523213529 -4.017005867699276
-0.19638986714528814 -4.025261778153041
-0.1347109263701849 -4.180922474277069
-0.35848171616924346 -3.907041085221506
-0.23316862212620132 -4.364982515629521
-0.31870536325464405 -4.504468860358824
-0.3556943757325266 -3.9101182584897667
-0.21447469749961393 -3.8995341054041273
-0.3461866637396733 -4.472923946450447
-0.391151585973461 -4.355818781408457
-0.3108879025074692 -4.306830658979664
-0.18821335837624786 -4.009131857247194
-0.1230726749643054 -4.203394039269477
-0.12031993972400529 -4.100755268853275
-0.2085620836284817 -4.054000344854108
-0.3458667702439742 -4.10045672783487
-0.15379063219777306 -4.0127031459634095
-0.28687916192338403 -4.02503595915182
-0.1753090609057536 -4.157846263595254
-0.37276774571192056 -4.414477369422368
-0.1503088037379287 -3.8670627848457415
-0.2121929057684055 -4.09205991261212
-0.1732755181036208 -4.280036332249881
-0.20672001563060038 -4.520928729947984
-0.1576603010446875 -4.349730766617678
-0.1996572348201166 -4.315014142137669
-0.21109122744436876 -4.125990285827708
-0.15731174815214607 -4.316336020918371
-0.30663960715445526 -3.851694051515304
-0.1340898926793574 -4.1596791218742135
-0.31691189079471427 -3.9038551130466947
-0.2491271619445635 -4.088481121629775
-0.1155877997316172 -4.427629279080964
-0.22906997051091899 -4.393003133290434
-0.15221813202886844 -4.34725515429508
-0.32413013727322537 -4.023571666534707
-0.178467185527919 -4.417217541108914
-0.3232072498430233 -4.3583227893127425
-0.17606520923242053 -4.085004593440055
-0.37139288569914264 -4.534091545374614
-0.11622791137487398 -3.819149266381629
-0.21689281357572515 -4.0106727826845425
-0.2692157664802576 -3.947507800838861
-0.13582114751281849 -4.493582105462449
-0.25877840886869485 -4.443023860947
-0.1836511471197482 -3.942367520699393
-0.11809085250188306 -4.117026941254121
-0.3705466961062376 -4.087191666045905
-0.20514270076302285 -4.4943974401006495
-0.30365397485795725 -4.0873922575141375
-0.24513021729828605 -3.8964968261932498
-0.33850691362384905 -3.8354608892491227
-0.28083561299418824 -3.8858985413808216
-0.23420994468206954 -4.346170150642044
-0.16708875932083156 -4.3575693919954235
-0.36710571215375926 -4.539012594072199
-0.144106662901072 -3.9723656985971303
-0.17310669005230936 -4.54558179937839
-0.1247617353213959 -4.117762289201339
-0.2688144222231582 -4.092597820127792
-0.22024452394244473 -4.36470796389926
-0.323295339692759 -4.160703712012413
-0.30215338913712025 -4.570018805525659
-0.2861991990167473 -4.051221188023628
-0.12240276422674212 -4.155125166898825
-0.2355306763255598 -4.144572809842069
-0.36855182900944033 -4.416465068810326
-0.17350173430761962 -4.389512470896574
-0.36466153406333124 -3.877218808633587
-0.31736149527154467 -4.384207439592613
-0.11700520539162845 -4.233267808395734
-0.29202667042590824 -4.257276208132227
-0.2748868134536244 -3.885321614878252
-0.14147627707246724 -4.578568712640077
-0.23001662517754265 -4.475660702605167
-0.3252854953029278 -4.357629200196032
-0.3797186376652603 -4.184898781741577
-0.17739856038830207 -3.986343505773133
-0.32371384084083443 -3.993378975911449
-0.1095466902225467 -4.281199066340301
-0.28529443829267576 -4.391718944822061
-0.35283022775640943 -4.15523478088525
-0.37449354077287444 -4.4831409433360525
-0.25180228592519105 -4.503685500401723
-0.18035997930317493 -3.9800856961798727
-0.10615488281247226 -4.12993898754169
-0.28157164658903505 -3.8699373359203326
-0.21528901929558958 -4.32408825842995
-0.35341545023850096 -4.1326700707122646
-0.1303685420023193 -4.205835531521608
-0.3299683701254549 -4.489962882077759
-0.25777552871363596 -4.410837045215089
-0.17809090459131946 -3.9561895646873197
-0.35446305912181153 -3.872417569881143
-0.3211511594742274 -3.9806759753463528
-0.15687965841793577 -4.075321039808706

-0.15577469213427708 -4.16731548549597
-0.3000627389093252 -4.307332722941146
-0.3272658791048103 -4.423779065565653
-0.31291909324897593 -4.337873597894851
-0.14658747564211477 -4.321369393775078
-0.36014152332675126 -4.540520117640239
-0.16630125600809187 -4.352083010153295
-0.2566273198760106 -4.3234161685725985
-0.33866188427235333 -4.471928859765502
-0.18896032197461102 -3.8181524188431832
-0.12239811754105123 -4.35847009918415
-0.27236773470348363 -4.1672969943635385
-0.14058834785860586 -4.146688596523953
-0.28075220061019274 -4.201165051037419
-0.2693293818320614 -4.16303613345896
-0.23043675691068205 -4.40030896834271
-0.2202715651558534 -4.2560882085147504
-0.19538347906449754 -3.987544173653053
-0.3668384612534437 -4.329918007576228
-0.33622532296149826 -4.295120986719852
-0.3734034615892266 -4.2727131360726816
-0.3520653568205988 -4.008879866043124
-0.3500798781277048 -3.906018404185614
-0.27008974763677457 -3.991383472563307
-0.36197923057309567 -3.90730825211082
-0.16319684322813974 -4.356859071425974
-0.12905263410501044 -4.09159067514655
-0.3441269027680106 -4.3914878073995025
-0.3180317192545428 -4.544689261855747
-0.31175686665463553 -4.009620361500077
-0.11580116322307737 -4.058571326755871
-0.14306466661571787 -4.368258432521863
-0.3502604296606978 -3.872118128669939
-0.33123951445475974 -4.099934561402809
-0.14975665306725028 -3.85123549170141
-0.23299683519811903 -4.137774332604879
-0.22567370199713263 -4.3650773163410514
-0.20620831137744852 -3.910932901075981
-0.10121261722765373 -3.9339360842720037
-0.24169288092318256 -4.054996911363719
-0.1614724486442911 -4.553104917918748
-0.16954031567009822 -4.31523618428097
-0.15299053427359421 -4.3957124060547
-0.2347573963236415 -4.528960565940987
-0.2623562644935224 -4.081194427292951
-0.23505791558562694 -4.502768019555818
-0.13788396270882874 -3.872313737200459
-0.2174817327020621 -4.455474082682114
-0.1809220602216384 -4.462428133020613
-0.1291319190598409 -3.9940472644233385
-0.38792511566252186 -4.13063325521677
-0.250123620799943 -4.040297947106526
-0.37187632162553536 -4.047823443465679
-0.2634801031602019 -4.2377795550769415
-0.3465469576961037 -3.86083446599089
-0.2477780091005027 -4.050649687252169
-0.39170874405803113 -3.9942494526294707
-0.36335543081380794 -4.160858168241073
-0.3857248965559756 -4.042230707418419
-0.3509846966533917 -4.329980063231174
-0.21803576929837082 -4.267708352883871
-0.34865933939873667 -4.321095819070871
-0.12491282860497516 -4.170733157558741
-0.1193669171907587 -4.300391370947468
-0.38269137990418817 -3.977574521981514
-0.135450430029041 -4.172163111305421
-0.1457486306273002 -4.001429156734207
-0.33177080425273975 -4.052896811164424
-0.15919397116817113 -4.50543659421832
-0.20069643887071287 -4.131980945393287
-0.308570829331271 -4.219067440966558
-0.24610109164296 -4.356633411900029
-0.21984288116800668 -4.059504109650356
-0.3499070075453074 -4.018000369102635
-0.16745650286088298 -3.9373581237342155
-0.3974346899662107 -4.086211936453261
-0.23640896603724304 -4.253411907124012
-0.2709760888153031 -3.988719411163934
-0.38939646964466884 -4.325613918913625
-0.21220213824382603 -4.556082236445949
-0.23882591625052804 -4.09960684503868
-0.14636981037344615 -4.11739043933604
-0.20507735097182764 -3.8167550266932864
-0.38669328507451245 -3.986768936975115
-0.10992545706879747 -3.8916220358934916
-0.37557815058782945 -4.149277369008367
-0.38228139067856726 -4.478398001930974
-0.353188477516284 -4.486885199846477
-0.3708520597506727 -4.458286784365113
-0.2386609942403392 -4.395459404583982
-0.3202107420426141 -4.233580439411346
-0.2447252854156111 -4.563336313213608
-0.38483942877288624 -3.880645750501925
-0.3848156136404554 -4.470092001724436
-0.11996005789057429 -4.242937719409488
-0.18600079545546022 -4.166074942590034
-0.3613719344452442 -4.101705351824754
-0.3196332393185285 -4.540960490287775
-0.13213209650211405 -4.435052534065914
-0.1521010598509389 -3.8457170411466124


0.1446876911980038 1.9001677940586998
0.09106212963666592 2.400128943244765
0.08103977750301888 1.6911059715224344
0.09019541312180956 1.6393609712745574
0.2329070069151175 2.3521168768040264
0.1482100779691662 2.1034089178109547
0.08573018178983292 2.351350794862638
0.16960954515756496 2.3749251139005687
0.12189828313762358 1.8864366852334755
0.18665503034182152 2.4221037075701535
0.10220774244709173 2.3214793831162486
0.1074699194657612 1.833536887649148
0.10965231963422908 1.5871035426728035
0.14734997229830757 2.092318068391577
0.11443667231149206 1.771803668519944
0.1379697933056923 1.8754764275060847
0.09748464285770898 2.0009939886244776
0.16898356761327119 1.5430945939156295
0.10028460875232541 2.385296428102376
0.20704539242039766 1.5923457132430725
0.1009881138181212 2.1304307658545607
0.22526239096372708 1.9273644109321832
0.2018788505747941 1.9009962757604297
0.15344881516881068 1.6290944379693295
0.07584091267934054 2.1210306980651517
0.18361118779169056 1.9045230718501684
0.15679116516489666 1.6387515088722
0.13879839037904146 1.9876138929170217
0.12278380139204165 2.2650401982158748
0.15080197007287466 2.2156298982007465
0.09128750909955363 1.7933764204719118
0.19825478187149104 1.663427188629225
0.2496711199785327 1.5992038629210557
0.23217347475853933 1.6043916086855652
0.13677357771009535 1.7906568742308664
0.12291948737252464 2.2863367210674705
0.18063777071978598 2.031415499122926
0.20357341914204663 2.3901953653233416
0.17573160580862612 1.8110870417022717
0.118244638279052 2.1559442927913155
0.1071382321825468 1.9303568917658804
0.18309437146989976 1.5502984899179277
0.23716030004847471 2.4980791077604927
0.1751399518140218 2.280331651888802
0.1680239520237477 1.9883460313534136
0.09283319631570738 2.173560222499206
0.167558305770396 2.3056120259396735
0.12312225857697645 1.5730587831939493
0.18633506226534774 2.241813798300777
0.09680798384036968 1.5522304951989212
0.10777450011501111 2.26175660884166
0.11123356160772419 1.9232186207835946
0.1436730108996823 2.192162847692725
0.1455096362596171 1.6396243163367223
0.1864869769527286 1.6847886921676412
0.15379882567039285 2.020664328715958
0.184003586172568 1.6145536996371987
0.07577127981846787 1.5501085991501302
0.1784519693789305 1.8238185671994858
0.19688295688969842 1.8886126764632727
0.07998201416490175 1.9238953544246788
0.14315674759299607 1.6986734625098343
0.08273929723553074 2.4311242753812126
0.15447437229163485 2.4154323026631084
0.23154506196254704 1.6234975015747524
0.16294828282672824 1.9601084416546946
0.10055159660238623 1.6592172144673762
0.20346168402196096 1.694316781808733
0.14631187940176693 1.871550226962015
0.21090908885369353 2.3262427543610196
0.1182234318947533 2.3769947072253723
0.09325516326625023 2.2781978351785765
0.08846536426812031 2.0112861006873244
0.1275651113310477 1.782149244252372
0.19437316178100061 2.12981311271676
0.12267380468605457 2.1974569910866713
0.12018964047446473 2.2556611294834448
0.12417718927831906 1.7604359953876099
0.10259688425729924 1.501414075256609
0.16346029232936055 1.6760702609691567
0.2262215965093079 1.9647471863410377
0.14768744934575173 2.428618134019633
0.2300139315367214 1.5844459841741831
0.14062288363187597 1.8398073998384823
0.15644630967032477 2.473062427138819
0.11116398569403155 2.2702856007727967
0.24173235092012796 2.2526722835910205
0.19203968469020127 1.735972934948479
0.07676603382921848 2.3218842637611488
0.232994554029409 2.093036035762399
0.2379002502420341 1.7007756020184641
0.18168732721284392 1.84232043625286
0.08182401132725592 1.8052723246043043
0.15791187350538805 2.2638320450435168
0.2132623699420903 1.8716518350093492
0.10821983482960401 2.3086836352030438
0.21067374368699654 1.8561697278802578
0.16539502673562834 2.0819716565624757
0.24990263834224447 1.9359411379947216
0.23816496670033815 2.1563046066033396
