20 10 6

0 1
0 1
0 1
0 1
0 1
0 1
0 1
0 1
0 1
0 1
0 1
0 1
0 1
0 1
0 1
0 1
0 1
0 1
0 1
0 1

-0.3150432838655781 -1.585052700443299
-0.31331107273004216 -2.0475176992936204
-0.1272456770407871 -1.7343299846613123
-0.21034852693994752 -2.0593277518404607
-0.12075509790517125 -1.5422789089196518
-0.3331933974612413 -1.8597879004080866
-0.38774617248356896 -2.208534107539902
-0.1889751170160743 -2.049287121141088
-0.1826680663986151 -1.8823408798880703
-0.11978314893693331 -1.9444085617342468

-0.2196209074925635 -1.52266347003702
-0.19092388837307667 -2.2067744869434347
-0.31114536133765075 -2.0097274646130288
-0.16542608469372158 -1.7308126037056335
-0.19157376392876257 -2.0737290892679896
-0.2548387127615755 -1.7809143539143442
-0.13120220306340652 -1.5308046792233374
-0.32573199047663054 -1.8039241423760342
-0.33692958576623927 -1.7463406175942982
-0.2233437938188849 -1.8864532723100742

-0.1551335291670863 -1.9739592923883873
-0.16696069078766068 -1.5452125777348018
-0.15991862534748102 -1.99184280312565
-0.3067040858245993 -1.5193497640034623
-0.1387448612185771 -1.8804053422889935
-0.18341493431483352 -1.8861977303768955
-0.19408542191291658 -1.9697677223456205
-0.34142437820445554 -1.7147721941677707
-0.20172549956423635 -2.0784370326914394
-0.3044650262399602 -2.115927072809648

-0.18801248389455094 -1.6705289711980607
-0.30045713226696136 -1.9765584406969283
-0.3674259517454788 -2.065267997424519
-0.19793116963211094 -2.075601652759081
-0.39135610299881174 -1.7412496161246533
-0.2818930331403334 -1.978300864029634
-0.30251505860862715 -1.8221283311143404
-0.22003797183813234 -1.7958945850304922
-0.179511863955723 -1.7200368128619
-0.17599346358085904 -1.8640465730680504

-0.27186642400867855 -1.6522328563894397
-0.23850618779764415 -2.084444850362915
-0.18751426789310843 -1.6569795171852086
-0.2860504303195373 -2.085938431330741
-0.30677564562977977 -1.8173103336580108
-0.20204302275160166 -2.0763813846696904
-0.2077769647466963 -1.7844161316847194
-0.1187973095151989 -1.5661063471836825
-0.2681382170940297 -1.7737286900921492
-0.10818108863738701 -1.7483635712813734

-0.16103217719643123 -1.5948639550057186
-0.2049043902379793 -1.6292070016923492
-0.30072123533994843 -2.2410296581029967
-0.21286581381733888 -2.2511346584767686
-0.2560256409377169 -2.1377722244689603
-0.142893331912477 -1.8550217624386274
-0.23528236646541428 -2.252081972172474
-0.34360272232608546 -2.2011556086375013
-0.24428218382526892 -1.9708445079351737
-0.32178919984186843 -2.1158265188322325

-0.31789238560071803 -1.5499244316251304
-0.2265690329417455 -1.9008283731917341
-0.24824448854668177 -2.00710260849686
-0.1504091933228692 -1.6358129194414708
-0.3823694180435503 -1.7627303678640183
-0.17685695615228514 -2.2080629628903
-0.2751056827625928 -2.039729386817744
-0.3090561945458947 -1.9304890553190959
-0.3335547928242314 -1.540097222189409
-0.12363048310667618 -1.8380909018404838

-0.22311806772114953 -1.5440580546400589
-0.2711080580132772 -2.1041741359448722
-0.2950162236295596 -1.7816440574546464
-0.26368119263355827 -1.6908145381531812
-0.13077346290259279 -1.9563835939950778
-0.28039611086777927 -1.9241459016460638
-0.3875017498122974 -2.255248655363362
-0.21486923703136027 -2.143555573331018
-0.16575093940850832 -2.104780524009326
-0.3287010026353929 -1.7437291914581494

-0.3124839440582302 -1.9957931407995393
-0.26601325009769083 -1.7449036736614354
-0.2247485191445773 -1.9446833001611186
-0.26033167436832133 -1.7431809760884813
-0.1518962477560766 -2.0938422868923072
-0.1508425725415373 -2.0290869783130647
-0.34748769060081214 -1.9034798509669448
-0.38676032444160724 -2.0296044559918993
-0.1422387473588505 -1.9741298945045644
-0.3446763377178836 -2.1437398204774496

-0.31845436741030936 -2.1204119538584205
-0.2750453382509734 -2.001479684762186
-0.3726716835090739 -1.5810649954598355
-0.1649244581303471 -1.6757047197848447
-0.3114955511683152 -2.0139851532092456
-0.15540282187329052 -2.257387745525702
-0.35810228767132585 -2.191197397908828
-0.31782319205807624 -1.7795664578558366
-0.30920100145632273 -1.6400797214338105
-0.29652643365084563 -2.1714208786148563

-0.130756983951484 -1.8468978677423749
-0.1934398512835479 -1.734572691198844
-0.11912531454081887 -2.1527026470127733
-0.12594992802725613 -2.080732015529401
-0.3481715623157949 -1.5820108470726124
-0.3687384261307745 -2.1279469947150695
-0.3144508382287885 -1.5498684250655963
-0.34425788209202435 -1.5323321217819847
-0.1313252933539178 -2.154399455262965
-0.15419615828194025 -1.514871865243093

-0.10782417636646963 -2.157867746503335
-0.15521893232886244 -1.5642243234502002
-0.14013318373220085 -1.5811368803181678
-0.21969528692361823 -1.7241507875733477
-0.3289669194524877 -1.5519275869174483
-0.2303542966911459 -2.1072441353883122
-0.10391612184513233 -1.9711183954343179
-0.1534857710897866 -1.86722095372328
-0.20922706897735902 -1.6616167023721875
-0.2900038756276532 -2.2330963388748772

-0.3889522247652705 -1.5982899462894282
-0.29374211859162785 -2.235963786902777
-0.127453242282847 -2.1778094632026415
-0.305007889740332 -2.219931581264275
-0.34353473206866747 -2.1159820729147074
-0.3171570110731403 -2.248563811754051
-0.22040850561266465 -2.099764605745144
-0.34599924189616693 -1.9486345312798752
-0.3340545697445719 -2.2568958046867436
-0.2577658338500832 -2.1665031046287133

-0.3587692329380492 -2.0920099948194535
-0.38424430639423535 -2.111077262372391
-0.19680566040194575 -1.532174208325492
-0.26007931598787215 -2.0087747941091387
-0.25654058010346076 -1.8625489597214175
-0.37959504630325674 -2.2578407374747242
-0.33090471909860997 -1.6258273644770962
-0.3783354430503225 -1.9234192279010038
-0.1221559087912582 -1.9888790858760677
-0.35182333671378596 -2.237553060399187

-0.11308018010140797 -2.136496730249552
-0.10111534133831213 -1.622480398870908
-0.3063080854335653 -1.725017517410734
-0.39774635564660027 -2.2622473503422467
-0.2767928400416344 -1.9687607538210041
-0.27661841065245074 -1.8093753760694342
-0.2436241431146843 -1.794300797231563
-0.19472503529939242 -1.7186109150549216
-0.27712410315583524 -1.6795714155650505
-0.3661526185342254 -1.591150011975965

-0.18740781059245454 -2.0679061573134025
-0.36599767123058824 -2.073184113187754
-0.1450232615963768 -1.6527298037774143
-0.12429970828950515 -1.7282599407024664
-0.16305187954660819 -1.5714355605501242
-0.11476507171241157 -1.7909759703396617
-0.35914242660307627 -1.8798152527975946
-0.1332192287985251 -2.20013797570862
-0.26433430665060126 -2.1356287686812743
-0.33027005731817705 -1.9216667955089322

-0.22326830407032727 -2.0979326934502947
-0.3282059526167713 -1.7348567817473548
-0.1597803234037169 -2.276286910818183
-0.1207424730012322 -1.8959605820133212
-0.18778230524321465 -2.0483596035077927
-0.17609071224309558 -1.6099361067104472
-0.17532388830891654 -2.0592181819816706
-0.23608031261109907 -1.752778328524621
-0.233563312764336 -2.112768756272408
-0.37416633464885823 -1.5122369703569487

-0.3604126052231624 -1.642720575851142
-0.26255545520741164 -2.02906630473269
-0.16042782503281416 -1.5672886833431305
-0.10293287552257557 -1.9286727263621022
-0.15259429684498496 -2.1483692783443717
-0.31629377679129234 -2.2353944598679503
-0.3391214361814695 -1.8699633117914638
-0.3140440247231966 -2.1231196764889106
-0.28939932254293327 -1.7123660393632836
-0.25405236188933306 -1.7973125698202104

-0.16884593722964822 -2.2087645058216796
-0.19491791730854466 -1.7805664025014227
-0.23987724462382573 -2.0509663894065824
-0.3043438095824285 -2.247527499908869
-0.254511469453225 -1.8248130218780505
-0.3718679964680988 -2.139262509963152
-0.39382102865471835 -2.277335680459896
-0.3714349549416865 -1.8174540628056053
-0.35039290344127894 -2.1828336531948063
-0.35594390408099397 -2.032387861669625

-0.11485522449395436 -2.1673444739978147
-0.37159747017522443 -1.7430179634587621
-0.37476199107884633 -2.2487683330531474
-0.14344939960463193 -2.1813334414597567
-0.3021449222965166 -2.1551566983752757
-0.17072793033070993 -1.7623784768085546
-0.1355399956050154 -2.1683915276315897
-0.24566053269263166 -2.160096673209257
-0.23873196171075795 -1.8948900530931385
-0.1261044504574363 -1.6075451854247966


0.11983823903500407 1.6033616777287978
0.18088155225879804 1.9607390093933426
0.1704728273145581 1.9734373676576196
0.11302313491319321 2.363116932430265
0.23108062840858284 2.1848751975104856
0.2274663751440183 2.180824327530464
0.10972063286065897 2.4083113060919406
0.10037227678749927 1.6364231978722064
0.11553908748007251 1.9863212240149961
0.16402088107907575 1.93520846014766
