20 100 40

0 1
0 1
0 1
0 1
0 1
0 1
0 1
0 1
0 1
0 1
0 1
0 1
0 1
0 1
0 1
0 1
0 1
0 1
0 1
0 1

-0.1025868425461639 -4.40202270920966
-0.2485760759045882 -4.411113580001951
-0.15411181119663908 -4.201820531700206
-0.3329528069370261 -4.0459017737428145
-0.2179845345840384 -4.373025800190043
-0.27449195271697713 -4.016104561758028
-0.39988892797953707 -4.278593904748568
-0.20052075346452253 -4.192030220754949
-0.11096859273934595 -4.101440623494923
-0.33611069755665657 -4.287014372494467
-0.32970977897047615 -4.087913286583612
-0.34325082351633374 -4.250292927112332
-0.3911340029130998 -4.566350197427784
-0.13747903854837817 -4.103582533502464
-0.33555979779166933 -3.9281906781422853
-0.15205203031480444 -4.490856915126452
-0.25974629456386344 -4.29403751365881
-0.38735430921247305 -4.2509521397640935
-0.37103165500134394 -4.100944785140392
-0.20094045925224913 -4.170978779229803
-0.12936983982109507 -4.288390981904457
-0.28930234430251356 -4.344320247971872
-0.10515198202332943 -4.287001510310457
-0.14655091301682988 -4.359973438967938
-0.10975774020484047 -4.524970659896824
-0.19598851491183508 -4.457788896363676
-0.14119219509316344 -4.198592462183628
-0.359699597910038 -4.219834225156427
-0.33756520412675367 -4.543271741947165
-0.3760780483177679 -4.535419489069233
-0.20444423415901436 -3.8856495870205703
-0.309135608710964 -4.127364188601697
-0.17859781039688438 -3.8499899247248996
-0.2248733488191211 -4.351550934776913
-0.37299793445839 -4.571019520762394
-0.12816367932346523 -4.122148779920607
-0.13009985987877892 -4.518326565586548
-0.33893766162561884 -4.0483157866397566
-0.2598852131122055 -4.205992081447796
-0.2200242887330991 -4.475938589071923
-0.16213739792655882 -3.920904033037443
-0.271636043572239 -4.476802752518592
-0.32352548961554073 -4.118370739258041
-0.20417525608584308 -4.391383429448352
-0.257104541617004 -4.498096289887813
-0.19151961198390877 -4.512805798626527
-0.3568116322745778 -3.8676920510654544
-0.393859175115291 -3.9944000884690123
-0.18350091712655064 -4.088613155460282
-0.39013246448308897 -4.421834887825008
-0.3984883977836904 -3.920714324875865
-0.2412262335642947 -4.569995921699645
-0.1108449284655888 -3.8937923311257405
-0.15538639196935822 -4.577125972192595
-0.2576397646382142 -4.262207138973958
-0.18837250896646252 -4.1991241787613784
-0.3158861696111254 -4.550693141666739
-0.31407044394967953 -4.043839406436797
-0.12838234270726 -4.281912237577228
-0.10205964646376575 -4.03413263532706
-0.2738367678110933 -4.547335376212383
-0.16206165760062347 -4.294382247341963
-0.10907726523178507 -4.2431823213779065
-0.36472205253653955 -3.826851973480643
-0.33042716686372586 -4.2127307880948255
-0.3753779301686184 -3.839499236517328
-0.11512348463426286 -4.406973755906589
-0.2521165460545581 -3.9986589213876678
-0.2630809282345341 -4.313075412048194
-0.3506279280107186 -3.877836246639371
-0.3522360102260729 -3.8214424895505212
-0.23622161348103896 -4.2299311599159335
-0.10648662446364748 -4.426258391832322
-0.22673054860359923 -4.431146997924326
-0.2577999465667896 -4.366898386962539
-0.2150162610159435 -4.5102101495136875
-0.3661149454070488 -3.8869320974886223
-0.2611357207409009 -4.260245704859351
-0.1070498939151861 -4.389034007492815
-0.35290447015163806 -4.509113906289179
-0.2699260380087296 -4.174832378143745
-0.18830888721071232 -4.324278108073832
-0.3225779865237519 -4.309726639291187
-0.35306150762459304 -4.22282258106919
-0.10135565617449904 -4.044142609957861
-0.3843724128590847 -4.470623510499072
-0.33650074789194634 -4.066627095422451
-0.3799331704791134 -3.9039889373111616
-0.32001957076647464 -3.9982150490588113
-0.24035441015911857 -4.139608033872287
-0.19766425664579354 -3.8529786828860138
-0.1279184843267664 -3.903955662536074
-0.3249099718880867 -3.902470559551217
-0.2870012597605297 -3.8556402075318688
-0.3493337885980584 -4.332737585235674
-0.26527548649525423 -4.284295553168061
-0.3484639185832833 -4.578638199496819
-0.17281315487376506 -3.823101640339927
-0.3371539644895467 -4.382671367867582
-0.20107463411441304 -4.578149645437232

-0.16997716415946182 -3.875842493643034
-0.22626079353042744 -3.9287167028783223
-0.2395034199929541 -4.369932546247547
-0.20498533428032314 -4.296154061643439
-0.3673637562562589 -4.578109308570205
-0.3855736730904121 -4.350928439738172
-0.15906285828755268 -4.139920074343703
-0.13913969993769576 -4.319616299107345
-0.23831474214595427 -4.47784896377888
-0.28559739116950233 -3.8249504868167072
-0.22685605416840224 -4.321234345402405
-0.32366069034178774 -4.010359012906824
-0.23154743484181983 -4.5591751679377674
-0.1559947271903912 -4.141561714542591
-0.22911292626494192 -3.943961595056795
-0.14331629102931154 -4.0780383394169535
-0.2839346357403984 -4.463883366086165
-0.359419741303702 -4.205910561381617
-0.25540895264180524 -4.472762328775151
-0.3673257153606707 -4.279977089590186
-0.18436661412339686 -4.126969193949592
-0.2742486037804185 -3.906684350483225
-0.30793413435038586 -4.56317492688061
-0.37227772916748836 -4.453674820447639
-0.26609867310471313 -3.930398536654616
-0.31814039531226684 -4.215081805541123
-0.1029033795623534 -4.5349432453771215
-0.29475382382884235 -4.168151789655448
-0.2831217976157801 -3.8174780283775016
-0.2954194833089669 -4.5672925038343095
-0.2864224335102573 -4.19501591886722
-0.39020635005989257 -3.818894153138885
-0.3832386099031876 -4.524635224633575
-0.37234078884505795 -4.155665672551878
-0.13808302804000067 -4.531509978777458
-0.29475400171759875 -3.939347649130586
-0.26366422586399724 -4.484731554629011
-0.1997903551625082 -3.8522371473640646
-0.24670118057698942 -4.270891116669701
-0.20390766957871825 -3.9988861133011535
-0.3131320509946096 -4.146036160172913
-0.2734262110269545 -4.493705793881084
-0.3482770792119446 -4.1671674290188125
-0.2797758563176682 -4.179747402292014
-0.31313404076605605 -4.057812032656031
-0.30004855641932526 -4.4170693551526155
-0.10399700931259326 -3.8376014482608882
-0.20016773199660345 -3.849355021411504
-0.18906738967476855 -4.271015137946618
-0.2377926243841328 -4.046838106253557
-0.26221478291130185 -4.546374267204086
-0.3644775511052937 -4.268568869647678
-0.3490990552698513 -4.023584507456748
-0.39268474569966355 -4.427124744592352
-0.17850202674720922 -4.199574132201559
-0.32279302064662685 -4.202138070489356
-0.3075377146892947 -3.8276562530169396
-0.2484553282224835 -4.399630897803993
-0.3607237888460042 -3.860653066739858
-0.18637238233432346 -4.342020175825579
-0.38826983714393715 -4.0349325237341365
-0.24552970962716036 -4.12874084760418
-0.247020163861985 -4.075242561601087
-0.1541961741830686 -3.9502911093271207
-0.10596898203535332 -4.134776126440323
-0.20779101224494176 -3.839484342399524
-0.28577727878708226 -3.8633057937931103
-0.11682844515370383 -4.477412892947678
-0.2070621739458054 -3.86703694059395
-0.3134432807686019 -4.343000741070003
-0.31081012836504346 -4.497345182665521
-0.12331207623758483 -4.434960678132973
-0.39276484349558144 -4.306356383209609
-0.19289999829063084 -4.210009931553339
-0.2543296506346215 -4.232094306284954
-0.29089385158554737 -4.291960999964468
-0.37339726856380534 -4.319506118820997
-0.1786504689267747 -4.263467161226904
-0.16065085947711338 -4.0004849925278725
-0.262530568131299 -4.02477231085071
-0.19453629662016156 -4.419760253601575
-0.35231651465844127 -4.284516186536841
-0.3821302133391919 -4.31237951503614
-0.35754173745910717 -3.9569816098541355
-0.22217301879482068 -4.413362032362518
-0.13982591887975476 -3.817598822799651
-0.12492410080600985 -4.414505297086362
-0.24656671554080425 -4.346884580014338
-0.28804872531226133 -3.8167299508259527
-0.15360659837925347 -4.336463235280757
-0.36631954575420367 -4.312875176994875
-0.32822015394510295 -4.267012857794671
-0.1928584759013542 -3.991093599522632
-0.16595790854851108 -4.151597709921627
-0.3296442411552442 -4.35365661850358
-0.28616275137520286 -4.410309637362298
-0.31677118511618857 -4.147279394067701
-0.10678816052108353 -3.955549735372376
-0.3601907502325576 -4.545200326819
-0.27884700972557913 -4.473720659619835

-0.17954412182210575 -4.468873130167613
-0.19332581141268512 -3.914136959134506
-0.2533080499593561 -4.1682534437188545
-0.17756633515923895 -4.16171942471662
-0.2893259991594139 -4.156744224040294
-0.20690972189948204 -4.093662904249665
-0.29691722032139284 -4.167166093420388
-0.24839040667122053 -4.071788258783489
-0.13409998999560435 -4.059895689082041
-0.28599406692802587 -4.12243384060116
-0.2942093213563681 -4.053025137425834
-0.14942874770605952 -4.313457953205105
-0.13276226880916003 -4.198499951161066
-0.18978311835942704 -4.205916205834256
-0.3323334168332186 -4.376369891246914
-0.3251378891697285 -4.2006814436298345
-0.38874084795452574 -4.5328351363516175
-0.14376554976526612 -3.943450760912137
-0.33472143831900736 -4.357281183182662
-0.2683863200560927 -4.005908661413184
-0.19340228728271175 -4.483774416091095
-0.19741516270659273 -4.087086174121325
-0.2997517321293487 -4.0584139487828725
-0.2736368472060232 -4.293391239471564
-0.2611529003001558 -3.97123472801133
-0.140515064691834 -4.580046737633316
-0.15236622398813596 -3.9735637930188825
-0.36171042913670354 -4.166429451082484
-0.25581356490490315 -4.295809354762391
-0.29584435058272435 -3.9078966851230366
-0.3111617560758312 -3.8763009916214353
-0.1835364434385403 -4.095505525693066
-0.19309428448308302 -4.1304691149033905
-0.18733070220352346 -4.152816336521594
-0.32452325872413773 -4.295954755831965
-0.16201962239816223 -4.533869372464107
-0.10961157779399716 -4.415425321123371
-0.3976572579191052 -4.450039177263602
-0.30538217704243054 -4.273025557631337
-0.3085264980572735 -4.415561627656744
-0.2607314532897671 -3.8418799598776365
-0.3694412692861918 -4.093657114756765
-0.3542845730780734 -3.954021746284295
-0.37922707348716267 -4.5662131772688905
-0.2028037845576645 -4.092882361158897
-0.29486137605946194 -4.4794778837959175
-0.2717004528515188 -3.8532340450312486
-0.18910309426105695 -4.447895541337585
-0.24273798999518453 -4.413662696587314
-0.35696700688256827 -3.97889367466306
-0.23109379472585362 -4.392487198655382
-0.18320919241109493 -4.304703542405721
-0.10439031298862916 -3.834801192224483
-0.2675510799811315 -4.482580505178451
-0.30614579283576876 -3.8905500649849913
-0.1295088331548192 -3.8123331098305075
-0.10143712776689184 -4.2942851693648825
-0.39998045337951105 -4.347412149886703
-0.17147093914026187 -4.061377704926852
-0.36713597803081655 -4.3807626106642195
-0.31521532961686183 -4.108417398996474
-0.2861814271820863 -4.292011839122014
-0.2619226227066418 -4.353305759558039
-0.22391029990021732 -4.532210692993747
-0.1006211307172013 -3.824404069433868
-0.3177961042848376 -3.860151756257515
-0.2957822225685404 -4.256011093430823
-0.3176093102182426 -4.472593282821934
-0.16140568380227846 -4.349537893741864
-0.15011242489138352 -4.015791600457452
-0.3770436547622367 -3.9819840568185625
-0.17689017386592634 -3.8290220120631133
-0.18445402758107673 -4.229222630448805
-0.21660591006673952 -4.366471464293878
-0.3850739628477542 -4.433473091812016
-0.2832316684399452 -4.294652000447458
-0.2500651873017089 -3.856226489844239
-0.314452584469732 -4.21930946463878
-0.28361972294565846 -4.081224107337437
-0.39226222314039916 -4.091831990768107
-0.23344301449287438 -4.36260182825239
-0.21857119269205477 -3.8585455871980754
-0.12350831945862212 -4.216808014586855
-0.33118240126629717 -3.8284359355707
-0.3610005584809585 -4.20575286259289
-0.17893834835258346 -4.15793271489037
-0.35056899036588257 -4.580067191122117
-0.3147595315745468 -3.8732715519309973
-0.24736909036723642 -4.4321700236702375
-0.11733640349712904 -3.9419612246902966
-0.3247559811106062 -4.519015702780127
-0.20972471928981137 -4.495452795348359
-0.1678677467024429 -3.9808578519967974
-0.10248919467318163 -4.528679229574895
-0.203280531634268 -4.415746444778508
-0.23818206177793336 -4.041001887672017
-0.2999884886407198 -4.13104814162521
-0.27554358657714423 -3.8159848334853343
-0.10798523954048106 -4.314008244217827
-0.20963646853416762 -4.551617220796034

-0.25824117519291734 -3.933064665511671
-0.39817936255597797 -4.569665351418722
-0.17392153699769472 -4.518792655485558
-0.23471575569081687 -4.262249992295989
-0.13826855224335555 -4.288193323470401
-0.25801424612748847 -4.48883070907045
-0.34366636602288736 -4.200229574213388
-0.11716847962141558 -4.535732973393576
-0.16037369074707825 -4.166684055736016
-0.34516871787874603 -4.543318630300031
-0.19425060489499799 -4.475869041014993
-0.3200425319852766 -4.293354375324145
-0.21760553080935338 -4.1756278480310876
-0.16486155504493066 -3.906013134412306
-0.14469249893141506 -4.4902103313565735
-0.21773031981021213 -4.257691620350526
-0.2100560092485217 -3.82388046601278
-0.168851707561949 -4.170519082758519
-0.3415785035906243 -4.153005301047134
-0.3258060720160599 -3.9312634140596288
-0.33396877921791157 -4.313787240216084
-0.3723659314500242 -3.981216776975235
-0.34323754756149905 -3.8259310421248074
-0.20803293403195042 -4.57198811121844
-0.2328230153870094 -4.189807259373647
-0.16891704893495027 -4.1657459095507665
-0.3757147780875823 -4.506144612375498
-0.3828527893469775 -3.8795668484190706
-0.27782111672009185 -4.36946735433384
-0.3561705463620741 -4.074040815143839
-0.15396532372117586 -4.5139853579389575
-0.32390078571839054 -4.044561066681827
-0.32528047825199097 -4.3982568099295385
-0.17111346836933086 -4.474554943949865
-0.35354611517739115 -4.083011524991341
-0.17562385564665148 -4.169045080392179
-0.13094614684115702 -4.215998522825805
-0.281593134059634 -3.9773310691893977
-0.19821873481659286 -4.116307299186355
-0.3465661829207178 -4.548983078200386
-0.35239940296885836 -4.535242964541796
-0.25520991933807163 -4.511406398987558
-0.33593076285581264 -4.4169979245370135
-0.2597634952679044 -4.2170091980054085
-0.11070728508761218 -3.9053497360277567
-0.31576023455447666 -4.474539460768605
-0.3976470030412015 -4.566989115378369
-0.30906034562747126 -4.543786368261298
-0.27742243622710955 -4.13017421133925
-0.3167902106542869 -4.473431628708016
-0.3937507199677399 -4.410753135266928
-0.11103192515764587 -3.9436267414230555
-0.2413858415335818 -3.817085948582834
-0.2941158141633793 -4.453190999890141
-0.364758780796479 -4.540683982506101
-0.17517517726341192 -3.988175126958221
-0.21533815013157034 -4.429232553003507
-0.3758466350038851 -4.39723083519322
-0.18825422059764801 -4.0104587516306625
-0.28606250456630516 -4.232515361422646
-0.3087803936641349 -4.3236808503230995
-0.1647049297966332 -3.879076029077952
-0.1950062615548519 -3.8938210151995656
-0.24508288225412697 -4.475991014519103
-0.2878611177606288 -4.149016714953672
-0.2117034536498803 -4.352702476618157
-0.35227515678648125 -4.468241667195786
-0.3672204610750502 -4.53229882379996
-0.2553546172965343 -3.889359250419863
-0.3077599356942523 -4.023270014863892
-0.18134132941949815 -3.8802147622197865
-0.3921348080258514 -3.867130343185295
-0.26068722415561896 -4.264741861017592
-0.206371110515261 -4.454445573245616
-0.13175108875458336 -3.957098072377843
-0.2910439555864897 -4.392765200797319
-0.3950455478558218 -4.159417294665167
-0.19800354252998212 -3.82043761762678
-0.276856106110943 -3.812287363701995
-0.324337422531084 -3.8898294261642006
-0.3948980353614114 -3.999576813688125
-0.2090168274604752 -4.510725537469565
-0.2919244100913367 -4.558062799803732
-0.18241556146698046 -3.8975250229135683
-0.25141850946459066 -4.436350354217635
-0.11876637043936017 -4.212934462972425
-0.1843827985395486 -4.138737772909097
-0.19906012248842234 -4.126809540118385
-0.3984223230165222 -3.9602562968323283
-0.3107171344075461 -4.563216066312251
-0.1919064910551648 -4.513056838829121
-0.16569300500321324 -4.530350764396037
-0.2025683642259687 -4.410263382124418
-0.1893246196949578 -4.449283223832905
-0.20650379766399465 -4.068746859580167
-0.25371866670245685 -4.130670329062954
-0.36384906873659606 -4.290751344985493
-0.13103460619789964 -4.302866595588233
-0.32564392853209073 -3.886714130847356
-0.22226803461673456 -4.320513575413554

-0.12653677640131394 -4.563983155534546
-0.35803487239150084 -4.100900300650873
-0.2645199967744861 -3.9868903823932516
-0.14722285794937606 -4.486646518696199
-0.35088510701505166 -4.374754994297012
-0.10794894993030152 -4.400433976999787
-0.22692623745227558 -4.311460433664265
-0.1779300403435396 -4.385111406885062
-0.2270257383261278 -4.121407147597002
-0.3359878913199121 -4.174761198608066
-0.30723569889091157 -4.338645263490383
-0.2642346304684171 -4.2435544044663756
-0.12681326379485336 -4.188383144126753
-0.10907665799541433 -3.8855567485594564
-0.2635607315132765 -4.432043822356686
-0.21380132059872303 -4.519353711616622
-0.2939319807308649 -4.536054593590307
-0.32868912907427217 -4.359092334928662
-0.1287372637902191 -4.2923168664208955
-0.1777452488488589 -4.422037317868651
-0.376766262306432 -4.065189951765295
-0.17698499357647857 -4.45770133985206
-0.37547097905458027 -3.8977274408915714
-0.27759903746714654 -4.361757395368253
-0.27405577367108086 -4.4609470821153945
-0.1571786955069605 -4.225829851186282
-0.215356551483134 -3.9258853043126702
-0.22819765882816787 -3.8179167938180125
-0.19401955321816808 -4.18061353635662
-0.3478939539199145 -4.278115957568717
-0.26072066905968605 -4.1556217818535695
-0.1864845615042003 -3.8449400269983762
-0.2658767128071927 -4.016223945492989
-0.1808245841894931 -3.968006805432201
-0.10477612830316496 -3.8834793226508495
-0.34933616100955944 -3.8407494647215596
-0.3724626326396091 -4.296916063803701
-0.3479222504202286 -4.475604084918403
-0.3051651963459119 -4.107467188618819
-0.15452480099212704 -3.930255742760412
-0.25821985809882175 -4.135851956377651
-0.30480729692916775 -3.973364488232524
-0.1021942263021327 -4.54510678633757
-0.38945787124273656 -4.137456141026057
-0.22392310267062127 -4.431877652950584
-0.37413848995767507 -4.2949408086730525
-0.3381008034321839 -4.192249535845949
-0.3388710806936401 -4.249269979670305
-0.19811593858728485 -3.9390427346506014
-0.1860141276484536 -3.9472356510280324
-0.22801676707481813 -3.925808540559859
-0.10456927469804206 -4.473336591758711
-0.3840456417525358 -4.482426565181399
-0.29590690648231294 -4.112907171328279
-0.37059391611845627 -4.008249495185734
-0.105384913750447 -3.990270077126259
-0.12708643826177735 -4.376062716648967
-0.2883550453468353 -4.0194352697145606
-0.18748993201849276 -4.31310915432756
-0.35731390067101676 -4.506725016389395
-0.12342688190737855 -3.9056677343600215
-0.2429077771044497 -4.2780330652936405
-0.11980035047036652 -4.126341612229521
-0.35437405811795186 -3.8603872092339655
-0.3717757368460924 -4.4511352701288445
-0.3952005251848424 -4.137339134239018
-0.27643097937399347 -4.132071895246444
-0.12818705158435212 -3.830527977167105
-0.3152940629206608 -4.14701202084894
-0.30291017848489443 -4.285852871376146
-0.10534915378145271 -4.377576170630396
-0.34521467318832083 -4.084528830311433
-0.3104223337002765 -4.494813241905508
-0.1757095708584291 -3.9688031116516838
-0.17154368041993193 -4.351552506119352
-0.3836406297933914 -3.951606326662388
-0.26922215374163483 -3.962072606313108
-0.3859905583948664 -4.071359456300667
-0.23021828846092618 -4.157968292486217
-0.34640051455217274 -3.853195797574191
-0.3808232565590293 -4.561916456529875
-0.36128133878279967 -4.025297017069685
-0.3117084651381234 -4.286633864367218
-0.10472503561950863 -4.30315215876379
-0.39054505696386954 -4.150101566047505
-0.258643696311605 -4.093326793292849
-0.3913560022051245 -4.3151471420270004
-0.22760431340663437 -4.316273445361328
-0.10398736544855947 -4.265957533635559
-0.2845257458368564 -4.132537318036679
-0.14289418855053793 -4.316011111499572
-0.15419826663745081 -3.9505181283451947
-0.1879260996109045 -4.509574599712963
-0.3344369012834297 -3.9215824500418517
-0.1202466153279868 -3.9268308220093493
-0.12414805002247226 -4.028646732974278
-0.21210602580478888 -4.422327534672113
-0.33731172391372055 -3.9840118720856936
-0.2913888924000533 -4.4697697799138645
-0.1818004228981596 -4.52716610176304

-0.3345709255344327 -4.0340139038617
-0.2899376672355718 -4.131121448666439
-0.36095326040666015 -4.164764634277117
-0.29576459994559023 -4.38500731553349
-0.19125004777452376 -4.4931421574296495
-0.33900853074826864 -3.957785880138576
-0.29430800089424874 -4.023222675817246
-0.32557151017845043 -4.161590561055582
-0.35276206181574293 -4.21471847320335
-0.3329576215282313 -4.4247837071980225
-0.26774877810147146 -4.106950196455046
-0.1724384572564881 -3.9072570251639878
-0.1836587740141417 -3.83386903395726
-0.2394801217713889 -4.44770792307819
-0.13070488012843684 -4.513847819242732
-0.14462156073809812 -4.281130218983275
-0.32261487449129533 -4.447380775818612
-0.3150004395963973 -3.9811937431095012
-0.22883313197723582 -4.448675971638669
-0.12650755385307527 -3.909562228439191
-0.21704418779059684 -3.877818383607416
-0.24234951595524704 -4.3608904615005954
-0.2824723274783649 -4.150376486094915
-0.21819528004469696 -4.020035977345235
-0.17555454466514542 -4.335766799268623
-0.13900551124833788 -4.542155329062743
-0.38512005937222693 -4.516044462781987
-0.2457132352425388 -3.9501052025768844
-0.13571595077837323 -3.9713642469607797
-0.2804425712570709 -4.147362930606918
-0.26852007655203114 -4.346013563359834
-0.27236010570976565 -3.9370313072442493
-0.202412425687468 -4.2697527787614895
-0.15266913805835136 -4.4381082480952925
-0.18357191268548412 -4.037903043278196
-0.24345451452936492 -4.228070574523357
-0.10805848250168348 -3.957842844030521
-0.2038050015995885 -4.192021454706045
-0.1893507195922864 -4.085429147318646
-0.24870959029198259 -3.952805892638356
-0.3623848178646125 -4.02424215228626
-0.16917322986341504 -4.511136450479094
-0.32746886475947806 -4.318528702069517
-0.16027635358344505 -4.4325500891405545
-0.24031179641624084 -4.197367205971133
-0.10760487422581622 -4.269934590373524
-0.2798413597970403 -4.529100267418379
-0.20877085048399627 -3.9277148266200634
-0.3241347005341072 -4.303419510919766
-0.14902288393917495 -4.008199467685244
-0.19938939379148504 -4.5443489243134065
-0.27200771599638857 -3.867083053156591
-0.35596866238298874 -4.169993400049495
-0.306009144581783 -4.246833276131837
-0.20361086933674283 -4.153769955719779
-0.1699831721542022 -4.157870135188718
-0.20193608730328025 -3.9080813149723994
-0.20913266053423818 -4.354921724167363
-0.2575388837374274 -4.413509276627984
-0.3057972172945896 -4.545149061066778
-0.14828725311331492 -4.579674239581775
-0.19626911875665884 -4.06420838270881
-0.1470360371795318 -4.119944212194407
-0.13662550218881286 -4.474267253313013
-0.1664647815460593 -4.016848709574622
-0.24211246263410513 -3.9960707062686502
-0.13160003593518427 -4.300972744549824
-0.16023154271914156 -3.9485980074742617
-0.36261986337856517 -4.006205637979916
-0.2789754489692979 -4.512098695113443
-0.10550476194167357 -4.02187613491888
-0.2655598519387789 -4.490741145820699
-0.13934298801742734 -4.094252230215222
-0.31857666283221076 -3.9217377776397644
-0.21537572427344337 -4.193631627784851
-0.13051905899372995 -4.359415796165395
-0.35352030363941356 -4.0741542867571265
-0.18888675444751524 -3.9361132723341377
-0.27471104095545507 -4.409445401074388
-0.1346835318327142 -3.869296923608592
-0.36556124594661843 -4.286301554152094
-0.12260257197650193 -4.487081143257344
-0.36728778079360647 -4.256920284733145
-0.17903484082183913 -3.852666462910329
-0.14316610395632917 -4.212320519373716
-0.38533241112560596 -4.412265605450208
-0.20559908863548312 -4.56186242411827
-0.2814283550781729 -3.8295326681761543
-0.11629392721815351 -4.169973375903971
-0.24540057865572765 -4.140226001516361
-0.13930154292837754 -4.36138831589976
-0.3626068904309003 -3.9033617386804513
-0.29984057564123123 -4.207283474034256
-0.3238322892480165 -4.121544926025714
-0.1913572950196414 -4.138731386557811
-0.20926705557376452 -3.8730116352807245
-0.17184259511358593 -3.8845982075848706
-0.29610992594100516 -4.066305656381363
-0.3205146861691539 -4.227460542172036
-0.1694517225716641 -4.0925414136643985

-0.17596161834679205 -4.362367754288148
-0.15183910922073401 -4.5282619737620715
-0.29049194818073343 -4.475967154187001
-0.2432209232683756 -4.454470543757014
-0.24118812321972688 -3.819618398731094
-0.3895004487148416 -3.9842357063518006
-0.2165362501088642 -4.014925698319241
-0.2754772323374062 -3.890833609922844
-0.20476310371797615 -4.446142290593778
-0.25047788583476704 -4.404126405573465
-0.2687996837413712 -4.135341326134494
-0.20584190119512272 -3.8459226669815174
-0.28049165961634565 -3.9252840949538745
-0.37291143865000587 -4.373211849169998
-0.3842430206566074 -4.027553673050806
-0.1867794153898523 -4.527495055900142
-0.21733612030216978 -4.129471840799721
-0.3677714569097085 -4.31328839457531
-0.23030411475949095 -4.137371583292673
-0.16017620915843522 -4.3095975624096745
-0.25333453457241567 -4.351072834379069
-0.22921416761582544 -4.371282447926081
-0.30607363205862753 -4.154566613763143
-0.27600569695896976 -3.831976129286445
-0.24864735720128392 -4.46424969304644
-0.3823080345657522 -4.095442653145819
-0.14199383917350866 -3.8314361396141283
-0.31286059905617913 -4.3045259812090215
-0.18778685808268483 -4.2461956162851235
-0.11442566373790392 -4.157097949400523
-0.22114287311851405 -4.500173767064398
-0.304904544992622 -4.422682956804279
-0.2106232207082767 -4.404665160448536
-0.20021567606904533 -3.8785508676553033
-0.29431720685114476 -3.9751149751419224
-0.377353137775577 -4.017924905203235
-0.20616036959536443 -4.50931186172474
-0.3065557369326024 -4.232214107350857
-0.2769155691402124 -4.436630385390433
-0.3129283708023872 -4.035376269400838
-0.2618703921562899 -4.2673765933769
-0.3873062001296323 -4.05241091186107
-0.3060881611764847 -4.441111179732173
-0.3162055029368419 -4.510832158550457
-0.2076124834687517 -4.307077960749206
-0.2985676481200707 -4.34580874688331
-0.30931992445625733 -3.9166419452095695
-0.1698408092711739 -3.814557394899948
-0.30459808398743105 -4.303968410777198
-0.20911428237845 -3.941919253017248
-0.29718717332995537 -4.043714175208948
-0.3146823445201766 -3.928601449000029
-0.2998900309676676 -3.883858171705052
-0.1264092265009839 -3.9926786893461514
-0.14359677663719023 -4.426448925973228
-0.3015169670760167 -3.9966918937819655
-0.3774213410279682 -4.351935589002958
-0.16335736273940157 -4.304606787672789
-0.16187437095209833 -4.236927216793246
-0.18712860536923354 -4.374246683177861
-0.1169474847085561 -4.232721004632037
-0.2628414487379161 -4.54904146312638
-0.14946580974336443 -4.265435865204592
-0.19881525066892525 -4.03108023184812
-0.16323287034902717 -4.332907438019282
-0.13613316556509353 -3.894180099568742
-0.1285026275127925 -3.852266902686214
-0.3241319074511624 -4.343803650772181
-0.21799053591831324 -4.201752194359379
-0.28115932117508124 -3.973862101523337
-0.39237863317882526 -4.369356681097062
-0.13953860139552682 -4.541726804529884
-0.2812267444090801 -3.9825549600369228
-0.3810060686197666 -4.496949604347185
-0.2107158019903767 -4.35983356913763
-0.348166276937867 -4.480511017330795
-0.3252853937386708 -3.8719320375354833
-0.2395571282872342 -3.9449445954707043
-0.35091017261193314 -4.161004207840372
-0.2761019109008308 -4.223933562857377
-0.10676694034187645 -4.162937994950662
-0.3051012013748088 -3.922972980866518
-0.32454201326316495 -3.865020403121126
-0.2359464364312713 -3.963262167970135
-0.18496395404217547 -3.845143113936131
-0.2682870457888439 -4.213069821058344
-0.12391955831596774 -3.9248073070975202
-0.12115176996789495 -4.126746621269579
-0.1760623046259896 -4.2667505464077395
-0.23998385730082994 -3.97827151179339
-0.30897248880409767 -4.111702325322524
-0.13140215805343197 -4.074929712259645
-0.10443229057897424 -4.264867753311284
-0.17251006716662223 -4.381337886499184
-0.30523869434422424 -4.0126262605472425
-0.14675243394702503 -4.5732720666315725
-0.10626497246045585 -4.146159396979155
-0.32348801743623146 -4.0661290206528795
-0.3703961943439018 -4.062258970289545
-0.24483118215474786 -4.40825227158551

-0.1323426527641573 -4.411643602876864
-0.35454623957727016 -4.396602710770262
-0.20218212717914066 -4.057150888571386
-0.2218558042569915 -4.005586683390689
-0.24064239485141903 -4.175044596281351
-0.1351516739984312 -4.01285782915268
-0.1377496608885616 -4.462115949464219
-0.22129304527494847 -4.312784895969119
-0.11546953869644283 -4.200392925421883
-0.31367079722014946 -3.934256857214782
-0.33480941073627307 -4.5387578503234565
-0.22129135414581244 -4.433439306845953
-0.1705828745052706 -4.500028847245845
-0.15083088112741888 -4.090871732920816
-0.17088639946567225 -4.566166709860834
-0.20200981454930622 -4.1283807838629425
-0.2447589924912849 -3.964277706927608
-0.37042765394610927 -4.23336819032042
-0.38417479812908834 -4.357542643718205
-0.16851314194494402 -4.142085230148285
-0.321848105742113 -4.54972291373922
-0.2848790380561708 -4.580104777890032
-0.26254333835114707 -4.548779625866789
-0.39757307429046335 -4.5627355715919915
-0.3119580822125124 -4.2588327328214435
-0.3414623675152507 -4.326221418981887
-0.3601908216961123 -4.339218816809483
-0.3735538507279688 -4.064604541241975
-0.37612770662657447 -3.9472513061956227
-0.3596183200384989 -4.406603842549466
-0.3561384481845854 -4.019106734343823
-0.11458007677614873 -3.995758717104716
-0.38472146590661804 -4.215720428160129
-0.13161618464406827 -3.9688764116189255
-0.10828263308271496 -4.100399458709988
-0.17553597972023544 -4.239039450463787
-0.21661580943029116 -3.8649305099915967
-0.20858067058898636 -4.114340791564054
-0.11008285034904047 -4.269392749575997
-0.21406963152510008 -4.07155918263321
-0.21260681682549656 -4.207055959871776
-0.15726854538524182 -4.058850948063942
-0.3262872149609699 -4.506946179924195
-0.2684925820959165 -4.5577680368457
-0.17011484113053718 -3.9818492661156912
-0.1628718569245576 -3.9964680564661474
-0.2573073371636625 -3.9041002362580786
-0.2283417113327624 -4.451151226111083
-0.29341611418083385 -4.426443128267989
-0.20695845987677122 -4.2055384143518
-0.3218064488704501 -4.196780925010022
-0.34522991702949957 -4.274098018043705
-0.24410679206394495 -4.259809842771604
-0.1254670879358864 -4.164543920724802
-0.21517958115163457 -3.984907265242161
-0.3440431122336439 -4.314170591633992
-0.3670996144936434 -4.450217991803557
-0.19824868525784953 -4.335403937126258
-0.3132303754572423 -4.024949578585092
-0.21463025222556792 -4.198337383385891
-0.28993815075449625 -4.195862952965146
-0.33748142907030626 -4.114852662483457
-0.14602965585167 -4.0148181043892075
-0.3433894129923101 -3.8455476334672434
-0.321237041514282 -4.191597635032287
-0.2591782614813557 -3.934119936268008
-0.39746602964542893 -4.14941775145738
-0.27190220797860354 -4.5337116886306505
-0.18139446637057194 -4.015131741083772
-0.16955049069561604 -3.926511182403588
-0.14259433742981142 -4.011680591811671
-0.3815636965999707 -4.535362928485511
-0.18588319687675112 -4.536951133629763
-0.3071117636992008 -4.547697783675067
-0.2740604944331447 -3.8783300799407097
-0.3622044779983722 -4.4893173445559915
-0.32576037980088174 -3.988824216701312
-0.31903643978173984 -4.100756777869808
-0.3867076776840155 -4.110720045438951
-0.3196054223908455 -4.19826572672627
-0.29247230902781 -4.292313500317866
-0.1912135353909789 -3.9669110598310606
-0.11526608631880575 -4.231339260975123
-0.2524416088759655 -4.449232273895754
-0.3516508316222166 -4.006707481028554
-0.20412496519737636 -3.8662693366642227
-0.16024783633320736 -4.487460845494558
-0.25424183109290677 -4.3154134141153815
-0.1446419663224015 -4.491129401975694
-0.14630734477979146 -4.284088132307076
-0.15239597602010266 -3.988437568507084
-0.2262837410727858 -3.9781427680668724
-0.20175899613069825 -4.337395882375163
-0.13645090646662084 -4.160691099710195
-0.36455072008680506 -4.560287370238963
-0.22063052158707697 -4.392558254131024
-0.38097175812226947 -4.253042480683981
-0.16717507174479956 -4.049316469560182
-0.39669674556152723 -4.260004753584129
-0.39106740707627896 -4.2526130168124485

-0.16862942793135938 -4.458384704351431
-0.3405302555412516 -4.208292197389004
-0.3893144019377866 -4.565258687159832
-0.12414903479606154 -4.009424372472884
-0.10682628518538723 -4.373892212325592
-0.33687559868304623 -3.8779301052253015
-0.2047760952767446 -4.187506037026279
-0.3556419353390743 -3.94235485352745
-0.3542504746068219 -4.478457102887522
-0.3378721473377962 -4.237487626999898
-0.3661063999548571 -4.361349473929551
-0.3073610905400077 -4.55663642765208
-0.13152949150567006 -4.153192382587669
-0.33491725762506325 -4.391074357716157
-0.1363668223321985 -4.514893217639
-0.15005221405883207 -4.146407535478514
-0.39159915608478796 -4.066235840631263
-0.3873803284841701 -4.411638955238394
-0.3700066722828792 -3.9017976144843134
-0.24918291102980467 -4.204940411438982
-0.24643643952677177 -3.9330115004378916
-0.19073500068346488 -4.276030924969494
-0.19462114249814882 -4.4434540267296345
-0.2942999956255409 -4.0147062189772065
-0.23106852454922241 -3.914377855112189
-0.11472326114507836 -3.8120679226128407
-0.36989683081116737 -4.1995978940527445
-0.16337897621027414 -4.162371604815891
-0.10725423620753566 -4.11802835058934
-0.19712428585190672 -4.469321062726184
-0.22695382717176155 -4.316733374594984
-0.16861937213195433 -4.356456769899349
-0.33823037389838995 -4.054896886849413
-0.23988904414888648 -4.417637884275232
-0.37922019934291046 -3.817114634256369
-0.12051756730876134 -4.579661370768877
-0.3169617785672632 -4.569275443399511
-0.168912895973117 -4.10600797350478
-0.1645957502061624 -3.8580428866478877
-0.15144935953134164 -3.893897622671899
-0.26618185721353727 -4.275375926814434
-0.18997215702543904 -4.332037035854934
-0.18192166439318164 -4.395232544561476
-0.3401458633095411 -4.08681664846131
-0.3746181958978194 -3.927753636513377
-0.14248905236561643 -4.520136493955525
-0.2160373472959251 -4.042102464249842
-0.38292580821443173 -4.224147458562223
-0.23069530997832247 -3.9502081843456684
-0.13510980316309285 -4.390548132967658
-0.3817091760638271 -4.2048161859262505
-0.3111925590418574 -4.521142387632017
-0.39515322495103133 -3.8421118415497197
-0.18526957558370138 -3.9804001765731547
-0.3909673803699945 -4.077327505267827
-0.3849212114409659 -3.93973171966499
-0.3493767015998191 -4.411083919566487
-0.22479677560737443 -4.155923158810554
-0.2656515191691262 -3.85705048132792
-0.2562128974223949 -3.970144225673807
-0.10884196314624361 -4.331645120538252
-0.11411458821498299 -4.274025032088776
-0.10829460677948444 -4.406297541252148
-0.11601012468849464 -4.401304851085156
-0.20107458932887168 -3.912921810945302
-0.12448502660184069 -4.172298898289765
-0.31545812022812125 -4.5365916092446765
-0.2365754854323186 -4.291518255394795
-0.24925579953798524 -4.0732495127250425
-0.3954688265097543 -4.009664431010187
-0.18143448620314034 -4.248660730018893
-0.3829319418627528 -4.569640423241711
-0.3584334350600337 -4.393561974541798
-0.22468730114591384 -4.0404229435805545
-0.3770704592643462 -4.44994970163355
-0.3933261892705959 -4.48321852484428
-0.15853895769196197 -4.38578624389714
-0.15989253309616505 -4.0609466465671495
-0.13045731090423607 -4.296399911443971
-0.3410065783086567 -4.043194974346073
-0.3534081224254262 -3.8260352279024223
-0.3536265020003114 -3.9719254673875053
-0.12127340277957399 -4.38257094762718
-0.16097386947236786 -3.9450642070774586
-0.348179004936482 -4.21734863592606
-0.19249200533468225 -4.352564367658296
-0.2802999593977106 -4.340650067479692
-0.3232803797596755 -3.9050727359079094
-0.29619856314305937 -3.877876680981573
-0.21689836214522248 -3.9391330175402084
-0.2703558963036429 -4.397295016841465
-0.3914267497747663 -4.027713846940023
-0.3346274044280386 -3.9277178602128324
-0.3068987685305011 -4.552752832927971
-0.3174905352476973 -4.188202256675609
-0.10262768119871285 -4.3292727394723896
-0.3859803750373895 -4.45160835076988
-0.33640605177581684 -4.3538310067689245
-0.3304275191206703 -4.401250083071269
-0.1971444877229613 -4.328146579800437

-0.10815621741568576 -4.312708153340138
-0.21048042728879338 -4.424728413769385
-0.2926946252118235 -4.260330618087483
-0.3775934429976501 -4.560735929488532
-0.11032641362978873 -3.92578513434796
-0.217926352153534 -4.047648912006744
-0.11074551020395645 -3.8661645623159173
-0.1459640308452934 -4.50330867078092
-0.3149400929614762 -4.358391805258552
-0.1792082222945274 -4.3000619562599365
-0.1406284301280658 -4.2823770979536055
-0.1824069766013293 -4.224601225318691
-0.10012019529311283 -3.8799164682378615
-0.11811378159236063 -4.525086049892733
-0.15408685642233555 -3.830664026915869
-0.2032407330997753 -3.9477215127477967
-0.31834209763715626 -4.2573819645963535
-0.17868513247789128 -3.912928328221148
-0.22366281771863494 -4.277804110863894
-0.3144608331658564 -3.8605310918798086
-0.19785835024401632 -3.941064782929819
-0.27510585048875974 -4.011075214388155
-0.10731090347314315 -3.944332547611399
-0.1555001255349525 -4.301666277320904
-0.1559542088050899 -4.5471896752354946
-0.29287994224507363 -4.286365750474465
-0.19281590280246264 -4.046697508689228
-0.33684984465076695 -4.294031323371947
-0.374245652606622 -3.933301088867226
-0.1606918936582571 -4.048888212919846
-0.21070798291668635 -4.100902593575187
-0.15666246144629117 -4.497039487965147
-0.19970211624688894 -3.8339310045865247
-0.11649288490385817 -4.1113614130532286
-0.2721549800006148 -4.5680505583411355
-0.39069980547272587 -3.842279824744266
-0.14795193655566852 -4.28201037319819
-0.35006312270605594 -4.567116609109114
-0.12128530420101497 -4.192120825529313
-0.26164250773639836 -4.466186614840835
-0.20949080429250366 -4.344157681865427
-0.3701926797895254 -4.392386191062113
-0.20307832229969935 -4.0530307426242835
-0.14804451358997794 -4.108913811059834
-0.37256956366594673 -4.021535314286318
-0.1783961395890416 -4.00553647110589
-0.1857029998451976 -4.143465636986332
-0.17528885510817752 -3.9736539094232377
-0.20640247050116642 -4.147630477276842
-0.27670819019324777 -4.026652301214476
-0.36317591682771844 -4.1195577370493215
-0.29193878529504386 -4.033522510271124
-0.3580516597896581 -4.1641772979162255
-0.305818925126188 -4.418510807393693
-0.1514693091608106 -3.935094347469385
-0.14600448566452778 -4.257602076739238
-0.24536783547889063 -4.2495521332980895
-0.3224358678959349 -4.029217267391042
-0.1206414509915778 -4.246155077004959
-0.1842575791006292 -4.176995071344351
-0.34604164795906656 -4.48687930165724
-0.16494818383716386 -4.102523514880672
-0.1379469986947705 -4.187165786926232
-0.22438583191795528 -4.226688427758468
-0.15845750415681747 -4.133432468444088
-0.2536541892921064 -3.955672856390141
-0.29862486884549627 -4.067908537993759
-0.13684413649710353 -3.901446219515085
-0.20059516732753013 -4.3263040984113195
-0.1781655369885222 -4.510495277847937
-0.33144002480819346 -4.529593781986834
-0.3772155561687478 -4.198823727255741
-0.1578741219687279 -3.934393028727346
-0.1651820740730267 -3.851714407143238
-0.21397264222261134 -4.34253344746137
-0.38758897735579095 -4.503077231171907
-0.15351734902944217 -4.1135455666404654
-0.2642578561957015 -4.560761648313775
-0.3696455363317249 -4.4444365015804275
-0.3933353753205251 -4.461613951723181
-0.147791775170883 -3.9539984585407506
-0.31694618272488867 -4.0088681240036435
-0.16651364785970915 -4.015346524748473
-0.3314457521260652 -4.1007767248819285
-0.3087151531372003 -4.530641205439284
-0.3717354266090454 -4.304265442578351
-0.24150756145926852 -4.179086580799016
-0.11438394800939261 -3.9596482291848116
-0.34656539577871875 -4.529471394384334
-0.29478080791499617 -4.026244904018331
-0.21970051027079454 -4.198160623823882
-0.35429106378205905 -4.055861292849028
-0.39315554748307147 -3.916647136755448
-0.1280867055449263 -4.485322521735622
-0.11159703217756461 -4.5195301056358455
-0.3097954854267268 -4.264013117222239
-0.1200164745232466 -3.978913735329161
-0.169576291902409 -4.061933437960077
-0.24441353874614116 -3.8249265976126834
-0.14982738928150002 -4.5747139852367615

-0.12866874378172993 -4.072620446203597
-0.15071982351720772 -4.426743848043473
-0.22274669208845485 -3.9752787388941218
-0.3925104730381376 -4.189113678378075
-0.10606937579255021 -4.105294760979185
-0.3635699155185373 -4.025841826072574
-0.332095636898818 -3.9295519246429884
-0.3765304148073109 -4.535558797859724
-0.1505927091605386 -4.162088313994275
-0.39349417852380875 -4.560161818065261
-0.24980977131141904 -4.089980120465468
-0.22849175928570262 -4.354866495916493
-0.36117494973944136 -4.081813761537615
-0.2583028930536094 -3.951550891396843
-0.3286288971720575 -4.116598116840481
-0.10750994535903702 -4.543426786427462
-0.28252732889181553 -4.02922154199307
-0.2854540525947695 -4.23809139634583
-0.3304385624813224 -3.8855974582277044
-0.24829404496774793 -4.197451863885513
-0.11570283330796594 -4.472568613066191
-0.38306826239468167 -4.243523989136283
-0.22823071377168822 -4.108269870622085
-0.1964322170123695 -4.489701418219018
-0.2815301913053499 -3.8800370634587784
-0.24022037011029082 -4.520063026776847
-0.35489849495013553 -4.031961008309085
-0.26974996272830776 -4.115225497569692
-0.1150748417050127 -4.498894268739959
-0.21969804935251636 -4.2189494992997485
-0.3071573020811957 -4.410437599166485
-0.23372356904421787 -4.434378059998133
-0.38687890887727494 -4.072287279236623
-0.24404580376569665 -4.414533478009785
-0.24021627207660584 -4.08313984771158
-0.3137206704308485 -4.442186576385526
-0.13416914751748216 -4.143939695163233
-0.39779679141783825 -4.492488987327409
-0.23070142972317303 -4.1287417566247395
-0.3667479009982812 -3.820531432309996
-0.3624158932414159 -4.355122042207733
-0.22361083561212922 -4.018776692497607
-0.1634243428108772 -4.528797121853108
-0.1779525644134061 -4.377117986630522
-0.2823006013872552 -4.315851348533505
-0.26713535501298774 -3.9841072934029906
-0.1820778003346702 -3.870102192064327
-0.35133909599631974 -4.433517664930231
-0.258299039181037 -4.481389149143127
-0.31669071680349803 -4.150895395689164
-0.24408193189214408 -3.9783911182515705
-0.1629338301161259 -4.578070371955277
-0.14123969036471357 -4.553510315881851
-0.15616370944168995 -3.9923978736012335
-0.33975552510201057 -4.318178618645329
-0.23642858803093367 -4.510281755638554
-0.17807608082227405 -3.9040814185033774
-0.3008710052565554 -4.081131478024055
-0.3578006747690256 -4.361247070898854
-0.25904463228036656 -4.271488937904015
-0.24367600563733738 -4.067262501291787
-0.2886680161297927 -4.537343192113332
-0.2563250967738584 -4.296756132143379
-0.31599847050652036 -4.002026153931565
-0.1581053690468521 -4.497489730032721
-0.3659296039977723 -4.55129364814899
-0.33717349538882346 -3.8567458213003456
-0.19591012840923314 -4.20858498118922
-0.2593601008931269 -4.099829421645974
-0.3181835897467781 -4.151349550521224
-0.38585064960059784 -4.058027120402266
-0.3783833869721429 -4.301764246502326
-0.25774297810383234 -4.274841249052852
-0.20997199990465334 -4.57991867688877
-0.29982495499388717 -4.514158683604541
-0.3058389339143525 -3.833877937807811
-0.22855956776438993 -3.938652438333475
-0.1624335834461723 -4.555772957847515
-0.10402374118961805 -4.144941648238573
-0.3607617309964075 -4.335047053180946
-0.11394198186921556 -4.367938411504605
-0.18004390264525572 -4.241975380138427
-0.3114616433541705 -3.9702618019762546
-0.3665896251473386 -4.423052990518759
-0.349906404483188 -3.885827347164185
-0.17902906207537983 -3.8325035469603477
-0.12369750233563231 -4.213756450551466
-0.14204768255141775 -4.040275686151979
-0.17727156368891087 -4.396503461478914
-0.3850804009792957 -4.534571986394849
-0.30603511196194877 -4.2906896862439385
-0.3656046852073226 -4.2402282846134645
-0.17736768500395145 -4.553133680481498
-0.23716389639408497 -4.064380215005717
-0.129349676920281 -3.8502043541227673
-0.25821654969139174 -3.8411210735723245
-0.1997944443810019 -4.051331237456841
-0.20091478005870697 -4.445290540830719
-0.23378916054352053 -4.173959462085715
-0.186261714705219 -4.422967475317814

-0.2763381133715828 -4.327542691831613
-0.14450290694538037 -4.283887137064578
-0.31571509471176434 -4.546387150321776
-0.35000300224916303 -4.405400433698578
-0.25020868320167977 -4.520812881588355
-0.11238341026681631 -4.555783941926761
-0.1715823996887947 -4.205002094903766
-0.27509941034205204 -3.973446968201625
-0.3423865990518109 -4.207953112359937
-0.3408183092204392 -3.8851789431616925
-0.167937702187148 -4.42898307472852
-0.21104702525779695 -3.838136290485266
-0.395139431174324 -3.9334684568164144
-0.269550051508034 -4.155654769512616
-0.3706303206074467 -4.22362085307532
-0.1063860042063755 -4.547484206263999
-0.16353908548375284 -4.4471570548530055
-0.2688020075202512 -3.857267823365567
-0.17754368496996753 -4.19016902099024
-0.16565183942023884 -3.9437975771443794
-0.20392857822579394 -4.234161052408151
-0.33047649571449267 -4.087073672223653
-0.18742538490437385 -4.493468642633126
-0.22423117285888994 -4.0171350263837375
-0.38278427738670934 -4.414197953317137
-0.2690135447948314 -4.123683405946445
-0.31273091861987395 -3.995604029206506
-0.3846221758051719 -4.576883068225078
-0.3766476561141892 -3.984505366678263
-0.21067508288071993 -3.99960481838691
-0.3290222911044369 -4.314151656422239
-0.21489417864994012 -4.53282313186325
-0.10612757899311243 -4.493933760279262
-0.35707081321933143 -4.481772342773553
-0.3464608496918259 -4.500262764411419
-0.1934628996644304 -4.111485385261712
-0.2501452803263559 -4.197882372586065
-0.2548310100126423 -4.054970637952169
-0.24609124604113103 -4.15473679129644
-0.3608149338546618 -3.8466898027842378
-0.3831812939853206 -4.149504694954997
-0.13310552857634383 -4.379394759708387
-0.22502382275878816 -3.9969304502785254
-0.13423130328615168 -4.178183104675844
-0.3080201984894628 -4.123335339115185
-0.26405757704827026 -3.955285934787442
-0.20779533052120933 -4.239682256385443
-0.2799179827818938 -4.564519531973229
-0.1986105741082998 -4.490082137103724
-0.35682953061991374 -4.10957011325626
-0.3329319505470374 -4.170695377704023
-0.10804881997344823 -4.5533423765037675
-0.2367123140529858 -4.574107739900814
-0.3447217066538112 -4.19039165792789
-0.32924569321023006 -4.368079623327682
-0.20383098414517964 -4.427070797188083
-0.2631810596457477 -4.038312153571085
-0.2543713303876055 -3.976508790113787
-0.2782981999916196 -3.8928442533710657
-0.15848481388007485 -3.8472418330432205
-0.3834153655008459 -4.389723774308017
-0.10944566408083628 -4.517196393011875
-0.1454526625396666 -4.332971148155699
-0.1538690206858184 -3.999459452469413
-0.15223244222246993 -4.237157692991177
-0.33693176706008643 -4.24814879382587
-0.2941770430129639 -4.4841861406845895
-0.311041064944958 -4.0515086752480585
-0.30065774253392497 -4.503548371055135
-0.1678971753393655 -3.9631216621886716
-0.11011786929180423 -3.947170591759736
-0.10488579421675576 -3.9381011806034714
-0.20422955185805888 -4.111368755236248
-0.20228087609011317 -3.940956362919544
-0.25299128846741037 -4.116379802009322
-0.3145179201631191 -4.573281123116065
-0.38990894163431156 -4.432856749949801
-0.34125666455613524 -3.813071808811101
-0.15081123285861264 -3.959855985236083
-0.22443357720893184 -4.430319346254353
-0.3064188785242371 -4.421087708782403
-0.2648739465236534 -4.549083018678302
-0.2506308089861756 -4.282799741871402
-0.2834316021791478 -4.065472964634848
-0.2514896002447144 -3.9625767146905626
-0.1968243430334189 -4.249521860913488
-0.10259113847787565 -4.073131660525605
-0.13681244719265045 -4.011079316320714
-0.31519170697961435 -4.051393150341297
-0.3182706930915332 -4.524696987032858
-0.2406749998730049 -4.495804882157788
-0.16227202104239777 -4.201625885084075
-0.24524918966096226 -4.557177100663533
-0.2087206512535076 -3.842456724083884
-0.12123486743639794 -3.959657376053244
-0.1685985977167948 -4.095091428503043
-0.32863908055721547 -3.8582534652487257
-0.2998361736413197 -3.8383015305429757
-0.2975844240926251 -3.941235864768558
-0.2753135218435875 -4.007612261507134

-0.15549446207376952 -3.829425147430184
-0.132286618704626 -4.013687086596356
-0.22337639793555142 -3.9147778066695262
-0.25607980090008947 -4.246431038678925
-0.3593607325476741 -4.308833254053464
-0.23415727581222812 -4.23939835111831
-0.23619659348071956 -4.407463576125289
-0.2808151269264532 -4.525812822504188
-0.22935590895911626 -4.107731236978325
-0.17516633707187546 -4.102133714038213
-0.1801106803682837 -4.00387569675087
-0.29876537023728994 -4.389375239023605
-0.3976365228758597 -4.443412663795843
-0.1843213471972728 -3.972268400224631
-0.255505706268395 -4.075109318122814
-0.19256637048660868 -4.405988956479076
-0.2803420160256238 -3.953240042690786
-0.15026739060957792 -3.9538755898693703
-0.26901744947294765 -4.173606193944083
-0.22703874016086908 -4.312015066945307
-0.18837322627399228 -4.003392592892045
-0.1588470362939325 -3.997559298705186
-0.10091164664886992 -4.282766866355362
-0.16554961723037684 -4.078334101420394
-0.17841377770258696 -3.982887579402325
-0.16037021564799223 -3.8436282466643594
-0.2902316938785106 -4.361602414952919
-0.37087274190286146 -3.9057822492390093
-0.20162404709138534 -4.212400493472212
-0.25703162841244326 -3.872709610417152
-0.13953298796138092 -4.097370636349331
-0.11203676968689469 -4.439266272254872
-0.30990459810762483 -4.197968371565642
-0.1571125519739371 -4.573012242730161
-0.17690011051171492 -3.9108618427590036
-0.1018289960590496 -4.43951926925874
-0.3416635738298818 -4.470203773742083
-0.2039668271864298 -4.165010892957291
-0.27569840315709404 -4.067093953827109
-0.22346275972151222 -4.524086604185217
-0.23779809725400414 -4.191987764193002
-0.31370697974652656 -3.83583328263187
-0.30094085283523453 -4.390565484253056
-0.2633111011832961 -4.562245772803968
-0.24785702639118495 -4.455678517556636
-0.1573192086660122 -4.065166245910575
-0.30368659032684964 -4.031389746915603
-0.371835778997307 -4.117789025331258
-0.2536897366707866 -3.865448949537399
-0.34186977588169687 -4.421475524899899
-0.21444820457887198 -4.5061899893545645
-0.2826135920424477 -3.9501748763577
-0.28182159036600957 -4.166119325193974
-0.2552026815852526 -3.973297862508269
-0.13052242826042726 -3.8541760395775384
-0.33635118065040753 -4.540730585170339
-0.26222178736041857 -3.8483993180859684
-0.2805490687168207 -4.179438460561509
-0.3417309136991895 -3.9085964423404644
-0.31059437617060864 -4.028511647065161
-0.3978319801124431 -4.424853362735102
-0.1848279192403319 -4.322565928699447
-0.1373821830993689 -3.9954685767570233
-0.3281162740515252 -3.867827029773621
-0.1714193965721037 -3.9846178689054357
-0.22192516496820586 -4.056738956498597
-0.29155899678113156 -4.542237254136093
-0.23061801276669824 -4.330024968270117
-0.12055354312503586 -4.388666636575741
-0.23959067045737115 -4.235490957331279
-0.17202401601748102 -4.3524060484167375
-0.26881556518421995 -4.167641584753424
-0.14750010451181034 -3.9367765570872826
-0.30315665638137423 -3.9477788024946316
-0.13486705711048258 -3.9992957186650515
-0.2808200646045966 -4.464083089873455
-0.34610852216639965 -4.505547659913918
-0.25093982095430034 -3.901557364126093
-0.3999085862811442 -4.006577216448248
-0.2797743932937661 -3.8745317513706565
-0.3873946805753077 -4.4307528265546585
-0.19846386076384206 -4.050756529216986
-0.1981208632669834 -4.528779053942639
-0.1725021359682269 -4.296262017579555
-0.3513936232847888 -4.366497356506023
-0.18637909405958275 -3.8213711576575387
-0.10735253427104008 -4.323525309391572
-0.15375589011724797 -4.047657613420924
-0.20689658250884985 -4.447790469834596
-0.1300932056448985 -4.272990481763732
-0.3673556284115494 -4.332111090038023
-0.1516158508821919 -4.537180062744126
-0.25918722066526567 -4.519394198775485
-0.31222566682516906 -4.157281115297367
-0.31338305408455086 -3.9152338931035886
-0.39295157474493053 -4.4093454938813155
-0.3196014598701149 -4.462505333240997
-0.332732545866289 -3.9189071715825605
-0.14843313993115204 -4.5326626825484
-0.17421684096322204 -4.022798803677094

-0.36084914726781875 -3.8314399330148214
-0.11548573899552311 -4.11827564604247
-0.36682020250597813 -4.395993848863148
-0.18434515758113393 -3.8498244279381053
-0.28675159032869546 -4.4067618302548235
-0.282018408840356 -4.407105329280797
-0.2689710250539268 -3.9051757511227247
-0.17309533784426961 -4.30198549373111
-0.37615466694799576 -4.333968046237552
-0.15535884986608992 -4.109763217284233
-0.3207342896651353 -4.0569086625296515
-0.18953950981391204 -4.001875054687124
-0.17587836771647328 -4.579076698200789
-0.3154094278920346 -4.244090728625406
-0.2758889092595511 -4.559612705502414
-0.17897144158181622 -3.8329638496808274
-0.22359522949452515 -3.8660998081256217
-0.11180271067078318 -4.030227420349585
-0.14190792477555264 -4.235464507953205
-0.1925821609018653 -4.578785476656452
-0.3522564431404103 -3.9730877162616323
-0.3237451644370782 -3.8946000276171286
-0.22548588307693535 -4.554912271149244
-0.35913277770454616 -3.9829045704263226
-0.35529662783675214 -3.8523086789700263
-0.3631986884612859 -4.406103230702938
-0.1654049017101007 -4.525940600824534
-0.1800861332790125 -4.438372982660381
-0.2429089717084012 -4.141317936983965
-0.3037388787466422 -4.352594071908396
-0.37355459935787627 -4.014689544271149
-0.3078178092538605 -4.126853728115297
-0.2668039835184006 -3.963549736926262
-0.3981349113284734 -4.192834542032797
-0.18018726434787313 -4.395540587678972
-0.2411571304521934 -4.442882287706208
-0.3675008119009042 -4.091728466239595
-0.3496239850672126 -4.104979601402529
-0.20808686821398156 -4.070575308800012
-0.22973685117164877 -4.145023731345162
-0.3197038273804182 -3.8514541468745076
-0.23603539364235213 -4.535468569731431
-0.10127875885893273 -4.558855581496585
-0.3985950220409289 -4.091732174722302
-0.3559434585910539 -3.933019118617659
-0.27354619754021486 -4.412016540274226
-0.12430742005543716 -4.005856823230098
-0.18718941524417038 -3.826387656740753
-0.3262789052254338 -3.888340859989532
-0.19305801415395035 -4.085246722397917
-0.3706657297284065 -4.0783122107418
-0.11810656961045035 -4.068838454873355
-0.16807294452907068 -4.458832272861509
-0.29797332765997675 -3.8970735867437973
-0.11130885326474377 -4.047282615463129
-0.34641832449253035 -4.230251312348506
-0.1814058012308143 -4.291902673429829
-0.1653303408101014 -4.210223270892404
-0.11101462324170441 -4.139676010917418
-0.12886028956603268 -4.470743988638923
-0.35390614685334887 -4.387601812816542
-0.17451967273895397 -4.180567362044938
-0.21510127586169386 -4.119138582131631
-0.2723908330536221 -3.8989286538515247
-0.20861107268492501 -4.558040461302168
-0.1308439325515341 -4.202808986431037
-0.37088831735456146 -4.256475796597907
-0.39052738416764887 -3.8848028910760863
-0.28624402400448357 -4.487692834988866
-0.2422359583942109 -4.072289548091264
-0.38261532695503736 -4.221069965325761
-0.20169093246703923 -4.1149493189385575
-0.2513012508893703 -4.505146392973405
-0.25469205834638164 -4.514906892957988
-0.31777798579486805 -4.164253757147786
-0.3936541687162019 -4.127397996955729
-0.2144653420130071 -4.47126007216335
-0.21884817994117708 -4.1884997017200964
-0.27056970200951835 -4.439206449393194
-0.12624015824908374 -4.476399247784518
-0.28870535205291004 -3.973079990618708
-0.18936859939785325 -4.350177348908454
-0.3422309261498339 -4.277978149700784
-0.32103983227769506 -4.15804725739624
-0.12315839560083008 -4.221737554211886
-0.2533404462197213 -4.541956841564411
-0.38664565414633817 -4.164801231471377
-0.18576187452716672 -4.213031485602639
-0.20803934901940496 -4.2842455282759975
-0.17205491833458791 -4.291654583994673
-0.15259501166749426 -4.346252383674001
-0.2584525397596572 -4.40068225498593
-0.3406992290693563 -4.449204407974235
-0.11761205869797575 -3.8597655255999626
-0.3423460964869822 -3.8162318031693117
-0.36732200619336597 -4.170452878134192
-0.20337094390325117 -4.150637125583032
-0.39659798701035787 -4.354915922257024
-0.35874001104691794 -4.3020979995777635
-0.3754584439382554 -3.901931470340896

-0.14380089126378054 -4.408127125975632
-0.1365610324358213 -3.8178202369473615
-0.18553588540957577 -4.500626500909937
-0.3573553480772782 -4.28468375830048
-0.21506867003930624 -4.021543908124771
-0.14908458505911332 -4.043933469190508
-0.3275219141001142 -4.378700782793056
-0.14022255241102904 -4.093487532471085
-0.38706099998070354 -4.340365610533185
-0.314369182786675 -4.514992190920249
-0.27822971576447086 -4.409022752231362
-0.36841825170678916 -4.028667688888922
-0.389299284365054 -4.089295580258679
-0.19155715434835957 -3.856960015226783
-0.26099024044780594 -3.9820299657012557
-0.35847071326515334 -4.568300910850612
-0.2909136243499934 -4.570928458276504
-0.1803476162974847 -3.965577506019867
-0.3157156312651786 -4.095161842633687
-0.16460472746925717 -4.0654432943206285
-0.10842936109458168 -4.03548617579525
-0.1306250039429343 -3.8936715673440587
-0.17803300370242767 -4.4120758570967915
-0.1681357066302037 -4.471985700973476
-0.2399284418318611 -4.252424847662208
-0.19949416890091806 -4.304591730121235
-0.21748651338554795 -3.9676089176133695
-0.128098943561396 -4.14378783112541
-0.12314909907458055 -4.009833154309678
-0.27024378750408073 -4.298390332731183
-0.3057910843539746 -4.534852713165807
-0.2878970046374081 -4.2138333694067
-0.36344960104108304 -3.849406375718805
-0.37892781594583724 -3.9200293150963423
-0.17314951828975889 -4.3829236497506825
-0.3051598187564451 -4.576707126329919
-0.29079863637997727 -3.9502081352796052
-0.2315869847221721 -3.8767199904142795
-0.3935467217170026 -3.97374420555618
-0.3419555247367115 -4.3736646259023795
-0.1514330850812686 -4.005768598697781
-0.30556080741276304 -4.349444791135461
-0.11770397656693482 -4.507036362492194
-0.16563167168307488 -3.8979035666368236
-0.13559082092028574 -3.8294487671052018
-0.17029019224755532 -4.348385914265606
-0.37795321789320585 -4.5717099918011685
-0.15961600149860702 -4.25521412812043
-0.2542748777663083 -4.364047338607114
-0.2877122765709268 -4.188502685668068
-0.39985257220302955 -3.8889458968789183
-0.10846409222170256 -4.559845015237609
-0.3935846254389027 -4.351187115137041
-0.32670175227328446 -4.169207715288575
-0.11194808760323799 -4.5059303188139515
-0.19493773807330636 -4.002699370869123
-0.1467882052994905 -4.529359714966778
-0.3244871813077636 -4.137700888965004
-0.2983187756341744 -3.9115811152299678
-0.2648554282131843 -3.8768217239676375
-0.2175562264371701 -3.8746972347861943
-0.35858848708998303 -4.134573323230827
-0.3907441513403417 -4.096768074969841
-0.270890711307501 -4.48997004155859
-0.2134630948528441 -4.28106000516633
-0.25668359410029584 -4.577568311182578
-0.2028302053321469 -4.348757307471109
-0.23324400825006497 -4.190230189511477
-0.2210727271279075 -4.23956028643658
-0.16079699674425973 -4.122099539263791
-0.3856577836150948 -3.840893459021213
-0.1302090548780715 -4.141176147435009
-0.12425812693927674 -3.907587605528309
-0.10561912761501685 -4.20845183265588
-0.3237428804439983 -4.055166294775168
-0.3366557773059858 -3.9006876849660292
-0.2618409515704395 -3.9232286710280144
-0.21013500126035503 -4.536784511332171
-0.21248925308613933 -4.3546088932146185
-0.26649380406955886 -4.174381668717457
-0.3757460265326187 -4.42913768742164
-0.11035850899988597 -4.033544128280013
-0.3296914029373905 -3.9226427043536636
-0.29659448122568044 -3.9148550505103685
-0.38821093019344205 -4.38113180804233
-0.26723822626544685 -4.529314894433408
-0.23613129612615735 -4.1865377092801275
-0.2200218456518677 -4.108830942543601
-0.1667531179123922 -4.389239960300664
-0.21064544056160567 -3.8212411216943787
-0.16691380004952489 -4.541218998410674
-0.1867961810997408 -3.9368306967893174
-0.38534997045537894 -4.551286455396121
-0.2181157123694291 -4.555824652253167
-0.39919737956514245 -3.84655838911161
-0.2646511877801366 -4.285404976298113
-0.3037751066093595 -4.343158552323178
-0.2625452663177601 -4.2629862938947625
-0.15007258461926198 -4.390654221878306
-0.1606291286398189 -3.922400540154739

-0.1745366104137673 -4.566793908182204
-0.363433782512112 -4.298364196949318
-0.25503955993334354 -4.035422219185842
-0.18513647909778497 -4.0118858697632795
-0.3941513467272212 -3.841602545192446
-0.15654468534639446 -3.9203185220153314
-0.33377083867233737 -4.062882000690474
-0.12260495099273622 -4.523953734274038
-0.15793535409401657 -3.9911663189483746
-0.15237931113760073 -4.194077996999069
-0.31552704307347085 -3.8410525573788052
-0.35288312159438173 -4.19343101655645
-0.2874448651203791 -3.993974916241327
-0.2646690750789715 -3.962255606568634
-0.3534029613845614 -4.539743239881104
-0.3379564386807694 -4.328852566005411
-0.3583151072784512 -4.1168331704030825
-0.10780052869407575 -3.9507647264041283
-0.1066504612760017 -4.069705941907057
-0.3534261723353253 -4.302610380424133
-0.14102374240211651 -4.094173973413221
-0.23641155026790067 -4.116860436044684
-0.2066708084744373 -4.314861828440936
-0.30476399245306723 -4.349843382386529
-0.31109640589639304 -3.8226066237376526
-0.10355996752405577 -4.068874697427333
-0.343394976103771 -4.069141751497948
-0.35089706595721987 -3.9791218332526026
-0.2898512524934535 -4.478150133555274
-0.3374656963754107 -3.929120354497765
-0.2468378782315095 -4.22894523294848
-0.27841189951036804 -4.457442594910813
-0.3360043420632574 -4.160832547053723
-0.3438400501581377 -4.258412353607782
-0.385181725888116 -4.413413139099128
-0.14414732582617085 -4.499891661800532
-0.23237785523329954 -3.835901299408356
-0.3574647578245499 -4.053229383556878
-0.1520823660144125 -3.919284379469717
-0.20317602214302494 -4.259597344483298
-0.32867745655708747 -4.166608003049584
-0.10241917409431023 -4.379010913589166
-0.24662442952908223 -4.40744057321723
-0.10984936588927369 -4.321284663092206
-0.14981446463255832 -3.9456838589653302
-0.10286459129335918 -4.279716128641448
-0.3603423449753779 -4.436369405562712
-0.29455841189911675 -3.843431064047597
-0.21167098190474212 -4.515994525776162
-0.22744499904354934 -3.891531344242338
-0.12549425375976764 -4.572162753297926
-0.3170288999352352 -4.333925129823496
-0.174565839606274 -4.359815111829712
-0.35884952094604783 -4.148700838177381
-0.2932876900295798 -4.537602647538551
-0.2751684844400623 -4.5500938969181615
-0.14640713674858452 -3.9179783477764434
-0.10792648877283689 -3.910323347451085
-0.2722303056120672 -4.348486895882484
-0.29326928104929334 -4.043648255972695
-0.14771074410108714 -4.0858958409854305
-0.15192734768051244 -4.011843913047546
-0.35222196310707227 -4.3725882139870444
-0.2347018301714609 -4.32573877476092
-0.3797204582838482 -4.462093359839803
-0.1970696897767592 -4.296615327708739
-0.22210876306425661 -4.5079565425652595
-0.3605526650836373 -4.185456802796899
-0.302814489345493 -4.0381216556035255
-0.2725978877666376 -4.487349831830646
-0.36268535609197805 -4.5793469866018945
-0.12174429684184807 -4.467197507981913
-0.28927766696216123 -4.402171932600548
-0.3980017927694371 -4.389152391399469
-0.33006023797887457 -4.299812253831137
-0.3290261393836755 -4.3690407090732775
-0.13647695389930026 -4.095443594585033
-0.3912524825935725 -4.329618937471978
-0.35825119169831954 -4.197226487094064
-0.23435347253699185 -3.870794852146492
-0.3298234936684217 -4.356243808429974
-0.1978749524900556 -4.129324061042114
-0.1793596766186613 -3.896182566853905
-0.19469681607988673 -3.8126484260959663
-0.24668287070857112 -4.357994322624084
-0.3454597485776752 -4.480332138956431
-0.35507945343980163 -3.8759351273092575
-0.2259020602488749 -4.4292116250990645
-0.12488608804850099 -4.130289850844252
-0.3386658223156587 -4.365939484572966
-0.3356740347309185 -4.371666296531771
-0.1940664107586492 -4.495464502181749
-0.14737936720837008 -3.9873109789716574
-0.16484736666422195 -4.014185662867943
-0.38643251882781726 -4.283728222187981
-0.2617297348664466 -4.209302370092869
-0.1894975978914165 -3.9421439090348396
-0.31838585544331194 -3.8590983440561217
-0.2917803858948942 -4.206104915466363
-0.1622034179361342 -4.22051408189678

-0.14539349193179957 -4.180963545715163
-0.22504499808128536 -4.399275800493262
-0.14474391751904997 -4.464080203948247
-0.1756063007017558 -4.45052442554982
-0.1144943001434297 -3.920263245277642
-0.13249376685360165 -4.289262905720703
-0.3636470507822525 -4.3229690229416615
-0.15253592041135458 -3.9741284815003723
-0.312184425927755 -4.264203835829407
-0.2715972021700389 -4.1983407694294135
-0.3609070582924109 -4.30243291617042
-0.3481264065665365 -4.446592161406116
-0.15697593728430234 -4.521088204680246
-0.18571652229577346 -4.082743428250352
-0.3815833509356088 -4.283286491190819
-0.12013483252984497 -4.47741187360903
-0.24479598511542314 -4.134120021154809
-0.15375722253706725 -4.187441198964722
-0.10524274160274738 -4.353990481686476
-0.269947311922994 -4.093463061179185
-0.15262473629838275 -4.414969371452559
-0.29227483416638705 -4.427541572016394
-0.23208896369208476 -4.371696323272725
-0.2335328807434506 -4.557121762435475
-0.27608499505469725 -3.9381571607177444
-0.3354070698190449 -4.473375684018466
-0.1602835231955047 -4.280311520866518
-0.30439059632537946 -3.91345665070149
-0.2552899378823253 -3.954596178643973
-0.16785614302995722 -3.8273224153645935
-0.18723543910858573 -3.9070603432209445
-0.2548265853882543 -3.9977583195020627
-0.22480984093958875 -3.9939607041426806
-0.23522094792729986 -3.9259656324223693
-0.3424641955016092 -4.23173862868902
-0.12988196759510812 -4.025830393961549
-0.2955312377509636 -4.521835889183343
-0.1506853003435385 -4.127215185810308
-0.39651684043936813 -3.851619703648493
-0.36072825271708725 -3.8690694321693915
-0.351412533244759 -4.353443197608263
-0.3778803578012715 -4.210485704909434
-0.31903853368202895 -3.9908957168858428
-0.16439124603728714 -4.179897548359818
-0.3420228656082497 -4.126757590499126
-0.180452311089288 -4.500768318452324
-0.13035806599953997 -4.025719133183807
-0.15003449343299188 -3.8700727678145115
-0.24505589024990906 -4.309419956884589
-0.3196664299102673 -4.033309293033141
-0.3412207396365542 -3.9957034760961476
-0.19263598784891892 -4.52647387858979
-0.3952649210761251 -3.8487951957105815
-0.13928722022789203 -4.520032234612919
-0.3811505552836632 -4.352869453243334
-0.22741609710470126 -4.192097791747834
-0.14251407906989028 -4.507066574333948
-0.20604100751476156 -3.8414575278798213
-0.2550944006616158 -3.9902445673806533
-0.3094662791496917 -4.407264169120487
-0.10970932433485686 -4.2038647254681685
-0.14255706647191596 -4.453319264566242
-0.38727674374598986 -4.153683928173125
-0.11390759442479542 -4.138342823172959
-0.39164063232906654 -3.9686185269860106
-0.1842381256721829 -3.877068050774038
-0.189237607825577 -3.868524729966661
-0.2678183791230567 -4.458172463488818
-0.3999580152469714 -4.25152096807369
-0.37138396971316207 -3.9418028680353308
-0.16188365078320038 -4.452508437373782
-0.24638327724887268 -4.227021943485674
-0.17174150223673376 -4.152399744854234
-0.3765736951470617 -4.392613913687382
-0.2863880759643456 -3.9999932680809036
-0.3519807580888833 -3.927518953926718
-0.10119866486687268 -4.046442164806551
-0.16458940335983382 -4.157083548476914
-0.2636315961696807 -4.38773923909004
-0.2417681850191191 -4.50728586774327
-0.16595097098348055 -4.316152558502124
-0.3729384731446191 -3.9885303924602384
-0.21756845457628707 -4.204874289493588
-0.30516160780550433 -4.467427693568485
-0.3220705018642001 -4.570090467534288
-0.13199330351891336 -4.374499708381291
-0.3073492967126777 -4.345248242080349
-0.12706828748147092 -4.257294938890565
-0.22454400890667428 -4.465703656127849
-0.19487857619321206 -4.1829254232272115
-0.3432757463416175 -3.9353326830595075
-0.26921011310867016 -4.15397298496233
-0.18822545241922795 -4.006964478206889
-0.29041758524942024 -3.9441688328508797
-0.24973130117462913 -3.9887059000599034
-0.12040722871855042 -4.160753766746989
-0.3099977322354754 -4.257584257291844
-0.36472522488520165 -4.564237318277796
-0.16380871853158177 -4.545190768493176
-0.35919529476298684 -4.578279529681958

-0.207162969783206 -4.416441021274835
-0.37076592956302684 -4.122272725943205
-0.19867386613376728 -4.126349295279497
-0.35899232172940965 -4.254616187217631
-0.24374634583939536 -4.303320905822331
-0.3472795530028464 -4.207251465270442
-0.29431076223422675 -4.022838586305617
-0.1969854334778767 -4.1036379337281526
-0.21874132782924016 -4.550487656710615
-0.2989546224994282 -4.207419524175827
-0.22131719688112386 -4.04886710268059
-0.31852168518025054 -4.527997417913414
-0.15488633976086527 -4.214730013446931
-0.3945393270117307 -4.01702125070748
-0.17676124707917584 -4.136113134327404
-0.1299435063681979 -4.167947879893285
-0.2215603777615987 -4.279936791260563
-0.14693139206257944 -4.508540852302971
-0.3690336631145872 -3.979210439362863
-0.10151163804026586 -4.449813535151529
-0.28474002450632435 -4.493720021482741
-0.14961250535108472 -4.26093999239283
-0.18875128780537526 -4.345897787331392
-0.24875831431398623 -4.0403606893393045
-0.3319123560729062 -4.1112776401377555
-0.14014397823891844 -3.9827797328944077
-0.11447987542745319 -4.329796243248178
-0.35577417186812277 -3.8824185100770583
-0.33999765755566314 -4.063897021378625
-0.33860754938368365 -3.8240012523634084
-0.37345344747714526 -4.276173106359292
-0.3506656604191553 -4.122428685714288
-0.2515665230144145 -4.408882342064031
-0.21922965378865297 -3.9575531690990595
-0.2844768265324502 -4.572874077583846
-0.1408213671593797 -4.526775131623063
-0.3537457321311051 -3.8945165938391946
-0.3589636561047045 -3.94328122700671
-0.31560938708200204 -4.511810577104834
-0.14906839314077558 -4.378236822466659
-0.24744468957619997 -4.444917412676966
-0.2002736377766375 -4.5207713840414465
-0.38577680993949515 -3.9564954411406674
-0.3371174697992932 -4.539797537896993
-0.24829126528583184 -3.8604000417964235
-0.21120999337567292 -4.131208189360733
-0.2828735578344597 -3.865843438294703
-0.3088079812648926 -4.479946516757565
-0.2652411051694212 -4.3196404898405
-0.12818041349430964 -3.823541982280034
-0.2445393187030046 -4.339431251531244
-0.18322496379841507 -3.865666940013896
-0.3649830148173565 -3.9652548669648633
-0.27221844425578356 -4.4668986999682305
-0.19705505547285657 -4.370564381821354
-0.3244799915504637 -4.231581052833762
-0.2785253556915155 -4.516177503262082
-0.1345521150857703 -4.224517633771627
-0.17283467496276703 -4.322254402592536
-0.32896137480855425 -3.8222914512159125
-0.11680870030004215 -4.165677202811094
-0.23000485750935043 -4.259394966240599
-0.36287314234451773 -3.8524790595381493
-0.25585143034673763 -4.564968386448747
-0.39458876336508897 -4.4641941416040085
-0.13000215009323823 -4.378129644722139
-0.17884694482526742 -4.068212565000027
-0.26167900785434617 -3.849075480232445
-0.33120280445893613 -4.436183021195863
-0.27542768101715365 -3.9213665844447574
-0.34007896451471165 -3.9915156364599893
-0.28719233463014776 -3.837578370881044
-0.3361259483400191 -3.845613145113295
-0.21998339742179857 -4.392978556455176
-0.21002653419295172 -4.206351484182004
-0.2856469415988294 -3.862064175317909
-0.1931203891078119 -4.234941756318784
-0.23191089644250948 -4.467146735267985
-0.31754914929273054 -4.490677303264293
-0.20849827394383705 -3.917608234775194
-0.16181822460119297 -4.535457909645399
-0.3163290155908929 -4.578918199449235
-0.1589689932087942 -4.516659304445538
-0.19141755306793867 -4.382527630375864
-0.27702769102961783 -4.407331168375521
-0.18025527323490098 -3.97080453005984
-0.35819852321475093 -4.40429635750069
-0.35093582970758214 -4.491703613037093
-0.33177265686318735 -4.038869044249286
-0.22662907033511576 -3.8981617870866625
-0.23736599100952166 -4.07521441815136
-0.1069242374507654 -4.258930168395218
-0.35782343842584746 -4.466922460634803
-0.1197386626595297 -4.454993033520311
-0.3417639099319356 -3.910730431478435
-0.18168848367208423 -4.5796694576750925
-0.14639984937567135 -4.496485195187767
-0.3264411105586231 -3.996912804410664
-0.387140293058766 -4.196151567115243
-0.2919140034818686 -4.203930946807167

-0.1009150685899638 -4.152613484540374
-0.2726867577543623 -3.923302145469303
-0.3863816547215599 -3.906111044580344
-0.16541358805027145 -3.8946622414645966
-0.36633913202609525 -4.560171191285795
-0.2968456127998313 -4.115036908952562
-0.2662764594856314 -3.9088440915130733
-0.1723491380567641 -4.233721780550743
-0.2943225566890893 -4.5149220592690025
-0.3870063341426618 -3.8827195504602874
-0.3106270376406787 -4.142069825077105
-0.37805863323452826 -4.307654841124559
-0.13420130747577935 -4.454968125565838
-0.2957831644926243 -4.371115945679706
-0.3055382279161857 -3.9761493505952954
-0.3959003868483394 -4.280330605932638
-0.23684433692204138 -4.220058897123348
-0.36138014172764943 -4.036033473113135
-0.1691065985833803 -3.945672764077437
-0.11507837588443182 -3.8966678996773334
-0.20267888921744548 -4.300066834462633
-0.19892638652971084 -3.885820172642399
-0.1739232628827841 -4.0249522391196955
-0.28588129910523835 -3.8560856933604897
-0.13286978545157035 -4.029247936976101
-0.11953815946451696 -4.1597010244637245
-0.2961896185320613 -4.4667843142613535
-0.2331585632068644 -3.906111779178823
-0.10961555434103099 -3.9089054681358304
-0.3448090384364657 -3.986674966226102
-0.20048114580940907 -4.403621945958558
-0.3613137109785563 -4.516938884195216
-0.24960583359888328 -3.8727570304236982
-0.32115238753965836 -4.391408800113559
-0.18133376766706505 -4.309265010060643
-0.11104055872562696 -3.8159078172538514
-0.2651371347196954 -4.28766097582612
-0.19643543272943098 -3.951426009598964
-0.25504755307702964 -4.28532158192755
-0.3776878929331602 -4.358871200514844
-0.17806535058033865 -4.116389817127304
-0.12369856484851532 -4.286256101524976
-0.16537611967439014 -4.27159917079781
-0.23994880074490121 -4.40180628469842
-0.15180745498986598 -3.9548128642998757
-0.13259950934875248 -4.441530445947587
-0.35407756646002136 -3.8564724762571956
-0.376663823618172 -4.300062170617554
-0.3045274886559512 -3.9684683118417237
-0.15025956978374622 -4.452871748985332
-0.22079407291353267 -4.179324153044862
-0.3014304819679827 -4.342519303148604
-0.230643285738557 -4.4016840036137035
-0.2738323047210117 -4.553518843270917
-0.1140145382328262 -4.089582058873558
-0.26810206522601354 -4.103259978949913
-0.32761583424178947 -4.539197408292928
-0.28709070945083 -4.239284381085517
-0.3929228237531637 -4.355263375414663
-0.323465997671878 -4.090994074653062
-0.34709986505968654 -4.153964748839563
-0.23047734818017765 -4.226351812379088
-0.11299025384218331 -4.261170946574066
-0.3413254441381741 -3.8731451591441335
-0.12164946381308511 -4.197018713815346
-0.30163212850824367 -3.8372758510222305
-0.29731632299819 -4.117707316126218
-0.11920687842152011 -4.01018608260231
-0.2841041673673619 -3.8678109967392658
-0.3135516609869395 -4.192099058048624
-0.3455943122446024 -4.250149687163116
-0.12836380616513543 -4.217547618591601
-0.22205069231997443 -4.01192773480355
-0.21152782375736023 -4.179676662480471
-0.2826836932741341 -4.1539185488607595
-0.305214622026827 -4.0544587202319216
-0.3419925703834699 -4.144267680508749
-0.1353132208725054 -4.288053907403357
-0.3028158034682993 -4.511466306270013
-0.10026958933599406 -3.884389860072069
-0.23339293953865592 -3.9276771467911313
-0.29281609545648524 -4.182654088669311
-0.1014708388501625 -4.3116723725244235
-0.19294849164163744 -4.3026084321062
-0.3505931703486639 -4.197578264788713
-0.31634714437441586 -4.125652999285438
-0.2343970576463631 -3.961119744247595
-0.12295573738202364 -4.353523379696809
-0.19518495389113222 -4.4524213219414905
-0.1413426151105558 -4.19169743233622
-0.18758693545947747 -3.983092775798723
-0.20331486727723344 -4.365069514337478
-0.344365885330125 -4.071109810237528
-0.30779120276628824 -4.258330835317079
-0.2716673860174015 -4.526276501210856
-0.3686752595780105 -4.204338720884261
-0.10538961334384811 -4.312573569932061
-0.22950241339134445 -4.406712606291764
-0.23524740164904576 -4.269981578353688
-0.11867608170617633 -4.082787709010324

-0.33519803144911453 -4.202568014125988
-0.30186779996740626 -3.8271151012937192
-0.10553454041352611 -4.439653851729036
-0.3868660897933619 -4.119831865632563
-0.20212821966597086 -4.100519328388169
-0.13061264322867705 -4.182436324530363
-0.2954261772054382 -3.815660766650058
-0.10590253938270688 -4.068790294868626
-0.2526898369589956 -4.2586918498835855
-0.25851522077945055 -4.478792053479211
-0.23683999544453987 -3.9022497488176593
-0.29313782563939195 -4.042620624682879
-0.38570710495976784 -4.527788990559838
-0.22184321605600754 -3.8841942858014513
-0.19262579410753933 -3.96548993118287
-0.3676656024870909 -4.438923526080298
-0.3169747929939141 -4.030654565733646
-0.3539973253701914 -4.100042725475268
-0.23702941047638887 -3.9670419216449884
-0.20797701651606343 -3.9492428532210395
-0.3698618239316178 -4.077341396764811
-0.346935140992585 -4.293488201145641
-0.28885831475581303 -3.8438973068507343
-0.25869672134122323 -4.578903065093722
-0.28618553058637985 -4.070870459319852
-0.3340354018705455 -3.8736762875883803
-0.2309253531695107 -4.239774891788046
-0.33561173463010135 -3.850266504678324
-0.3719410595298661 -4.170551245898465
-0.2998924840498943 -3.8249572157340124
-0.1783147113268244 -4.184064389178938
-0.171232772751026 -4.338278392794015
-0.2542914227992862 -4.5581677168660635
-0.3562992875508554 -4.5701003690984665
-0.16408918606473707 -4.5386283772388705
-0.36296820895504966 -3.976949004481854
-0.37006233787816606 -4.1354334178329895
-0.1196139403216161 -4.243532111719093
-0.2862391576211159 -3.9795915673166498
-0.2939793735740005 -4.181375135758224
-0.2986781300403982 -4.317132142241216
-0.18522563220472144 -4.558613090881016
-0.3816122712149478 -3.9249097641733908
-0.292785138594053 -4.232349511898916
-0.3451575216103075 -4.064133665518774
-0.2106435221188743 -3.956423674258234
-0.24080494472378444 -4.374559344559353
-0.39381968516390164 -4.08866284261658
-0.35067460687349156 -4.270217605366087
-0.37359375370441816 -4.230142359666038
-0.26261437062955584 -3.9861939750353823
-0.38467200013400754 -4.116495219125237
-0.26254284999239647 -4.576215283300643
-0.39323793805816315 -4.558390839208921
-0.23529309286646202 -4.3754014357919955
-0.3417782839175681 -4.562266693376751
-0.19080153782392428 -3.8496906710899905
-0.39068295563655453 -4.352978587565879
-0.29211220286254413 -4.289702502406287
-0.3033712255723684 -4.202785631543409
-0.17536577849234797 -4.443072434423521
-0.3248329356298471 -4.575700028484228
-0.18879920759969748 -4.25317397446469
-0.3739919737410661 -4.171681286568248
-0.3065979042436954 -4.544266329526023
-0.2736364919891425 -4.561238506856584
-0.3197259942780213 -3.8824139613404203
-0.16005202409233357 -4.29042738728364
-0.383060291539345 -4.238246037296351
-0.22991789634050974 -4.040108999939551
-0.398899544312529 -4.483833682977892
-0.33003741028530986 -4.445524753793457
-0.3155133488966105 -4.1411423434085375
-0.3422097740060832 -4.061773994551195
-0.3646559608508521 -4.333151905900395
-0.25068652193173485 -4.365238410215088
-0.22096685563450358 -4.057328562373761
-0.2684914997031449 -3.9725831686085282
-0.11991731797773325 -4.267604592248277
-0.10431085104463578 -4.173071430148912
-0.2872626554440917 -4.009848118839031
-0.30982669011470554 -4.307843176064073
-0.38376415160305 -4.239270945467565
-0.37221009198456523 -4.471025164598007
-0.15876521944820676 -3.935662554040139
-0.1363315649696123 -4.377766509831673
-0.16652308088614495 -4.2902629609194864
-0.27946462654961696 -3.949699392575236
-0.1589027354233583 -4.308760543588548
-0.39185748272794485 -3.9114070882142675
-0.3082634581923587 -3.92055125559582
-0.15155586230325008 -4.557246408421677
-0.2951899663377783 -4.340911776466538
-0.10279707423499884 -3.8817818521361556
-0.18629938695080112 -4.197982067671265
-0.39238820784986356 -4.277030912332058
-0.1277400713343525 -4.1213179676005325
-0.22581917102031537 -3.8687370570374835
-0.2673887117494206 -4.552666725113115
-0.29741809253321355 -4.0454812415619665


0.17258448057637615 1.674907164762371
0.12300086074733821 2.0495153374173416
0.23304021731405206 1.8214505936016974
0.126232475210508 2.0058327692935194
0.17026903103082489 2.0609909726478257
0.13095529563943847 1.6233869959212126
0.15538291266859572 1.6345133097762496
0.16178965826382752 2.1535292132584685
0.15278485133967407 2.159411253025361
0.1883207470226086 2.4340652856325673
0.1543098899632425 2.4278880027116116
0.20632123238896288 2.2235466776693906
0.23568561466431776 2.299143517054356
0.17559703754980463 1.5629263156340052
0.22781352023887058 2.325020845303228
0.18750394666340378 2.119618254755786
0.2316711563965912 2.0204553057929178
0.20816173079664296 1.7860146397508574
0.17194143640558665 1.5661804572012965
0.09025450039260853 2.1537957471554208
0.1126983216478155 1.5250826999063147
0.19408759415980176 1.7992240010739389
0.14678509498706027 1.6719965635028289
0.24579666561494218 1.6582497400894352
0.20532158245858434 2.0322824567955697
0.17370031746562614 2.3905583851933265
0.19848674630263624 2.067831927083952
0.15977427066644173 2.165681433669177
0.2240012542714075 2.2038134449433877
0.2319017699773906 2.270412620630074
0.10014748617772196 2.4829288335536153
0.20501738772750333 1.5350133743543242
0.13164031773744844 1.9000296726190569
0.12188843427403648 2.103507120616335
0.24989691745202836 1.8643624147949573
0.1847423322220491 1.9636507890236279
0.10838532541865363 2.1964808086003496
0.08799761548147261 2.209647240811418
0.1945173362940426 2.2985976523352227
0.1632262837208963 2.1530879306124397
0.08733732917298806 1.8668190188331053
0.143134536352565 1.8713166043547518
0.2030142449130829 1.9843067716254006
0.13546775888697177 1.5213939220415233
0.11033062700286911 2.1657844310997363
0.21214577775637417 1.5307654489378892
0.2026809282048977 2.27018942254655
0.15522957988713368 2.393608405852731
0.19907891198829497 1.6815873941950696
0.11835565495354636 2.418659295830825
0.20098686442564384 2.410416270341603
0.2416596672913749 1.514466068832192
0.17582561465928379 2.438512223771111
0.11978525011620786 1.7219647854671196
0.10966425481504034 1.6192540702101812
0.16961734348301044 1.859027059725868
0.2232187707791633 2.0789255485083804
0.1921338609290162 1.7020754305750672
0.07889383861511647 2.076466922929586
0.18421506531453102 1.8587276637128798
0.24656573824819428 2.415462004690342
0.23748072121176977 2.0341712262722913
0.18557961898912226 1.9294547369905808
0.2114628819898895 1.6827437852530611
0.23871925117487292 2.093816612343199
0.12830538871920222 2.302561192329722
0.09841558729940889 1.7008373892885364
0.11467616712252562 2.4738869117899283
0.10638124318506431 1.5824059400835822
0.22820456303172676 1.6024949379996698
0.1275785064503662 1.5775681278177756
0.16075969236741372 1.573460258631298
0.07585515300258933 2.310041110747477
0.18896518381636435 2.0176121302477408
0.12753224487432938 1.730228018010726
0.10581493319465182 2.113236710810806
0.12801244629764982 2.108845767822736
0.09426787542032657 1.5750848342021202
0.12278541134589238 2.4736710818310277
0.18025779318964127 2.4651694935574104
0.22402538937996724 2.1779918070186297
0.15945019342984307 2.389404311699702
0.24082412926421143 2.194841246820988
0.10006965638242357 2.397001525450661
0.1709849390204456 1.6597808978082476
0.17150216841533605 1.5918287365838277
0.23112817490194487 1.7512250895498362
0.11237181351489031 2.213775943411501
0.09507329538725262 1.5120185576700838
0.20443742446411767 2.247538897509746
0.19846505036576798 2.085284677950297
0.23711401428411455 2.065360120741199
0.19360771676389077 1.8075316004278297
0.09211783999998277 2.279617205062781
0.17026706198744168 2.1322111109172255
0.22078299961184172 1.7800200648530349
0.2199643731283037 1.5476081322288007
0.19293285434845556 1.595705859555672
0.09648656099526594 2.3775454381159626
0.15479970542824953 2.145581596894033
