20 100 60

0 1
0 1
0 1
0 1
0 1
0 1
0 1
0 1
0 1
0 1
0 1
0 1
0 1
0 1
0 1
0 1
0 1
0 1
0 1
0 1

-0.19129121042689437 -4.407862743272109
-0.11910795760898868 -4.419705227887434
-0.39346212926719465 -4.409918425521625
-0.1745515812510541 -3.915960284448933
-0.16735762455993786 -4.15402803404594
-0.25632277743495985 -4.272276887627865
-0.3348409826308741 -3.974262702914525
-0.14661646418028002 -4.2271696460192665
-0.1962479655024868 -3.8780662213082437
-0.35143164214728606 -4.104800138959449
-0.16056856496593924 -3.8510157066476616
-0.15331395544338036 -4.022978736303352
-0.2655590742088125 -4.485608797623231
-0.13047431552692318 -3.9092312546493293
-0.3209106565820723 -4.299432677600238
-0.1108222586514126 -4.212173868670382
-0.31377015622923 -3.851424643719243
-0.2675909637598568 -4.403474140368135
-0.18896648122004087 -4.398023121449138
-0.28250758934863607 -4.562414809636912
-0.21782584416370862 -3.8286101137381063
-0.3357453524470479 -4.5120994181326095
-0.20004794700636883 -4.534557069930083
-0.31742936521548787 -3.8312501696471375
-0.22398514892971041 -4.499370763020311
-0.18899615974368966 -4.129507279039125
-0.3545392509983277 -4.052564443765984
-0.287419135923499 -3.9887706832606757
-0.20184965909826386 -4.319966273942545
-0.12691950392299295 -4.472055767793939
-0.3900962876666585 -4.442179457761581
-0.21332321881432922 -4.016162768748533
-0.13468793089549808 -3.9293542135455954
-0.2928737468099214 -4.551842334322343
-0.3689056801471778 -4.351378929714439
-0.3941074420796858 -4.476971334364613
-0.20580029741474035 -4.058083342073036
-0.3901591517808258 -3.955951317964062
-0.23569285701103798 -4.575126566469298
-0.3961987739721652 -4.3615665989976495
-0.3630983010882404 -4.474260905438558
-0.2528574204458981 -4.464225522562933
-0.22014547816519558 -3.8610394194866466
-0.24351988586293935 -4.313393243443063
-0.30203554557407863 -3.896375304239532
-0.3534876445867027 -3.9347196119417625
-0.24475580561239596 -4.482798471116984
-0.20287139137596835 -4.017162544909254
-0.16744294073395574 -4.3161136585433075
-0.19392682256713215 -4.107512541564458
-0.1212958843333154 -4.414753935693732
-0.13064460572398118 -3.8951700877469597
-0.18144251430242725 -3.917788829356231
-0.1092096532307173 -3.9126724643907247
-0.23739815004646125 -4.576307708493096
-0.3919139213192138 -3.9626415627001754
-0.2318834243885204 -4.19605458070268
-0.14407936930399257 -4.229189325478885
-0.241672744547294 -3.8620563700132413
-0.28428217193390803 -3.843618585886026
-0.35933480231759324 -4.5258489130554045
-0.34305705389179986 -4.288281030184721
-0.3855940190658595 -3.9768305930557952
-0.27133315471291397 -3.8522161775318873
-0.31411573745154103 -4.396452240056448
-0.15631756472789815 -4.273236868095106
-0.13837919843291713 -4.429140708006639
-0.1648928713065609 -4.56718515558777
-0.3241049615716607 -4.0465579537423935
-0.24554635468133476 -3.8537329620154206
-0.37892370356714755 -3.876860771143957
-0.28496766550026104 -4.424563874578452
-0.2966701702213743 -4.514048174582392
-0.1486403060819394 -4.362261893610809
-0.3997424968726396 -4.242856268183924
-0.12679623416263147 -4.044676910278069
-0.28325801594164035 -3.826341804530641
-0.32034627272085137 -3.9071987932332832
-0.20808360162185116 -3.924278258240236
-0.3329065062947494 -4.025567001689653
-0.3361634879774221 -4.344736921477894
-0.24752946037390539 -4.297703950652094
-0.39790286929815893 -3.874825862241039
-0.12558928691791799 -4.544472998831548
-0.3364455125064942 -4.033663489716691
-0.10552648740553189 -4.386454259928214
-0.3668776296526105 -4.184218600703292
-0.3471756304088467 -3.85850497785076
-0.25908230878819866 -4.435261181310147
-0.21829943164643528 -4.053570248790247
-0.25364142066546674 -4.442607287536961
-0.22938587122476248 -3.857249045763072
-0.25871078633921707 -4.181422529479462
-0.26396039817435757 -4.299884989888905
-0.13426820591606625 -4.24828900692308
-0.26310413911288766 -3.957593831303506
-0.22242597434635933 -3.9323034500173133
-0.31845127276990814 -4.512535357149559
-0.17073291336655153 -3.8601586046388574
-0.1715571880801853 -4.049804794015921

-0.11603000630023652 -4.168718239323372
-0.32520085630838425 -4.088206956941376
-0.23495510208225465 -4.46636437009003
-0.31641816908485443 -4.35091504879555
-0.1258775637433272 -4.518106348652933
-0.2848770162950583 -4.576051529028984
-0.30229661155056975 -4.58006649021676
-0.3646486035408471 -3.9361291318371614
-0.35683940294759453 -4.258145048742056
-0.3148803581675031 -3.973814521316969
-0.2347620584565811 -3.904165714452145
-0.2663489204186199 -3.8186444574822467
-0.10319168275504248 -4.576903266867924
-0.3871314655103825 -3.859958828269642
-0.29453336473303815 -3.8310217827063204
-0.1090811110479315 -4.0182048511833885
-0.13160602777455022 -4.056397842702728
-0.16281919895674007 -4.464962206741153
-0.371836225736793 -3.9379770041765405
-0.2951664212984545 -4.385146094263229
-0.14379393132770424 -4.325043003307986
-0.167788440563582 -3.8733594508032887
-0.1682048333811885 -4.120910069220504
-0.3882634091465212 -4.475204753526926
-0.2847214679192985 -4.189773331870586
-0.13654185578989947 -4.127899721062232
-0.3165919715388623 -3.9585724998395717
-0.18936376183997902 -4.3468094642516375
-0.2217808900801632 -4.325332414440891
-0.2968056780134464 -3.9923925476333983
-0.30597093892073474 -4.278910429761704
-0.13319104178453417 -4.482450061055473
-0.12944424573685337 -4.467507102398799
-0.2163905590158254 -4.554728441487738
-0.3253398630489926 -4.0932350463094975
-0.17843463126805809 -4.023276133806333
-0.19010326751350287 -4.00339463000274
-0.37848348830621675 -4.002405868368191
-0.1835454341051598 -4.559512033316488
-0.16666349324436047 -4.5131520871341495
-0.10028896862828462 -4.094679154422084
-0.33085852980761643 -3.830082786706628
-0.31253131639646015 -4.443276982991359
-0.30989446553243893 -3.882577352304496
-0.3247121337346579 -4.128655582435655
-0.14142822683799539 -4.0253347576870695
-0.17930609716098056 -4.577610304128915
-0.12189188991717131 -3.884070424016356
-0.1723007876001812 -4.072451247524928
-0.13919660934816164 -3.882545867099353
-0.27183985391607857 -4.0423907451473875
-0.18369024556069397 -4.119159544113471
-0.25880492249610654 -4.402647204216916
-0.10266886237702877 -4.161636555916983
-0.2570291220633425 -4.016844125622209
-0.37035926895321797 -4.104850679764994
-0.12092491068212335 -3.953879047046858
-0.2006100136208155 -4.065092175671074
-0.15125369347703574 -3.8324998410496334
-0.2875909721855566 -4.037698898205286
-0.23260429550802564 -4.283938692565063
-0.25874733063371846 -4.079475558156417
-0.3334852853685136 -4.3656471167759205
-0.1863519987920607 -4.291664745449901
-0.3387219463390418 -4.380693214031126
-0.24597661493474618 -4.293864952665215
-0.19722644215481952 -4.32565323300083
-0.26636214125461555 -4.346552933117552
-0.14995925499147833 -4.425019137897998
-0.3718621251235556 -4.3735516413985245
-0.1849067148141318 -4.133057620138391
-0.308325584571066 -4.411885120062735
-0.18970443945655993 -4.064880952571091
-0.21398692958532942 -4.103684252247007
-0.22208409146333194 -4.1501653519168205
-0.20560829997722233 -4.317154143488133
-0.14384694527054726 -3.9170278878232514
-0.3736164543532674 -3.891068234400187
-0.24006191786682446 -4.097717009412563
-0.22146686165717316 -4.2119403742567485
-0.14936582765858586 -4.177896541235393
-0.1349262657307123 -3.9679650227634404
-0.3929285225475977 -4.464578873843501
-0.21320973354902506 -4.413738633925643
-0.3980861065602574 -4.306434412138748
-0.2423769989720045 -4.296292792818582
-0.3443649863790241 -3.836306643137621
-0.29508638434856505 -4.48540829389439
-0.19192621380337646 -4.455766393216168
-0.2674361857697811 -4.246118946017568
-0.35036141124125897 -4.2404982164283105
-0.26565878489773886 -4.1893735682745445
-0.38273512901655615 -4.049643994609691
-0.36200275483230043 -4.409525405970142
-0.1535396445902947 -4.463564628074639
-0.1215884173243762 -3.8434791419444565
-0.23254842608801637 -3.9516093682881075
-0.1395592168687687 -4.509905603716006
-0.21830875525430263 -4.370401194595911
-0.1731529937622783 -4.142597130874144

-0.20739081510077925 -3.967833119373371
-0.31573959675967134 -3.818272612847436
-0.36549094128901904 -4.134667076873456
-0.17160341460347378 -4.226409638211922
-0.39238994649291514 -3.9155588468481097
-0.11991652980774115 -4.219232203997683
-0.1282920027975863 -4.296159768350368
-0.35799464110127965 -4.33201169525795
-0.2742959473967846 -3.8829637083363235
-0.13097768465204623 -4.512934086149679
-0.10737304113265395 -4.004341219693448
-0.21616995479147236 -4.4745640993585925
-0.10216292185616388 -4.4653014473903685
-0.315377236799332 -3.9161584020507108
-0.23946066378832842 -4.548531125299659
-0.17925869371644598 -4.411675890726247
-0.21951373757183826 -3.970369429084875
-0.3601702399481758 -4.027260085669893
-0.21477247701409527 -4.383581024680685
-0.19726941149278715 -4.016748717084303
-0.37969026506535175 -3.819632234732943
-0.2774122987915231 -3.8491428504515715
-0.12980325512868623 -4.099992957687869
-0.20498664170201078 -4.085792902441354
-0.19651192948857696 -4.194427044767039
-0.2389534062663882 -4.259982257628975
-0.3537384239512139 -4.466908981848181
-0.3529105454419459 -4.284966299369287
-0.20853040816193008 -4.12868352106358
-0.3362035467346463 -3.933742902890664
-0.2592220201591509 -4.366805992374467
-0.24050837883458076 -4.511988198584208
-0.23604984587057362 -4.151630200818013
-0.2598811862385706 -4.242668022525296
-0.36840942518460645 -4.505004447480706
-0.22336281367338967 -4.490190719414481
-0.24909254893260588 -4.27661100510256
-0.29846922562613976 -4.410825280008343
-0.1476246447883519 -4.151514904474635
-0.3930606045855064 -4.214050348052118
-0.3346109679626853 -4.209245370359877
-0.3726115375712179 -4.526324034809761
-0.36864125526799546 -4.098755782337674
-0.172054762585922 -4.1930834686621905
-0.2463162305277519 -4.105662217711166
-0.3313162524632467 -4.114814534184232
-0.1293059999373926 -3.8582261974223244
-0.32210355244763045 -4.48745752297327
-0.2682249252097192 -4.555042711905329
-0.17055912044223356 -4.563856746750513
-0.313192412305871 -4.067856248797883
-0.3843172725216107 -4.141147579098293
-0.39436931615486503 -4.041116675859191
-0.3751105222509875 -4.343419896441011
-0.28286386328209145 -4.290363967449433
-0.3467646629036611 -4.551890137482099
-0.29453577517896595 -4.558594656225176
-0.2659253181897576 -4.2315382899392535
-0.11909860826943353 -4.377236445248624
-0.17080776727697422 -4.291016052430158
-0.2634789104181916 -4.348217135828978
-0.3806635540021002 -4.346737514510434
-0.3167658260609555 -4.391585565446683
-0.13242330345981035 -4.357094671424756
-0.14744906288377663 -4.144665449499231
-0.25258161901889226 -4.4222185944755665
-0.11993047711300098 -4.451149407327698
-0.312122220315515 -4.0423183758916315
-0.3173186396503889 -4.467322203269261
-0.24151545908080352 -4.427057522856274
-0.2638930327317658 -4.350849386477168
-0.3790751511898024 -3.875227270098671
-0.21068824445542444 -3.8504642871707535
-0.14114976992796907 -4.3400925269116275
-0.19888486874852676 -4.177005930371259
-0.18757610101268346 -3.9134714790579865
-0.1823566641902933 -3.848255906658588
-0.2182093452535775 -4.511825051160058
-0.149855439348068 -4.141997415374179
-0.19632871992443487 -4.203627363929759
-0.2467083900671711 -3.846114522389451
-0.20841242178961167 -4.020218232446657
-0.25228706130295814 -4.044174871523029
-0.2471476060557137 -4.140165710096615
-0.38669091794834465 -3.9022334701763595
-0.26948709280191474 -4.390017421789012
-0.33131752357192534 -4.179906802440518
-0.34296632516228265 -3.883533794699206
-0.2813403641913446 -3.89056150363271
-0.3137943415965029 -4.403865808851959
-0.17619110942263985 -3.823114002608422
-0.19255926283287175 -4.055903881732381
-0.18669587527130777 -4.210670797899789
-0.26851767916871877 -4.529679771550717
-0.23484318752344546 -4.327042002854314
-0.37823009033809396 -4.033278827462574
-0.19670113395564678 -3.928602795496488
-0.20249220917417265 -4.4038254191888235
-0.1575484975872547 -4.395219126923956
-0.38457791007959474 -4.307510818930038

-0.35139133550492657 -4.290456795392966
-0.19726067984963852 -4.336090650230542
-0.34614250690028253 -4.011458102671596
-0.3542093576153053 -4.3141550441292775
-0.23295348664237941 -4.441695468859104
-0.3299999527330072 -4.043025457177185
-0.2999903025299048 -4.320530192826437
-0.35511516994027553 -4.089745897223747
-0.1405215426884941 -4.386427828883883
-0.16025807865716823 -4.428447845405375
-0.1567729867703162 -4.537973428774229
-0.2430575835949521 -3.85078093119974
-0.2413862050470182 -4.109097238487633
-0.10362479199173436 -3.932494997288058
-0.25371890841666866 -4.474823383327883
-0.18735045509569856 -4.163053218060297
-0.38888339326140364 -4.012008269154386
-0.20579649504116218 -3.9225851055380643
-0.2363972572171285 -4.192171069000912
-0.37478904713192485 -4.400613490994495
-0.13830553141640273 -4.241359741508793
-0.13741085505633965 -4.510116820256735
-0.38319073578190255 -4.326531681583042
-0.32005162588478253 -4.5241151438133995
-0.17250435688000756 -4.5632994612702475
-0.11201666391049203 -4.219779924927687
-0.16341092218496786 -4.307577514260008
-0.25261265182010484 -3.8833554361095084
-0.14204948382098476 -4.459275241835616
-0.2357649250754664 -4.296730038867254
-0.3821943160857321 -4.050045434495268
-0.26123257119852805 -4.29158400277326
-0.3201113389396333 -3.9480635627926164
-0.1649094587784397 -4.387429412113245
-0.1138480184699841 -4.022505174745613
-0.17689320106840606 -3.848561883969649
-0.39675657458622543 -3.851418949021837
-0.28111417935887295 -4.29221156338565
-0.14623142358293018 -4.18427618339052
-0.3875797272656693 -4.471330177511359
-0.26222031069228213 -3.9934923761411256
-0.16648835530580003 -4.203593343755491
-0.11163511683091804 -3.9432206256595164
-0.3825188142339084 -4.0612907318774525
-0.13018904279964788 -4.1822098524616065
-0.28113112222809145 -3.8897544580750125
-0.3263517117655007 -4.5661642882127635
-0.18132800945930933 -4.056449535167358
-0.14865077786815978 -4.557508875902495
-0.30666171936310155 -4.517186499168873
-0.38436082117061054 -3.9443315729051847
-0.1645274182039691 -4.268324210528308
-0.10471355692624595 -3.9136508311610916
-0.12111853640100823 -4.331942657457308
-0.1873599922932518 -3.9919722688546733
-0.39422091401010123 -4.4725704695723785
-0.13890382332806184 -4.483476221110325
-0.311900334420191 -3.9179998655814465
-0.3590588020446637 -4.039435900813699
-0.1117741553114226 -4.001418484034385
-0.15807792140368343 -4.0558941714347165
-0.35322732098020637 -4.295485832127157
-0.39556544034027513 -3.9515999253528964
-0.26539144852287627 -4.271444632139393
-0.2643919225302332 -4.106194543282256
-0.29072397549510914 -3.9521627978697484
-0.29526555976377544 -4.292480778970061
-0.12095198291541331 -3.8333710932154115
-0.15809590830164358 -4.442943627764733
-0.1476157452584848 -4.1755077235941584
-0.16839198815364254 -4.034819501709515
-0.19641746612119046 -4.437980379530682
-0.23289184262577695 -4.22205906515451
-0.32795542528627775 -3.8497693824334323
-0.29046626476198195 -4.2111072071636375
-0.118291495295276 -4.279117663650855
-0.20180077744756694 -4.251572580338191
-0.32838721793257486 -3.997690348186818
-0.32561954499821794 -3.9516854073884713
-0.3372129679142827 -4.451806773922094
-0.2817604832674004 -4.404238015428917
-0.11018528942042544 -3.9211314433720896
-0.2650694250145169 -4.452086893896161
-0.31056573086825684 -4.31420634217829
-0.23209817678969485 -4.178471722058132
-0.10958679032879415 -3.961662050101526
-0.2958338681842325 -4.203423874935906
-0.37435446660279453 -4.006099998492116
-0.2710909634035915 -3.981964754014908
-0.21156665803948985 -4.110208453470425
-0.17662513209418357 -3.826698529596883
-0.3994872953975543 -4.067202866092148
-0.3920975515676806 -3.8410002775288787
-0.14236100111568845 -3.9490804354648428
-0.3048475573080369 -4.376844954449475
-0.36032612871490954 -3.8807003098057096
-0.2653744695723342 -3.997962487014934
-0.29646268828072214 -3.8265116877330256
-0.2893053864593893 -4.302004317863919
-0.310243055579548 -4.242575678674765

-0.19698228227126968 -4.207442606213661
-0.31631670435101344 -4.261959321266962
-0.16364031512960436 -3.8254075465537367
-0.26647828922180694 -4.566456212716575
-0.1497418382460043 -4.002484095209799
-0.22998411680542155 -4.382756292586639
-0.15160206252119304 -4.205732169793895
-0.2521345809321506 -4.259825374109942
-0.25359802064965986 -4.13916142874036
-0.3996047613204244 -4.5097300053723215
-0.122260851271004 -4.241169198079008
-0.10136407892922122 -4.378612003275679
-0.10915464464857677 -4.0253299592588645
-0.3694052210321746 -4.570632769222648
-0.13417457871135635 -4.491297665531159
-0.2849632826300048 -4.309321901618936
-0.2145957330782948 -4.148073086948335
-0.26045089510959535 -4.366742487120133
-0.3392342007444802 -4.21905040702789
-0.11401387548196978 -3.90843102282047
-0.2729370156917137 -4.565740037441786
-0.11863943871932014 -4.409175069284185
-0.19288879665882758 -4.010890129379695
-0.37715023028107075 -4.557532323763914
-0.34483949512708023 -4.164069502708389
-0.21160059109155882 -3.9047520311255086
-0.33719934266256313 -4.395822717531265
-0.23087690352673174 -4.5569250253893525
-0.1531180264364834 -4.060404318618121
-0.2976795589632176 -4.370339174791032
-0.19796010096135472 -4.516438979787862
-0.2132691318601527 -4.143363465015918
-0.3238124399356995 -3.8656803116612894
-0.2089150265041608 -4.378367889550548
-0.1620995723168625 -4.227479298054193
-0.15821363178823494 -4.390914420338689
-0.370505946476402 -4.2896044077494775
-0.32870940865847276 -4.123202590525526
-0.3938735299420934 -4.219979878321176
-0.1384037511706943 -3.8578920877734566
-0.14817843618087817 -4.243639272892031
-0.14353827595811197 -4.20197060424172
-0.1445492309763428 -3.97614223545908
-0.26458880650068894 -4.465737799722687
-0.18367762659095938 -3.88606705072828
-0.3995203284849888 -4.306129221697813
-0.23866559343082588 -4.125670032330453
-0.28055815760495484 -4.413507013267397
-0.17013138227263477 -3.9296198113593577
-0.17498236680296 -4.560825446157241
-0.3681436061485571 -3.8847451247004567
-0.39839356441118284 -4.209555369942869
-0.16314079462995512 -4.435698200192247
-0.17559108124604933 -3.988174850745728
-0.36739100904731636 -4.055930954964465
-0.36111363634485605 -3.990724930029959
-0.2369553207907586 -4.007004569934635
-0.15745609742322478 -4.459314383468859
-0.18096308831734087 -4.276114061625923
-0.2061907939848362 -4.5662803917124455
-0.37237077127359364 -3.820363678939657
-0.1914293947200667 -4.342163257565105
-0.338663356339299 -4.02409540023589
-0.1657533571227571 -4.013077015465357
-0.2619382044274895 -4.063087063185175
-0.30110125968425683 -3.991057305618912
-0.3522493520340465 -3.8587254210184363
-0.2168748412935727 -4.350081698417753
-0.34015313272892156 -3.8507222559776233
-0.10284444831379352 -4.438763993275781
-0.287726531686672 -4.391317786224813
-0.3227143035419932 -4.545186479844356
-0.21236904218092742 -3.878211022399193
-0.25515335976208287 -4.513327159758998
-0.14058081844897907 -4.162157988511861
-0.29753355958394856 -4.326094484149539
-0.1445488907390568 -4.052834724068086
-0.1261778561600746 -4.4748063920988805
-0.22426892109702107 -4.234188335900598
-0.12556145480767827 -3.8823130690138736
-0.12759643538597287 -3.926035672262266
-0.22008646554636976 -4.458539793777583
-0.24522724567070872 -4.439550264574174
-0.24536031196035085 -3.9033139824278322
-0.19778624337429154 -4.568819906263105
-0.27645700314632726 -4.473614603166552
-0.3285928181435912 -4.3324483525293
-0.11919167003732795 -4.502891444285411
-0.3323801396537167 -3.8661440104732967
-0.13004297513340218 -4.579247895184463
-0.37132600821922784 -3.9890711524770848
-0.30245547984469073 -4.485573605769886
-0.2747686896108161 -4.144428494150826
-0.13542938617366412 -4.08414543510131
-0.10596220833451053 -4.295474121828392
-0.32351333403709603 -3.813618515186748
-0.26752584098528215 -3.9055686291017864
-0.2530950164456507 -4.051218504739244
-0.21779020702282295 -4.409609466649553
-0.3009466562768518 -4.266470012907566

-0.34605531141192036 -4.49964113943119
-0.11051249820073406 -3.9038359654124664
-0.1530095578346551 -4.0917652446057415
-0.31643428899632975 -4.289156081469793
-0.1545654945331296 -4.211744870703022
-0.37209595010069635 -4.368445530201367
-0.11840807739115616 -3.9897619348088345
-0.35939627387693956 -4.260023058004453
-0.299545896757292 -4.071427711802384
-0.2341924325504825 -4.308874796648429
-0.2322267764064906 -4.520503337769339
-0.16926295445828823 -4.002532127550024
-0.23958799716595117 -4.462677503518802
-0.2853104335837498 -3.983743643188312
-0.15084792730567415 -4.53002462282654
-0.18971227146675912 -4.43971351492256
-0.3023044909442543 -3.9589053773974077
-0.24719778318674873 -4.477124453763793
-0.2186967762080347 -4.0595904363872055
-0.2798107168525042 -3.887620299907536
-0.26487618004530505 -3.9708723385764957
-0.3112173536399592 -3.8214183730425093
-0.11443635419304027 -3.855018350964138
-0.12076789064945681 -4.0186761959617625
-0.3771690253886057 -4.314934541113916
-0.23266336773367444 -4.431770298709729
-0.33097355629379943 -4.015944506256524
-0.1910685693122507 -4.364915633068191
-0.13625216706897986 -4.333272797780619
-0.3465120652829897 -4.043941330098931
-0.2829168741038909 -4.403844092556498
-0.3359845098348441 -4.556178523308654
-0.24459534736187544 -4.5565779658828705
-0.20590100671748088 -4.14581807648355
-0.3579743837439774 -4.275057340638133
-0.34082261140091374 -4.403696734576863
-0.36176425778228566 -4.325763143484916
-0.1279213788296502 -4.372012015960121
-0.1791162118302236 -4.437346764529821
-0.15528853511454116 -4.391813981702069
-0.25828189282639213 -3.9442214746140882
-0.31810031316079396 -4.5786918648443935
-0.12507031882299935 -4.448620856486118
-0.33767168034051154 -4.006536110292744
-0.2791692460443605 -4.12312962749005
-0.34594577101904317 -4.065963470463827
-0.1563883854871067 -4.066829816597287
-0.10922997422318587 -4.5134657264908995
-0.32349909355404893 -3.999224490399456
-0.19804993982236005 -3.993497483007933
-0.36096191692088103 -4.249284836019355
-0.13166243438866998 -4.36408377093017
-0.38190957307490964 -4.304139749448088
-0.3189620368795709 -4.024486378792395
-0.24697715724372643 -4.209875659226943
-0.23113327268666137 -4.178990923056282
-0.18298381640765585 -3.8311478058530684
-0.16765226178090772 -3.8244316439192025
-0.3562101443345481 -4.22473696788782
-0.2319596194640914 -3.927747071311081
-0.22905590830266256 -4.482567199713719
-0.20511648580450764 -4.450466973647654
-0.16069817171553635 -4.326602469292144
-0.15820067172837457 -4.559329823986543
-0.18984718884267326 -3.9864984948331785
-0.34597585646832424 -4.154540780544624
-0.23786658596811058 -3.864835476889874
-0.25911830882047093 -4.190771239107567
-0.27391351426600885 -4.088964835610007
-0.29748639572627134 -4.498518133377415
-0.1687823589619478 -4.362436739545189
-0.1401562542293634 -3.8272628919335654
-0.10319417089785832 -4.006638177211779
-0.32859376520400163 -3.8467347633078113
-0.20643279386141428 -4.466243488732543
-0.17943560328275543 -4.299508523571216
-0.3980928189856835 -4.160971148431261
-0.30965827973637633 -4.191377669843259
-0.22035594197548758 -4.300550379989527
-0.36097937268083014 -3.9520526508825347
-0.27486468709117884 -4.5053365498096705
-0.275740717946423 -4.291179279993493
-0.2559313372558436 -3.817767822173076
-0.23017924718659494 -4.412591749277205
-0.3305561828734188 -4.133430162272673
-0.3081346097818071 -3.989273865579356
-0.3332658818472082 -4.044044532270291
-0.1958161526948127 -4.26138447941181
-0.2440788384733269 -4.367251864371348
-0.3071235471375987 -4.382454553965855
-0.39245909963131453 -3.9192165622934096
-0.18879351880854858 -4.513259022922647
-0.11622289674392572 -3.924716961146273
-0.308470580821976 -4.101891452663999
-0.3153728103016672 -3.895618493650581
-0.2781191749537334 -4.418067403149211
-0.3646445526440854 -4.423475381360686
-0.3736973715023746 -3.896217229318797
-0.15255202546390695 -3.8937819529345727
-0.2281653902638621 -4.1537442416256996

-0.2570491970572003 -4.007188964922512
-0.2436219359083424 -4.169780810393746
-0.1669628185375307 -4.444114121579878
-0.24645119160470802 -3.868301927307054
-0.3939204613733485 -4.445834279964469
-0.15364753340680187 -4.038086206341573
-0.13422344134262926 -4.465047130071457
-0.2941988457914471 -4.0825331942005425
-0.38507556415685334 -4.497098773910833
-0.19226715982159223 -3.983447946394336
-0.3180389368472928 -4.177742883101432
-0.22864492945150458 -4.54200788870698
-0.10314237371830903 -4.512075088086482
-0.2952298799161307 -4.018550612087919
-0.2637061279244601 -4.3253338203745395
-0.14868225733359208 -4.418526996653845
-0.22621665879315228 -4.203998407066351
-0.24151058234742898 -4.074312547737041
-0.3026221181903026 -4.305278426880014
-0.26174002253436845 -3.9999877000177544
-0.22551372118203503 -4.359912699900803
-0.221200717551275 -4.165605157226583
-0.3157415380599168 -4.324980883400423
-0.36806318999512616 -3.8750074324942236
-0.33201350366260635 -4.000229518322646
-0.29606662344412915 -3.8859776966598325
-0.19315500947135336 -4.242452870548577
-0.3400827242465381 -4.020190129299623
-0.21122284947568287 -3.8135729083547916
-0.11988376060511757 -3.9312489602319896
-0.2518927665587035 -4.57828707303662
-0.19679872835497444 -4.20159247956795
-0.11668133527560615 -4.558775550220223
-0.31250049734429564 -4.210059333823648
-0.3042673072983897 -3.8476048440994166
-0.27908690562755883 -4.476062851685238
-0.11752428015019101 -4.0650733655118705
-0.12179157884924824 -4.5600923217501865
-0.24664735246670075 -3.8221246236114297
-0.32958786655976713 -4.499164751893802
-0.13024356747121946 -4.506566648304282
-0.19463759843147754 -4.396733126797277
-0.19489244756568988 -4.01671697649397
-0.3682694205118155 -3.8444520224124985
-0.15167816623860927 -3.822958363602514
-0.3000283740457703 -4.268417691625501
-0.23064973302895567 -4.13213895919211
-0.3416174179697332 -4.0903242531061155
-0.19136196194961955 -4.555572956945825
-0.37772282881666275 -4.028533953094978
-0.12985253828205956 -4.504526578199431
-0.3032136055661926 -4.2007941693377315
-0.21843296418777244 -4.0056828624183325
-0.3677699350889496 -4.238783437054321
-0.1674545379298164 -4.534872606365387
-0.12091461180691832 -4.5495103768659915
-0.3608903616941148 -4.1460314708542185
-0.17804564060436137 -4.570178201643153
-0.2653702956233226 -4.409899089370041
-0.3901408118796046 -4.377803863723495
-0.24585460578387813 -4.234952109787557
-0.16204794384409765 -4.290497087320885
-0.2097116595474056 -4.1266389788070414
-0.39870629870024127 -4.01275185275575
-0.2958105248307793 -3.96067440272034
-0.17385862137854946 -4.019093364438905
-0.3373949266552327 -4.0919675963445705
-0.25326719877489356 -4.433250093449064
-0.10359655435209736 -4.240030186793564
-0.288738878086073 -3.8554634650367245
-0.16364776133373618 -4.500173609778588
-0.21217390481501586 -4.396282252395322
-0.31567732544073795 -4.473606192125919
-0.11910138281928423 -4.1175076841880225
-0.33471813517324084 -4.347912962924688
-0.17803646452507405 -3.9365741636246483
-0.27175881651506506 -4.169818935612773
-0.2628126228953602 -4.137412878911739
-0.13516271809152408 -3.9441274700647395
-0.2314165238691808 -4.476933646918369
-0.2612461633922356 -4.440247275906635
-0.13337459705088445 -4.005006120417939
-0.11947634437104637 -4.559447329481991
-0.30761172085840904 -4.416808137540696
-0.34909919693720404 -4.109478793083661
-0.26113307484799975 -4.5743105706733616
-0.2555583590465813 -4.099092954882378
-0.21981560798507807 -4.331581978256473
-0.13473662195346597 -4.354638354778554
-0.1508694812429989 -4.55887119669871
-0.2674012441218138 -4.532176507913535
-0.12615281883093504 -4.280214471170279
-0.3732818174109212 -4.003206526231124
-0.3112677718568979 -4.024930462008761
-0.11078575883557817 -4.396023659589717
-0.1077213628881375 -3.820980251813919
-0.33460651211043474 -4.292811573155513
-0.15045052022074956 -4.046554025663317
-0.24630515187375934 -4.4149825847304145
-0.2821920503448616 -3.8436950543654524

-0.20455907164737913 -4.453674616593292
-0.37095866681604545 -3.94570395573623
-0.24908452399523234 -3.9871958310861535
-0.2002758167035091 -4.3700182190579575
-0.21078154441217983 -4.286622976836194
-0.18937481485724292 -3.9589197533084475
-0.20786538163321783 -4.058120595909955
-0.39563002103857137 -4.019108669927179
-0.313495416754906 -4.321418722721662
-0.2508682226602347 -4.043753019582954
-0.14160663444352167 -4.060739434627968
-0.24849082983244522 -4.035267652148471
-0.21536316896658078 -4.316116896834561
-0.1976068094064483 -3.8467170706495892
-0.17500337712461733 -4.552968714771051
-0.33660835334359374 -4.4388869407851645
-0.37942960352908206 -4.244057180867275
-0.3432347492453273 -3.965499873467957
-0.33797692641673943 -4.095749419902975
-0.22044272532451192 -4.152524251479425
-0.2774023887833183 -4.063012823758056
-0.24783694991648228 -4.445631019908357
-0.1816298429093348 -4.079461849807368
-0.1055317361473107 -3.9266154869668126
-0.21075559694369123 -4.174484246283368
-0.20574396538314849 -4.069668537478887
-0.3053061982296105 -4.319200187839338
-0.10220888472274037 -4.527561254979597
-0.34029451848115344 -3.8755030369147603
-0.15195043492821353 -4.016175287896392
-0.24558723639612057 -4.3561932022860494
-0.29227499842571797 -4.52863068543971
-0.3131446743297573 -3.896765001997538
-0.13042041331468673 -4.334177485824186
-0.369809877671513 -4.296537232229025
-0.183811923126096 -4.151366613732714
-0.23173434301603804 -4.231983212191459
-0.30480111682907174 -4.519194182332685
-0.17938739866800318 -4.1668195931392455
-0.3208830598458496 -3.9132679810958235
-0.101703539067588 -4.084002013487085
-0.2641267940069759 -4.555313839149245
-0.3699346168100174 -4.541520711279336
-0.3319639113100057 -3.8137774680896768
-0.2236158433471363 -3.945773658508339
-0.26578991175688027 -3.9987592953887114
-0.39337837302482015 -4.579077777952043
-0.2750062188910949 -4.44195855074576
-0.25747832476675125 -4.26604612421727
-0.282079781009661 -4.464600717812763
-0.39559122254992346 -4.1700514250505325
-0.3895715233319328 -4.09670513957805
-0.37926974328970126 -4.258346288504049
-0.28507763070739855 -3.8297603214830076
-0.2016336846681358 -4.37045451251391
-0.11342444006391117 -3.846541924026762
-0.3125280829226479 -4.407603095966824
-0.33435850908344655 -4.57066226903525
-0.23278823183680358 -4.094687473335877
-0.12803102711026076 -3.8168360401325847
-0.3868808098847552 -4.224462758807705
-0.11472719276991711 -4.015376512343846
-0.3726284506066277 -4.365472679843027
-0.2980662082178736 -3.998527817509656
-0.32469078987013766 -4.178039587768473
-0.3358084059738745 -4.431297536737383
-0.2770823889433317 -4.3748415068551045
-0.29811099926445134 -4.102205432011432
-0.3558740403972649 -4.050188349521789
-0.25921989201774337 -4.283771099454959
-0.14721438047611707 -3.8223320919911767
-0.18750731662248044 -4.049563214522394
-0.1401048710605129 -4.301802756806683
-0.3211445694518781 -3.820472773378149
-0.23082381012264463 -4.122477504669374
-0.20042332765493195 -3.843461772386634
-0.2549726003691737 -3.8599124895591816
-0.1299476244132401 -4.476601117687845
-0.3526793078945856 -4.54068839102567
-0.14644054062174933 -4.16886009684838
-0.32152768375019175 -4.26658276987371
-0.1482630357471036 -4.532227646245439
-0.1281411986058838 -4.560188760274785
-0.142009230593448 -4.538926606983928
-0.1957655170802557 -4.057607537859744
-0.38949999711843875 -4.230732194695432
-0.23104327756898582 -4.303159348089664
-0.38017688211259554 -3.833540931845084
-0.12126534567168612 -4.134054605318176
-0.24043090715397208 -4.116708356206258
-0.3911178008864115 -4.3783915387197085
-0.17613404186017667 -4.179199601912316
-0.36491522855905323 -4.1713722663592785
-0.18139497604842297 -3.819376426597074
-0.35141413543259326 -3.9588936791485665
-0.19447390673844772 -4.282566001720466
-0.2648488407528379 -4.307152329632326
-0.19567479604930388 -4.095081407743709
-0.22438883435118182 -4.359533219175372
-0.1684231498979989 -4.514668325210711

-0.3851999799655321 -4.461417865678207
-0.31170038872448413 -4.47130610391292
-0.3341347408686274 -4.482992529994413
-0.2844038982212458 -4.293699551948227
-0.3668743476675531 -4.26380125429883
-0.33927262200254205 -4.020807645269413
-0.2744808607186402 -4.52984990660827
-0.3143845735877552 -4.132968619779016
-0.33939759532677494 -4.540430949492039
-0.1782087582985596 -4.3215440092619195
-0.2995975993477288 -4.335747240817956
-0.13617330888100998 -4.177891315112868
-0.1593493369726558 -4.169681650728738
-0.34360353788904285 -4.201912155710629
-0.28691495609073503 -4.503363651784149
-0.32721156535460005 -4.326552091088215
-0.3971967854726225 -4.495216810735862
-0.31110454804209564 -4.111091968498746
-0.353998166475916 -4.446182430376237
-0.35894926757354234 -4.4270140434710274
-0.1778272883443079 -4.42310758188502
-0.34568623602337406 -3.858144393367347
-0.2748687386390668 -3.9737240890675993
-0.26167293151913484 -4.020522559518807
-0.12978721650186537 -4.257041531191848
-0.10621125646313095 -4.392768625976989
-0.2310980686018309 -4.356159643532289
-0.25197267055694617 -4.093966880308231
-0.2335007418564394 -4.080469522358816
-0.1758864394462934 -4.3186275775492
-0.10038276352559011 -3.819150184714753
-0.13942180614827665 -3.941245129887781
-0.32185605942064105 -4.464468801814652
-0.2981960712170204 -4.13743895700053
-0.10287526488966853 -4.046038517575707
-0.20224032625995317 -4.329825614505232
-0.18379054063649117 -4.027219161185158
-0.17877754118376096 -4.169461023314015
-0.3258875313794818 -4.423936284728734
-0.22739251096914173 -3.9694229233137737
-0.2913702192294649 -4.557935506903498
-0.315859006212315 -4.271757299248128
-0.29888770934726183 -3.881216730223216
-0.21970077653718362 -4.354365924916093
-0.38124506725197665 -3.9691167087565957
-0.2323019322067084 -3.865546780957224
-0.24207185886992663 -4.017602311445416
-0.3038042020853778 -4.150290692130024
-0.33987505332553564 -4.540800919820964
-0.18157068977894458 -4.251860348635077
-0.18830976488756984 -4.198416172486333
-0.38350025679879896 -4.201023037364006
-0.2224787132578657 -3.8152734814042883
-0.2547742225845837 -4.013121890631505
-0.22989139325113236 -4.078519236403292
-0.391704824410692 -3.813925054785898
-0.103097602150024 -4.346954325056758
-0.10345641606907624 -3.938370555723271
-0.21711510885566304 -4.130250774263095
-0.3346447402980975 -3.9661147505150662
-0.1712469262098831 -4.506581640495645
-0.1443133589109647 -4.324185131198104
-0.273475731726174 -4.481112135815774
-0.13097682734509275 -4.1578530287282796
-0.16694673129470514 -4.14593981873734
-0.1180222377255471 -4.478464949779863
-0.31372270366754945 -4.194827566451181
-0.12517891868254682 -4.2767455278026345
-0.20345308534609072 -3.9977155583678012
-0.2023995237161713 -4.200634577952191
-0.15862821781652173 -4.439719894838971
-0.11640693080096609 -4.034028387425422
-0.19645855399223314 -4.151482101996151
-0.1655051216460015 -4.3069125097700445
-0.20356623512217034 -4.186231654846777
-0.34134423526950347 -4.254454036471678
-0.28567768426782963 -4.242735528349323
-0.21726311934913703 -4.062078264940819
-0.2592856252939409 -4.524078980316879
-0.3254176575459258 -3.8743268192056144
-0.36279470499019045 -3.8418218943145757
-0.17243895883290472 -4.453189454892213
-0.13357324114955776 -4.264322995104353
-0.2706603967831068 -3.8184245091805833
-0.2662710532326218 -4.49034538749131
-0.16246964186745308 -4.122038442872838
-0.3632619079410554 -4.406795473444195
-0.18784077668324578 -4.44632210912391
-0.29716096959599625 -4.0802986275368935
-0.3718819496049484 -4.573868470792178
-0.16623523536324286 -4.315586670189542
-0.2758601816151935 -4.579472445627032
-0.2838783690955987 -3.9043025490377166
-0.18647895862074587 -4.364059879589132
-0.35939252737028343 -4.517530846383211
-0.2202823803696829 -4.477374273344677
-0.18744190245885117 -4.447408333429072
-0.27287960717594084 -4.174851062432937
-0.3757365681838729 -4.443111896045431
-0.3520221119970865 -3.917019739963096

-0.11238244339862435 -4.486536970769264
-0.16252553965587788 -4.133963689768887
-0.12798170517930985 -4.490530012237796
-0.2953417914719404 -3.968129133097663
-0.12785927510456324 -3.932489215116465
-0.3649930687426908 -3.824173336207482
-0.13116899905176466 -3.900446097342714
-0.22480094454972196 -4.396468102245025
-0.19038540587466402 -4.432368602295968
-0.15005686917601332 -4.089114176294113
-0.2266190724356608 -4.076448227053826
-0.3649934838254922 -3.8246555422393094
-0.3540172731309067 -4.137453754567072
-0.3666269097971505 -3.8558163572706334
-0.32214431665654597 -4.201090950877818
-0.3888790330545023 -4.0039641439747005
-0.14306965257241705 -4.181908452111518
-0.21825608822369935 -4.275126800310106
-0.1323779618901434 -3.8825609032763833
-0.1885379688994823 -3.912551817201563
-0.26690144318251163 -4.490187597878526
-0.34800267143488745 -4.118773775522851
-0.3088774759186991 -3.97767438194506
-0.13979738873879705 -4.292920070642739
-0.2851444682837461 -3.913531919886936
-0.27249670364162326 -4.307368314510077
-0.18473942699811363 -4.113106539091634
-0.3592216963704346 -4.229384532110867
-0.2791294802322484 -4.2536004630328526
-0.2609194686146199 -3.8238883360976956
-0.30097174829595336 -3.9456273090960696
-0.267455899176981 -4.010432706734358
-0.20725128770955445 -4.380838585950357
-0.18542962469703073 -4.033239221243683
-0.1740378035615374 -4.444348336933021
-0.38287957150698376 -4.363298177006441
-0.25605837626950534 -4.496289180732147
-0.36274500720643277 -4.423181755593765
-0.1973892997807737 -4.038698378064907
-0.14691568400433547 -4.572183875109815
-0.11545321338137116 -3.927137673112664
-0.17621341359871484 -4.049799491408096
-0.21236645761044493 -4.061349103131129
-0.39893349515214843 -4.216316343703237
-0.32706742590052473 -4.2244400443104455
-0.13717926574439676 -4.383036314946997
-0.24335309714004366 -4.5548719540984495
-0.3119978749235183 -4.520490546876378
-0.1000392216828887 -4.505018643763023
-0.13911541042296394 -4.1822790412132775
-0.1988031422711349 -4.188477258762161
-0.39489824145428115 -4.191197323853607
-0.30169647960254714 -3.8647830854676495
-0.20438293107305236 -4.415381057879412
-0.18259441435011153 -3.9195241517387176
-0.18009778663844916 -4.561701966859309
-0.1515312968156571 -3.842731846663317
-0.30927512843524646 -4.368468033708456
-0.16416793027774418 -4.36765323650768
-0.10020554808751109 -3.9674935755460097
-0.11071921467630824 -3.9296601937168147
-0.1772710674660274 -4.080005193636005
-0.20938710251926965 -4.568424161131519
-0.32094619987030776 -4.280031419525418
-0.2764598378191698 -4.246103796064794
-0.1621249919695806 -4.485610566394158
-0.3669614484314301 -4.324263719896753
-0.17764766334020954 -4.261994410702519
-0.2849377051694977 -4.237926486840041
-0.12596702863504095 -4.43860303392655
-0.2926748037208559 -3.8234329055524134
-0.131734555012256 -3.9425116944590566
-0.10664631458791374 -4.102741058287414
-0.29104393136370044 -4.117968783191979
-0.3190525771382223 -4.192663903356175
-0.39695426802120265 -3.9250174558181308
-0.1340503732647081 -4.32878566220017
-0.15827297768764276 -4.26044579196634
-0.2037803001320747 -4.046782081447521
-0.22936186254632732 -4.579017102503944
-0.22414459545389043 -4.517104792048108
-0.29133558680453464 -4.371773836893715
-0.15568317216267724 -4.424904073491222
-0.15100576605480243 -3.8445877758993503
-0.1457737411847374 -3.8244197827953212
-0.18215436336746554 -4.158268986233423
-0.15749794078239704 -4.514010994705093
-0.13400713515543666 -4.08236365591458
-0.2898855368363422 -4.339646679956459
-0.3312378945694834 -4.159007593740117
-0.20364207082057947 -3.930231532134229
-0.2537071421107147 -4.396348619821664
-0.12854052948063904 -3.952361085088631
-0.2510018489884678 -4.225001634188556
-0.21344042572951474 -4.233876638775259
-0.11666823423429562 -4.346492924992436
-0.2514753110557312 -4.427546706225097
-0.2898335488448318 -4.372159765670742
-0.23286144939749612 -3.8654222662113242
-0.3054946423772392 -4.373434788778075

-0.2261809409435004 -4.270780953357532
-0.27098956050971856 -3.950539927287919
-0.38785397472554317 -4.469582880888436
-0.3375333028559407 -4.245567565351643
-0.38274861442827063 -4.417355150344229
-0.30106110753721765 -4.4330146792347005
-0.2967822339252232 -4.351797855639877
-0.22834965154870238 -4.394861944510497
-0.3979351619725245 -4.4902900447614424
-0.37218613726091293 -4.4190633876234715
-0.12104959522273756 -4.091600546562361
-0.3605262121020393 -4.504322797027854
-0.2969473797172367 -4.463637071682392
-0.18166918681264907 -3.998929531326352
-0.3086364478636731 -4.268252083256957
-0.3043149740906196 -3.8149734888688474
-0.17790230992240771 -4.378311719331901
-0.15693227308290664 -4.093777903879271
-0.168232415770331 -4.1176370927057615
-0.2175797111712546 -4.150031162151967
-0.21962749720587618 -4.1251697659173185
-0.14729762068305624 -4.015652419821179
-0.26307676450913287 -3.9698755510941424
-0.1085327751786907 -4.3974519124015705
-0.3875965425069912 -4.124059616074499
-0.10391074979933013 -4.143514505989427
-0.2649195288433575 -4.488975546541305
-0.29255645168485533 -3.9493121883560756
-0.1230357898157855 -3.989778078658546
-0.16649884126540196 -4.273047455460318
-0.2273482612895297 -4.085871140707502
-0.3043219463694616 -4.210328344788648
-0.12193425216160064 -4.557770858506931
-0.37659082441802516 -4.341442570358319
-0.13766085194944822 -3.9774689108133723
-0.39774074973186774 -4.14225783379092
-0.36153830014612676 -3.9731222504510644
-0.38309029929477684 -4.347561299430355
-0.26599459190651376 -4.1313583218700485
-0.34454184361889006 -4.117968295426651
-0.21895925590591755 -4.357654430747074
-0.3961270264473836 -4.399007419735213
-0.2986498158064706 -4.069105705965963
-0.3426096857359288 -4.178995607557784
-0.3265802142745434 -3.893221597478903
-0.24780997352992248 -4.4776421919564795
-0.15950727856497005 -4.15911191441908
-0.12177943562850352 -4.261218386732363
-0.11145940832882684 -4.217749702604948
-0.11649014951162828 -4.126103562119198
-0.10824059839093086 -4.3765318955872425
-0.17120098206373535 -4.040605249655811
-0.2125645282487524 -4.379787986092104
-0.33226886091839114 -4.142629822083521
-0.1940655132883469 -4.231325853290975
-0.26877666736138317 -4.22880972094647
-0.14408560075609816 -3.923098047175383
-0.2866599490443485 -4.170072078866444
-0.17751785729009406 -4.084023329045675
-0.26811660561551254 -4.293500255608637
-0.11692628719398968 -4.038929976600281
-0.1383709298010975 -3.8651801058942628
-0.3956749154451668 -4.082099146781249
-0.2936728088202965 -4.002800549409203
-0.32772703211238824 -4.266739724006754
-0.30949429991151456 -4.314442726183793
-0.10626718767138316 -4.4571563880963465
-0.17938438848749894 -4.0296147991567715
-0.15690488788663046 -3.9144655655167
-0.24235544179327936 -3.8892355940367183
-0.30540487751833445 -4.504066957873309
-0.16377082520446218 -4.379676913591453
-0.22990598392225545 -4.332338866074995
-0.36779707717833265 -4.301449313214018
-0.35202995965289735 -4.534461163441504
-0.3844847706632571 -3.879058064567813
-0.1865083500590428 -4.395245586842951
-0.32766107875941053 -4.242312583672672
-0.35447978963207977 -4.554716994444517
-0.3163619239280919 -4.344397323054967
-0.3241658522045697 -4.528449630903182
-0.38549351763105605 -4.443586162795439
-0.3032617119257326 -3.8596488273151768
-0.12969407942477146 -4.298031082943291
-0.397059359961671 -4.438096775796956
-0.3021177477012062 -3.8887840697290086
-0.3415141597937544 -3.987886226583548
-0.36842286562787174 -4.344426647841523
-0.21684454466647907 -4.452352659558904
-0.22939663118555007 -4.060901919587421
-0.3052915242345471 -3.849904334281769
-0.10226267801775213 -4.213890583697213
-0.38642856534647047 -4.148408850248597
-0.21280663650519782 -4.185395041018891
-0.23636073930696253 -4.164123793178904
-0.2871667967521122 -4.3846698407056035
-0.18225459638085942 -4.400930766558652
-0.2637619890837867 -4.011935971939885
-0.3619235399613168 -4.578934225301769
-0.22655050214798794 -4.569693226501313

-0.2530370596930275 -4.078135009712201
-0.27776342513719715 -4.266907575370388
-0.13565876918278885 -3.827952013919077
-0.3938830259183535 -4.512721028779903
-0.20973957553236214 -4.0797831654885925
-0.3551644066111249 -4.487199140856118
-0.27945505857690395 -4.115703527178453
-0.14580632179532882 -4.555379043327393
-0.24841048996449003 -4.5002236943825125
-0.1615537851745097 -3.8912247345539086
-0.38087656089575816 -4.572646422256896
-0.2602357025344815 -3.848629676133159
-0.3826581118494678 -3.832964225752652
-0.10225649689714145 -4.303663259107967
-0.12702512653179504 -4.532235350414094
-0.1015541445328837 -4.234823814080973
-0.21543269218904118 -4.164000361269979
-0.2021155378412614 -4.493063572273232
-0.3995950888382351 -4.409966832172808
-0.1452839978559754 -4.550660951758417
-0.22162207573333245 -4.373338021470922
-0.3961199881107905 -4.349096087694026
-0.16604228027676962 -4.276859531888924
-0.21076708556850132 -3.9718945903750664
-0.1303766904880071 -4.370361254492169
-0.3461952171907439 -3.959156074184411
-0.14675664415688966 -4.38505009147961
-0.22147258265703873 -4.015598052709551
-0.21496860741296478 -3.8814108915319183
-0.2747141762430758 -4.539024290683496
-0.3256345611699417 -4.171320155805414
-0.14618646460457208 -3.857976594413856
-0.19523836096224953 -4.485401161790733
-0.3164695050643536 -4.399841242020064
-0.1695533117452816 -4.574167192315489
-0.3468200505289797 -3.9419637468138364
-0.16768998528108692 -4.329137755124945
-0.14511032907379534 -4.364317232315055
-0.37788768652989385 -3.994276609363931
-0.16013279602789623 -3.8226839024975146
-0.19732394565230046 -4.099333337887288
-0.23744132285522845 -4.190238351186363
-0.3117449149052847 -4.365435506178917
-0.21946913330779352 -4.00256315553896
-0.17765868427606094 -4.05491093441971
-0.35125332360595213 -4.228066623846076
-0.30719201390526996 -3.834069700747647
-0.38353209770737284 -4.3435775271629185
-0.2150572563911287 -4.4615435226009845
-0.36129587243157696 -4.0758127757393785
-0.39631759745861794 -4.340206945194275
-0.3115200405165639 -4.468409080417604
-0.378123970696559 -4.05588417223679
-0.22242901001271162 -4.038084641379906
-0.287590757924438 -4.223393595612802
-0.16229440416261498 -4.546876445357884
-0.15013968424764626 -4.174122243105096
-0.12340538453294608 -3.9848314195381644
-0.15501369902600198 -4.521200056454471
-0.23021672016104255 -4.31062690562787
-0.2042418579946438 -4.262207862595757
-0.3394864765378766 -3.81967580997382
-0.33827007138232074 -4.422965936298223
-0.24784122926930147 -4.083055764560819
-0.17239488395004876 -3.9128596476406123
-0.25964338598223213 -3.8782208418011153
-0.3259517991253751 -3.867469097998439
-0.360000933365491 -4.06883236658313
-0.3876559503925252 -4.288742630019755
-0.2683715696941805 -3.969253775479349
-0.23428656580043417 -4.276087953883483
-0.13886255831577765 -4.04447964707762
-0.2456139801140096 -3.99514932878517
-0.30989715218451314 -4.4055288169375775
-0.35898741712124854 -4.000986570324676
-0.1670253633689634 -4.566832490566691
-0.2688211788947015 -4.127724519740742
-0.29768776224614696 -4.127935950324993
-0.3635164337230199 -4.497694962892802
-0.288671361919726 -4.479128206833989
-0.11434110091076433 -4.437498551383406
-0.19537324619526258 -4.2833283668618245
-0.37231880611162493 -3.8588718371980364
-0.24220414193243245 -4.300602139279484
-0.3558644263104675 -4.12058060564214
-0.26419317772368095 -4.305454752236856
-0.17811441497857428 -3.814605364000635
-0.20879799049196307 -4.509745881980583
-0.3502538908779904 -3.8223402326505993
-0.15443776315120525 -3.9802013956054867
-0.23714608308196214 -4.098151785093576
-0.1669022800890888 -4.449125964690133
-0.26562148396823 -4.102994137928143
-0.22738269587682572 -4.547587271756396
-0.3846509308440625 -4.19533106412929
-0.3060099107896482 -4.057289523040401
-0.32017894781591466 -4.578167589061744
-0.12470131332036016 -3.947472215965671
-0.37719992973536176 -3.844178575124436
-0.343564597077213 -4.139824684515102

-0.14710848671414378 -4.32594778079444
-0.32076670292043696 -4.165427374912631
-0.10475079977043855 -4.561743774596248
-0.15067199437502377 -3.9029895179536234
-0.1319054064821334 -4.095921431832159
-0.3900930971371187 -4.454834047415399
-0.15042950342508093 -4.370197855310786
-0.14356592560268877 -4.179435092619773
-0.16463852044180505 -3.8934298620593277
-0.2817552158943107 -4.339210791877146
-0.37597171643949195 -4.511697201359083
-0.35965290080280404 -4.16240802329372
-0.28371786371449653 -4.144597918167451
-0.20348224032269974 -4.065644301627574
-0.36312457499943795 -4.427126152390235
-0.19146260302552456 -4.126704032296143
-0.24268483429382162 -3.9877783136562783
-0.14604826554735428 -3.978134093708821
-0.294490215127206 -4.28864808663181
-0.2624161311128851 -3.986762865757602
-0.36337740424280585 -4.343595814341314
-0.2256596561064683 -3.905827417536428
-0.24936144560891932 -3.877595429857709
-0.16961757719086012 -4.25852727686386
-0.12032423284044724 -4.457857317915783
-0.3796105529671867 -3.886700285123163
-0.2062966602703394 -4.065443470329001
-0.36599295355183814 -4.096177672430105
-0.3988099856738549 -4.138196806702973
-0.3407246239472953 -4.329513658547769
-0.20428399193050922 -3.9326249912061297
-0.21646355334159906 -4.274683776926551
-0.10702651937325264 -3.989402552711999
-0.39773535807318594 -4.397259164679245
-0.10376510443274212 -4.166688630316605
-0.33996479005862196 -4.363073984340632
-0.1183278343080798 -4.077128546599568
-0.3927997270536367 -3.8351732869746007
-0.3390045781809997 -3.818869679118426
-0.22731120117793105 -4.478063783646826
-0.2800371038689532 -4.166624313054792
-0.13176914407137386 -4.465171256876704
-0.10262708403326387 -4.150580980038001
-0.37237381436581074 -4.541217752327337
-0.3771960515547225 -3.9747682987259756
-0.26606532645522524 -3.890190081497901
-0.23724687741697376 -3.890900407150852
-0.29988142630938264 -4.570417164002401
-0.13573737588837076 -4.181744240609702
-0.22062709940689149 -4.009815995278746
-0.3819273834199298 -4.541296573436939
-0.369187087611211 -4.295532969585723
-0.104400765749252 -4.232097328896586
-0.36423164534464153 -4.418956480561202
-0.2304952438654103 -4.5554676432450725
-0.24156167784837193 -4.031353307066186
-0.3056605880807863 -4.318979949029794
-0.30569726738027986 -3.856855428696231
-0.17327810296756088 -4.432646533704443
-0.11209292341802063 -4.574102457590315
-0.23962540146601413 -4.42451928881189
-0.34978261074062306 -3.9977395062251215
-0.31175123321642007 -3.822899103542194
-0.15384238879383555 -4.353921254606476
-0.2835303688210283 -4.131835288913385
-0.2965926833046346 -4.1862702889383305
-0.3265327470218127 -4.49660715597288
-0.16865612096742083 -4.182421601404768
-0.33309545654972317 -4.529816788285012
-0.3103087248727993 -4.2904952577117905
-0.24470112159932897 -4.01506525651395
-0.3325005546006887 -3.8809804379734594
-0.1755514532651946 -4.508078927389003
-0.3697786931129554 -4.250493969016127
-0.19055052703186126 -4.369718652927913
-0.28312308559998284 -4.352953311227904
-0.3666577894776468 -3.974140847185147
-0.30388276116074286 -3.9108572898525242
-0.21300599527430758 -4.386429951073614
-0.32744836303337455 -3.8426622516571953
-0.3070526548422303 -3.8361681686807674
-0.11397196265392268 -4.457019907364768
-0.20197975931211268 -4.529340852331036
-0.3975269085888338 -4.5436247222847435
-0.38811159403990775 -3.966365061154636
-0.10145459213407604 -4.264336088357319
-0.3898138859683116 -4.466719301640479
-0.3849250605435971 -4.363397184313072
-0.35814745239817425 -4.3280547645440475
-0.2945631915520943 -4.147691621054999
-0.20914936836979006 -4.264648225737176
-0.37919760042025336 -4.428813427951028
-0.34483217218209705 -3.974097147440738
-0.31710478259694197 -4.123812153077532
-0.11826875781284035 -4.425201179918846
-0.2740384634959877 -4.101024537734123
-0.17762583477008823 -4.021701831323682
-0.12626353848326277 -4.447415309972467
-0.25306432677729096 -4.070772837431248
-0.2681765746942787 -4.014102808459032

-0.15483606970536906 -3.8707880804578068
-0.10004716136678826 -4.294091649686083
-0.22415867273633394 -4.424013957839165
-0.38397818871623013 -4.205258363576526
-0.3842862038206432 -4.188558828997785
-0.18814270070770042 -4.29226628134655
-0.37663362835703484 -3.9642121725823545
-0.218554909392754 -4.158428707275526
-0.2589582192613131 -4.242349577079585
-0.32077511013756577 -4.486362809411776
-0.19950839024230285 -3.9509132241576808
-0.35510201944769537 -3.912265461633683
-0.21871060124210054 -3.914215516490752
-0.1005738310137313 -4.008267626001958
-0.17557267122806341 -4.243470635657028
-0.24084340196454612 -4.312791294716613
-0.11863930291857239 -4.546070645734061
-0.22547573114319278 -4.477466836810769
-0.18440159314776713 -4.0517959983766465
-0.2701662009111858 -3.9433715249829264
-0.2753542854932999 -4.5310349356244775
-0.11231225111966109 -4.124813991277524
-0.1216793048074109 -4.251099136938035
-0.27290539700801364 -3.984622767298572
-0.1438124592278916 -3.848100676731639
-0.37152787396077014 -4.025527717131213
-0.2575657785198946 -4.000827521060355
-0.2678638442308088 -4.1706170919124315
-0.11869297012523322 -3.930048772027911
-0.23538527540334353 -3.8656316524734833
-0.21963754111759962 -4.393152059439399
-0.27930190125580867 -3.873962896076796
-0.28414269900189215 -4.226186063550411
-0.2435928658490163 -4.086550383001748
-0.22676241637937772 -4.340595717221816
-0.3373211291692595 -4.27644562572415
-0.3239807683962931 -3.9900507594043724
-0.202421706067022 -4.464979124188834
-0.14481578469883188 -4.1565564696076205
-0.334850593838934 -4.380084892361346
-0.2434519258294368 -4.209493632374571
-0.2632343338597319 -4.280550075498863
-0.3918039745516335 -3.9847258218343944
-0.11764496497137794 -4.309609447308738
-0.29992476651729716 -3.998748852474769
-0.10456068502394633 -3.9731994001125854
-0.17298830448827165 -3.865731498462033
-0.3244234049919307 -4.024870021172964
-0.2565530664812434 -4.541634317351623
-0.13973494148882182 -4.042481769172179
-0.10587712590633214 -4.145060470220078
-0.10505039803843341 -4.504994308968048
-0.3801130777213324 -4.228869056235445
-0.31955126981767873 -4.241051663425618
-0.20385239340640918 -4.178543731288395
-0.23940240671932683 -4.0796823085994545
-0.2624424971190751 -4.145818891715116
-0.20778923809025618 -4.414422131260941
-0.32413315149643973 -3.849115221253964
-0.3239268781635323 -3.88518234996329
-0.38791169901772116 -4.001769610281927
-0.22439310506698876 -4.215620436782205
-0.2585954763188535 -4.06807048382592
-0.30137032604450764 -3.9380694383978065
-0.25383887898671925 -4.254419598633879
-0.11838259876363227 -4.47054293967892
-0.35497765850237833 -4.191225003091029
-0.28986201353790764 -3.9864790321105184
-0.35553985853394676 -4.377644135321269
-0.10010398699898193 -3.982062680539184
-0.15659163749140587 -4.437783735220378
-0.18971725187748542 -3.980403041446939
-0.2528665506287612 -4.070576222460445
-0.22797531826942646 -4.431314983401466
-0.10893206916080428 -3.9895987326943874
-0.39090034492045084 -4.317036276295359
-0.21349606283530875 -4.471527095892156
-0.3014640527800505 -4.213031105050395
-0.32338409571522114 -4.396110774673363
-0.3035650911737872 -4.066969790132674
-0.29794902457688116 -4.576417673455762
-0.2950782378757304 -4.431364206967808
-0.1638582422373696 -4.299106083528795
-0.18569614702777024 -4.217225280237258
-0.2917603999689028 -3.902473512351734
-0.10223457808644926 -4.220298401620153
-0.21810605032327532 -4.34358869142927
-0.16245620806086664 -4.093256327226814
-0.3873576412317669 -4.499861068118345
-0.35207029955304564 -3.917809928778551
-0.369170549032195 -4.439150578434518
-0.14162989906525014 -3.913794846511296
-0.2918329857845215 -4.057949128002886
-0.2702780712583024 -3.9636095358713375
-0.3689428585622076 -4.312438343589702
-0.19881476177676985 -4.291535191535136
-0.3495900302454338 -3.873741428144287
-0.3538916827137503 -4.552634514591556
-0.37892814170592054 -4.249669704615819
-0.2153492408668389 -4.447557620293162

-0.3329550914593773 -4.5761520220664345
-0.1230234602815789 -3.856888519902105
-0.141315843342868 -3.9596175034500876
-0.325951768395136 -3.852556642167702
-0.2818770435806912 -4.1256143025476675
-0.3982273936201172 -4.554721623080153
-0.27458207971697723 -4.1140488843920435
-0.36668785029311884 -4.2889964996715895
-0.3829151626520116 -4.2719951520510655
-0.2878965788499348 -4.393159826068746
-0.18712832089771397 -4.373828098160666
-0.1822562115222754 -3.9801275096541415
-0.12407462103204381 -4.286642512853144
-0.256761845113681 -4.336070909825358
-0.3846179106977867 -4.288043427617224
-0.3041969456978652 -4.200125701309395
-0.29651959199410594 -4.0989503305246675
-0.3978089827118247 -3.935265823675484
-0.2600021971904482 -3.8233217874583154
-0.20685557398469542 -4.243167587560518
-0.24194385270292637 -4.344994994015946
-0.27580916586716053 -4.3236132261933715
-0.2230496805736267 -4.091242484533209
-0.1899582968984741 -4.181881069312641
-0.3990394258934655 -3.8665840116234245
-0.24465804705224287 -3.832253976370599
-0.21568502069461826 -4.319349516269096
-0.28072132504571695 -4.004491537677069
-0.16540421152613302 -4.366502905538547
-0.32539697238476706 -3.850863755896138
-0.15502666688003772 -4.529827813760611
-0.2793484841582752 -4.022211089254479
-0.11912031104758725 -3.9609101682238244
-0.3051185915210897 -4.204562744091507
-0.23193626996041086 -3.8936974122897565
-0.20369331858125683 -4.175875121650861
-0.22236270127546565 -4.346792436723545
-0.33983194409465173 -4.180806787068331
-0.3960699579825989 -4.153118144325092
-0.19843043268641597 -3.9537350071109483
-0.26645130519346083 -3.906101127745563
-0.3791050676003822 -4.218518026908701
-0.19405651337216784 -4.105927932854643
-0.17234004938647912 -4.440955104994839
-0.3911354912481867 -4.502587557213334
-0.393403903978859 -4.035015270422072
-0.3073865110579381 -4.456976628605574
-0.28310124171260564 -4.36938435815171
-0.3241323717571838 -4.270578033747554
-0.3405119913303008 -4.0964683279028264
-0.38567820634137934 -4.51502361653596
-0.35900858454104645 -4.290548636322362
-0.16335527609044848 -4.573521539047496
-0.313385387489734 -4.474772275586775
-0.33689204171948783 -3.898238267342839
-0.13911417796451508 -3.8998132197155915
-0.3638005439987568 -4.515631015106403
-0.3126276238494229 -3.9381586351319506
-0.10462023934592968 -4.1717582870133665
-0.3311935328116115 -4.161779014541179
-0.10027504524770248 -4.225973888473727
-0.11800904398133372 -4.35781935999294
-0.1830157099414662 -4.509921815971387
-0.22837609679874554 -4.239562274803214
-0.15937095062015927 -4.191053014000578
-0.17502357871131757 -4.1313032982215585
-0.3860577503769434 -4.390093652113842
-0.2504036535545625 -4.444064736109689
-0.2111188096882483 -3.9990104640639417
-0.3006103068216743 -4.254251982376978
-0.31841717254183244 -3.81884547583376
-0.37195616874268767 -4.164842749854797
-0.3738486544894767 -3.9866644773543065
-0.24920842975700275 -4.024748529998248
-0.25607122957369616 -4.220553288671826
-0.23066388353852532 -4.250462040734484
-0.23388187388312634 -4.359470665340485
-0.23472064678908955 -3.8317206208602537
-0.3221426809092195 -4.542164811038492
-0.39887109150452643 -4.372257005701002
-0.11894949615915701 -4.364060448411691
-0.26434062998658725 -4.543533418100615
-0.10001154148612473 -4.357540664729787
-0.2361272485783823 -3.829756620729471
-0.27372814696714665 -3.9848650452258694
-0.2176977214775409 -4.295715909339182
-0.23196396522912155 -4.3001024645237935
-0.11963117530417594 -4.207671187167846
-0.36773202194852334 -3.994886284916116
-0.17489169869039833 -4.102143912529195
-0.30897417868172017 -4.429240187849417
-0.25218867134528117 -3.838248291395536
-0.12932543225850246 -3.9404682564833244
-0.25719196750795226 -4.4767564592438935
-0.2666175653064017 -4.347229709869129
-0.3918695560810004 -4.25590718329624
-0.24199146228571788 -4.46163490187379
-0.29879394305805457 -4.45280965059458
-0.22773825499509381 -3.922393152778973
-0.3323887421129532 -4.018716346681195

-0.2057795128766648 -4.27232480167231
-0.33163681445142407 -4.45602189469637
-0.3162988635110585 -4.324553823464782
-0.14915258444267843 -4.199301442661651
-0.27731498333469035 -4.16131268334186
-0.1565357408377722 -3.835377391999495
-0.23527079672184822 -3.9743926098307396
-0.3573979848508767 -4.1154186118462635
-0.27930285354238094 -4.430260543561407
-0.10412097283144811 -4.48693021786942
-0.12771476068696347 -3.9764816864702333
-0.1428736067409977 -4.070352103794445
-0.34676741097281005 -4.212447886109328
-0.2309296848788263 -4.450400689170706
-0.2899386156513314 -4.227906464618915
-0.237617974763683 -4.543734707480662
-0.1505617088673443 -4.108722973574419
-0.33321141183696934 -4.448444409628662
-0.1548755347364399 -4.138960270407062
-0.1364783785106779 -4.548195259724168
-0.37487982746601795 -4.289843661521223
-0.3908628968103248 -3.993597841726724
-0.22339845622011814 -4.19672334149251
-0.3645973697617557 -4.575205671911046
-0.2577734523186409 -4.463712872847442
-0.3704784858864532 -4.4190131175609775
-0.2696014441334694 -4.521339262275294
-0.1484715296111912 -4.205714967733676
-0.3712141132364137 -3.909384760904009
-0.1350471273887488 -3.9698505600816634
-0.23500319938341518 -4.545163145252659
-0.19236834104159006 -3.9478963938212637
-0.25547187077735317 -4.380790078615862
-0.3491044687392422 -3.832315903838335
-0.23506988711418136 -4.327262620994176
-0.1251613053299626 -4.479711095494813
-0.1373579334598834 -4.41544399508601
-0.28785085174759567 -3.873234007531704
-0.30218274578575754 -4.307538216008474
-0.28333140964507975 -4.323951883642533
-0.24228972446064556 -4.183471693122869
-0.2427578541615026 -4.000573780302602
-0.14516107867559858 -3.8373714919301425
-0.1448329111109935 -4.068997420531108
-0.25141505760815375 -4.464792034936639
-0.25203569231473705 -4.364295859702144
-0.2720990151827333 -3.966019964395023
-0.29524583569932217 -3.832827164607107
-0.2171135180194646 -4.108028570723944
-0.33582995927571946 -4.251532874706529
-0.22542119176247144 -4.552136106688945
-0.39970991553824686 -3.940270664833919
-0.29843624583482314 -4.008803384883178
-0.18304251130206217 -4.565587556409743
-0.2623611811637225 -3.8727372019340742
-0.3343521610729291 -3.9244276160123057
-0.2495886751459717 -4.354535455287711
-0.35043360697822135 -4.4453737167391
-0.15191806460356375 -4.121919285979085
-0.22523845689522537 -3.9687807137305633
-0.24607501762571143 -4.35983617564136
-0.2410028577132499 -4.048727148263991
-0.3504166820604765 -4.473423076194981
-0.3353585671666983 -3.855117267406451
-0.2526119753917468 -3.9415977051119286
-0.14783937776079836 -3.9323862361694326
-0.30465510602773443 -4.057208656117924
-0.3233174922081971 -4.54318592289976
-0.18916993188754166 -4.236240346258523
-0.2924498637344955 -4.550529084295634
-0.23180051632379844 -4.557721074842149
-0.17473597569594157 -4.352978680028766
-0.36601968720777567 -4.169433962689934
-0.33915142983263824 -4.091731746049083
-0.26883295394766277 -4.0162476928396575
-0.17655898886715096 -3.834772496675903
-0.12841989768277556 -4.4929424602839365
-0.2642408981613299 -4.257985192480398
-0.18256030214094526 -3.9077392010928444
-0.15596233485035504 -4.205230217622802
-0.3279408933034427 -4.392374918826259
-0.25266996064278685 -3.96608531023838
-0.1339750463683485 -4.517532814739436
-0.26246743921665894 -4.268338847606204
-0.3085279718883056 -4.1480041926080355
-0.2281568220413435 -4.354921861716425
-0.12497331225561253 -4.039893823235634
-0.2479735872020982 -4.12800337367708
-0.23573601095444582 -4.5144711107292315
-0.22955653926630867 -3.8454354002366027
-0.3433158937969226 -4.4571980100205115
-0.33093576719099216 -4.55116040764914
-0.17085929312088038 -4.505073202806831
-0.21751115203738886 -4.256486395584521
-0.10364161092665869 -4.181932386492353
-0.18462425113322736 -3.8435880264756745
-0.1814102638356896 -4.4122767132680645
-0.1509270243896095 -4.123433460075974
-0.1953342720807467 -3.9103189146742356
-0.14874136244014724 -4.391942858289915

-0.14132794940675136 -4.292547232651437
-0.36185858597350135 -3.953658956705964
-0.3451162204195363 -3.9478260396569347
-0.2638011745036369 -4.5553310735752515
-0.10140992931386106 -4.143101463475085
-0.2131468497332493 -4.565245954007643
-0.3998208395740442 -4.555536101514456
-0.25830229985030717 -3.9645125876742293
-0.3245233819964286 -4.227738788520742
-0.20710997624457658 -3.8310362890529253
-0.22724476655062328 -4.21019635581547
-0.10196222878961309 -3.941833938548829
-0.23026102656880967 -4.165345509541455
-0.113347100288893 -4.083535468077419
-0.35520167410895753 -4.4291783351740355
-0.31777285897518204 -3.9377163939326443
-0.395856166873619 -3.97323984441027
-0.37502113346060456 -3.874857909463131
-0.2898104620948332 -4.4467478696019365
-0.30501174625619176 -4.5216132264115725
-0.32691586479949686 -3.8784785474464747
-0.15899989446712792 -4.231003252352685
-0.2196752894817192 -4.378479051775696
-0.2671858336749748 -4.165768256236926
-0.3313518424838686 -4.222788231869696
-0.17081025794221813 -4.467553296797089
-0.36785860734680875 -4.452518820080397
-0.3810378069587668 -4.314417272206537
-0.15906626927393727 -4.476713194076836
-0.11810246443349032 -3.9453237312629956
-0.2800145501683711 -4.250209036217539
-0.21661199014331486 -4.43639237899372
-0.3899145171328613 -3.9773199717071326
-0.10966465272519599 -4.281614304564723
-0.2564618670894231 -3.9564670076602857
-0.1420650021959915 -4.276681242858025
-0.1627114241693064 -4.098874313056563
-0.27952544029516957 -4.478255121704006
-0.19128494628108944 -4.100188709375441
-0.3638969410093842 -3.945669986456324
-0.29354152113802967 -4.308401509689985
-0.29578428397653544 -3.927529429188385
-0.22681163649871958 -4.457748496450574
-0.2161075758624554 -4.0105415666934245
-0.333448958797683 -4.197522366476394
-0.32637598412142355 -4.501039618318256
-0.12065550716124057 -3.939379941485795
-0.3023455882924712 -3.982406222880675
-0.27251714439878394 -4.148567547898463
-0.14973684049068392 -4.444697044945654
-0.12456342172926 -3.9307579470858984
-0.21384121840951545 -4.194815464040226
-0.3492186428795915 -4.549951809074914
-0.3448517137565227 -4.2147864559109225
-0.22874988561333354 -4.050216788877516
-0.29835454573015563 -4.0181619748021475
-0.28550425485835995 -3.8718399058701296
-0.36548378319385477 -3.874694991920794
-0.3803879276960146 -3.899263395860485
-0.21009286034234667 -4.0053825440496915
-0.1669779693492338 -3.9221318522754496
-0.1084036955818442 -4.203302344919909
-0.37205943650753864 -4.469688854721927
-0.3275760875059668 -4.079847793672563
-0.240418756113795 -4.371178290411127
-0.2692873447836319 -4.24860195329402
-0.34625522447539225 -4.174244819511238
-0.3220677994749647 -4.161811311483164
-0.13845256169830372 -4.445173359535312
-0.35114670099673173 -4.209568750424505
-0.1656279081369927 -4.210104011307084
-0.32332645185752706 -4.0088383515465384
-0.18599578597476799 -4.330352350679554
-0.17408006361519907 -4.561962765330221
-0.37843674841707625 -4.236445174873484
-0.29449605411919416 -3.9349524751538607
-0.37078638878543935 -4.459301745557691
-0.32134265238705284 -4.411865440051139
-0.3508468301730039 -4.26501704314715
-0.15959733215070648 -4.182328998221507
-0.1083777040793662 -4.007920830152245
-0.3495063385749199 -4.54150816960361
-0.30638018564202185 -3.965694338492961
-0.21997477189646983 -4.3825199875004754
-0.17964478919222635 -3.8418785748304742
-0.37715879550937925 -4.039863714337439
-0.1057719948054206 -3.9929792641413124
-0.3620133751255128 -4.461345579497557
-0.1862239377426606 -3.8274688131366537
-0.39967663172352813 -3.8593257064684554
-0.3115762898806713 -3.8355389518455127
-0.3593658830047958 -3.9107814295323697
-0.19294603867874555 -4.121498356827435
-0.3882272013748782 -4.115264799490106
-0.3512961316869053 -4.020955662608978
-0.295014595354257 -4.14238398821177
-0.28998123678364696 -3.9239226275930026
-0.3333663830124515 -4.26625290291729
-0.27012977541197963 -4.306909823200063
-0.15210211190454717 -4.085154131767266

-0.39503110663344826 -3.988397040080184
-0.1787500440960606 -4.411307745161791
-0.30375225383121196 -3.848413632267796
-0.21580352250252818 -4.479319230146837
-0.2984881297971809 -4.288264822859105
-0.37527450542183605 -4.54687716189535
-0.21636752827050096 -3.9632034141177765
-0.17620325574831786 -4.532300377322058
-0.3833086374678757 -4.260476999563517
-0.17570174150503412 -3.8203185264723754
-0.11195994575312862 -4.380871143814873
-0.31312235354826584 -4.557474492279691
-0.2506351272380213 -4.358264562195329
-0.10349485002248354 -3.925169211908762
-0.14672331341087747 -4.534929787239531
-0.22558019812341254 -4.20106446750622
-0.27490181873139824 -4.194246964336888
-0.2242637122330662 -4.144943801552152
-0.14337546406686413 -4.290222366699801
-0.11064848173456965 -3.849058536451124
-0.15131358309132667 -4.486077207378367
-0.36341015599099064 -4.424286347354771
-0.11334332293024735 -4.555054719085166
-0.3300171960719539 -4.303662458441842
-0.2841013014830278 -4.193139294879069
-0.19021202950765642 -3.953053655466533
-0.3890848375343265 -4.426301532692398
-0.11269008755363713 -4.234971929283473
-0.183170592610642 -4.511432857842935
-0.32339876511115884 -4.387810696235187
-0.23217015335839902 -4.115653904691494
-0.35677132153517277 -3.9386296590924816
-0.1213247200265879 -4.474540939052229
-0.19614012342489884 -3.9948096335438694
-0.3597905682330319 -3.926111167299454
-0.31017700772799006 -4.2210550618721685
-0.39960198881576153 -3.8121172114213384
-0.31638380611040035 -4.009410435065918
-0.34421967606817616 -4.000246863365331
-0.34767498856673973 -3.9601233215696467
-0.3555195843766636 -4.416088585814037
-0.2985515133465192 -4.117183016230365
-0.3784452384670041 -4.410969732997179
-0.24596146059127957 -4.573348157763129
-0.3437119982353043 -4.018536352272036
-0.21413308075405754 -4.094465668619129
-0.2621125724516439 -3.9328141558546257
-0.34023987106298187 -3.8150859831379336
-0.3779306168879876 -4.485603004074254
-0.13880572115772027 -4.493849823959017
-0.1956666517617686 -3.813057160423719
-0.35244689327482825 -3.839129012189676
-0.3582823428210486 -3.9335723891956462
-0.10223043017017658 -4.26048368024806
-0.23169228026933983 -3.885125490327285
-0.2943161455141434 -4.552230158893063
-0.23098574908417943 -3.993450645239093
-0.18096594230128543 -3.8187650149776924
-0.2575623979961448 -4.288812678436091
-0.2909224749914569 -4.239677740649258
-0.37452871621722184 -3.887293825262408
-0.16284879890204124 -4.532076358654158
-0.37208039674331816 -4.2145160172681315
-0.18133754962460996 -4.478562345527548
-0.35897844331356654 -3.966675601893457
-0.23354220933808562 -4.358956794126167
-0.32988643169927623 -4.102772952880295
-0.30386668144834567 -4.339595794164587
-0.12661117598125343 -3.988360953847333
-0.16779631095046194 -3.954977392907984
-0.1385561583327088 -3.9413236747155445
-0.14972569221552823 -3.8789130199494655
-0.11769077406415418 -4.476636833103965
-0.2760266149019497 -4.563699474255328
-0.10534941362045241 -4.436433786284889
-0.2366923429813483 -4.0737460123562315
-0.3140317404098526 -4.098127817904491
-0.10418824833612828 -4.5485613626925465
-0.3081305174125011 -3.862661725722749
-0.35810044288872067 -4.158941075477274
-0.1648075894107735 -4.0703598463993265
-0.3719039525061077 -3.918785199400011
-0.3642389421617192 -4.248853324684897
-0.35791354349990645 -4.502028233240957
-0.2148949386954095 -4.44026902851702
-0.36983476432428763 -4.185289022904216
-0.11739493521163924 -4.0600901183213045
-0.22923179188970674 -3.908390695668726
-0.29766087830760474 -3.8154941039640375
-0.3322202989582199 -4.345815107119694
-0.1684543633108761 -4.207703010894791
-0.36536996245415015 -3.9243291185365834
-0.2521612859379715 -3.932651486318852
-0.16426669787139925 -4.018407334199219
-0.19355583963925616 -4.509671247793921
-0.11096642325785894 -4.502872424180143
-0.21936703888622566 -4.1911596318586035
-0.15920952953641818 -3.8254649176629023
-0.12351657029327512 -4.252812867656833
-0.23212793376426102 -4.097255814682194

-0.2787074189234195 -4.389042323693565
-0.11028515839954173 -4.358901518049381
-0.2844922468594187 -3.8985623974600836
-0.3018005384891307 -4.192821721470617
-0.3335679995216525 -4.331926814067352
-0.2819734121800152 -4.218611227471239
-0.2827167775192397 -3.8978277684463234
-0.36017701453914364 -3.8735966242405455
-0.11439880968092342 -3.98002377650755
-0.25958977722654253 -3.819411876842823
-0.3455349178717786 -3.977436615174906
-0.3295844847717313 -4.206519027898969
-0.32468809045498864 -4.098919659127707
-0.1312819091258896 -4.57042704835594
-0.22941622385937863 -4.087198323623881
-0.24277722593483186 -4.463722971192268
-0.34506412733144703 -4.161517699979067
-0.18085306088112726 -4.577098907507633
-0.3996189092849304 -4.1907016868977625
-0.148475836888253 -4.138445886682074
-0.13865405593219166 -3.8951019624231034
-0.3009973582446126 -4.29603601922739
-0.1565031649430004 -4.288036108458683
-0.24933733239735106 -4.261231089869698
-0.36341068672310756 -4.349164133742251
-0.3580560095214652 -4.2882959347882394
-0.12799957633266962 -4.2971790762337205
-0.16458003083003425 -4.302445086738251
-0.26624813493325655 -4.4149452330778995
-0.3920693502465967 -4.27879013795805
-0.18645038904613037 -4.496104056951445
-0.15104888060582353 -3.89357351972464
-0.21979966893204234 -4.545158033777133
-0.19265224429035566 -4.063040504321897
-0.2993600373126508 -4.452976956689242
-0.3720633919539937 -4.006580104963697
-0.15020606703877815 -4.312377285008923
-0.25352190951414266 -4.334332863491259
-0.26292829580913424 -3.927399655053875
-0.1478006426740806 -3.833152063472154
-0.169495692701294 -4.02363061133636
-0.3259990881884991 -3.847494993747653
-0.11233206718508415 -4.317699261040993
-0.12315574303225718 -3.966536872823858
-0.12080071114543484 -3.869448120785778
-0.2473976672706666 -4.47410262286146
-0.3227389936124596 -4.252204040309357
-0.3237334334728481 -4.548538133650052
-0.22282233816814787 -4.437385780916481
-0.23205178616240965 -4.178726927014839
-0.2635371579279091 -3.981268700463333
-0.23108904342005127 -4.308568842568239
-0.2321671180883916 -4.320894204964033
-0.3647288289115878 -4.065846745546035
-0.19542205607234855 -4.152092519483414
-0.18452468367454475 -4.0185681819333645
-0.36723820447565847 -4.498101300630393
-0.3248770315860036 -4.376002454245988
-0.37466537219708 -3.9973973771560436
-0.1117823111967432 -4.324247455422051
-0.21385611567288806 -3.9718072541246183
-0.12861153126262448 -4.545133799525137
-0.2902844897225592 -4.545911713099876
-0.3439795494789899 -4.504548325952042
-0.30042270409674715 -4.417602657853273
-0.19818725151232877 -4.039316548383488
-0.23634880578911094 -3.9839793770327985
-0.33352780326519127 -4.438847516035834
-0.3533729666397504 -4.114104773327396
-0.273882438394169 -4.173822662062699
-0.16137175943119036 -4.044849724748437
-0.214596659350718 -4.531542583823092
-0.12301066864723859 -4.099396649509084
-0.2510388928768048 -3.8669537078992153
-0.2828159880254015 -4.465168970377131
-0.2504784758563684 -4.386351053650367
-0.17028763603182792 -3.8985058653774356
-0.2448858288726135 -4.15293955766878
-0.19922797636880457 -4.061407004353354
-0.24939441618107439 -3.8136027172207343
-0.3441165675370247 -4.180539757400881
-0.25791565692228025 -3.924701519592676
-0.24293454723991253 -3.830258354711944
-0.1392199458377626 -4.025799916790764
-0.29554423189589296 -4.354893847405402
-0.2007769860021605 -4.269331593891569
-0.2817569802078188 -4.122883806440664
-0.3164461236108361 -4.006896700676038
-0.3173352487063492 -4.201400948647032
-0.28854618250942266 -4.148396685494288
-0.3013056429723554 -4.437140253960183
-0.393649418600497 -4.149592897019401
-0.36392922929566696 -4.258543910104657
-0.3060334895108513 -4.329795523311077
-0.1647087685981063 -4.553343749466371
-0.14699379328867251 -4.188799473020674
-0.21216177812353845 -4.029151150955742
-0.14961857726024697 -3.9845079544041377
-0.2666179607511403 -4.023084746360008
-0.3174366698821597 -4.243254835926708

-0.39309319847893204 -4.371435994383235
-0.23892357720392596 -4.393431116859323
-0.3228954828191922 -4.245178257824813
-0.3353081381213893 -4.13078370137287
-0.11121660435408703 -4.543727742703481
-0.3441362150144021 -4.530319453309274
-0.22702132912995093 -4.258193214713035
-0.3057408799125281 -3.9731003686849204
-0.3181609572544367 -4.526446622296858
-0.20296626117628153 -3.9710956160669824
-0.16538648409847206 -4.3736118207030525
-0.1358846009469949 -4.370026376628092
-0.3340745072472729 -4.393690623119114
-0.3585586016431225 -4.0010520301776
-0.27566281569270706 -4.411483923838908
-0.25082465961638745 -4.20966004937427
-0.32739843909985133 -4.401994273397503
-0.30824853886088877 -3.987039366361087
-0.30276285852769086 -3.917471182643088
-0.10672920723190332 -4.336388782695589
-0.1977117294633586 -4.243063195143857
-0.17682298851441813 -4.482323050365679
-0.23054271030453694 -4.4354757596609895
-0.30927203860777275 -4.362983636765853
-0.3277501779265793 -4.1489632561899334
-0.38078161320820614 -4.012163285970281
-0.3919071724806156 -4.35288282275399
-0.3317199175584783 -4.3195018141428605
-0.1375174542660082 -3.9690328496854237
-0.17404849514889617 -4.326776286811571
-0.2937500206482888 -3.940334452925836
-0.2536914242904226 -3.8183759582523895
-0.2916982490952782 -4.544967061335398
-0.2595694610816495 -4.324276931671767
-0.1629347339191712 -3.9987408432706153
-0.12728848438973023 -4.424605474326932
-0.18507606005959804 -4.313849986802119
-0.28622356600490034 -4.038614697889735
-0.23576300480663076 -4.576967432901808
-0.11046715836825782 -4.492411166738303
-0.2170375315514515 -4.124418026108431
-0.21157095261776188 -4.06215251925413
-0.13116838716111495 -3.942024393604368
-0.3381479681166046 -3.9642510930409585
-0.36970934602863637 -4.465629827257036
-0.307853942055078 -3.9392276130679225
-0.3925298158745549 -4.019966386731599
-0.10671792438970928 -3.814960328634607
-0.2654983581378857 -4.189999197996663
-0.38960888768802493 -3.9302027313800973
-0.21365498678034833 -4.20279654900691
-0.15827652153365718 -4.000077364699613
-0.2647482186590385 -4.1646522909968695
-0.36233160175466594 -3.8718521785459385
-0.18911223296335322 -4.551651718982269
-0.15005615871131034 -4.304394505090859
-0.3910965779017755 -4.014328199920919
-0.1053264920355001 -4.548134695772594
-0.32370152940862773 -3.900916090393528
-0.19386473434502416 -4.434031009412061
-0.30838413444061824 -4.285983018765638
-0.35735767774567156 -3.9793191639371415
-0.2588039506879901 -4.356416508743526
-0.38097796715314924 -4.128381628014354
-0.1604191784906695 -4.164796146411744
-0.3233750585774163 -4.029400765372495
-0.12522069386395956 -4.099871812559839
-0.3451422085414288 -4.131413929489725
-0.3803040080288403 -4.516570403707941
-0.30095515304056497 -3.894489091718672
-0.31236116510514744 -4.415540865637887
-0.2771943746910589 -4.308815260134589
-0.3038963080629717 -4.543822885484162
-0.3770412435184813 -4.430996874628525
-0.3099304486777576 -4.188913494925883
-0.17759954598345135 -4.207901639386794
-0.13561029505668776 -3.9457412515965746
-0.2167475658016262 -4.352020868139943
-0.1128307219080249 -4.299041424765219
-0.12938808499435756 -3.975062213301565
-0.2630474847554182 -4.085015318493552
-0.15066643464496157 -4.255590617922536
-0.2527260466090813 -3.9950498029075705
-0.2271690300028243 -4.226699712960055
-0.3802636256227674 -3.812098348310168
-0.38551179863387797 -4.031751364915442
-0.29014412494183456 -4.478543216731924
-0.3894735703974133 -4.237448377648876
-0.3434684622962822 -4.228771868072955
-0.22711279604764775 -3.864670599685077
-0.23629408266859847 -4.2455515068650875
-0.30527353114318223 -4.002167535713759
-0.3970373566523817 -3.9900144138028732
-0.2954462151048104 -4.17734391328679
-0.23605104356421042 -4.52348988775927
-0.381985207003468 -4.482150033082315
-0.14148068758876475 -4.182460166798072
-0.3172476038038464 -4.487314978426408
-0.28507245609233633 -3.8729307488777907
-0.15097353033723857 -4.209911250729184


0.14812488291550324 2.318221261897063
0.0817163918218195 2.1221474309294894
0.13608952813871536 1.846869019431801
0.1432754297885525 2.281687874439577
0.1049590823751618 2.3740423917088056
0.16612840127108602 1.6642934622718548
0.20103462269599648 2.1308396702158916
0.14058714428041102 2.1048042906656343
0.10953415505906143 2.391641811614714
0.1741711717110394 1.6220892768967596
0.2234933138248717 1.580780919813419
0.20460944732698805 1.774110460091002
0.12136632994802632 1.5164561177572105
0.07900223014384357 2.103479659487764
0.15416877991640987 2.3804933407452475
0.11657027842790049 1.846930561629384
0.20383487198737288 1.954159225255153
0.09639719405713391 2.2758314073785577
0.12358466377377393 1.9060626565456253
0.1852824290573834 1.9868984451428235
0.221127883563483 2.2440041401774073
0.15319206355564657 2.1874323100593345
0.13115495062690308 2.3255681015547296
0.1504449049386639 2.3949297109521344
0.16604119485901828 2.135112530681981
0.18288889480325546 1.9253424639933248
0.11427818841274896 1.8792407293683713
0.08767361476183733 2.252888409799534
0.16679591075232594 2.1792966104652214
0.18196971069158913 1.5616917394862928
0.19376549469798973 1.9833633530052888
0.1263490735071106 2.115699092443621
0.22135367521117982 1.8774222868346375
0.14357252425590836 2.0882728031118702
0.18474036007819616 1.6513052254854919
0.13374225927318012 2.445576761760435
0.14920063457982588 1.7009869906217356
0.21169105730949422 1.6096797825716078
0.15319141447047463 1.5708838960496871
0.07952329459861072 1.8352816583691074
0.2235485313423069 1.7315009497265414
0.08669716394946698 2.0340731262313434
0.20050557378528983 1.6669700434160637
0.21567604813485597 2.067592463925794
0.11489340835716941 2.2845590508915348
0.1038331896754766 1.758670414237023
0.1921080025895703 2.0286318071718243
0.13653948439214547 1.6000534155414754
0.11396901778804866 2.393676422931449
0.1793469193966436 1.8492961997303796
0.1860960364607464 1.8514936757816585
0.08273630081559051 2.2169086750442766
0.20683252334666602 2.4603553863261096
0.17776298718508313 1.8996553974092412
0.11342112223443557 2.1356731351516958
0.1194954741217436 2.1744591405478557
0.13838059336822073 2.231746987673892
0.08154350908488403 2.4500624060164005
0.08305224678724521 1.8010625943048408
0.15633876007885902 2.401339166255052
0.17763164414348448 2.2907274972843696
0.11733554138794369 2.3174250960895844
0.10288821541269813 2.33776113534276
0.09873273214798825 1.6650497075478716
0.11819392076347313 1.5508248518865013
0.20124536355168993 1.9237427103800222
0.21971859662137705 1.8668615120622043
0.07945130183126252 1.9229464138814694
0.10129279425770922 2.1071254158614834
0.1438135681373554 2.4969286370584682
0.15417031210276566 1.9930870747067897
0.23795337878267953 1.9901825792538035
0.20685494184039038 2.0595677998763824
0.17181661220310965 1.864585507561194
0.11353140816369284 1.5402264440426205
0.18143860862732397 1.8348428888518749
0.08606975083516352 1.594146050653865
0.22554882412422678 2.032613638943928
0.21995393186094908 2.2486296727596176
0.12932275842829066 2.0235082674407763
0.24633983605165466 2.462586587187465
0.1014844929092397 1.9428510662771856
0.18182583457148271 2.179912991346142
0.2415254728894201 2.4934528123771864
0.2368241762499868 2.3665472003014423
0.12110864993972033 2.0056060078270765
0.2400479283932001 1.8558111854255213
0.09532565226898548 2.108734832858562
0.20251201114345646 2.254554504004288
0.09784358454127327 2.451599774934178
0.11638213938734983 1.9907772363355307
0.12718119035462783 2.3254190681559903
0.15125852872603057 2.143300727647038
0.0961679149576596 2.1986818181485583
0.10754249567636229 1.8237528413949808
0.20308257217349918 1.537163702960008
0.2098280052939533 1.8443315689401798
0.176757037913666 1.5605373456954021
0.08130624672150552 2.219066894244076
0.21743027095991008 1.8921095449080636
