20 20 12

0 1
0 1
0 1
0 1
0 1
0 1
0 1
0 1
0 1
0 1
0 1
0 1
0 1
0 1
0 1
0 1
0 1
0 1
0 1
0 1

-0.27899369915403516 -2.9441193264919785
-0.39929668313368566 -2.945610096103954
-0.17364407668667528 -2.7893389850378303
-0.1397781822764247 -2.3204231733916654
-0.20358178774112454 -2.965735169775064
-0.31795999212235926 -2.4230059323933295
-0.2850700316036038 -2.7232184654358482
-0.37074423381607186 -2.558371765181159
-0.1405686865991676 -2.9405220220408497
-0.2625575051461452 -2.6776039150494135
-0.2466893187654255 -2.7884644658338984
-0.1191869886848062 -2.773712481522219
-0.2702724472361818 -2.494462139669188
-0.3988218314122368 -2.831990597464468
-0.3010851521576718 -2.536980868432915
-0.3415189140601655 -2.7308507603976064
-0.3985020699250978 -2.55628867542573
-0.3862654298932647 -2.70960088135957
-0.370606984485352 -2.788393294690154
-0.16531544159570366 -2.783198834177011

-0.38681784950032333 -2.861186589611955
-0.22685949056162713 -2.4066454521840344
-0.39121776619889576 -2.834731431948075
-0.33832936721566104 -2.683451664907999
-0.32218870404750427 -2.610603067128615
-0.11346529703493041 -2.454993880439198
-0.2797232055316417 -2.6925908543592563
-0.12486374152520074 -2.506448711446705
-0.19655709603044966 -2.2749437226205154
-0.10437358755445642 -2.611374200688345
-0.13833097114094045 -2.66072868735668
-0.22649612400232483 -2.3931624298323935
-0.22494856046215808 -2.6667805610175033
-0.286460155799692 -2.5617671233982287
-0.1553659729393013 -2.3249315708597535
-0.1333182567558659 -2.5103622714898353
-0.11624379023234599 -2.527698733106949
-0.19622846911138755 -2.2897675159285256
-0.3615234802999414 -2.7809847227272644
-0.35926030359954475 -2.5019981455596993

-0.3866808093545582 -2.815046063582706
-0.32588198705152505 -2.392669165313344
-0.3991697479722215 -2.4094448975166864
-0.3108144195480007 -2.912124247764983
-0.3909234334354788 -2.8399753982795692
-0.25177154903138343 -2.969989186731275
-0.24986631702146586 -2.231384030401321
-0.3529006899502089 -2.484465830307242
-0.3023446469780987 -2.8047397458030043
-0.2939960208468937 -2.8699208259134066
-0.22305172889557218 -2.6385589435413053
-0.1685657815045049 -2.7654285183041094
-0.23754676156930066 -2.485003741280117
-0.3709480773032786 -2.6455816550681286
-0.1428794247463283 -2.3572865849470928
-0.39613623038011897 -2.226014069539555
-0.37435270318878355 -2.5364285356335574
-0.22722241215079492 -2.340517094843413
-0.13039049893729182 -2.9525483499559853
-0.2549113545385139 -2.8976672711763953

-0.1872977036973141 -2.8966807457046637
-0.357914036870892 -2.5093881330358156
-0.34557103410974926 -2.223991355445192
-0.25730904334113425 -2.697702599691765
-0.12408030026369765 -2.5874866525968385
-0.1698341143050476 -2.931395476454957
-0.2972852734882786 -2.2549782386716752
-0.3855186315352629 -2.6528714285497257
-0.25217032283654306 -2.6846815537719664
-0.3356860359073993 -2.224389720106236
-0.2363759408822105 -2.7220680543574485
-0.16768719937649 -2.779986684196774
-0.3198478349227588 -2.7324780613642345
-0.35963320461379994 -2.70647365269352
-0.24499858651536327 -2.573132736826364
-0.353246913526295 -2.258865905556098
-0.1347314551233878 -2.682673355797967
-0.35992277583177396 -2.2806946957689362
-0.14341309240918432 -2.670173541595498
-0.38109440826230306 -2.441518552601135

-0.3142999075786468 -2.5361989308041997
-0.19736919709518447 -2.953912688799805
-0.13945618198612286 -2.932212295853101
-0.2511428759498407 -2.8412987876190345
-0.16697998286199575 -2.6331348474168315
-0.15265113486684004 -2.59825863228855
-0.23737197620541398 -2.5549930301081174
-0.21224378565974458 -2.4745962255110645
-0.2388000140472833 -2.218260699451154
-0.3632037430584595 -2.74978100997361
-0.15154060843584022 -2.30784079848078
-0.2726070615953125 -2.7433647581709755
-0.3787559699001957 -2.814616135475191
-0.22222129280829717 -2.3709112419208656
-0.31270490321832756 -2.228084954296545
-0.23403451629254418 -2.4131740881424424
-0.20907085013429208 -2.462872353776126
-0.14080117827877636 -2.918711271791892
-0.23263256149212058 -2.3385469839166957
-0.18180849985631903 -2.296257412033757

-0.2550922238795443 -2.588034744041674
-0.32590592426104076 -2.4295216121832572
-0.11690882150155191 -2.7331821151819153
-0.19117085978518075 -2.674084631821213
-0.367450219553226 -2.2580700309047748
-0.3149043996847205 -2.8443550322351414
-0.381537234857472 -2.70941369564897
-0.3005788275895658 -2.4109712275264674
-0.28064860256267854 -2.6347206150765197
-0.24650951513111605 -2.8568626454019794
-0.18446572973140718 -2.4415477972227744
-0.2887175772656871 -2.50329526005503
-0.3414881842864196 -2.6250216075826156
-0.23118386881698424 -2.272573348289595
-0.36398283675484994 -2.2781713019493575
-0.3501299063109313 -2.7258789303179647
-0.12313895531033875 -2.483691001727762
-0.39679328077374254 -2.4360044855357885
-0.1977822589453803 -2.9025464142074715
-0.14562109174849203 -2.5087232072289316

-0.3963570683116551 -2.836057392849993
-0.3629160205489702 -2.2929883127616772
-0.2565929094824595 -2.6714647742217945
-0.2679408578991291 -2.9704257815587707
-0.19542752980535358 -2.784854807175475
-0.22433622310424603 -2.49105562739547
-0.312725941839748 -2.497471051867908
-0.18356702782752474 -2.9079070559055245
-0.29405264229047695 -2.598257382555865
-0.34563118836462736 -2.434039968514046
-0.349419904193174 -2.7286872241207036
-0.25749384112365103 -2.473604595021992
-0.36895564210474885 -2.269075631163509
-0.11810295671469145 -2.395619382964017
-0.39061881284100863 -2.9653659539429595
-0.2757890768267187 -2.378222401595807
-0.2144977951617888 -2.8059005369470054
-0.12199874363073088 -2.9679745798975685
-0.28656784132331203 -2.963799167629475
-0.15153880510722564 -2.4598442220991794

-0.22366279025658647 -2.5260544124672886
-0.30818176660073593 -2.2028875915231074
-0.13008978712849478 -2.2670630652102988
-0.19112971447014282 -2.235800332261528
-0.23554436886016653 -2.6880371360653803
-0.10511604997961793 -2.6208236237735334
-0.20942372983915986 -2.4583218835444716
-0.2175135207409964 -2.353755106900346
-0.21989430496999962 -2.5394184226730703
-0.3664500425725471 -2.4995233450534573
-0.2676577749812046 -2.4541081527026716
-0.35800788645372716 -2.709483680429317
-0.18195458534613215 -2.603262990405302
-0.31085592717324084 -2.738403621967217
-0.34187994070765204 -2.7987389181617828
-0.29758475132419626 -2.715022900146344
-0.2190243406822051 -2.8485239203165724
-0.3441951701079428 -2.230655176070594
-0.10123944523614214 -2.3620519215134554
-0.16471772796737452 -2.615129900555703

-0.31158497995493745 -2.2348254504913094
-0.2583611742661954 -2.4093992374842554
-0.2321149767408936 -2.497269152254799
-0.27332362148908507 -2.854028659416864
-0.31240764076074284 -2.939079251770143
-0.3118181395935633 -2.688822227184133
-0.39219574428710746 -2.773942335969226
-0.27808400635073705 -2.7210644448746324
-0.2935048001165811 -2.6892186049618254
-0.2761240615594407 -2.4605074293043767
-0.1029047116047096 -2.2471823146329677
-0.15762577342504622 -2.4738551782137894
-0.12336475964017318 -2.6495261113856574
-0.10113505992306182 -2.355657888042109
-0.17705042773996027 -2.5952947645495827
-0.1022765046691207 -2.6694305844022495
-0.362094983558016 -2.7494912835784584
-0.2365795741333639 -2.3069610715012536
-0.31836558263702713 -2.7012441769182853
-0.27407153842055376 -2.866003062675058

-0.3130937335392307 -2.7567593025866493
-0.14617893633353052 -2.595252122526335
-0.2923355242314181 -2.442881761228798
-0.32726637760784283 -2.3116318844655006
-0.12916549468939603 -2.2606074617502
-0.16211984618640624 -2.449983467241923
-0.12474003118918603 -2.579112743435417
-0.2200635414640804 -2.2115663018649894
-0.16702580452303256 -2.8806257908916097
-0.2764615615965147 -2.367119464773956
-0.24859288665046628 -2.65655676849405
-0.31220935303095143 -2.3412726763947376
-0.13228229484783893 -2.6252294308388366
-0.38966578730313856 -2.349695162101601
-0.3597858914116173 -2.9437641566595696
-0.3906089409937802 -2.6022892473266666
-0.23709850304762 -2.63846763096582
-0.21195969589817654 -2.89346378544735
-0.3751876770804529 -2.5586609937398754
-0.35193112540891813 -2.4380888130281457

-0.3421756752717257 -2.423010423255435
-0.22749714217478384 -2.9376906973888306
-0.16195711582519756 -2.3111026545855333
-0.2845470647775805 -2.902104924435137
-0.2557834624326094 -2.41566764398459
-0.2922992299088937 -2.4616960724025994
-0.30033686352404143 -2.443449292406827
-0.15019714016229377 -2.2636258864138314
-0.3563831739748199 -2.3390719752139875
-0.3766450092841762 -2.9059837175491166
-0.23527324650028342 -2.2924053365212345
-0.26182603219192796 -2.5508892859507006
-0.33568488995387213 -2.4959519574308686
-0.3243634029168311 -2.603524709921981
-0.2819247351807965 -2.921090047605259
-0.31349444741040494 -2.280127543458882
-0.27148887507800123 -2.424368990646861
-0.17450113380170487 -2.8211373882340545
-0.20069204909864855 -2.951638399806587
-0.12419096078405767 -2.2452912897921937

-0.18135071840530184 -2.7990035710989174
-0.33622329323154837 -2.4800471739108954
-0.1246576481371644 -2.3274302611174935
-0.33351612198978886 -2.378673489071973
-0.2240306721266478 -2.747914805662464
-0.1709484125711057 -2.571449747446016
-0.24767768081769032 -2.557782822394317
-0.3310171413696895 -2.5642896870049112
-0.16871205120950164 -2.4330771698373796
-0.21221668432039195 -2.609455863430879
-0.30095284437978786 -2.8415111174306045
-0.3433513806895822 -2.450535859560305
-0.17842184238774814 -2.4228965933597437
-0.133146657697721 -2.654767045676952
-0.3611419990560685 -2.367371255535191
-0.2511874501454191 -2.518828449501047
-0.17023412629528334 -2.594050470567701
-0.3841571714817322 -2.4777544090078463
-0.2021178377582391 -2.4741594469569157
-0.26415116579125025 -2.904646186028394

-0.19843771251629325 -2.681530721041832
-0.19186868279851774 -2.5644525567500964
-0.1484896333135282 -2.863709895522108
-0.3070437370058119 -2.4830222528492327
-0.3721236471415268 -2.2894626609266258
-0.1523421343095832 -2.7944466999890545
-0.18243219458036974 -2.437474748711162
-0.1774888553799552 -2.6849524565440146
-0.39613492475497086 -2.2901473885172052
-0.10474219902463539 -2.745881687843866
-0.2693228786125921 -2.5142043764147237
-0.2648075396693871 -2.292553210641737
-0.1098724565021697 -2.515710938787916
-0.30969541395797107 -2.6233428926345828
-0.20799584876187738 -2.677023171682074
-0.2655801413170764 -2.5366520695762462
-0.2343115116115953 -2.6533566739943106
-0.3349107053295474 -2.3414674637462136
-0.22290210172909597 -2.557482965944736
-0.24715254926321514 -2.311205502778393

-0.14659247784973056 -2.213499527875288
-0.3277204909050908 -2.6418570424381467
-0.382357316433558 -2.498161634763844
-0.34764658142377247 -2.806640990456691
-0.24163731684829118 -2.909504775529124
-0.10172783021390286 -2.893169360110805
-0.17006120784464812 -2.225628313225766
-0.1197063748514724 -2.5167901570364486
-0.3240108543883484 -2.4851064603054467
-0.11081081928915659 -2.6093864398448545
-0.1812091324561439 -2.7649367468673294
-0.29334759627910756 -2.75294307188084
-0.1203335792133301 -2.4884929895249273
-0.1887726289209422 -2.614628405994331
-0.20390140943606103 -2.6032906905615087
-0.12038910443739886 -2.2382859257089507
-0.25860992077149214 -2.265815723458183
-0.26114837227404547 -2.50717182416312
-0.3792463223792157 -2.31715766106089
-0.37001621724102696 -2.5258487173695876

-0.3994661481293339 -2.257441096554004
-0.1166916300701728 -2.534920761832103
-0.19283412935424146 -2.221689479280778
-0.11789287511008084 -2.3803192521807888
-0.21574645233746553 -2.578528129513159
-0.27984486960479066 -2.8613583162790093
-0.10563700796524511 -2.338902484309314
-0.17115617494845015 -2.520976772181627
-0.2954961763742179 -2.4477937286208955
-0.12213193977359893 -2.5757292426575202
-0.19866131847654359 -2.4926434679016642
-0.3350945632129802 -2.380880976346356
-0.28739268246306116 -2.6241989745374306
-0.261568092979953 -2.3722068072344333
-0.22566551098758372 -2.862725773730528
-0.2636307359709764 -2.3987919742568025
-0.2793312925178754 -2.2172055003590265
-0.24300632725849813 -2.2331201730702186
-0.19913689301995144 -2.2692368813310333
-0.14971477267122263 -2.2034742291026603

-0.26591025810116453 -2.2583122156400472
-0.3843769501902388 -2.959294514948494
-0.14106027478441774 -2.6279006405035994
-0.10634125787902876 -2.795370174732872
-0.25963450728263615 -2.970279655553236
-0.27901150626770965 -2.4372855088480336
-0.12785822129296343 -2.823978537795786
-0.20336971681844923 -2.907517083756362
-0.3145074335134901 -2.8223781416661344
-0.3196776890359232 -2.6308515843054017
-0.1608786992752727 -2.575754617519692
-0.3223973517710936 -2.5816097468295465
-0.31526726466249855 -2.9451416644209627
-0.12771772042888896 -2.219742816314673
-0.2403387053608445 -2.6159007044891474
-0.2799855158613732 -2.22192797372965
-0.27847043930073245 -2.285867304286267
-0.1268636817093332 -2.3153140574664755
-0.11801733583556184 -2.4337514951276584
-0.2862054297393842 -2.4560516725977197

-0.3858155909574257 -2.964245539490633
-0.1967569489749907 -2.8763550604744452
-0.31218385171873086 -2.4057441128964516
-0.38697685267000675 -2.8868390259180456
-0.15712282565285826 -2.81154604309703
-0.3200207077542687 -2.3077753198971465
-0.19953891436094276 -2.784666619724837
-0.24796805735976707 -2.2848769294419027
-0.17505934744721457 -2.663586003750301
-0.3709776089095005 -2.398730780865791
-0.20260675526707853 -2.7772247013076927
-0.39060530964019485 -2.24190768240284
-0.2865795604619375 -2.4324686934894855
-0.23550114052859006 -2.87314761590746
-0.38961403796081917 -2.36263100931721
-0.12857300847070396 -2.416250082646247
-0.21013782985117416 -2.2189659805600797
-0.29737711624615715 -2.677059591573804
-0.13299869053626195 -2.840302420043667
-0.34407823333548715 -2.740081376453319

-0.2659677438589546 -2.821139393663849
-0.26797342108543676 -2.9272111134085166
-0.1520705512028142 -2.3399288342598967
-0.30582281224870594 -2.887709972568735
-0.21198145728195406 -2.3841604328301695
-0.15152820071344342 -2.225565179238294
-0.1800714705103254 -2.6487630136235736
-0.34260040305278866 -2.2823102481659374
-0.21654194012777345 -2.2613121050150085
-0.2907115005785031 -2.9519806223955434
-0.31819125310870955 -2.405526683483381
-0.2364672608655244 -2.5136943471871938
-0.36798269048622645 -2.7645804881373275
-0.14896649750868907 -2.885156706323079
-0.2417671841431464 -2.2743141185786273
-0.22000246039881932 -2.2305199701830833
-0.3542393051941245 -2.9377552216895038
-0.2353509582997666 -2.945756618926701
-0.2639248088978353 -2.8713399188154773
-0.1330205534483047 -2.411995171350573

-0.17106186441860416 -2.276688664803425
-0.3005018362932078 -2.2658544187625314
-0.15575585023220082 -2.92755364145039
-0.324400273485129 -2.4692078034328175
-0.3564211495853008 -2.6135910798935407
-0.34377095126228957 -2.61304634997814
-0.159481011971518 -2.3824830215743025
-0.2971557479666172 -2.2573398580641277
-0.2209110678528701 -2.2809647926006833
-0.21966740669803778 -2.925743902355054
-0.38629097579401445 -2.7651063762133794
-0.39049216589915864 -2.2191274721216514
-0.15001944751523977 -2.726939767132814
-0.32485971002051023 -2.21251902047375
-0.36268570363393426 -2.7050218340469026
-0.32181620670646105 -2.264675927566311
-0.2329393533524819 -2.629893832618989
-0.36471391045896656 -2.4656583864088204
-0.12371056918033946 -2.3033745662557124
-0.23884788062844287 -2.644125072479925

-0.3546445583023267 -2.867081268959356
-0.38167921704777813 -2.919461804127199
-0.2951070544066766 -2.7746043321091802
-0.373400233289974 -2.550351192253772
-0.189284115794208 -2.9644146119159958
-0.36914202407900404 -2.2354770992800885
-0.133455240772283 -2.415863955365154
-0.18848867879883915 -2.9378127276167256
-0.3226500832909204 -2.4680673920510903
-0.24583158353797308 -2.4715611763665244
-0.19982384003418185 -2.4768205829211363
-0.19169102809367497 -2.8553064875773786
-0.3718377209463729 -2.2224478156342617
-0.3740617049741437 -2.93103836544812
-0.35347071905222455 -2.355959913428148
-0.23879146629172593 -2.9667203045374406
-0.21205375332906123 -2.4755517744621787
-0.2779286367937463 -2.4612872558629637
-0.10906585298288418 -2.7821932829014684
-0.1868018456371147 -2.3367178869654377


0.19568154154445755 2.085895871121921
0.2423229924344787 2.143095703019207
0.21168429613384276 2.27297923007238
0.24294074365162183 1.7892716401116022
0.16938727197431283 2.1567772843953366
0.23789797192666834 1.8921183185674075
0.1256889700154819 2.3181349453884925
0.2075834704577355 1.8856420068912567
0.14920175613739695 2.1057019866938305
0.22002144858529404 2.3669852683097012
0.11648001027238195 2.1972447910624435
0.10222285390617217 2.478701998871273
0.1595716548988107 2.0420044701678335
0.11097728626925546 1.5704351040000857
0.10296039509500762 1.9208363448473054
0.18618309796913748 1.928322769864235
0.1546165859465791 1.8943324572837397
0.17225994438085712 2.052139099055275
0.1360750654477234 2.406878769489241
0.12320688703329524 2.2461391807818933
