20 20 8

0 1
0 1
0 1
0 1
0 1
0 1
0 1
0 1
0 1
0 1
0 1
0 1
0 1
0 1
0 1
0 1
0 1
0 1
0 1
0 1

-0.30793583916789136 -2.8018345765272077
-0.1545162725960263 -2.6000599135470805
-0.2602826555142847 -2.669201883554105
-0.2127478207855527 -2.36442370283545
-0.3697612143898401 -2.648327951133178
-0.3062027488633974 -2.833711186248582
-0.32890148770712 -2.293792169395587
-0.30040802595508487 -2.88771829773972
-0.24187323149841775 -2.781476035459242
-0.19096096224535547 -2.6252492647168855
-0.36326659733830857 -2.4868272102772933
-0.1398668570237348 -2.7362032334057313
-0.23758700716081926 -2.5286729209635337
-0.17980726768809893 -2.719656082244678
-0.18264636696922065 -2.651056394455948
-0.35055881474156014 -2.4411727723868215
-0.31822579101231807 -2.6905562365372635
-0.10047031521652244 -2.5602129624948367
-0.35804281486927414 -2.512077420654874
-0.12395028124420687 -2.8708239921729564

-0.2410987166003063 -2.7740356427930033
-0.14728654797941587 -2.929503904545305
-0.10187002401154954 -2.6729166552290002
-0.31855782988295755 -2.921709957591022
-0.1609449895378604 -2.2677130793545985
-0.10168512700430965 -2.7118225399480385
-0.33819911060295627 -2.2269944422046857
-0.3489436182685223 -2.7399393491344157
-0.20393885692643957 -2.3645366980136284
-0.22148813168196987 -2.7861020979085187
-0.38911484569609195 -2.206866669503949
-0.3778911669804839 -2.724751321699924
-0.14211941616909823 -2.6113211162880354
-0.30755469996331375 -2.272501852636608
-0.23117605464373225 -2.5259060812123284
-0.358902095859628 -2.2512612219081705
-0.17573327016025397 -2.6841393503286506
-0.1717857700312773 -2.2900509996111813
-0.29271287191593387 -2.8192465779429847
-0.10993812304594458 -2.56390353387738

-0.35948992870272944 -2.3928057399669957
-0.3704572280842409 -2.310483174857942
-0.17936189168175554 -2.593560635874563
-0.1616085198319059 -2.4038843742356364
-0.19895488929355587 -2.745021819373207
-0.16504947114762267 -2.902491486494012
-0.33092278747713966 -2.602258989296097
-0.11640933506936701 -2.441244322286176
-0.10779699140474674 -2.9500998010433817
-0.1849917975375563 -2.539963045142516
-0.35993438652305537 -2.3745003597549754
-0.33413681051622673 -2.3516661460056505
-0.35413174605287995 -2.8118290770763372
-0.24480014355875748 -2.23772601123041
-0.12600050706907567 -2.580049272943614
-0.183522546902803 -2.397012573489448
-0.35205181105594424 -2.929399614716669
-0.3769923762136717 -2.3788523048338677
-0.18770689175140481 -2.298471547143068
-0.32590465812187497 -2.857154703588274

-0.23205021902776474 -2.574507532185224
-0.12252838629825841 -2.9602782846335276
-0.39334887566540505 -2.2225167322711887
-0.15450787792652146 -2.742971181357226
-0.11395500319814461 -2.2813342691335983
-0.30830934554912204 -2.272959721695636
-0.30361792367810153 -2.2641600029662516
-0.1993394486789038 -2.4296944840959473
-0.2748095550704016 -2.825448724258803
-0.1394750477331641 -2.410341995996812
-0.37458527609803416 -2.665875073821792
-0.3739218854275438 -2.3250573019452907
-0.10420093246654538 -2.4406377882600188
-0.32060622000789085 -2.5332592923893396
-0.17431338094756543 -2.2528031086901485
-0.18256098308222948 -2.20706406309117
-0.2461096738379584 -2.3765118326696415
-0.281539330989109 -2.9316826767183186
-0.1562724354955281 -2.82921269334761
-0.3406788762302654 -2.770469315494849

-0.10103890300520657 -2.628110204223134
-0.34878701503174137 -2.23912701761909
-0.3553450276183878 -2.525686920473413
-0.332033966708542 -2.7877234581287973
-0.15648656148919735 -2.5932228213948223
-0.2497436676247315 -2.8319879484905943
-0.35427780906998674 -2.419393461791321
-0.29131714421210164 -2.3816449216188404
-0.37370961753622167 -2.9322020974322363
-0.28632818507737823 -2.204034753477981
-0.2668450251697216 -2.94945187284572
-0.2526973456801068 -2.4475494762316194
-0.16661608973786068 -2.2423093776569205
-0.352229882382148 -2.6724291681332466
-0.34746159064632154 -2.733146994983506
-0.16104219888856303 -2.3597812498848914
-0.11967509308421348 -2.608981970334935
-0.14494479225279178 -2.8925809810809815
-0.17102167857864495 -2.2589096618219955
-0.36121189357112354 -2.881891721362386

-0.17893026815058236 -2.4202838593628924
-0.397640334927394 -2.30748513208143
-0.1940705507325514 -2.2500833002879355
-0.36356717559457824 -2.218889590489741
-0.385984357034267 -2.703686913414088
-0.277105680033345 -2.66818279769084
-0.3958387861836289 -2.6916111789091075
-0.16371080076734404 -2.6898655977886925
-0.3363006169043809 -2.7782409271047706
-0.37841246876212414 -2.448278811378199
-0.23424990837466303 -2.548730504408886
-0.16133970719883078 -2.7359806329841034
-0.15373101772759795 -2.3209209086364897
-0.10371482719955794 -2.4053386835312933
-0.1896805763210716 -2.5462228993329883
-0.2843442756441505 -2.3754169522924746
-0.38244806452275776 -2.7839306820834095
-0.30336837100214653 -2.2107973561688894
-0.27359670714665274 -2.888845318891983
-0.16604651974024778 -2.9064992039685222

-0.35455211709703144 -2.396245013497839
-0.12381346959792638 -2.6034045473464262
-0.32735266724970774 -2.780951701117987
-0.3360906661765412 -2.7130413142390193
-0.39440063821399074 -2.4630345034181578
-0.26778877302579274 -2.4265804227284824
-0.22604581763278364 -2.9019317087866296
-0.20750193444235945 -2.8895929948195733
-0.32702989702631213 -2.314564491108741
-0.39032112643633327 -2.572712936574169
-0.2701588740653308 -2.828001498079521
-0.26882254147619544 -2.631025040360967
-0.2026044527800373 -2.4517380491324188
-0.160478612351672 -2.535413022979039
-0.2871759882820014 -2.949528634953027
-0.30130238591988745 -2.5100136685953744
-0.3765128621857145 -2.6163004656035955
-0.1648082771295071 -2.2535332579473972
-0.12804977304342996 -2.4371441273288212
-0.18108318611844554 -2.273959123626752

-0.24180204689106918 -2.5823164255903386
-0.3181863959276129 -2.3875766512714085
-0.21008424360557834 -2.6253639314896593
-0.3874899012830186 -2.6301630051508953
-0.2582651019042941 -2.776207906633786
-0.2494247373474452 -2.8787386538963524
-0.11289962010699722 -2.7205469012587122
-0.1370624951288939 -2.6541122344771626
-0.3561895218392524 -2.9213252628405404
-0.2577250602697778 -2.756017359326846
-0.27434281924455806 -2.2066455923881625
-0.3526000333670323 -2.238433467363319
-0.2546789063300655 -2.5838388265694685
-0.10753139756740837 -2.3981095890141306
-0.3977131936883945 -2.6013907165310624
-0.32798224404300585 -2.8578605680747846
-0.23356656351003008 -2.94428944936803
-0.22924058947456072 -2.4747927270332637
-0.3985368159212965 -2.6877175627504064
-0.3772115632155185 -2.7104117996670425

-0.12629133038060741 -2.3234606181774535
-0.30967027987736384 -2.7366321236233655
-0.17176391076084294 -2.8063213546629817
-0.28318943789382617 -2.2028487893065667
-0.2258927077669464 -2.378401432986651
-0.22465253022004897 -2.6858893606592362
-0.21021161791015344 -2.261652194079299
-0.3573498401235113 -2.5993814056550706
-0.20498836340636298 -2.29612944818832
-0.3564114871123226 -2.384729777952354
-0.16524784467313577 -2.602741020491736
-0.3617023679198178 -2.759391853570858
-0.29152014638574486 -2.2242744654587114
-0.18023613523143495 -2.2708429481185988
-0.28342871648818824 -2.88906108553951
-0.3529632331568556 -2.8463540200074005
-0.3766058495286006 -2.4798318107701753
-0.2533753949831512 -2.204784446016265
-0.3432289409532335 -2.2325239695345847
-0.2940702269316187 -2.5172294458462865

-0.29499907418855276 -2.8282542002077604
-0.18233972747693905 -2.561021562230269
-0.22260236790857588 -2.342519993259768
-0.2715140707302631 -2.6939944464081136
-0.11461836335410958 -2.5950775640476
-0.16648195900255014 -2.9135418598650578
-0.2986947635695423 -2.5127899795334407
-0.24608297861258321 -2.483664234319896
-0.2724310611227322 -2.4963440296094714
-0.12682224435451167 -2.5563608739148167
-0.2505525848260244 -2.437411861138798
-0.3004703338853436 -2.926868987374528
-0.3870333022575125 -2.2319325449105554
-0.22158276559615517 -2.378574393261847
-0.10309997378430769 -2.562614760271879
-0.2989815818458331 -2.7638923105340334
-0.35172451406481836 -2.8411630068542935
-0.21273773604987806 -2.462050430156325
-0.36317988977500515 -2.3433362310566963
-0.3292185501278854 -2.257367794314386

-0.34156762393435164 -2.556146473901207
-0.1950460110793857 -2.5579011332493753
-0.3768741483022591 -2.5695097757672403
-0.12607421058265922 -2.5018947751534713
-0.20685190023316058 -2.4720894256859256
-0.12949139602021942 -2.881784994620012
-0.12214240126807496 -2.2682992274180567
-0.14647865166674373 -2.774386854343991
-0.2543575484327727 -2.318052150332456
-0.2761294856902499 -2.656914372757456
-0.2025537961516338 -2.749894919762861
-0.11244420648945003 -2.944485928644304
-0.2693611511730597 -2.599102440650445
-0.16403908280649918 -2.7390533882943875
-0.16447019578905728 -2.9076181379657884
-0.3643458547232151 -2.831335008796655
-0.3120440696609973 -2.220121798718802
-0.1448196038435252 -2.4530060645401983
-0.25225078138310875 -2.7862124561104826
-0.16485209540023754 -2.654738060383264

-0.3052794473941352 -2.6311071188695645
-0.22318598730758277 -2.7486053305163427
-0.3656720465021339 -2.763707816538596
-0.3227039736506008 -2.6663566889776344
-0.30522378298716757 -2.778507333327371
-0.16224244738670499 -2.35312758035286
-0.19490097668390116 -2.2365793285410356
-0.3063098026763791 -2.307962224807219
-0.29192385201766635 -2.246142032996649
-0.16608750310328285 -2.5583120979978946
-0.1668326098404375 -2.8634376479798043
-0.12717874384812444 -2.430960251325901
-0.2685072006021739 -2.4944085391451387
-0.3146507598007689 -2.6409240063572277
-0.2945748440351295 -2.443371033730103
-0.17098469086475762 -2.315859530765072
-0.2724834272113389 -2.2787771731209485
-0.3365939192789944 -2.7256074596424473
-0.317079528814613 -2.444605189016552
-0.3569382496562084 -2.4443476004567124

-0.19528675230329293 -2.66403062612749
-0.10426779620561266 -2.9649986730295055
-0.3730395327966308 -2.616263615526373
-0.27979234515001805 -2.6667490613019407
-0.2141751269321486 -2.413809027118578
-0.3976690406303563 -2.284432201739557
-0.19905802733063863 -2.2466920386434803
-0.12815322621373487 -2.4577482562328616
-0.3880821622041317 -2.288128698562494
-0.3461797809869637 -2.8534566617388877
-0.29651490040598666 -2.2087408341773065
-0.3983712947586067 -2.446505244377377
-0.21376004965402426 -2.8774241127679687
-0.17669209896125254 -2.3417686368035575
-0.11125412134811458 -2.6458908761651427
-0.17898691505904926 -2.6845192035372976
-0.2937260899551595 -2.8814163414052283
-0.2118227414971013 -2.5268467789665645
-0.3395269655621406 -2.7506538355327073
-0.2346859972526327 -2.6246187398674823

-0.3488579348764253 -2.4484359945440715
-0.10489596585940786 -2.7139563967260614
-0.22452839882806164 -2.2283164894299334
-0.38224705004390785 -2.5577963338355234
-0.16568384473018832 -2.7452942664607876
-0.2338747413184439 -2.4252232984968747
-0.30517043928398263 -2.2605930218391013
-0.3564567712322517 -2.712220106596555
-0.30315026704018433 -2.9036360721047636
-0.1317773563958059 -2.401191167656947
-0.16382306426269158 -2.443878011791112
-0.18023931563580992 -2.497723519724654
-0.19160940814382016 -2.65609058596928
-0.10037929294519943 -2.3130156162740434
-0.3154221266924985 -2.5208792000746723
-0.17262058021608012 -2.406931973368484
-0.3299009778509641 -2.5588497751015398
-0.16464569201232088 -2.6926066685660226
-0.3657960881777704 -2.396841884483666
-0.2681662678127409 -2.9128139862033375

-0.29823998047784245 -2.4576370334783695
-0.30066073852253505 -2.2381620977891306
-0.33349561461756166 -2.7228450196932843
-0.23144814286490384 -2.825618504940145
-0.31994091422341336 -2.657397894677721
-0.2587219106937822 -2.6157638036359496
-0.2649053046166544 -2.6057414117374518
-0.39849023832412966 -2.807747898322304
-0.16702464686277452 -2.5860273054060734
-0.37114071119681535 -2.9117562834176485
-0.24962595173567187 -2.443522380653908
-0.25334695631087123 -2.607173963732956
-0.2087791228285253 -2.5472677614553887
-0.33278943277325757 -2.878841323095279
-0.18916733365678431 -2.934497719089462
-0.11864840337023796 -2.6027287881974037
-0.3446264263095042 -2.8967395484596588
-0.3419928653455904 -2.3158494583431026
-0.125025839824843 -2.958789290361956
-0.11806431162183134 -2.826196427616427

-0.22750487117893686 -2.9138919750895202
-0.3630482325050338 -2.333510177386487
-0.3813554334305629 -2.6865215303894465
-0.2772084428993719 -2.787235370533665
-0.3238331570643884 -2.616958289542573
-0.21935773422339924 -2.9142913471293785
-0.2733916644836714 -2.5604661183434283
-0.12896531122574229 -2.736752781299232
-0.3110690268855593 -2.4447650449874807
-0.3138120462613362 -2.782226394102502
-0.26040652410227183 -2.440988039360726
-0.3713618880982287 -2.666295291005194
-0.28451806382400036 -2.828928294210949
-0.32256604109848097 -2.8636787832296386
-0.3542843126554177 -2.5928239716086376
-0.3315431696112075 -2.5041488809199732
-0.11624946174625433 -2.459979166048618
-0.2635323642883974 -2.5243856301780774
-0.3025438400080847 -2.300112987203033
-0.10870527661498819 -2.658237503674811

-0.21226012742998918 -2.3933938016863125
-0.35125677430007596 -2.6946523856653126
-0.31966811309863896 -2.407237103310008
-0.2910644404244413 -2.5968446135705703
-0.3335141365799724 -2.3563349149854673
-0.30559194701775666 -2.3018105153108377
-0.36619926378379836 -2.6694597324180953
-0.14557657145366731 -2.349854422216648
-0.2084678759863258 -2.295074166031498
-0.34151914835212394 -2.4253011345057747
-0.24067575354683374 -2.2147576118664585
-0.11938136002454708 -2.8805976293444413
-0.26877361066324057 -2.540766948460454
-0.17609631444898483 -2.4817170629637
-0.32601463873153047 -2.4915395486819865
-0.3956032174973555 -2.2060324959192874
-0.2040866457286414 -2.6756020519404276
-0.2324377314952341 -2.4739864205678628
-0.17786580982386005 -2.873368454415578
-0.291001072132947 -2.739895738880765

-0.3232785134880306 -2.491620687388535
-0.16359568560220017 -2.667443375731741
-0.18944914670179167 -2.2759351139259483
-0.12153720385105193 -2.456292626725406
-0.3278604351875243 -2.821453448624988
-0.3807832624601202 -2.2667430302875307
-0.11064130152637164 -2.8650540122276675
-0.25189720996768517 -2.767733892206116
-0.3731430429772053 -2.5243231185913886
-0.1720626772308952 -2.417146376992065
-0.25392616476160457 -2.617862632968402
-0.27436301616880154 -2.956916370064201
-0.23622799352233667 -2.8520132155660614
-0.20912152492907163 -2.322617329608062
-0.19587548856632142 -2.806429398407557
-0.33157643596472397 -2.5995629301607934
-0.18846629033856427 -2.5090671876009583
-0.29462517255448234 -2.4597226047906986
-0.1676273481898345 -2.25604730105064
-0.20087465373972843 -2.2328117248081263

-0.33537447835818307 -2.826364508159499
-0.2805427507193126 -2.353009917177382
-0.2947098009533738 -2.8599317597189757
-0.14335705912117502 -2.9041026152172655
-0.17942268220001173 -2.535064473932981
-0.3942633650097611 -2.454330410654806
-0.3364864342927172 -2.5473322703956987
-0.20596446089355372 -2.4852469443571814
-0.16096539803611415 -2.3664746582999774
-0.30628317158763707 -2.8168530030232435
-0.3170923810387122 -2.580317507042377
-0.3330054589590611 -2.673257811123325
-0.2034743919717463 -2.4845486574075513
-0.13743406941059844 -2.620584003082365
-0.1179139925312907 -2.950042681019247
-0.32186862474014716 -2.853185888837257
-0.3475390534245497 -2.897136627110938
-0.2701127843707848 -2.775423981873724
-0.396175414651644 -2.3104714856387267
-0.2604625621655797 -2.3302574547874326

-0.3568866496044218 -2.3196823468381353
-0.344852430080335 -2.7676637761914358
-0.2831498651438728 -2.6768125685708988
-0.34937844356329373 -2.4564611179532685
-0.20534966064545343 -2.3608926728011452
-0.11181007512538021 -2.4915730927203943
-0.20601173285544477 -2.759306751071583
-0.2131841192505844 -2.295678608411735
-0.39233694831305305 -2.8907189782705665
-0.3394231669563332 -2.6581399837008015
-0.37335353179312597 -2.643746535130061
-0.3042161364512086 -2.8672683027443515
-0.31991621255802183 -2.2928217527736092
-0.32304336523694904 -2.8257823795053088
-0.30956997956688675 -2.9091991997495605
-0.19991711826529399 -2.9270594082516954
-0.24972908460135657 -2.9194458891144883
-0.35580575759707045 -2.2615550513140654
-0.36434508928322096 -2.792910690670576
-0.12067924991241208 -2.2897749449862848


0.23895387635249687 1.8202243425413978
0.1740921196397141 2.2786759360780726
0.1746340425030095 1.5446469364081685
0.1598569486588956 1.6530617994535017
0.14000890251285664 1.5792715052692845
0.10437007779458912 2.4451321385688876
0.14824136182544578 2.0601208235145867
0.18172703720840827 2.064084326490991
0.17487718449904804 1.7480889246856606
0.22320603345769008 2.299101368689464
0.1314087311838058 2.3728138624674013
0.12034636858716632 2.392835939274988
0.24262290063637354 2.331613716530014
0.1409498308876549 2.3762832632217914
0.1942239067555554 2.412229442159437
0.1789741366368071 1.7110369736976314
0.1492136882341697 1.9043232617042516
0.19798272552199084 1.8345059388861111
0.10084484390439441 2.458652515476058
0.11693407663324211 2.105227789383447
