20 20 8

0 1
0 1
0 1
0 1
0 1
0 1
0 1
0 1
0 1
0 1
0 1
0 1
0 1
0 1
0 1
0 1
0 1
0 1
0 1
0 1

-0.18155845217112945 -2.479794223195159
-0.10992540114197541 -2.8355967701721
-0.33858951225251854 -2.900640168438126
-0.1170235544954411 -2.8686052215443323
-0.24860406167041602 -2.6206756757734
-0.2100754620086494 -2.4472762686863687
-0.23588712651462637 -2.811114797082542
-0.10485580618345336 -2.5285658150389483
-0.32213355253912507 -2.3198494929197233
-0.3258843605814412 -2.326935021220964
-0.16244345671793664 -2.898516474548917
-0.32905776962250555 -2.9498213581975703
-0.14307141949227759 -2.360754983752451
-0.21450909242123498 -2.7202003323072437
-0.13917987256336267 -2.3713156003231473
-0.2368468283055354 -2.9223034080704338
-0.10283442952570537 -2.3428376186824744
-0.1732474671789956 -2.8068180766723616
-0.38223578094513816 -2.7419421597740286
-0.33538794025409663 -2.428707858072725

-0.3466501994911734 -2.3414181883181007
-0.23207739073415082 -2.3816204642940173
-0.11919061381939566 -2.8972070752700763
-0.23603038305650878 -2.4383301708340497
-0.23483859807299612 -2.4791351417058625
-0.13137210831574503 -2.486726792380974
-0.24765973476358194 -2.5726987913533947
-0.17482055143219824 -2.703826802275484
-0.13101981643816818 -2.306265742773462
-0.21157566163497155 -2.450656027592812
-0.192205950217674 -2.733861055119986
-0.1744566562285094 -2.352320403550081
-0.3406791612636094 -2.4305361690292457
-0.2907955185132898 -2.7541650803695004
-0.163965393774815 -2.49761003822368
-0.23657871625444532 -2.617094491907734
-0.10427916618267197 -2.873853785115646
-0.3840447519797191 -2.3421221780705963
-0.15591347205469422 -2.7146805246204218
-0.26674411007321785 -2.86443001586301

-0.29582244077137143 -2.6942334066744884
-0.23172999907131664 -2.648663428254893
-0.26782669917046115 -2.9249114903277165
-0.16527008544329866 -2.4276570331365983
-0.2499246690966984 -2.8899483401235955
-0.1520761918409485 -2.3117871033605306
-0.16911019437094066 -2.719920947517063
-0.29282957442211466 -2.6707464731927413
-0.2151107147248306 -2.5293230124820605
-0.27159675580729215 -2.251510771463474
-0.34086085972980484 -2.7347870190934516
-0.14665575696705757 -2.2889734136292077
-0.18033077346732712 -2.9521775879462364
-0.29688149867400127 -2.2983630152953993
-0.2282126357622067 -2.674036813112264
-0.1852533080478463 -2.214139112459571
-0.24805288263958142 -2.2448373092782896
-0.1806841345246549 -2.85811603982633
-0.3895278779736199 -2.5088059515084247
-0.2821766879842366 -2.519454089139223

-0.36480548949817926 -2.8671393462679307
-0.3729173475816374 -2.4016334671141824
-0.38257501735016813 -2.221709851749158
-0.2592854791959889 -2.227055396969768
-0.26792224932831343 -2.270748814970785
-0.115201341681475 -2.243451336983923
-0.3414261079355948 -2.8911026401326576
-0.3438206681598183 -2.3460787920901325
-0.16929493428490133 -2.9564750979499816
-0.13206615953263928 -2.8518522350422426
-0.21755078384588927 -2.235726059070706
-0.27083254945645263 -2.2204145705848792
-0.20225965998935752 -2.364990383226105
-0.2786651476882992 -2.732044024413666
-0.287656470146785 -2.896183038137137
-0.2784332559470627 -2.7721404651449975
-0.33923728701581246 -2.231258374027518
-0.10234519280015392 -2.5214536375958945
-0.33818478647301853 -2.4931712144581057
-0.36564658979140674 -2.6347697490746707

-0.29304102388316305 -2.5060612989443487
-0.3060226043915739 -2.2381152302649285
-0.16771454932769822 -2.536252257932778
-0.2131142388632807 -2.498621653964662
-0.2800228240876268 -2.4388733058998437
-0.297813258658907 -2.4280867516358446
-0.29707393849532554 -2.2729349884035623
-0.3735297186626345 -2.56220093044349
-0.1563472884800641 -2.2124747711311246
-0.2595855619956715 -2.2055578251446795
-0.28349844774331767 -2.372434673820866
-0.3890910893607927 -2.7838341143541907
-0.12825947890776213 -2.810052135384358
-0.2885645419964896 -2.5258347310831875
-0.19198898041818221 -2.8503235619636826
-0.13399378428739717 -2.28962540926521
-0.14552871916837923 -2.9103814563135324
-0.3310744858808895 -2.257827221838209
-0.3470904679357356 -2.5492704899720766
-0.16472530992733964 -2.801965011295079

-0.2692926078106488 -2.8477331886098014
-0.20668682379722716 -2.379835918357205
-0.12484603468363314 -2.9550913082237114
-0.308382919140947 -2.219404072594389
-0.3035812289601657 -2.76213092972017
-0.19344766909000274 -2.8672692234719395
-0.3542998544250257 -2.717323296138751
-0.3440961781576968 -2.3175821490061557
-0.1557407253962916 -2.391898818517955
-0.26577418464284996 -2.2846496263077714
-0.24549865991630349 -2.7029666479555554
-0.11422838564174348 -2.239297213674806
-0.16878959936144697 -2.6493178976412377
-0.2643148862505189 -2.916756027272429
-0.16964495606137447 -2.4489723930382308
-0.11381434463236012 -2.2249524114509134
-0.35840786842253364 -2.3455676674417956
-0.27047206794668427 -2.418831782693509
-0.32908638660094636 -2.234888133690778
-0.24078142423653803 -2.404297017933329

-0.3857174749565853 -2.949018556019171
-0.25071733572997346 -2.711955668693137
-0.3259670479617286 -2.5146493337231592
-0.16620954922203657 -2.3105987097208285
-0.1058992895901657 -2.7661316854972706
-0.12661469376388684 -2.5072842786993417
-0.3778179575666393 -2.572026897003093
-0.3290633619430412 -2.3088617600898047
-0.19865389596436192 -2.8900162952998856
-0.12922216104123246 -2.859150664651767
-0.2178940238626034 -2.74214163037558
-0.35825099260434745 -2.449388929902096
-0.22527343502424024 -2.308731867010395
-0.15430983726571135 -2.205061755706579
-0.1424146994476571 -2.9234828114587974
-0.155602593160696 -2.5741065241195225
-0.28030081300813675 -2.786282205001841
-0.2014705597236624 -2.407903640442989
-0.21421273696212179 -2.9343171766101945
-0.21224057509611288 -2.7030947099808813

-0.2640861211913301 -2.6487706268046547
-0.3339801346914574 -2.693983387116046
-0.2453589131365806 -2.51658057992863
-0.351228590398067 -2.437946544902596
-0.14074063584316437 -2.654741919099511
-0.2370681751620488 -2.9423262610371688
-0.16374684633768405 -2.345394882910913
-0.145354835468971 -2.3881522131700823
-0.35010181355950337 -2.74977410100158
-0.36097233246161187 -2.6567359860497
-0.12830687946211933 -2.801682955569208
-0.10008412527296479 -2.2979460724531804
-0.29015063172317956 -2.52840475147167
-0.35403160013049084 -2.5767407377099136
-0.14326022601783922 -2.606367959758242
-0.1364431160330432 -2.514494551877481
-0.29862624588957504 -2.5131961789988067
-0.25804883337914397 -2.4848108359487617
-0.20420674532047853 -2.520004818661499
-0.15093943323467476 -2.8023560822629245

-0.3920144599416536 -2.6421924855153893
-0.10409117765285814 -2.8686165879993517
-0.20433648828153417 -2.7703818556188193
-0.26653293480059126 -2.434079960751426
-0.3846157980276374 -2.219987042227296
-0.27601500629931025 -2.665629227076136
-0.235931150557864 -2.400818881603432
-0.28292405875646964 -2.835286009528715
-0.13698047854498957 -2.9480204862217683
-0.2900203539459976 -2.7578388609500055
-0.1791409075170377 -2.7363145921550296
-0.29467067712160694 -2.4244540888329396
-0.367887595015728 -2.4308150702607665
-0.3647285375225563 -2.9127502076182985
-0.13594805222649542 -2.8178021322815043
-0.1436508852725123 -2.818376070399014
-0.23630905537143415 -2.2438534155441405
-0.12841032566007826 -2.543842728505917
-0.11368313331441776 -2.6508988968977603
-0.3689202326104093 -2.706827345772319

-0.39139292983478224 -2.3492254636748577
-0.16942431981849818 -2.3230774150775653
-0.21638071331043934 -2.2254506071110622
-0.20508158950604544 -2.9174805292004033
-0.24023130776322918 -2.205126952859993
-0.38392620694014756 -2.4466963246838236
-0.23049983416937067 -2.631068957071139
-0.33198110933837016 -2.418358793467378
-0.27667795803449513 -2.9476308663090807
-0.12450410480867563 -2.4278264187365584
-0.27735301205128104 -2.9574679012708445
-0.23474707899423897 -2.3414018018251888
-0.3320234422332813 -2.4824255917675493
-0.2764265035462964 -2.5192352477584854
-0.1380792767267779 -2.8743898976400706
-0.3881656720094247 -2.494414320759864
-0.1060925378701037 -2.4852474118939036
-0.11285128916499154 -2.579423893896041
-0.20096196619949766 -2.3959752660562703
-0.11625424094714493 -2.6946468257270193

-0.1648389417444059 -2.9651363262175128
-0.3067898682900603 -2.8002058242902876
-0.20081761507146256 -2.931849196643841
-0.32625008214787976 -2.226464951620455
-0.23132939336769487 -2.9194840278692893
-0.33829186128661454 -2.338400342002477
-0.1323802816014915 -2.734383446793767
-0.36264272502942047 -2.79979737253297
-0.2900666668327679 -2.395679344330267
-0.13320729225601624 -2.8294571077538695
-0.28211157131544184 -2.414371662847556
-0.11615197867875349 -2.7788538996393113
-0.1446921635013414 -2.5136696860582393
-0.36135638859383323 -2.465509038928235
-0.34041819855209043 -2.297023376737659
-0.27642949645892845 -2.9155961937987973
-0.29507500403767234 -2.713789115840305
-0.1732730519086231 -2.443911337027482
-0.29303362252748716 -2.427389011723333
-0.21944073324819663 -2.759948955416802

-0.23678017289354727 -2.76053835292299
-0.372770459849191 -2.2644266849545045
-0.1428757279998027 -2.5501485750292776
-0.21849094206810715 -2.9447469942407336
-0.15070181579384154 -2.5564843035983564
-0.1581929597908428 -2.3786087851216986
-0.3367999160655469 -2.8674056916478508
-0.1015556429293838 -2.7890826961648645
-0.3476850516768774 -2.8012062532831052
-0.3895563531443001 -2.9216668771144554
-0.3847856142485619 -2.367830460268043
-0.26620758576017906 -2.818369834389293
-0.23015513995130332 -2.4667966627268214
-0.3270731430664877 -2.937344854124057
-0.2448945274711245 -2.4985940452829296
-0.17000681266331488 -2.463515665717808
-0.168215792168716 -2.6209904173874663
-0.3604219354255556 -2.559395133248739
-0.3977724759412136 -2.863649083574776
-0.17539358273352904 -2.4497600519826577

-0.1620594320887713 -2.713907562435325
-0.13643321585303764 -2.320438513181077
-0.11974018925460095 -2.3641841445607334
-0.10819189080368236 -2.724834839965266
-0.17803154512357275 -2.941269818114006
-0.1720945117393482 -2.417807095272728
-0.27084125496444184 -2.2517860142011705
-0.3768488599428612 -2.2606692081282023
-0.2783838655888841 -2.227617125622055
-0.21650704149026093 -2.7071887075774486
-0.23878232924841242 -2.265269933947637
-0.1250652222976042 -2.2507094269255012
-0.20977615413898473 -2.9312661804059785
-0.2750310460189407 -2.506958744590732
-0.14488933417639716 -2.5433189849034443
-0.25460370040094593 -2.5642112192161415
-0.13867912182958314 -2.511326670360526
-0.2815232250256144 -2.4820109074027283
-0.11394120149588893 -2.2724609713326287
-0.11268889510292757 -2.326836995526101

-0.28405746486848166 -2.645749651886701
-0.328348392660481 -2.251306690376318
-0.12234087107046993 -2.633893458855644
-0.32303481756921604 -2.814268042593388
-0.38754356999063533 -2.2552929703204585
-0.11693606534416429 -2.90010455593711
-0.24282897837022385 -2.328219558915284
-0.2024833732296497 -2.3283702984260604
-0.23712175228771146 -2.6438161003064167
-0.15207726950642303 -2.5928533514273324
-0.110613361465072 -2.8514911798764766
-0.11125830626024574 -2.6695787224556917
-0.24418423940498538 -2.8910339529752793
-0.31291535171963386 -2.756397183795484
-0.3159130927558653 -2.271417144356141
-0.2948187834322704 -2.3736154283899915
-0.1084117036541169 -2.8909372593030613
-0.3408674713207228 -2.418070513742962
-0.2502751996366411 -2.9105577028057503
-0.29075053405120693 -2.6694928928570176

-0.1254735778944896 -2.5953477065593176
-0.20486604533361075 -2.8402468261677973
-0.33236642810813005 -2.862553811571752
-0.3738235403639657 -2.261202570382055
-0.3937748770834568 -2.769569408388453
-0.20503717863878396 -2.936309163347776
-0.2922785912384269 -2.859101957938906
-0.3691007235721472 -2.6424298026193154
-0.23765307816251974 -2.401888118055793
-0.2698051715237133 -2.352359513380985
-0.2401916921334071 -2.900516209910761
-0.1024624099797144 -2.5172853450078088
-0.3110232070112176 -2.2498510344955083
-0.36377990921186676 -2.909227174946557
-0.11137966175472541 -2.3149295044160825
-0.2574025066750024 -2.816335098507577
-0.20019886240831022 -2.9705546403334147
-0.17120966351558337 -2.5285237110796808
-0.1529081126864175 -2.2286706998657575
-0.2551589943432561 -2.748853374622042

-0.1914777951635688 -2.7663150341093967
-0.34989569687035826 -2.80798708623545
-0.21852879737404707 -2.7368521990319796
-0.1611111855667086 -2.4753264384562867
-0.369925027110175 -2.67909308328889
-0.2566939577969561 -2.305551503365532
-0.34767195641810955 -2.3933902324791085
-0.3088259894717934 -2.82894943793361
-0.3492771274538381 -2.7502801038401596
-0.2532819353072354 -2.6683564204500736
-0.3392918532789767 -2.229842670926781
-0.3096655479473832 -2.563014917313114
-0.36325838447580794 -2.7056790371919757
-0.3613741536859656 -2.411286457760413
-0.22987472340479814 -2.907443413469822
-0.25788083494517255 -2.380886590968112
-0.30338818859897265 -2.6111397469530107
-0.2111037364349351 -2.5852337410229786
-0.1890427623763777 -2.2872884725343408
-0.2774321448660061 -2.932120898449595

-0.3451834685397536 -2.2270952812088227
-0.2726935502393492 -2.6891333466057397
-0.2673868539457403 -2.671871627589314
-0.26032765815369674 -2.653585806770109
-0.3005887675593876 -2.589508049709303
-0.136617147793679 -2.5268288131000265
-0.21655544239942173 -2.573442514886833
-0.39483166457528196 -2.3732358131861573
-0.21603357311807053 -2.5943709236680035
-0.3321596016412674 -2.965303523501528
-0.3818341692333456 -2.396139545822434
-0.1186840224166405 -2.5436266221208284
-0.13413853428217437 -2.2820493118961727
-0.21716763684690638 -2.3701411217589965
-0.23922318163565992 -2.646347454415024
-0.27551267314833794 -2.3625448101320057
-0.3291771078773531 -2.9690084728369452
-0.3382364934683862 -2.5757115643059985
-0.38173032669606516 -2.870342246553955
-0.2774332418059486 -2.3052836949511946

-0.22384565974387824 -2.861056240507144
-0.1818581313448923 -2.621841524901501
-0.10033419545937983 -2.928229618263816
-0.10036605475144439 -2.8073238545445034
-0.29254443425772536 -2.300014203631017
-0.2688094217990432 -2.775693869221576
-0.16189192615444725 -2.2881534646283113
-0.16118367086799895 -2.433838671330351
-0.2102133772735418 -2.2552022589286946
-0.102423120608371 -2.8411534392142217
-0.16473349973282767 -2.366910174074985
-0.24066110579309197 -2.91375231345832
-0.26439386361015177 -2.947571032633328
-0.24641847371450004 -2.739022404937042
-0.3083369722284464 -2.251596130343812
-0.30963510343062794 -2.6979465511697382
-0.30081066758834674 -2.903448379232656
-0.19919752690789164 -2.2327042933413703
-0.24562761256906757 -2.6192397372890683
-0.3226950954960595 -2.43829360653086

-0.20523362469248538 -2.6252344041695257
-0.10741079548601273 -2.676501641459212
-0.28526146078299613 -2.7954781542047886
-0.33531961035066277 -2.4235703674505396
-0.22400574068536813 -2.6845389945245097
-0.18967263050597086 -2.343031347869008
-0.12957313683684285 -2.5277788425360725
-0.39690487251157186 -2.8658285381473396
-0.3279532800058424 -2.9131718884353273
-0.3121575792398736 -2.6178815321480884
-0.38194843709075815 -2.227331984535558
-0.19995090366577087 -2.351609806316649
-0.19065355257280625 -2.465416437321737
-0.21662867116411086 -2.4170743373593733
-0.24869506353340295 -2.660997036961871
-0.12392858150722857 -2.541852575958679
-0.22740606772637406 -2.218458629772722
-0.21604399285359235 -2.8664309990210346
-0.2358241063658733 -2.574490812706785
-0.11724944484895722 -2.314382861761797

-0.15280692426074752 -2.6982604643263044
-0.1991193201198345 -2.880456351302183
-0.1884347832005345 -2.8364540190016596
-0.37722331246765195 -2.7878450672548105
-0.28786351556668854 -2.6237592210755216
-0.17766269120590594 -2.3345314986868706
-0.3639427611776884 -2.7120104980246684
-0.16420057075750474 -2.5684785623271775
-0.18861272807730395 -2.4091394643038346
-0.22429667687126578 -2.4890495100666024
-0.3636654081379688 -2.6679027245581657
-0.16849003218002426 -2.5361117768833403
-0.1754969879252035 -2.9680921687168396
-0.3214433887227065 -2.917431705792464
-0.3503896630081956 -2.4962390718260035
-0.2885798797773811 -2.881838062976745
-0.3419533326455396 -2.5229390365311057
-0.3199647346558727 -2.9432108755801374
-0.21309209270843227 -2.357521634912385
-0.3727625167881533 -2.8177255875639076


0.23527428826892594 1.698743684403282
0.2324837763956718 2.0998708407924775
0.07620098946786523 1.598357136104891
0.11923303856170588 2.1905622499806103
0.07812913553101951 1.719672041320797
0.2451997135789209 1.958057387147881
0.1632031466519114 2.11069638676575
0.12975349517188056 2.0339184989497654
0.10832342328346262 1.5170219939908938
0.09425785653111249 2.0061660706477444
0.13873642811587583 1.5552247939454458
0.16439364046057944 2.048471737360015
0.12194681320574335 2.108837615027905
0.0990277351383249 1.775104824643828
0.13744374553655037 1.9913838204827008
0.2116563638612568 1.7015537578796387
0.19766333044628456 1.7345315240837555
0.07576954445090421 2.066534743083036
0.22754566570976165 1.5022580731220998
0.22943613355051778 1.9550903208034758
