20 20 8

0 1
0 1
0 1
0 1
0 1
0 1
0 1
0 1
0 1
0 1
0 1
0 1
0 1
0 1
0 1
0 1
0 1
0 1
0 1
0 1

-0.18137748970136863 -2.5705474966480533
-0.2313497385109775 -2.221229932597587
-0.11352903643891515 -2.716070411304413
-0.2271146308153668 -2.5783799101906384
-0.23348592699992055 -2.307880989442535
-0.19373105896807935 -2.5896499188114968
-0.18109357424061492 -2.7287895804225264
-0.2826189979524315 -2.3338883619249366
-0.13588513608300656 -2.640736952646634
-0.23730377903963126 -2.686568314373484
-0.3661808662833341 -2.609540903586908
-0.22868268082028906 -2.416515870499097
-0.39831623494817436 -2.8789607397200987
-0.3698439415949356 -2.9319308118979004
-0.286307328102139 -2.32454075889526
-0.24124701158388673 -2.383332473357781
-0.3362112078970809 -2.446858002721974
-0.21893148587320294 -2.274813339065827
-0.22715089876328967 -2.489330742569011
-0.16596278334803782 -2.4888164614164534

-0.18793562812720083 -2.385792817245735
-0.3798009537807096 -2.6542216229115625
-0.1729354871000056 -2.543400611988324
-0.11677892160648007 -2.9418629263136036
-0.3699400917435637 -2.862780875884174
-0.34229218995964755 -2.577990689148056
-0.1518048179124189 -2.4842870329150353
-0.39220683900114034 -2.897146076428721
-0.10324228806799607 -2.6943000886770516
-0.3195052346723266 -2.37431444039191
-0.3130682588714063 -2.394142788814906
-0.37606252217734915 -2.6432336367542337
-0.2959118722541492 -2.6435418829940764
-0.3393421945411912 -2.354627265647248
-0.36034493070518603 -2.297131294153949
-0.37520599108917513 -2.644235120380786
-0.116152282515948 -2.4221206515403866
-0.3355087750381879 -2.903513279704974
-0.23176886753561857 -2.929919455084841
-0.38007392955703434 -2.336803746667051

-0.15264181802758187 -2.6795862163990716
-0.1887190614845707 -2.849533740878503
-0.21970642904797133 -2.8096703319203327
-0.23793777224707735 -2.2598597723330767
-0.3262237081996553 -2.913313368005574
-0.12111665954077827 -2.6275645560434224
-0.34358010411017165 -2.516063417920455
-0.14322115145002567 -2.364126809271187
-0.36629711865790837 -2.413192249304986
-0.36329072819593444 -2.444948525493875
-0.340842030658829 -2.8005062753190946
-0.1178709138614793 -2.320210097550965
-0.27561879467959677 -2.6513746412656456
-0.1721073254366431 -2.6152912673045257
-0.2621446019474918 -2.680759537701004
-0.23187531692224042 -2.8886583066729674
-0.15773603492960867 -2.4057244371903215
-0.10632521388481958 -2.94465390042982
-0.2806474052727611 -2.548106271251638
-0.34381470247665047 -2.45141568025846

-0.3126262618412045 -2.556827012135841
-0.3977482020250289 -2.551785683778536
-0.2338816698225606 -2.2967899702821595
-0.24874164387797015 -2.5120717201881613
-0.1926104735694763 -2.5168709747707907
-0.25890237705545655 -2.218938634632924
-0.28385289086137344 -2.231289952801145
-0.35907584109519125 -2.521385098452787
-0.166579140674528 -2.4098770522351236
-0.3682720097451339 -2.762967255507766
-0.13523444423415204 -2.720538488891186
-0.32981402086966016 -2.85468455890182
-0.34703006492189703 -2.5395490436321997
-0.32133356527253343 -2.951787327734375
-0.12587214304513222 -2.566660491211189
-0.27242752081614136 -2.393348357337275
-0.1678863142835247 -2.335500322175173
-0.2718741073487806 -2.807517565659524
-0.2517592036235771 -2.485657066454051
-0.333206568123157 -2.6380387969451196

-0.38240818554586853 -2.8556103890423596
-0.3914739727190995 -2.609634292343936
-0.2531152796878711 -2.21825026452485
-0.21126197725950335 -2.2607285260772447
-0.204790307479171 -2.8839233626235137
-0.2856253907723822 -2.5812373514191354
-0.3619443036675962 -2.8086401196578326
-0.3691300936196443 -2.617840570817987
-0.22804466690417596 -2.449334729143915
-0.3261235999025645 -2.558687598001235
-0.24287719213360448 -2.3357508187570852
-0.20774053544615806 -2.6968712516477984
-0.21808294129657294 -2.7364007415946
-0.20942233131475488 -2.5315993230142593
-0.25996230114910973 -2.3281642898554358
-0.3805671582028324 -2.4455721745453634
-0.17150135333017053 -2.8321442916609927
-0.36200059300137516 -2.764104992940577
-0.3538950643684662 -2.567737227816175
-0.27125908870083826 -2.866892409182402

-0.2604898828077145 -2.389988643745112
-0.2849103412770445 -2.3105810265201803
-0.2375520633665745 -2.633253484243314
-0.12813584029933045 -2.8328791986955597
-0.17163065268121477 -2.657727068786075
-0.31342537976138773 -2.511002058182449
-0.142143704768683 -2.597693332123941
-0.32453122520047517 -2.641511817701102
-0.2778352396585911 -2.552974564023763
-0.2178258533749488 -2.6236600016368086
-0.1458616382156936 -2.3900256374353237
-0.26528193705664516 -2.4910766845299355
-0.10546376080250397 -2.693690291372562
-0.3615729694767417 -2.788698257923051
-0.38944858691099477 -2.4559877882671417
-0.11750498952087707 -2.444285553324819
-0.19244133033397992 -2.622199825912223
-0.3222648503216418 -2.8563109198857677
-0.20915673503156185 -2.4386697350497997
-0.11422264457216574 -2.2182195047724855

-0.39701931451335315 -2.5025536018655288
-0.3080459378563059 -2.8655104863698275
-0.21882097604318873 -2.389137028905501
-0.3986564946363292 -2.856305457961809
-0.20186384390047699 -2.3649040150751732
-0.25883307925522386 -2.5158623189822924
-0.20186117665473974 -2.3554629729473913
-0.3968809683236566 -2.4284171810052095
-0.27105566704012196 -2.8279723354517112
-0.23877606418826902 -2.905930577819546
-0.26415198671484474 -2.805842701511318
-0.3942108027819596 -2.709642362178322
-0.3759497585702337 -2.210012411575746
-0.14362552276785612 -2.9011491477604574
-0.13335683292346545 -2.2361630834790827
-0.11860574260723206 -2.760218276375378
-0.2506656619865978 -2.5451740230591042
-0.3248407549097142 -2.8843918306318472
-0.14846554299664422 -2.8724678168246056
-0.39160294118697686 -2.7745513070485712

-0.3321717061615458 -2.691588667856136
-0.21556700517586716 -2.33754205636913
-0.25588032271264416 -2.7779755245471907
-0.22517214466380067 -2.312742728344481
-0.1488649745555165 -2.7029358591485986
-0.3934769518361893 -2.885299153048104
-0.30728583174883967 -2.771506442086165
-0.37292819569139285 -2.849927054780808
-0.3913438662896914 -2.3382847516425542
-0.2171638289735363 -2.8191788412634247
-0.2980268736907781 -2.44679844377443
-0.308907259878077 -2.7836013539619047
-0.374514306933868 -2.8510672517777254
-0.2988651903811258 -2.601627102816482
-0.33039881461422127 -2.547117301628569
-0.34017200671058334 -2.6819024985634963
-0.23717567064766099 -2.6096358922450347
-0.12728007215990195 -2.819322005572515
-0.10992633636904858 -2.842306834152532
-0.33390066128714024 -2.491405315342668

-0.2259153017444994 -2.297882904738814
-0.39514414287161537 -2.8985019258566713
-0.21191826929844015 -2.5176351928881084
-0.33540029101493996 -2.46794680051124
-0.3174752250838002 -2.8170282839978302
-0.16175844962879887 -2.2856490457721477
-0.2827849873065939 -2.586911781283766
-0.157567257182899 -2.575451319065887
-0.21420502393075905 -2.4967380574763736
-0.254849180716472 -2.211268266296549
-0.36919995866297356 -2.58977189722518
-0.34617472683830686 -2.7410983462753973
-0.1182605461662457 -2.801006139351318
-0.21914460099606037 -2.8197569067301522
-0.3760053892559133 -2.89080494940329
-0.3509485673483707 -2.933224705994863
-0.23475845456033104 -2.9578675056924237
-0.14254546932058176 -2.6006330790276238
-0.15525312128097452 -2.453251677760551
-0.28541164377803957 -2.944110022374598

-0.15336144931174442 -2.732202389496138
-0.291170834212772 -2.65532086910445
-0.14572715619051507 -2.504246116575208
-0.25793300090671833 -2.622060764194647
-0.2744381937355983 -2.663903694585252
-0.3166667360844874 -2.462245260186322
-0.10368509559802158 -2.7370013500172874
-0.21719216718791404 -2.570253021974596
-0.39026108432344053 -2.586071804315603
-0.16443109656887853 -2.2147026361466824
-0.27580565941371094 -2.8347699438239182
-0.31258064693487303 -2.4717524905202355
-0.3777321027972658 -2.409496720318241
-0.12144150193480713 -2.9459455027561354
-0.2073967813793347 -2.48167155506168
-0.16323433507442828 -2.8899153149439556
-0.15783499725756564 -2.803968292315526
-0.1966267420616862 -2.3467944709151767
-0.24814494238834872 -2.762754593293429
-0.2997596397989767 -2.9288782092388708

-0.31660291945745955 -2.8869173705755053
-0.3719870351560325 -2.2843688744854385
-0.35276631216651877 -2.7366180925325065
-0.14813799728614468 -2.925608269957682
-0.12403373688267255 -2.916381115496408
-0.22206162421884112 -2.5841848236421217
-0.19420409626453197 -2.598067490310953
-0.2852483087096058 -2.707572309249372
-0.17281086341834434 -2.4319888622660493
-0.2025849444052568 -2.3268614124315046
-0.1992875363931267 -2.9367870977550066
-0.1819091015072562 -2.953822462604252
-0.270651993834279 -2.3839378196017145
-0.2367248896963882 -2.3016385790352913
-0.1911790231812154 -2.2244724147395902
-0.32274835577692373 -2.7353840560871863
-0.2035490783816542 -2.4551956946697153
-0.17019531623980336 -2.909798534132867
-0.17598660943958017 -2.3790263566874446
-0.330791237913721 -2.523872198548043

-0.3059793194352165 -2.5520621998862354
-0.38812103080818094 -2.5242910896750255
-0.35534331329351554 -2.593084953833563
-0.3814433171242863 -2.4033195825280864
-0.24334847156734993 -2.5638391198581765
-0.2626754522194204 -2.754627456066921
-0.30595919190090903 -2.484360860257819
-0.28174542034661143 -2.5345737522249228
-0.30098524207876 -2.7940999850877057
-0.12217641498417398 -2.51749975156827
-0.1964885709255234 -2.969783551361927
-0.1928734203145825 -2.2940171545070664
-0.10834265934453496 -2.7954867716573784
-0.39545141457344735 -2.853633881607439
-0.10122193471272911 -2.6069066741972606
-0.12747969884032123 -2.3878648905912163
-0.22777676656953103 -2.925045223662674
-0.3143503596051064 -2.669734533645575
-0.19359272585577017 -2.5662838802349976
-0.12257388368537697 -2.2477119234402005

-0.3096800222785747 -2.5126605003710782
-0.2522151235407869 -2.4299099974997134
-0.20313190420297972 -2.311476183924713
-0.15564100365890957 -2.705767737564898
-0.3417043155360876 -2.4131047867399733
-0.23258066434613353 -2.3937071032484765
-0.35224492411579883 -2.8406747890446273
-0.132784215960149 -2.608682347735816
-0.3484374065623296 -2.8291695246329325
-0.2137657095122033 -2.2123253368295233
-0.36022357241791214 -2.8209425837594346
-0.18470601756177096 -2.777105760694748
-0.18773760283578203 -2.32286540117143
-0.3408996652952649 -2.310061427631755
-0.39885315238903235 -2.8991815383039348
-0.20011206857598904 -2.3509735409482486
-0.3918187768875759 -2.72665714064805
-0.2184595409258732 -2.8557532592811388
-0.35333791060602293 -2.93393532843106
-0.3451878713276662 -2.5318270765897206

-0.1659306919963179 -2.814018857100644
-0.13729704229365136 -2.615268274110692
-0.2614937373460912 -2.9220902874908607
-0.20696842837449272 -2.4205960523659797
-0.34477931403989837 -2.21444874390927
-0.3826948820983771 -2.8323758121650813
-0.3629194921970438 -2.578347765796172
-0.1003324859007253 -2.6425079136992826
-0.35858868463149096 -2.409407046203467
-0.23380424539383196 -2.914532553864827
-0.2485137543390497 -2.4411904347828206
-0.27775961399258825 -2.937847300843746
-0.1920665486922515 -2.6577896580501252
-0.11079929588527287 -2.64474139857685
-0.2979767252335358 -2.3306968716047813
-0.32259879565719696 -2.8746929964845123
-0.1085162568638216 -2.612359691693325
-0.28943838940320743 -2.8646239259058213
-0.26026353788136924 -2.5401454659236125
-0.3497939150984605 -2.9682771499278973

-0.3395693249354022 -2.6249143075290595
-0.3621749946837496 -2.63990751702064
-0.3622740456394044 -2.5925264913452253
-0.17866108640386716 -2.53498528778651
-0.15025614754430974 -2.374676697204874
-0.19389161423980716 -2.5144349548429035
-0.1258605353350558 -2.695056840433743
-0.1358463852251417 -2.3842825443782223
-0.3340333831913859 -2.906665810593905
-0.2688837683261739 -2.5485347124829887
-0.29965231273643295 -2.6552797227167004
-0.2842284919072303 -2.288303840115975
-0.23727484820068148 -2.939520597995494
-0.21189298242384966 -2.466178027801035
-0.10327663403243542 -2.3308903124868348
-0.22094579013545362 -2.940899074011977
-0.1765904200129563 -2.9093074455502124
-0.3331373758748319 -2.592987125729009
-0.29094566655405885 -2.222750954497796
-0.3777501907214865 -2.571856975929846

-0.3841442417091835 -2.5960425998733454
-0.18613552797513158 -2.3971765902695124
-0.15106777044477 -2.472649630284859
-0.10708708585763677 -2.3165907076052674
-0.34726075054984196 -2.941256627940413
-0.15854248480226354 -2.261773633941533
-0.13841187835275948 -2.4335206777271043
-0.30644875306821023 -2.3310925805955116
-0.15267568937356374 -2.3989408061286412
-0.3708498482774164 -2.6297125810054696
-0.3157597091450803 -2.308740811631984
-0.33398336385838523 -2.435651938399655
-0.3510997545538327 -2.3022223544427174
-0.1601960567903963 -2.9024167560243788
-0.3924552142033041 -2.8298828612121665
-0.15326654741537682 -2.9174933335511715
-0.30105604899381244 -2.3042245699691026
-0.20319181712753834 -2.543709893205931
-0.3517023178514247 -2.2758461112871498
-0.3651266572838651 -2.3129048872245908

-0.19554626345035994 -2.2935729823954762
-0.11177142472097129 -2.234620502115175
-0.15787827620352785 -2.2612728274776366
-0.2989667486555706 -2.2943800077022085
-0.12018775359031902 -2.8853860894609005
-0.3240585741467413 -2.2551968370697666
-0.34808078241552276 -2.2526126398573174
-0.2709918084955434 -2.8667939686651622
-0.24223630286112108 -2.219065543297086
-0.21522231365400277 -2.27342477522929
-0.3894100355738503 -2.847797241607385
-0.301945187399077 -2.2257281668319058
-0.28373367381031933 -2.569775769539169
-0.38271587531306783 -2.303149403716636
-0.19523130497258803 -2.5583954330339966
-0.10903751309067372 -2.817056448148398
-0.39802916853908155 -2.7886956907219225
-0.3360007807581565 -2.3334551975439637
-0.19307713602828974 -2.9033326807953137
-0.2322024451755676 -2.769505602492488

-0.33023755127999477 -2.423929844104126
-0.22395593980991096 -2.9481864843338164
-0.3398465348208884 -2.377180040717627
-0.19762959505936184 -2.26116284151167
-0.1327473993271161 -2.9079256607480857
-0.15115147404818047 -2.38466877035273
-0.2588229289977982 -2.4727305705422955
-0.2714594079856237 -2.8350256955410704
-0.2666598577754486 -2.740473358139556
-0.24004220019677627 -2.4517326148876775
-0.14816394900448548 -2.749450568244201
-0.21631700023492736 -2.2404417858369774
-0.29997929653399147 -2.5338396381626973
-0.14260264552409058 -2.388222350609861
-0.23869338122471095 -2.5687770510295054
-0.22781373544772496 -2.41887212350393
-0.3503749122531691 -2.69578377687103
-0.16932329012278619 -2.487122820422457
-0.12306846997544962 -2.326398076475384
-0.20006322240265484 -2.240371743879157

-0.18375022187387735 -2.73039111705537
-0.2990066896109954 -2.2910519177780113
-0.12768987646336355 -2.9608812362434684
-0.21334207343364014 -2.3327955329033454
-0.3878055406923744 -2.2552859857342296
-0.21062712947411039 -2.601673279100028
-0.3951129609056284 -2.490771121142772
-0.3683861985621535 -2.330993398930965
-0.3564551233003133 -2.55077637617879
-0.23171734542204925 -2.2877599654108285
-0.1923006962945649 -2.778324301876098
-0.26288705346142327 -2.7966998855445198
-0.15176460468390446 -2.54880475800738
-0.375406529313351 -2.57756047015748
-0.27105208089564936 -2.3747729096871377
-0.3605114905910479 -2.5727740980232134
-0.14460479135401194 -2.6161946612979072
-0.315041455395286 -2.829644873425694
-0.35063200401718647 -2.914541625358975
-0.3615499897762715 -2.8830208511652047

-0.30213516690892017 -2.5816372984915974
-0.25671914930060896 -2.2868335796739476
-0.3305036626559679 -2.6778656575939683
-0.14213408165231256 -2.7912228534183874
-0.2885968227652982 -2.7890581817438043
-0.29308901729436315 -2.41241759650574
-0.1763051824532645 -2.9428471605615556
-0.2614767874692149 -2.518552382290693
-0.33511770118526685 -2.4479529723198583
-0.15734011027619732 -2.368681653514642
-0.1060848922245698 -2.335446516331143
-0.18489608200155394 -2.836005546762385
-0.32597354519271127 -2.5802372713181985
-0.2745933576085704 -2.7188366365281116
-0.36393675870736003 -2.255271911846354
-0.33110530298989893 -2.5959468465273705
-0.3520355787794276 -2.7439925242914307
-0.20568083097354609 -2.5202096678826442
-0.11299523646390319 -2.908298715460402
-0.2647955825429717 -2.9262745685237075


0.09503485317108334 2.271147870196663
0.15054142078292204 1.8111842796365734
0.18594243802719945 2.312252695523486
0.12032488803012503 1.6607789228545178
0.09232335047072832 2.217290493087013
0.17263643772803006 2.0325612775246573
0.12976524359506258 2.471980216719611
0.1937276967645089 2.1613895786255863
0.22810791813883602 1.574594015043995
0.10536044453063084 1.5451676456397831
0.14229234435731672 2.1505598103660146
0.21374826004565023 1.9623048737291477
0.0839516595039992 1.6845287963698692
0.17033502730845826 1.629806263526386
0.2050781769990313 1.947348218816252
0.18862086180838986 2.0042538553842046
0.18982692745501584 1.6287818129184775
0.21088020839778215 2.073231908004778
0.22714337495691267 1.837541085975384
0.09482592002512491 1.767478503698312
