20 20 12

0 1
0 1
0 1
0 1
0 1
0 1
0 1
0 1
0 1
0 1
0 1
0 1
0 1
0 1
0 1
0 1
0 1
0 1
0 1
0 1

-0.26942432713938025 -2.7722292532238066
-0.20939162494549063 -2.3449118227854915
-0.3064232666752516 -2.519131837981158
-0.16633077699289645 -2.890588351492325
-0.11209280063891969 -2.748448551262527
-0.2674721193527971 -2.779764837157357
-0.3078170756973857 -2.256895042458684
-0.16601072377152337 -2.7192662824400333
-0.354658051153593 -2.8908085896288394
-0.2867617710959801 -2.448261274036371
-0.1798692276489959 -2.432947462303861
-0.16617928842692267 -2.965157986094424
-0.23041946542481284 -2.5644702968606055
-0.3992541768132195 -2.43044580563157
-0.31055268372972195 -2.4446689427813544
-0.1617083664191408 -2.5102415697721145
-0.38760345315529804 -2.5521102548744743
-0.16861279426351547 -2.968971784512549
-0.28203664034964504 -2.667509230346363
-0.3262637834922741 -2.5580177250104263

-0.18525011791458126 -2.611606845852036
-0.3075937217399395 -2.4022542110656575
-0.3572021623211232 -2.4306222929522354
-0.1556058237159273 -2.818532778339297
-0.3615390009104933 -2.3405816066169196
-0.14108257431912102 -2.239562043164965
-0.3409945231779639 -2.6400215471631183
-0.1502037779985144 -2.9595857167523314
-0.18990602631990888 -2.939098588084858
-0.2786381737634305 -2.7136775296089284
-0.20799420160540497 -2.8183018089716545
-0.3982449284251695 -2.4178462871753053
-0.3122495109835192 -2.537635478700114
-0.352459560473961 -2.433928118624379
-0.1775318158114868 -2.723413760231612
-0.23678742082470994 -2.605635745775832
-0.21113057606979987 -2.7113661563795985
-0.2814759517646559 -2.9521923210930883
-0.2915820800979436 -2.569287413326931
-0.273697823666677 -2.510066777134772

-0.381875468926348 -2.500661228529615
-0.16640742614473847 -2.915906909452311
-0.19641903590856266 -2.310352433326486
-0.3572716649446839 -2.666133377326317
-0.11074212137586203 -2.967925107914843
-0.26042691591124023 -2.2822645178119516
-0.3298110158876107 -2.641155754176612
-0.3726263460707458 -2.5807720851428178
-0.3748857230786171 -2.968970724737868
-0.22243876327017198 -2.5454693041995466
-0.3789735978308407 -2.249861963397395
-0.3287827407808034 -2.6434050582728004
-0.1880269876762498 -2.2562426597609018
-0.37514171638727745 -2.805548872826669
-0.15345844552368768 -2.4788408913151456
-0.3000869843121444 -2.2838673012393187
-0.2237008443664545 -2.9226418257163713
-0.17339829467640414 -2.7122451131718526
-0.351297082320423 -2.6999640965092193
-0.3502485580664983 -2.5834750858175077

-0.1250206610486721 -2.861531982967643
-0.36327268942417434 -2.2052026065388945
-0.17481105414906165 -2.25111467047668
-0.32344216284872696 -2.5220382827059535
-0.3874585986306098 -2.3712270077021826
-0.2016248480845228 -2.301344464399263
-0.3824237122029502 -2.2065697706640255
-0.3078851180709379 -2.764517688036374
-0.2182957367713131 -2.7451014398645297
-0.10000294668772108 -2.8211822700659885
-0.10586745061341696 -2.394764580399049
-0.2867236641290343 -2.432628440144839
-0.31564144422459967 -2.9383351279783976
-0.3284902443396266 -2.727670048826094
-0.2558683775494367 -2.496088060683584
-0.23363601106115003 -2.7306637888010066
-0.27715795490911976 -2.6676570733695386
-0.12049316104016033 -2.8012358884820774
-0.19254010591695134 -2.8036991073151944
-0.12109875513613744 -2.7058712006572034

-0.20371181826050197 -2.4898448355134173
-0.17612213000005197 -2.316780676671092
-0.2272566242688302 -2.654583541990438
-0.36301773411308513 -2.851081681064192
-0.1547762778814237 -2.3383528717032704
-0.10266852076176503 -2.2473924181900133
-0.21126638273588733 -2.362584864936163
-0.13322064625655378 -2.691536540922997
-0.34342382426424645 -2.279786547092895
-0.39199517544332746 -2.9001313996110913
-0.13863025939722196 -2.946762272129173
-0.20227117857010957 -2.84008050129422
-0.392663016358214 -2.8474116419445705
-0.12502176163703305 -2.2869555944251947
-0.37223611817670377 -2.2277408552386695
-0.16604198237019338 -2.279676917528406
-0.20739119038998644 -2.3296514515842004
-0.17886934010441155 -2.636007046008917
-0.2780869427808825 -2.583948285750486
-0.3437428059032569 -2.5925376890178007

-0.18229356220650983 -2.541521379504961
-0.194211265346032 -2.4790734609572644
-0.3223282365944127 -2.887747811964847
-0.397879631795452 -2.56603890959769
-0.294835260180277 -2.8305205057222165
-0.2048966239507378 -2.905219072268562
-0.15381034867251583 -2.9447844250907376
-0.1897104590073844 -2.712764466958523
-0.14290664624106048 -2.7867097903421345
-0.2756051228820442 -2.546367977426809
-0.23788964005032334 -2.294013185680231
-0.3405324612840581 -2.457051778722948
-0.11904546582555764 -2.238310795286254
-0.2583680497346712 -2.4587757506519017
-0.3168130478833395 -2.8598770635953397
-0.369249253936731 -2.4304641058377188
-0.13188548122696725 -2.4907665830546244
-0.3765201843434259 -2.578291228851751
-0.340411629319419 -2.710041485425318
-0.33241736039421854 -2.906581529218633

-0.10619852568233751 -2.4320647933798822
-0.25180646444780175 -2.7799261512224036
-0.3569733632861165 -2.729443620652089
-0.3760443317967229 -2.3071791997885187
-0.16833112041209136 -2.6003465143831113
-0.24970600003907234 -2.7403040791517888
-0.33015578271473134 -2.7722043527631404
-0.16821542430342837 -2.215890495665989
-0.3979991979675935 -2.219323737332088
-0.26613134480457745 -2.8539252156160506
-0.10644418402301364 -2.3346151779254565
-0.3413697215833662 -2.8267463159054698
-0.37779776830772444 -2.3585895092772455
-0.22037491741380802 -2.687606763463025
-0.2415773987503281 -2.6786472704462616
-0.38354668243745743 -2.6832734478135936
-0.3408326917452802 -2.618852086607571
-0.3272479450633681 -2.3273982108954128
-0.298531149438645 -2.433990188186288
-0.34606146904679286 -2.9286881913122076

-0.3808750347116195 -2.6050353966942783
-0.22350210289829772 -2.9226978423445935
-0.20477840976451597 -2.6632120578258878
-0.31191161323500666 -2.957701616712265
-0.2890005889262456 -2.286549226366957
-0.11291730342875161 -2.809113689135029
-0.3379774343196111 -2.535549042788108
-0.13174664404812547 -2.2858116818822465
-0.26557354840141867 -2.595176058281404
-0.33973951947782516 -2.4941491683477253
-0.19975017744632517 -2.918250589479324
-0.3852104793621538 -2.4831323233496843
-0.1557266238029036 -2.389639585337582
-0.15353122943688138 -2.4010630637758053
-0.3409300616624841 -2.4613925144554964
-0.36079294814803536 -2.3483403009473207
-0.3380796619814126 -2.4988483595524196
-0.24524396356900177 -2.7815762100692103
-0.3089954543575581 -2.311806918241044
-0.22098266566172423 -2.8396574906328085

-0.17096244808899355 -2.7720901224411625
-0.1161410016328639 -2.4425523056136784
-0.25001153505422163 -2.5327235101424006
-0.3067442225838646 -2.369491249342758
-0.11365924130149407 -2.9394168211924763
-0.11483519995490932 -2.785958201811387
-0.2544561060921482 -2.606769613368643
-0.24371728451217695 -2.5730888739267574
-0.1540575641779667 -2.7783444983661734
-0.11632399591870762 -2.6852545132370436
-0.15121104291013915 -2.748180285661668
-0.10957039917773004 -2.4104126170192828
-0.10976050980813462 -2.9075771897734946
-0.23085879654122876 -2.683676874919879
-0.16198314115462326 -2.42698853720837
-0.17693878222310702 -2.313853840369972
-0.3024348977846897 -2.9268945263928905
-0.3903153938972289 -2.5024066294780036
-0.22909233985082236 -2.51187296542007
-0.19446283098571976 -2.599530835248494

-0.23858812840490506 -2.471078796184539
-0.1828795180799826 -2.324891758800065
-0.20420178554686805 -2.6118669622483486
-0.35370192837863285 -2.5644759602438785
-0.31420434154198096 -2.265062863775259
-0.21088745027776554 -2.408015124540351
-0.2716002925608487 -2.57191499457579
-0.16976799293141134 -2.8151590040941357
-0.29746539478020784 -2.8059666544654847
-0.2594099873739875 -2.2186923095223805
-0.3078178964658018 -2.7516555016639903
-0.3541697479458699 -2.5195602731175213
-0.134699678846253 -2.8835064783391897
-0.36604480208565693 -2.648798141062993
-0.1866051740371726 -2.963600774989768
-0.16700063263101764 -2.8396390412234567
-0.3072707139781353 -2.2331499229187965
-0.22303847607948696 -2.7023605957068044
-0.352982191657409 -2.967954405203763
-0.1808704225962731 -2.5349374265425535

-0.38558500676256213 -2.7386337930332743
-0.13509035841114042 -2.445377157794656
-0.26383860491924227 -2.2677168145828537
-0.3739807663287241 -2.4928721879196853
-0.2243606259280058 -2.339333707830109
-0.2671484373771304 -2.45177210026838
-0.32923657680862906 -2.6253074880197818
-0.20757076851775655 -2.91709318846593
-0.20842328703285212 -2.3449966717948403
-0.2587341523705442 -2.395280567869748
-0.15590408227975117 -2.3585361817576693
-0.12111654677933148 -2.885863350415654
-0.3303627564230787 -2.942546977691846
-0.3320374428876182 -2.6583767491016776
-0.15941129344204763 -2.4293144404914293
-0.35706896122192927 -2.882179120489052
-0.3668242405604153 -2.632610177302579
-0.2132163739124019 -2.386348371923727
-0.26908056333260666 -2.783858047396875
-0.3813418633229093 -2.2968314715940954

-0.282078809890125 -2.470905291434643
-0.17135116338144485 -2.5493148632281386
-0.3385700765645314 -2.737998449270408
-0.16411344733718877 -2.229234974168527
-0.15913151223422775 -2.2169818456305026
-0.31005669442283895 -2.9146542854428086
-0.16295938404935462 -2.3383141334304867
-0.3569876885848245 -2.8508300833321853
-0.2426421630923702 -2.630732969256995
-0.3875718421920527 -2.9050521866778074
-0.3224314712405971 -2.8580746948805946
-0.1792541673896234 -2.2538680572034213
-0.21851623195741968 -2.2071515368201338
-0.14258891839335486 -2.7817541476771237
-0.327445967288966 -2.576404927647949
-0.29563639694083926 -2.7827967686474255
-0.30071244184014023 -2.570873355406873
-0.3906745048057169 -2.4855662068721394
-0.3684896457861839 -2.9534936716402633
-0.1010887702987987 -2.361705006811518

-0.23072433682672056 -2.604047737524362
-0.17602551237641806 -2.2892423115704914
-0.3983195263529354 -2.4174506647875478
-0.17431846535666873 -2.2858260741048597
-0.23761069121370906 -2.94287508145619
-0.32357531909828124 -2.30266190795944
-0.2857250702823376 -2.6368849147064624
-0.2860594807554565 -2.9479250767958303
-0.1597470392137611 -2.8950686517581183
-0.3291591022815988 -2.8718351726969114
-0.28509461433756894 -2.6585749335178024
-0.29039563635408366 -2.790573267578251
-0.16861847801737304 -2.3849660816494644
-0.3996713816038174 -2.949846018597039
-0.26655920449086346 -2.410565101531488
-0.16575898804665024 -2.2092766594596034
-0.35124754728004837 -2.355118437584074
-0.3462359975877878 -2.9255526285451583
-0.19646636616563992 -2.462430456353414
-0.17825137278259218 -2.956407532613282

-0.10691383075557681 -2.666647408286331
-0.13177799359244585 -2.883039824189737
-0.2576803486463126 -2.618537625630183
-0.3938222804860754 -2.5324234279469002
-0.22395686423157357 -2.6747934365899555
-0.3369308830199885 -2.4455058675968107
-0.11236713315887903 -2.9299879190634495
-0.1735908144076514 -2.527352951574416
-0.2913103292464102 -2.787977999550062
-0.3790574534132441 -2.7849174537147348
-0.3705004302947116 -2.486031142777048
-0.12101313396096941 -2.895791879443049
-0.19566070468455476 -2.2871456370286913
-0.37923611668812446 -2.7133226436334503
-0.10239477247854278 -2.4387681851488217
-0.3299237171678936 -2.294015237559318
-0.24673499817222946 -2.5090805524552775
-0.12480470698355661 -2.9550555624739085
-0.2877961353165694 -2.8455864551876076
-0.16602970445984655 -2.612873317691298

-0.3505366210073365 -2.208000391005982
-0.23273143045749894 -2.7265926055791536
-0.31989942710422403 -2.367514393443897
-0.1030814806567345 -2.2769922211570455
-0.2677955141078969 -2.4157785963259815
-0.3015805191537362 -2.2902472849666125
-0.12401792447176663 -2.516059739384244
-0.3018698488157957 -2.840733475789662
-0.16382809038105173 -2.698571555973995
-0.21487412124000294 -2.235890733279023
-0.2779650300857696 -2.8785821894709276
-0.22596228215967454 -2.9218305773009035
-0.10152661388831846 -2.4322405564025695
-0.13391341277178676 -2.8184182693883515
-0.10755044453973478 -2.878104446339931
-0.3959907022542192 -2.2752948857889637
-0.22962099197383 -2.436952955979888
-0.36034437875429504 -2.5739930610361563
-0.29350480591904304 -2.703555817446422
-0.32213152568321046 -2.7639317948569144

-0.3807576797828909 -2.641392130186321
-0.32194729487983464 -2.2434273720417766
-0.2809374942743919 -2.9361569638585197
-0.15819177478633123 -2.4809394869737824
-0.32670949287101636 -2.9625175155041648
-0.34523875057184833 -2.554868869210625
-0.3397826546896914 -2.277635638883707
-0.383392321943428 -2.7829146917622394
-0.3112256130155032 -2.6730794137505267
-0.15075974988162058 -2.645529697598753
-0.14666790374905836 -2.6812896256330285
-0.25486703342437 -2.2766186194720195
-0.38069485125905 -2.8654022397489785
-0.3763521694691862 -2.922995925837353
-0.27905319063155365 -2.4963609436844596
-0.1413552821567884 -2.869428437610641
-0.22041625859884684 -2.4159112409003827
-0.3090186324038301 -2.294586778850982
-0.3756182932481468 -2.2473033394751982
-0.15990366413614315 -2.6477355827296454

-0.3688665788212145 -2.8182445133239677
-0.12796781852926742 -2.652786814502656
-0.3793418959257429 -2.3891788217782346
-0.26463321914651117 -2.837525946794547
-0.3099482770488507 -2.3434995317057434
-0.3067993228860937 -2.318504349652847
-0.13591334629596713 -2.314211881264359
-0.2342260266300255 -2.3385006959775954
-0.26712194536759915 -2.6508833749444647
-0.19524614856685613 -2.505996026504222
-0.29046031828036767 -2.536713832376083
-0.10618825128029913 -2.26989076835662
-0.391046891680018 -2.765815539438045
-0.3139189366498382 -2.221613770161233
-0.2510653252901688 -2.5522309964932783
-0.11061373177693828 -2.327588248430856
-0.32281804430266237 -2.8413629316098863
-0.15147205734856622 -2.7431892672787725
-0.30523827011661675 -2.9027069054911747
-0.3286970000106728 -2.597627182341552

-0.23545890937710337 -2.892404162275219
-0.32586127534335485 -2.5443438065434743
-0.39093835492418694 -2.2451472674870194
-0.13080396045421994 -2.5698376096896856
-0.22879700309183013 -2.6994553736009443
-0.27949778758658567 -2.793923743073381
-0.12330379317262935 -2.5240115573027144
-0.18110094517084102 -2.479630894391562
-0.12559756400426303 -2.7287781645709774
-0.37550583423916145 -2.8152252079463844
-0.3226502396835085 -2.4533785234854517
-0.14594371018231717 -2.389956867523077
-0.19066509541164212 -2.596581369852091
-0.2403984741977811 -2.5335628000110697
-0.21786545933678875 -2.385339191196436
-0.30690326571435866 -2.4745713170598322
-0.1648567267797403 -2.358791451949986
-0.14788316541629898 -2.489553767445324
-0.35753759985106576 -2.4602672796304743
-0.17590046680670385 -2.7795704194026274

-0.36600204418218235 -2.608998285874434
-0.10716540623453386 -2.917489017333175
-0.11075472081183846 -2.706485030254398
-0.10379181197525356 -2.7241846867133224
-0.11125924476777027 -2.7301616171088776
-0.12189130520806041 -2.643212803158093
-0.11071211338557974 -2.84492746238802
-0.2114217284273575 -2.4519685555873623
-0.2541692750345256 -2.9490689670722796
-0.16129098710843776 -2.3568733452262003
-0.35703199149175424 -2.6427218049971875
-0.269828805553696 -2.8360413543430267
-0.1821848599493197 -2.501524580505044
-0.1266988167703394 -2.807207807926824
-0.18855555781291877 -2.7498165517863478
-0.3435720821214554 -2.3376258172243207
-0.11755670280545044 -2.713306978821058
-0.19566455099823638 -2.577236126410536
-0.30197441740965764 -2.495865406340537
-0.2277258018299777 -2.6279597864824105

-0.19826930129298798 -2.937358202781764
-0.10967922471006547 -2.6359727428328616
-0.39257140230415655 -2.5591216397888585
-0.3475464953249139 -2.8250048482442494
-0.31106128627976654 -2.486122699255734
-0.11902923250019698 -2.6401744632765487
-0.33959750088582175 -2.6072527417505453
-0.34072129277071217 -2.6100679569089897
-0.16727256238969485 -2.490937186765695
-0.28946483536173834 -2.718999816340196
-0.11774244505396425 -2.684423730801665
-0.14338230660011925 -2.7209807429187993
-0.2510940081967479 -2.51408475593379
-0.3673030092126054 -2.450490295835505
-0.3118541162125337 -2.6867316807908987
-0.2385427015591572 -2.2691398722629503
-0.21881520392186246 -2.3403081970348816
-0.35829398301382787 -2.5699077793301863
-0.24244665185093633 -2.7070744348448623
-0.2166684180923548 -2.291329188174292


0.09554348977074663 2.4956500234177748
0.20261061934836816 2.4555258012451873
0.1458614743616427 2.2635640264736536
0.1694176145623083 1.9712087613189326
0.09364524824371534 2.125264815398153
0.12408500413218657 1.7950178257551073
0.11230256172461943 2.1899004906380113
0.23129900056838165 1.9725368995835133
0.11030597702924876 1.8081579294975159
0.14786615455411134 2.3485812518124396
0.19360259893417303 1.6357926454613585
0.2459992432889786 1.5744870353456442
0.08953560409823944 1.9961478699388833
0.24439745574618416 1.9436553245605526
0.2269256112025586 1.5700968922911485
0.1544555455343909 2.407836952953785
0.20768898477846248 1.969177357118172
0.1693225765360554 2.1469532775006606
0.19455197772851984 2.3408530295634344
0.2378506817861693 2.2267158911816383
