20 20 12

0 1
0 1
0 1
0 1
0 1
0 1
0 1
0 1
0 1
0 1
0 1
0 1
0 1
0 1
0 1
0 1
0 1
0 1
0 1
0 1

-0.2204196487654636 -2.9337666018708943
-0.14609822120340593 -2.55867829741204
-0.34181212198534233 -2.6719175473789383
-0.28248643054590145 -2.505402633140571
-0.31953919815542314 -2.6284639389280966
-0.17604112690068607 -2.240611709903349
-0.3348037712515006 -2.4767379076691376
-0.2747290757979725 -2.6278622838525867
-0.3774645753251907 -2.408696822741032
-0.23002347377871793 -2.424388580453205
-0.3321397700011568 -2.6653584963617063
-0.363805401981136 -2.24821156063369
-0.16452518536529598 -2.5609516225469995
-0.3655993251382659 -2.5463297729832965
-0.16332964437383113 -2.443876373668238
-0.2893997047783601 -2.760491237965134
-0.27938624648687993 -2.239119226336337
-0.291057113156872 -2.9513446673775476
-0.28432764937124183 -2.6763872370920474
-0.3776140604641746 -2.9269745745713784

-0.17827269227924142 -2.23943214483081
-0.13540395147331324 -2.4762318562945214
-0.21552349171488097 -2.7090617452235515
-0.15689209295308054 -2.7652986972153033
-0.23742498752890423 -2.4369459691762985
-0.11743507199950087 -2.721584117777958
-0.11047041496371068 -2.9047753626332127
-0.32604090427539084 -2.239953627858591
-0.19636112101477815 -2.943774176376159
-0.25804850459820955 -2.9107575867004085
-0.3461488024728105 -2.8671735142762094
-0.2779275341134734 -2.7290676763381114
-0.34020794537498245 -2.4782789421075084
-0.3405279618648439 -2.5628654656110026
-0.2993074183811715 -2.2201333744164895
-0.2699371042331382 -2.2734136657664843
-0.10691334608967229 -2.423099993314178
-0.29372340971167676 -2.7441790417588505
-0.3640816625114299 -2.662726965204247
-0.32024389799432135 -2.9192535788972167

-0.37554122364213605 -2.2553306024139195
-0.3035942868240892 -2.29268055394383
-0.30051794716989627 -2.2962768696682874
-0.11674733570449713 -2.8430312483609774
-0.318076817102532 -2.5474182408709147
-0.384835446971934 -2.406323078068012
-0.1008247375191001 -2.2478646501566826
-0.3103926508683568 -2.48158276887492
-0.22528572464514493 -2.803606608489738
-0.13591565651797555 -2.399706288868799
-0.279533702908126 -2.213021735102849
-0.39379095123130575 -2.862011192816104
-0.1041355179249796 -2.8043743499168667
-0.15908853730957576 -2.3823883277958204
-0.15861858561432665 -2.7260679630181013
-0.3237525466041258 -2.295738787666379
-0.10325917674647916 -2.6577959859429376
-0.2239795704634075 -2.9328972496483017
-0.19819991316211663 -2.321236023596672
-0.23799147478028032 -2.671756443354807

-0.12117598491447279 -2.2146009617769584
-0.19632355762891193 -2.546413411040581
-0.23781492625970319 -2.9545392485882718
-0.3950651163394761 -2.3614263769542574
-0.3749455180409822 -2.2337227312379833
-0.36836752724403193 -2.2068226085256213
-0.2353937725950468 -2.574464532200422
-0.35881079092091805 -2.6520765963076047
-0.21737277936979518 -2.5488754593047083
-0.2650875960542361 -2.5824890099734934
-0.3142222278968029 -2.58312443072182
-0.14636565064640855 -2.6963223446579665
-0.1401000446273944 -2.7077623459085363
-0.1371719957392678 -2.908432483553583
-0.3961394239867462 -2.9587619450883045
-0.22891218706558403 -2.341778837408957
-0.12163431269578989 -2.599343656726137
-0.26938227125203035 -2.6104238433916387
-0.24280613863791797 -2.970478280298062
-0.34775874305388094 -2.398187734041104

-0.11270697733393059 -2.5466549131074023
-0.14779067688347058 -2.468330271001
-0.37830785594003036 -2.925230715095495
-0.10285950500901148 -2.9378514173164816
-0.22105934233483543 -2.565038187989682
-0.32698586689736203 -2.9354905944179825
-0.32981204534186054 -2.321574168570506
-0.19245215555000172 -2.3223152428385214
-0.37092867854920086 -2.2038795011733106
-0.3972823890211877 -2.6055680750407384
-0.3411515524329828 -2.4143964966663165
-0.10455199282366251 -2.3408622513594173
-0.18602279595119733 -2.3636825855472074
-0.21413109956039525 -2.524029915078351
-0.29490600458290855 -2.7021889678977153
-0.3615516011677148 -2.7464672130069236
-0.3570094227028715 -2.5792565346741787
-0.13764836128161784 -2.9037348110305814
-0.3281498660460498 -2.395365380660282
-0.14939904065512738 -2.3549331643397813

-0.3409875800769837 -2.2147986203833323
-0.20161080870237835 -2.6578389707311785
-0.23588698385505688 -2.4977629463937157
-0.2291670657018272 -2.2588838969568954
-0.3286500166711437 -2.2557720804645736
-0.10068054262566378 -2.891013649275923
-0.35395500230631216 -2.393684994842868
-0.27877963697829566 -2.3795684105054065
-0.3525239068304464 -2.378299354289828
-0.28847281604366115 -2.871864062948016
-0.19621257783653523 -2.361179807728165
-0.13684282948984855 -2.329727324207699
-0.10383466203932062 -2.309289225027499
-0.11253327293455911 -2.9284692975435425
-0.20906863895064642 -2.460086530479658
-0.17044053290662423 -2.476085873369188
-0.34561477250164097 -2.751047362653585
-0.278189117212714 -2.800829561835055
-0.29120621830922866 -2.849457617898271
-0.14746085045231377 -2.8291101381742583

-0.11383449444789329 -2.4498202691107074
-0.2287510875711447 -2.652837740693599
-0.16557513588622677 -2.9400325315909432
-0.31552126268118497 -2.601711063624672
-0.2558883075502921 -2.3786175136187775
-0.18771647742270287 -2.5738720499317207
-0.10692053935956797 -2.394847691984122
-0.11122316563396056 -2.3539446158599207
-0.2960282767177726 -2.5717862360126342
-0.18179597276378887 -2.4723185280786937
-0.13404261464880346 -2.95371714384554
-0.30737721413487834 -2.8333355445914328
-0.17774890941779664 -2.9531525736355455
-0.36581086783624395 -2.491220161777771
-0.26784465285747094 -2.2892725228757222
-0.39644718923432615 -2.283756645047175
-0.3735776335241502 -2.5808625693764498
-0.3897633146946544 -2.231787555195725
-0.3440487967779863 -2.4179084197807876
-0.22815263343455638 -2.4258774092545545

-0.2702375347358568 -2.2413804052864155
-0.34700878023034115 -2.799689822850609
-0.16757305324142402 -2.419144471246846
-0.2514965136325028 -2.5747836790482497
-0.20986205278645723 -2.4504625903038155
-0.1393120177775759 -2.2895481257013324
-0.16690112230991588 -2.769127999584303
-0.36934645056715903 -2.342550208001895
-0.23255085035566592 -2.5052534021108275
-0.27115847089389655 -2.8055554247125682
-0.14579002416741466 -2.3881927871514756
-0.13031078175258443 -2.3915781055407974
-0.24104309321419384 -2.5209150442392496
-0.3514846452553087 -2.821559708332882
-0.19513037336212286 -2.72238282580688
-0.3394297301480294 -2.810343067080131
-0.38208571328068847 -2.3667018056897544
-0.20429311139485398 -2.617955526301483
-0.20593518657620674 -2.3458711172188087
-0.35970517664734825 -2.478684629702731

-0.3691164557869596 -2.280083688311845
-0.11824753173435965 -2.7787484981676576
-0.24883058503006475 -2.2861274875069757
-0.11183534309974152 -2.9430344189709206
-0.1636093380185813 -2.6143168389427673
-0.24351898798028937 -2.915928498347147
-0.24380042685664102 -2.7540830465210653
-0.2851459282683568 -2.2756967989641543
-0.3435678851932731 -2.603567501246463
-0.25981410409956207 -2.71744043165695
-0.3761491957353628 -2.9019234231784528
-0.16708544595483252 -2.467615647428838
-0.19440061076075746 -2.5601449467488875
-0.12319437680963286 -2.848388045042059
-0.24352339044625182 -2.7857485768012125
-0.20207788963478115 -2.6775550862490705
-0.36517278153197313 -2.8834376163840196
-0.10813127576130288 -2.222717083456496
-0.14443129464079651 -2.505546163745555
-0.37775340508476224 -2.5145580530673888

-0.3170780824176014 -2.637149031330344
-0.3343482596048233 -2.6415249988515552
-0.28013741915980533 -2.3259888173155194
-0.31038855017443145 -2.8288842505034983
-0.2509793046841614 -2.843959629849989
-0.3874556557440446 -2.324103996309281
-0.2170933038520673 -2.206216280163983
-0.16193948461886615 -2.838028939852937
-0.3229280023691856 -2.5376822853527354
-0.1858133747621141 -2.2663855576448393
-0.30355304746928674 -2.529716271508681
-0.3642501363558692 -2.5260222570539743
-0.2863045091564661 -2.5070389083721647
-0.3863920773369217 -2.5462705018932708
-0.19464260078500492 -2.4079943272551674
-0.2569430989274779 -2.4617204256426386
-0.3953552568343151 -2.5479068040609523
-0.21352296484985034 -2.707444733489082
-0.2228854541941675 -2.2636568111148856
-0.2529144716027685 -2.554460348222384

-0.3324665728791598 -2.955151007347031
-0.3782658127638903 -2.835499843621921
-0.3407571413373505 -2.608873190886159
-0.23070196426155437 -2.6236399640391252
-0.3241692079739746 -2.3984587617352817
-0.25544511017454186 -2.2342970413911805
-0.2671620671075653 -2.254840927563217
-0.398722522945739 -2.224515871236517
-0.22093731624135413 -2.42568133432904
-0.3394840685275472 -2.423256843451541
-0.2770957418741261 -2.213970805383876
-0.155316973399449 -2.3910127813772277
-0.3507005391404402 -2.612675390628717
-0.3551190455463842 -2.5598497098640616
-0.2960731757218792 -2.776625189135453
-0.23263998440263947 -2.422162263573579
-0.21652742952216453 -2.739992725602071
-0.3194426354556806 -2.8098952584524457
-0.1783908596122706 -2.9636654067269714
-0.3314087620905047 -2.9058970142294984

-0.16599035527785477 -2.8705859429405765
-0.2885579594604096 -2.3564783036080534
-0.1536320369314056 -2.811143181520267
-0.16358532393995964 -2.4986982932433266
-0.2879822440887979 -2.334558604947956
-0.18227744304258497 -2.2531093456629443
-0.3208586562669463 -2.5425223124111587
-0.3024076175386956 -2.2709410333450295
-0.12347765270188765 -2.4586581361422857
-0.18684533017313315 -2.848140137476556
-0.1108009876851343 -2.413939330852169
-0.28908352775386614 -2.622832617259822
-0.19316746542498528 -2.949911188078036
-0.16803203080091392 -2.952073766401347
-0.21669503709788338 -2.6114103208137225
-0.23902638365198334 -2.8058402502659225
-0.2828536910792765 -2.8430937037156863
-0.23020581948134367 -2.251444759478087
-0.2083026974648371 -2.9570843560960243
-0.33438288894731877 -2.227135230951954

-0.39792838698061683 -2.48446495877578
-0.23978772595654688 -2.2174821889168013
-0.2601869236557526 -2.55961237391026
-0.39583257489865403 -2.366997569159427
-0.39451197120224385 -2.8210272201934785
-0.19830915413448563 -2.654513585588571
-0.35296187450569555 -2.3874212860317545
-0.3381771602710972 -2.837448361612289
-0.12485261266931258 -2.475439922458906
-0.3857951785217609 -2.511407223068578
-0.30387104269154236 -2.969582605413993
-0.3779520484107677 -2.302332030510478
-0.2531652656412006 -2.3472421352488038
-0.24693140276650205 -2.535622812374264
-0.14373097393958506 -2.5129950214886527
-0.12325498060898493 -2.882065173983776
-0.21791802895114587 -2.3825364260954767
-0.18813842780074355 -2.77830351745945
-0.1948915233876109 -2.2223493288088014
-0.2738011724314664 -2.658978625544838

-0.11610378334235721 -2.9150449404099823
-0.10276572518594268 -2.3797582853098826
-0.32526345857653416 -2.8140719569119588
-0.15649296351626032 -2.7807420169124923
-0.21322828701733923 -2.5825828552789796
-0.14531057404221093 -2.7685006691453493
-0.3507160468867511 -2.2546619981039813
-0.20595194874902842 -2.7112165654126716
-0.13844103663007679 -2.5587697818694717
-0.16002487633992027 -2.9167825618825995
-0.14018222732641944 -2.8507730535577864
-0.22512609012264928 -2.8403482732394667
-0.2644772718980005 -2.9475944732451604
-0.20787347252106356 -2.4556890872131056
-0.21385596672134252 -2.9258536100574553
-0.3572584719660161 -2.740208784841598
-0.2557005455489789 -2.3306333568361475
-0.1429777822908488 -2.5703325896769944
-0.10286279974084667 -2.9063664413086783
-0.378222793540349 -2.211712134669491

-0.26771209527734363 -2.6637348607393787
-0.22042387049489415 -2.832323184377379
-0.1932660416267366 -2.383774571218766
-0.12579028640414147 -2.5529730992715725
-0.10872415942059055 -2.8624124585380337
-0.15597073318369095 -2.375769121555044
-0.2869750336193846 -2.8831185242781388
-0.39484849878645156 -2.3092400498489583
-0.21092449308548816 -2.3168431185698424
-0.3028220968212372 -2.3096375015151374
-0.38051049193155073 -2.658702598198094
-0.374358362056775 -2.344481413257214
-0.3141124059895746 -2.5546727625377232
-0.12895428547664306 -2.8530284982845506
-0.2872855844992258 -2.798630339108571
-0.29385285492786734 -2.3992535157813637
-0.19388704361865264 -2.2650364148751447
-0.2878800350954214 -2.428729180842823
-0.20438313238176176 -2.7405091682813376
-0.18535235047604195 -2.3131749777704815

-0.18613518292338596 -2.891160585752644
-0.15639633651127263 -2.465131591971064
-0.19831442345962633 -2.5556511537447553
-0.37823499141426187 -2.844854108124262
-0.21306634656495047 -2.8887044769318897
-0.17273524576966232 -2.5910852588296165
-0.20576621117897542 -2.707385994214534
-0.31982861335913115 -2.3614031915248503
-0.21226904938960522 -2.690051390263987
-0.18326263535697715 -2.3529999094425302
-0.37070757187553394 -2.674115632840119
-0.36740866235769004 -2.5490581602153806
-0.29568014799124226 -2.474008963081448
-0.19909203889114252 -2.6272697482305833
-0.26513985167549614 -2.2837881212128694
-0.1609727569349083 -2.5547068716100343
-0.1796239512209275 -2.2865579588618257
-0.24600672967161596 -2.6034546027610386
-0.28768782426624595 -2.8899137610591725
-0.22847585091456998 -2.9408994066025977

-0.270374662384839 -2.489694766288071
-0.2068856567248474 -2.26025137059985
-0.1026406752924734 -2.742826594605447
-0.13088011976917258 -2.448399344728149
-0.18267801193469968 -2.3171362619132183
-0.252617742753633 -2.5665717377841037
-0.14432993078520162 -2.9102327177014238
-0.2530199324734851 -2.613243176983776
-0.19969543101129597 -2.517632211800989
-0.27398714907555954 -2.86443634234462
-0.23690470502625027 -2.7104785825963185
-0.3457321066780493 -2.808533197629406
-0.10322552723551215 -2.537780647240455
-0.13360995648360008 -2.8091518165011866
-0.16878801587397266 -2.9550607118802974
-0.1868220501947659 -2.7030928773413843
-0.1888714141343439 -2.712249369909911
-0.1353478606062557 -2.9702312481586906
-0.15886675490943 -2.6120616417341367
-0.18501862642948871 -2.943305103430207

-0.23249867985134864 -2.4001220897175246
-0.24450132901507526 -2.7857576102963515
-0.3529929645379985 -2.24849630209169
-0.1875629303022176 -2.3134587063956817
-0.3976999221589619 -2.8324102592760885
-0.19408177189993134 -2.7693598346653028
-0.29689929819106387 -2.8781230176336203
-0.21328423907506971 -2.626563891876958
-0.16397971703161052 -2.411454457311461
-0.2349842415231866 -2.251206223169583
-0.3040520914489222 -2.3827284478555457
-0.17363042858400862 -2.8404780593744716
-0.10623901634234817 -2.786111012459953
-0.1765637751318762 -2.5854430073797565
-0.14629598883371603 -2.9395725935014827
-0.2350072730335346 -2.646009103166735
-0.15767766645094247 -2.325264793561116
-0.35949048684402496 -2.3105710013785528
-0.3531130786440462 -2.894548140592196
-0.13721462450286276 -2.726970093644413

-0.2503404914315113 -2.7887876260612177
-0.2677259154985301 -2.7200250527330936
-0.15904842417917697 -2.7554798964342098
-0.3333546568208635 -2.683035807333772
-0.23691051180691675 -2.260662418417589
-0.36783776066119156 -2.8990627238489766
-0.34203251904093324 -2.6531174309487597
-0.38842119377289464 -2.7408837555169088
-0.16988081040179873 -2.533162348183572
-0.21747024204914026 -2.8825178372953206
-0.1952178938286982 -2.3953050884714626
-0.3631275479376904 -2.6310485388070033
-0.10639316056060666 -2.628815370506923
-0.3485784165713006 -2.6106830423057
-0.2231764643237503 -2.57463027764
-0.22430045954715064 -2.2470054734711495
-0.34435434201518483 -2.2814468334844675
-0.31520861970983377 -2.808362285683415
-0.13670878350538768 -2.33314695438641
-0.21966043341979652 -2.7650790430360423

-0.2509767572187386 -2.920729295035013
-0.1548792592846372 -2.8259646823180935
-0.3226404356767637 -2.935925685590501
-0.18789551973552263 -2.430265968562588
-0.14670664473404943 -2.747600846819292
-0.24990512735317094 -2.5330783697606316
-0.2221593900308788 -2.6017727183948347
-0.3358065432864119 -2.7748193222211177
-0.27608381718390773 -2.535192901685854
-0.3068924695375012 -2.646074331525197
-0.1597907843371314 -2.5498820080491664
-0.12309203334625662 -2.771376128195961
-0.20099863219447342 -2.7830248289257162
-0.20426677156221545 -2.5223728776807093
-0.1871259172401736 -2.696263835217227
-0.31010791875932187 -2.404263548986579
-0.3964740225886946 -2.580359593507481
-0.11859067482804181 -2.225571763592258
-0.3756534896546278 -2.612627977365901
-0.2122100091682083 -2.226398371991919


0.20358906670092575 2.142599330477644
0.2445269020307429 2.1632505099813737
0.1633444725884424 2.1461756376398267
0.18350219029360504 1.707259330466695
0.14626059611149547 1.6370623052708646
0.17924292315020676 2.2609774499101407
0.21389125998145953 2.0680033941139477
0.15769171421167397 2.4675659924514073
0.2330069711771709 1.6055377752883455
0.21725603992386078 2.26165252918796
0.2448302272786939 1.570813477122061
0.1615477557946322 2.256371014862909
0.0860810643636913 1.8049311610715297
0.2230226704634078 2.1105692549981137
0.2325069660698344 2.4276934540759063
0.2499001751490395 1.902641881285656
0.2478270571731942 1.7347086172922908
0.24750655343668015 1.5855656837372807
0.14507027740852096 1.6298188170813246
0.21585462974007663 2.185213374502476
