20 50 30

0 1
0 1
0 1
0 1
0 1
0 1
0 1
0 1
0 1
0 1
0 1
0 1
0 1
0 1
0 1
0 1
0 1
0 1
0 1
0 1

-0.19697203150459583 -3.2050461423016063
-0.3826580516319364 -3.3710499223557018
-0.19087606605445573 -3.4089419791847853
-0.3765386729889198 -3.1514745604236856
-0.33382444731448 -3.5612258619563466
-0.31758192485726 -3.1563305109006086
-0.3170202905632045 -3.7166845746870627
-0.24600057959781657 -3.1594093954315143
-0.2300669531661646 -3.602213043053552
-0.2569937533940908 -3.50525217249329
-0.36741255948355656 -3.748449898628714
-0.24185952347715692 -3.732877430597377
-0.24621225263876786 -3.8044799112592695
-0.28810121305452807 -3.1893360976580194
-0.24178103804385362 -3.876921704333678
-0.28237606395626846 -3.1929320537838732
-0.14400836815409745 -3.6261364472710222
-0.22294643748042337 -3.4840734214113525
-0.37579637194220505 -3.3983980593766354
-0.22164240130142018 -3.5275037124840662
-0.11052933932434861 -3.275525395307019
-0.3835944713723669 -3.87035216107915
-0.14436313994438404 -3.745634756850913
-0.28245708998535435 -3.284028601108293
-0.20715387625016363 -3.2569812542961785
-0.1511119517699803 -3.3248616436098386
-0.38544310177385543 -3.287518355899174
-0.2495445137427897 -3.379255362363365
-0.21441660607547078 -3.1993830632191833
-0.3294861851956763 -3.3509526008146757
-0.3989014260756634 -3.790198399036493
-0.17924325876920277 -3.429877222843618
-0.34795295645547647 -3.653643006974506
-0.29600709545000353 -3.756773467383699
-0.23399545350949447 -3.2988049424155865
-0.37260821910369923 -3.274444348938508
-0.12361912607011 -3.3868923134243096
-0.17686406427255674 -3.418315505137985
-0.2867397869090207 -3.149067953739843
-0.1279700173268779 -3.371295304820066
-0.1212309931255744 -3.54785663907056
-0.12817173483359368 -3.522355830411722
-0.387133959767166 -3.396570764967795
-0.20004160755090059 -3.846970404152947
-0.20234066870914863 -3.1598672303403714
-0.38106811142125374 -3.3216286662185084
-0.38284658935232485 -3.157870112322881
-0.22239913429018202 -3.202772240207316
-0.10101696315096587 -3.2759524947461935
-0.230442174876088 -3.40829583673134

-0.19860490248975432 -3.4823087705639524
-0.11722824759549771 -3.25784471425331
-0.3324015998395792 -3.751318123780937
-0.28615802115801875 -3.372361613904334
-0.1317554794062638 -3.8182758311559954
-0.3429472473947721 -3.1979357782544313
-0.17247880144743688 -3.2832889966641816
-0.3982176742676716 -3.637365785983493
-0.36042379292181054 -3.7593550344294058
-0.33039945281066807 -3.3147544488031366
-0.3473884683042562 -3.4811854525678556
-0.3571638584984291 -3.6268974889169385
-0.27476800453332517 -3.4607188772688167
-0.17081280647328295 -3.436147605031546
-0.192816634597465 -3.6608473776433947
-0.219173250849008 -3.2497146478321604
-0.35165713278236743 -3.64259704071094
-0.18330594893049673 -3.3882406637568074
-0.27948057741489984 -3.227862907716813
-0.39047121876498503 -3.6999600976884763
-0.20659223772822796 -3.6150526875273186
-0.22350586468339798 -3.5306604391815353
-0.37248306635006395 -3.8688174604054844
-0.31723991494311266 -3.7311433544395203
-0.21465368998628667 -3.712304176141368
-0.30502126336856245 -3.6470680984033823
-0.2618320001712997 -3.8647981778313523
-0.16980305860021544 -3.274776372758844
-0.2740147961320979 -3.527257917464979
-0.2303861890721098 -3.3716033614285763
-0.2743884145143551 -3.4629691275728756
-0.11190746051260597 -3.317387920206768
-0.28086601418332535 -3.4681186581419263
-0.27828100778368775 -3.4888267888244515
-0.3886405782683938 -3.8702072693406326
-0.23341281595984656 -3.3270721997537454
-0.3972532769478891 -3.7008905883085284
-0.3438596947744778 -3.85186969751279
-0.3903272552932714 -3.5518684821157422
-0.326825734022037 -3.7508372614259273
-0.10992179682713049 -3.7337235083600606
-0.35107446971133127 -3.8260414445974904
-0.16408077155152442 -3.729889968900589
-0.3071389664899241 -3.2175867122112454
-0.2448274044555134 -3.417566328607367
-0.22513049897446505 -3.1879190706656964
-0.19659549679547142 -3.5889970138556566
-0.19203652818624628 -3.1408508763618053
-0.13956409383126517 -3.2092173591241595
-0.33703913095058635 -3.4332069446581173

-0.16213437204953707 -3.334135776700323
-0.2007445244230728 -3.2302594088199488
-0.33266865502155557 -3.2768910183460536
-0.13739593023155633 -3.3031499970579628
-0.26797312474642326 -3.4737567823968956
-0.3132391569249763 -3.4253323032443355
-0.14530851507951154 -3.7347470256539874
-0.17963963836521749 -3.8551050856672036
-0.15282251394743834 -3.5645411528551425
-0.3700114637405615 -3.3820700395571937
-0.1873972717865293 -3.8501455986867934
-0.1414204031988398 -3.1325539668051796
-0.35434641279180157 -3.2065918544777907
-0.22104249893201575 -3.1400251946379085
-0.37470878440763633 -3.4993145355550284
-0.17383449174854404 -3.5456481024631747
-0.16381520695869753 -3.4940088614836426
-0.22602844850079293 -3.8843545376758457
-0.1639854293319318 -3.759077405890167
-0.1788596852036358 -3.7530765540626665
-0.21585340574443657 -3.6724668760881434
-0.27754671573889295 -3.7744263494030226
-0.14978690716187082 -3.6995430813185695
-0.3034254635331104 -3.2708129099822036
-0.24140759982672305 -3.57912318022445
-0.22040218974538275 -3.403666358115694
-0.10103998482799226 -3.1985946654782986
-0.1214041551821971 -3.254026532832437
-0.10365445588443345 -3.442593991642166
-0.2564549173582216 -3.593369023046376
-0.21201452526744508 -3.340937164549645
-0.25540640530446623 -3.2931979778358675
-0.2823931093584934 -3.5444549210789567
-0.2513779534144106 -3.4947560475996675
-0.3743279722550075 -3.575722004325751
-0.31480748567459915 -3.4337617984066524
-0.10510165464782573 -3.56572737346269
-0.28026553564043416 -3.835532900248333
-0.24327017861028238 -3.4662018919872355
-0.1135714951143682 -3.7641219018696996
-0.37223712487411525 -3.460904221804692
-0.24444955984919203 -3.220609425772511
-0.28722525912357766 -3.5760812181896977
-0.19619464810571702 -3.7404674016509856
-0.20522642683953105 -3.3333648155302593
-0.22839210055559625 -3.400171257750931
-0.35114267897477 -3.4302532617571813
-0.12552686318620293 -3.1517662128328015
-0.23229943328255953 -3.4037384054365316
-0.31531903607339135 -3.590691339822655

-0.13678069911193885 -3.2039093377166323
-0.39949418367188555 -3.767383189018123
-0.2663505180398842 -3.3738430019451933
-0.26097256241625016 -3.212892267786563
-0.14599889657697868 -3.174150531495202
-0.24524224578210238 -3.4180484863503375
-0.37640517809481294 -3.7142740256991496
-0.20078437338584773 -3.402918912253644
-0.18943731391244112 -3.752212060441713
-0.17770113805337637 -3.3485806315285753
-0.2252169204775996 -3.7132715662453997
-0.15808531975615409 -3.8535046287098274
-0.2507910867414398 -3.2569095098778527
-0.22418613315972388 -3.3159364746159863
-0.12368454015433811 -3.3260908190044405
-0.1372868934752659 -3.669863407941423
-0.19244306408225886 -3.543449109381044
-0.16122866114289555 -3.1443045172446658
-0.2703858158374712 -3.257275323483296
-0.2511838060092547 -3.784649938507149
-0.3299774353759294 -3.1320852228036107
-0.22045653214191566 -3.226116064593987
-0.25503005989612076 -3.876161876953931
-0.25665784019344534 -3.5778384594195827
-0.14636792804698184 -3.5080337974227396
-0.15355201278784647 -3.1450888207862984
-0.2322107674642925 -3.2473520934824736
-0.27965172957532985 -3.2996390311854746
-0.22245072247639838 -3.262878752451241
-0.16687224853128574 -3.1698619821258394
-0.178112536402665 -3.4099924178460963
-0.3198454454765094 -3.4748777045523798
-0.3127094166911535 -3.782928049948788
-0.2072240856702035 -3.314313111642583
-0.17539134542996992 -3.823481138576656
-0.32814341900371646 -3.824352747032561
-0.3141444582954749 -3.7085460475506338
-0.17554579061269168 -3.3647981103856313
-0.35879682156366727 -3.841271098973872
-0.19472973190128237 -3.1732079482316777
-0.12514530536288426 -3.63305246902069
-0.17941396204772667 -3.5363952492059907
-0.3948833395168409 -3.1968234289135617
-0.1447046911604889 -3.874993903632734
-0.10203322533225745 -3.4100935537282786
-0.34186800110232746 -3.4909798912718957
-0.13104045562443528 -3.6912224442739556
-0.29863000303642334 -3.858206888411026
-0.2912451929306889 -3.510437970039966
-0.3608871076989929 -3.545034195286808

-0.28823018214811247 -3.648797699425151
-0.14931730461077525 -3.498285113538981
-0.35915308114211786 -3.6828406546936847
-0.31812612416537045 -3.175015977789817
-0.2670848954646835 -3.852603358389598
-0.104312780743896 -3.7567525109491466
-0.11769164413526934 -3.633346576421086
-0.1892420008062472 -3.6849102895180224
-0.14491542959527703 -3.75105773794307
-0.3620404931114771 -3.496572848882653
-0.12394557247145399 -3.4252656169759583
-0.3309229358401871 -3.734702363638213
-0.2524056084549883 -3.2095774244618123
-0.3086240185096452 -3.412148599283002
-0.2092338336975507 -3.1655877976011637
-0.3088169255614298 -3.7899937753847244
-0.34332494480259257 -3.1234090988925898
-0.2889836879598891 -3.7520580243285417
-0.26247216133091106 -3.6608825624739354
-0.3695383442019832 -3.7225439457152905
-0.33533334950126814 -3.8677323117602453
-0.2069672052506378 -3.2400346481589017
-0.329414608364628 -3.667705716892098
-0.24558011093882284 -3.4333890525231054
-0.28009797362976424 -3.280578393705124
-0.17163673237653831 -3.337584776647195
-0.11486640772378381 -3.5274730601566793
-0.2565760193918539 -3.5963633064548
-0.3982561184361818 -3.779420707481091
-0.17427789483219583 -3.5020513134569904
-0.3816879243509332 -3.583456094645903
-0.22049706644642555 -3.7537237887803183
-0.3481711950679236 -3.6382856519138627
-0.11402307256034694 -3.7808316539158975
-0.15527971962811415 -3.141964537729934
-0.3291596393507935 -3.667044784837147
-0.23289546938601255 -3.6053777300372962
-0.29330171574872854 -3.853127488354839
-0.21852196125189915 -3.7366570619905586
-0.3061255759418243 -3.233476433013226
-0.18168408913496775 -3.1997423832452494
-0.22622276336907918 -3.709958387505227
-0.3920366845284355 -3.259210894389661
-0.3673029020399954 -3.5220977759631493
-0.2408333075621148 -3.3684796573655706
-0.11586435184899807 -3.7746783517284688
-0.23747490913499936 -3.1469102175584927
-0.15487779097763346 -3.7373025550113095
-0.1572624771077851 -3.468638524559788
-0.13898795879115283 -3.1607226341153813

-0.39167941436232995 -3.550918281701187
-0.16935509118011077 -3.8344434875429534
-0.31053161081710995 -3.34033881978656
-0.3610912264467772 -3.441610160247812
-0.39593566786374157 -3.5383261338551346
-0.22229530832876312 -3.3016225088868802
-0.13198754481774183 -3.4237408098916786
-0.11240517198122235 -3.1861303102886303
-0.2997998860845416 -3.796051841322589
-0.17753027230863005 -3.681405516517826
-0.2808734893790011 -3.4078838835588523
-0.39307326933991726 -3.804650054481219
-0.18014236203591352 -3.5662258659077284
-0.11612857636426221 -3.208109160717108
-0.38517188884052384 -3.5057079267931304
-0.22589670132163103 -3.494385447284528
-0.37606998111736256 -3.3197074715055304
-0.2953610798063626 -3.1443424064419685
-0.1001253322858045 -3.3224349266608226
-0.20642249056082254 -3.4082869578348745
-0.382326772995653 -3.306739607675489
-0.3543094966354943 -3.717796237952977
-0.3682838186502422 -3.3437577235031846
-0.13534533773103796 -3.278495766265699
-0.30600106002665706 -3.2407949909028435
-0.37898350680663623 -3.321618110648698
-0.24790713471517936 -3.7181124376066794
-0.39142223582172175 -3.851016245128196
-0.27284011183259227 -3.2840526380362354
-0.3742880795092091 -3.8808227402224724
-0.16672719520840296 -3.283721921772399
-0.396689310166324 -3.2641180408745596
-0.2554265154280617 -3.386704442304674
-0.168987162597273 -3.7853309899113983
-0.34850403872338637 -3.53709103487342
-0.3860914770959402 -3.562741470081863
-0.26295763143016826 -3.2110181587534607
-0.18111028769306844 -3.3301198294722294
-0.3366017288814994 -3.539382384176675
-0.3284721522835371 -3.8636876297447533
-0.16571785942219458 -3.733802481104913
-0.2883342865171827 -3.4736042535579896
-0.28738991437353306 -3.338649735641824
-0.11051963963958095 -3.2445696026563353
-0.2997216372464627 -3.1838309747716647
-0.32510079068463793 -3.588025230714579
-0.28435963552081506 -3.510055937291407
-0.2538231618414631 -3.872065949803373
-0.16818400263230351 -3.7417886884404936
-0.21772839270075475 -3.67323341490614

-0.24587399281938244 -3.4800898979971255
-0.3100833619003682 -3.354753524435576
-0.3528783880444313 -3.2326486960604317
-0.3176602975967026 -3.4477375937503667
-0.19768599502717207 -3.1730450152548433
-0.37091869206952277 -3.5397145049111494
-0.19067544451460466 -3.146455185537886
-0.1377806460029704 -3.84622606534038
-0.23121221664151828 -3.6753420488298767
-0.2619070960546695 -3.8523810867238426
-0.16640916552908186 -3.315334677451874
-0.2227355740733859 -3.7314827976936695
-0.22313925004064644 -3.439312164343462
-0.15807727522360399 -3.6136895769141697
-0.25546278381514165 -3.8471554564188706
-0.3514591601787307 -3.2834999971549546
-0.36539709272951487 -3.692828297681627
-0.19986145191629281 -3.270105973464495
-0.2107551823307646 -3.751801147573893
-0.27807428220973357 -3.630790560193677
-0.3882159476180629 -3.343826832373974
-0.3964577550780422 -3.838510332957589
-0.14891182275781883 -3.3101616217081
-0.3885728879988817 -3.6067309587048917
-0.33463566438953557 -3.3362801566352527
-0.2433962581148939 -3.241807541639002
-0.17340967760289422 -3.306642877401265
-0.18281351685973957 -3.131129174543701
-0.19860920621806377 -3.727019168081664
-0.25092237947841756 -3.3418813519903217
-0.25345350238337794 -3.815681793659583
-0.30242325550296423 -3.1304550208364343
-0.3398929118520182 -3.72204348683917
-0.26527801710185495 -3.812853653228443
-0.25843657252976315 -3.683472332727585
-0.15592637636265644 -3.2204842659448962
-0.19776786752126296 -3.1363159655062303
-0.3585597672352435 -3.830352073091554
-0.2895862664126011 -3.8233660487335204
-0.2723812255182263 -3.463792349738042
-0.1665693318517209 -3.739966539502937
-0.30308691532313964 -3.6005120604094056
-0.2369004244952939 -3.8367048643920385
-0.32925971324597103 -3.470951682946725
-0.2955839753459856 -3.320673020158463
-0.35195393501944316 -3.698549595021975
-0.20426087787889283 -3.230912144250236
-0.1402660137349585 -3.802638662967201
-0.2582827544889159 -3.2165708508495063
-0.19401662329661507 -3.198097444524899

-0.19107650457436753 -3.5565781913501366
-0.11063838411781096 -3.2482460863651634
-0.39123409866605596 -3.2801296510733837
-0.343363085605226 -3.4662591503617284
-0.11641554863087644 -3.3587005201031834
-0.3698780318782045 -3.3479947315442047
-0.32019317828773164 -3.529837468207141
-0.17611665907149754 -3.7235528321516522
-0.32713088493126574 -3.826499447051711
-0.16192666231399255 -3.8515357884073347
-0.2020683463686225 -3.1665548001850974
-0.11089405459164486 -3.3436495634843477
-0.19336312150719426 -3.868374276485279
-0.291185508331609 -3.3778812672006433
-0.16105557346109162 -3.3660309422543295
-0.21900128016676565 -3.817040147870637
-0.33609409023825426 -3.3792636766179323
-0.37559025934753276 -3.8177870706740675
-0.24017827938502895 -3.7938711151260422
-0.3039344496577956 -3.7379052135785407
-0.29672725814420275 -3.6502700947205717
-0.2551196216891271 -3.7793892966475116
-0.21743828807497848 -3.430681467302113
-0.37054695643328883 -3.6199138799638484
-0.15845842953382805 -3.6468286972887944
-0.3592196266989326 -3.735373298904424
-0.3027914191528145 -3.138663768740698
-0.35872835661767916 -3.812375618477792
-0.3563049478977755 -3.6693981645050555
-0.2991773942343219 -3.7366523064569837
-0.24947593853052868 -3.269060738873714
-0.36047242200067303 -3.8375507914191185
-0.25813923297188135 -3.408358582561376
-0.12470952847708366 -3.6107725352790525
-0.1776464654311886 -3.3379801304140937
-0.1710871112599716 -3.855805843626512
-0.30516078146446846 -3.8081767186002256
-0.23991016967291803 -3.5310542282995176
-0.2133606631051806 -3.6276382230369
-0.23789778218843022 -3.799929438492736
-0.2565676302653638 -3.5102345145982334
-0.36602575102449714 -3.4210256578647393
-0.24559802416177468 -3.236151351869902
-0.35887433010186603 -3.5518255406013197
-0.2874800216074303 -3.616805409590624
-0.12244487517495273 -3.1494156514851346
-0.1177809471009218 -3.714089464905455
-0.17278461234854442 -3.8622253830380084
-0.3099786792394237 -3.689011568162204
-0.33917508234585647 -3.3160815310301164

-0.2414893401684555 -3.573250058884203
-0.28341872260309653 -3.5509432482544807
-0.3637425629151659 -3.287565746928801
-0.18582644261319758 -3.5808902535024556
-0.10458243558424712 -3.4033554908753656
-0.1264345887584023 -3.71294407412683
-0.11230716767958038 -3.3932421445020795
-0.17920174479149426 -3.1242906692117858
-0.25152090932631743 -3.33991870990707
-0.36911203188332536 -3.857595515728616
-0.20327027810261192 -3.475378259197705
-0.29753611270148494 -3.4760711804210227
-0.25106879171936247 -3.68417251118486
-0.2457963847084428 -3.86605119510709
-0.289264069854218 -3.7077189006439326
-0.12019613225259879 -3.6120044043066204
-0.10876284449705703 -3.723070299019265
-0.12975254798432662 -3.2195725504932757
-0.2211592298478529 -3.30365777051499
-0.15895616622060416 -3.5153312422567904
-0.24773329297898658 -3.3881426179333034
-0.2565583852314438 -3.3492024562906337
-0.2603524778034576 -3.6027830254326307
-0.16666090386504948 -3.45022240363881
-0.3496560015467972 -3.402909465550205
-0.20217033025664352 -3.2058159481684054
-0.35635614702371354 -3.22817248556498
-0.19285683795997424 -3.67280622505121
-0.2713666528016727 -3.3488799551789574
-0.34111987960475576 -3.322185671370681
-0.23402734937537698 -3.1892616228491053
-0.2454196617147437 -3.5620277445298365
-0.36351943527599523 -3.461112660100812
-0.34760388265508857 -3.197692700542337
-0.30071535972324104 -3.380080306530923
-0.14170124358165864 -3.3720502687452085
-0.13298713568969306 -3.8216011697511623
-0.20146586353160453 -3.265797121584936
-0.2044508544527984 -3.74182238634591
-0.314658335879858 -3.3414388690523804
-0.3950455168253323 -3.8775750738723294
-0.27444032298511617 -3.5937593184727805
-0.1718337200687457 -3.7966746126017448
-0.24346669821330796 -3.3598975050108804
-0.25527201085515216 -3.6192112132944194
-0.16816378524359227 -3.844321460188896
-0.19775228386513274 -3.252615752970448
-0.1330672842856746 -3.886069318777228
-0.38737010889021745 -3.711384988613131
-0.28662313198764866 -3.2391661578494855

-0.13859509434521872 -3.553974472237583
-0.1428187525974443 -3.6215533901076222
-0.16432514541927296 -3.4769843408201933
-0.11624270821742017 -3.2420457814858947
-0.32333933653913727 -3.7221350939017883
-0.16325420039084282 -3.6077083508836205
-0.16407261224771602 -3.4991544996486685
-0.3735746916848799 -3.8115102502618203
-0.18499451140134515 -3.8404427424264016
-0.2997177793303406 -3.169723168077532
-0.14830855558289102 -3.6275103312931787
-0.20243022112120604 -3.159692206849487
-0.26193882533144863 -3.8380939406354995
-0.21767076185521153 -3.748095398278167
-0.2549450333711776 -3.692041944805779
-0.325596962891959 -3.2702616272241074
-0.17962050999898987 -3.516857228965201
-0.22026289282799905 -3.643450798752426
-0.26850335606793985 -3.316467619564045
-0.23589813648904387 -3.464250313320186
-0.24282639220925797 -3.2113091096796844
-0.33062397088620654 -3.837105827218727
-0.35614814757421853 -3.872471448630271
-0.3886175930366731 -3.46366421042177
-0.18153629701251317 -3.779007202906727
-0.12294834592483717 -3.675906409245903
-0.27917874582588065 -3.5084979869119053
-0.16220252428326434 -3.6832380298002345
-0.16523001958174854 -3.783717504513829
-0.3314033229197245 -3.4043465374513175
-0.3086579592136708 -3.4208220848296755
-0.17737977852640208 -3.789186816176969
-0.2219540173097463 -3.3595215717664484
-0.17775295309197814 -3.50793736661101
-0.2741217760582705 -3.579130547947002
-0.11038163459558842 -3.143109272041921
-0.2374582357675622 -3.5289512927063926
-0.13467813789982308 -3.2347522339274613
-0.1836410400114123 -3.273421438199181
-0.3304188871004574 -3.3127533399577986
-0.12930998252053427 -3.570978779333541
-0.15763125046224175 -3.218486262865389
-0.2191628352985261 -3.573648570582285
-0.1084831500871028 -3.2366804710114154
-0.21342638816677614 -3.7018298047579186
-0.24462614867280125 -3.420897809519183
-0.11456028403732749 -3.5350423258904047
-0.2755591332205582 -3.1296438563856626
-0.1841013401463209 -3.7291707689792015
-0.13415678589797014 -3.5883322851206843

-0.17452061074438094 -3.513303707706751
-0.1383893367190016 -3.51787780719609
-0.2836388573649772 -3.1373615737925924
-0.325621201691191 -3.2423169350923877
-0.2886333183953794 -3.7568377719393977
-0.2122914028948129 -3.4488285732156463
-0.26234497905497156 -3.6370688233890034
-0.2849990106597812 -3.823131469455209
-0.33454066925465764 -3.594450766050968
-0.23577284710617524 -3.228791717970539
-0.1347550944624592 -3.6650744834891587
-0.2368801886882121 -3.572326531566107
-0.26067579655923195 -3.8734305282447443
-0.10109450882616094 -3.789573244203492
-0.2361796987301328 -3.148493744195769
-0.22227333520155493 -3.401630047604568
-0.3599088639328146 -3.5742783446032793
-0.16252822451822646 -3.1460989964077424
-0.20950682167252624 -3.5710991740274274
-0.32970150163586914 -3.7997936968864647
-0.35974746838861354 -3.856890947340319
-0.15134891526045607 -3.320638195198086
-0.11161997839845633 -3.7705920351364446
-0.2544323798364 -3.4640262369812787
-0.1324455291045698 -3.7685002372813488
-0.38550201442312115 -3.243316120826372
-0.21209223317383227 -3.3097886291050536
-0.284506549905763 -3.2320932522250523
-0.14920171091574902 -3.4745386365081337
-0.3817749845474573 -3.727722080146997
-0.21154934579932577 -3.672962754606333
-0.1178371798550023 -3.717046057687078
-0.20426944316983825 -3.428106300772382
-0.37385697164150966 -3.456297531079029
-0.2861990369245034 -3.6075494430444843
-0.1993878906169093 -3.6712113211154898
-0.18131295706672435 -3.568485264483018
-0.1849543341018946 -3.24148690456935
-0.33324183098022814 -3.8402513367053595
-0.18558586595885346 -3.4700269057858755
-0.39003947367404845 -3.4049088862996975
-0.2838484711809531 -3.238231960001393
-0.3155913291983339 -3.2092698180584
-0.18988161575220305 -3.5229894868237825
-0.38537682846242866 -3.448942681850621
-0.28991705746012997 -3.5544745930122708
-0.2082095500537619 -3.521616725728087
-0.2096088217874878 -3.547417707379278
-0.22138674073932846 -3.403902806012576
-0.2740191024549028 -3.2503160965726487

-0.2729309574960363 -3.4738107653908212
-0.15104495671647358 -3.329035908669554
-0.15980927145653467 -3.1289044044972583
-0.29492575986257025 -3.50874409958214
-0.3096210521222691 -3.2592656059318337
-0.22194079975987138 -3.3711808870950106
-0.3253740698809322 -3.345422982496627
-0.32761702946895943 -3.683552018363509
-0.20341648666601872 -3.7681814056001537
-0.21343110244675467 -3.301286494111009
-0.2808534753826235 -3.518676730889854
-0.303843235662292 -3.4147887506515495
-0.1773138904171695 -3.1568646219396532
-0.3321692940912747 -3.492359682352638
-0.3094045356165838 -3.7366894620071136
-0.13920696696420626 -3.7007623203962594
-0.38639516440603866 -3.603203071438163
-0.32881360829306205 -3.659551779833964
-0.31704279797374496 -3.2750985834278055
-0.38147121942389955 -3.5598802942159415
-0.11949487339217163 -3.396869846625031
-0.38510025735016284 -3.5355575019190773
-0.26042694959292745 -3.1668451707173686
-0.3875879288251216 -3.255651635786669
-0.1808291172471172 -3.328395782392298
-0.29811910133112307 -3.301488839082244
-0.2399501748656959 -3.6245911903114973
-0.17271957348923767 -3.883255400685756
-0.3037686832708416 -3.3096932213494474
-0.17167797185450012 -3.6861902375289586
-0.1395214556955242 -3.14320924784292
-0.38325346467386767 -3.4756715995391048
-0.11200379495447704 -3.331139019582425
-0.27473928728196984 -3.361221315446361
-0.3837309672732231 -3.820225842351531
-0.2905420651403996 -3.1348233776035266
-0.11795518590715043 -3.7685489103538528
-0.3965611262476017 -3.553695371443297
-0.3526852848290965 -3.7576432454620194
-0.2655014124234194 -3.1590276534298893
-0.2966874676768933 -3.59208856446634
-0.257309167211179 -3.4887675658348956
-0.235054799718498 -3.43484669265245
-0.2262821780726982 -3.463146185090474
-0.16362497064936693 -3.6428539715065336
-0.28845462734338123 -3.3961284631518027
-0.15710287825027006 -3.756019040888221
-0.24841838425929658 -3.881820611734316
-0.18393950182928812 -3.198368377734246
-0.21193144245334972 -3.6605199021605026

-0.3777605490294438 -3.2395599477967196
-0.3594417203111619 -3.731519159896565
-0.38873589141266446 -3.4622254367887395
-0.2253803093918677 -3.8787010993171025
-0.10903700317627468 -3.3764504022632904
-0.33623040355742106 -3.351310846302894
-0.1631722304730976 -3.459273382836889
-0.3216489402317467 -3.582818093067473
-0.32773362895106684 -3.2048488097831536
-0.3201240966445673 -3.5813444578005504
-0.3504755849242512 -3.8147253323380634
-0.2307653630995059 -3.544467501034969
-0.28899997739623295 -3.8385200735989464
-0.31184950350741636 -3.4387419173818703
-0.16140210161010615 -3.5014416930882355
-0.23164391913592103 -3.6006633077099877
-0.23489040153547186 -3.781607891238479
-0.2599804547026724 -3.6847803956237404
-0.32004616608217096 -3.416832919343026
-0.22820226125179338 -3.5269911278105472
-0.17745617831819743 -3.465103506565429
-0.22619729760070417 -3.5391845011636063
-0.21913196403991717 -3.733393011409342
-0.19849061034094945 -3.2499743951906934
-0.17940532047671406 -3.5335713221045104
-0.2645494524609586 -3.260462060303514
-0.3807374813258723 -3.6730609704947663
-0.23901060342419417 -3.761338848991254
-0.20314310818828402 -3.8682800872916676
-0.3521086595615236 -3.251330720280367
-0.2823560317492787 -3.829274914906989
-0.2626978057842261 -3.530878519170969
-0.33499191510593 -3.3257250900099846
-0.3504336954024276 -3.217334675545989
-0.3983891947151139 -3.3548886308418084
-0.1569036016694622 -3.268522980468574
-0.19731322831132644 -3.40698212654455
-0.2163093768890973 -3.6957652029468155
-0.39341693156630947 -3.2986338593906623
-0.23508867637345723 -3.8613469033351233
-0.28979287186842545 -3.384879159240689
-0.3719757286899638 -3.6107064447601593
-0.21963353974371852 -3.6870560495455598
-0.3555605911853566 -3.160094774047396
-0.29567345187707905 -3.6955323057551643
-0.22030743122000918 -3.88301750013877
-0.28778022969459266 -3.6799249437206263
-0.3114994442374129 -3.5990664615448664
-0.22394076390514658 -3.791385857336
-0.10105393354719105 -3.4946726646357025

-0.18927261003762322 -3.5262919299845046
-0.3333754725367032 -3.3646469701865866
-0.3911177479957205 -3.822995685284029
-0.21337673922098274 -3.3336130233244505
-0.14314623020012662 -3.6712826955522315
-0.16416285852268334 -3.493743184159559
-0.27065210877106105 -3.6713791164386476
-0.14231541931384428 -3.486237610019631
-0.15434261151642362 -3.235016260479416
-0.13074001113079203 -3.430914889032207
-0.39345447645356146 -3.482880281713932
-0.3963168926098325 -3.2751828849242846
-0.25385672422423644 -3.397312361800775
-0.2947041453245979 -3.279288239434963
-0.39117708943153506 -3.1399253745164173
-0.15265807000301004 -3.6573388587969244
-0.22348670468838533 -3.5012520377405383
-0.18462684397904702 -3.313786367447459
-0.29611807555672154 -3.569135391830491
-0.23883081529919506 -3.534516519636869
-0.3712344450731243 -3.865541949678339
-0.28424645857990516 -3.636149443068427
-0.33065085357711294 -3.525626247438816
-0.11206583428305833 -3.462566515371807
-0.31948098723066926 -3.5435950088728694
-0.28986776128506453 -3.3497385104364894
-0.23598114193228348 -3.7473612844535826
-0.3107859947577042 -3.392256061648679
-0.39027740237492836 -3.158020355104239
-0.3907306071837263 -3.659605200104787
-0.30671643832822076 -3.252131455461977
-0.12990226344608147 -3.3562779607347597
-0.11477107054012187 -3.33098226776451
-0.34928799447182496 -3.195988764453056
-0.36612304804192325 -3.8066507304838395
-0.1652030781240795 -3.656583565295752
-0.18290021621205502 -3.6779041894274487
-0.1579553062016616 -3.5818125389969757
-0.3961540234413422 -3.321145934905917
-0.19083650584424408 -3.479180192964271
-0.1818774543776896 -3.296534630019319
-0.13466990427785813 -3.4382378503308884
-0.12755337048326332 -3.3694610468708253
-0.23273960408947034 -3.1415280769343363
-0.11600316522114446 -3.252464691139171
-0.28473530742374675 -3.4176580633154705
-0.13024643858761858 -3.8604094790795958
-0.3933199252039911 -3.2871450254818892
-0.3092362795894449 -3.6356267627263072
-0.21996742359099847 -3.569701343793842

-0.16865924507997557 -3.583891184510563
-0.12957434412326385 -3.585681173920177
-0.23548225945886478 -3.5363299970473636
-0.17883275122112688 -3.1939979343985
-0.217399184877915 -3.571905283279879
-0.2890888612773177 -3.4738438666487435
-0.21883001608404293 -3.381678247967095
-0.1769561567274307 -3.581596683571885
-0.2805927532768747 -3.3638300325812334
-0.19121066187648852 -3.8812918791991744
-0.2088274584144635 -3.8249640879928273
-0.3880991318652563 -3.7714576756291045
-0.19116204734482684 -3.4847284285993876
-0.33286768043045545 -3.5883243467406674
-0.26481821542659867 -3.4169295880605963
-0.10277011157384947 -3.8005881297256847
-0.34111633906861705 -3.7939260438570037
-0.24605827765464333 -3.73312594510641
-0.10455387679961226 -3.402757870942952
-0.37320922066314827 -3.8853054051229674
-0.2130008382929349 -3.277030023801623
-0.3075953070921228 -3.8204342471075674
-0.21960265490805875 -3.2043258310754887
-0.1402651567504971 -3.4884125197451823
-0.15086723573897892 -3.2724734194484713
-0.3079594073032302 -3.705408278105547
-0.1275462600056234 -3.5822960121773453
-0.20507035525675865 -3.5487963743240503
-0.13625949338595822 -3.7564088008113967
-0.1728975778397619 -3.7745828913342088
-0.3767616022647 -3.342862084997411
-0.3966834648889351 -3.375554810399501
-0.2532266009797888 -3.836554061204509
-0.34569973058096376 -3.5854555698487434
-0.155479242757028 -3.6324801154324566
-0.32482601272149303 -3.1274905343075527
-0.2142564082681056 -3.199325968404311
-0.17477646037712188 -3.6288247621403986
-0.29818828313368123 -3.757372236369429
-0.33282194454791136 -3.6955210082902537
-0.20025703203227152 -3.2811377473147267
-0.3567968189568174 -3.3295296087396347
-0.35536944222215977 -3.881865503888557
-0.16357359091213042 -3.3589978073163707
-0.21706357171757054 -3.500087055519108
-0.10444639520514515 -3.2050242678205034
-0.11109909624871989 -3.7494746546995215
-0.22294317282251344 -3.406770768227508
-0.1517875649576348 -3.2943565121488603
-0.14382446024819395 -3.399874328910961

-0.3520861706436271 -3.883968193086183
-0.317937889655584 -3.239468100984163
-0.1270474465477689 -3.223783599274058
-0.10446066550033545 -3.543699203461335
-0.34998671170377144 -3.482022396486245
-0.36776315250552766 -3.8316133401860464
-0.1637271667822856 -3.2237322916035125
-0.29958566708705003 -3.3910217483945395
-0.1269574236347552 -3.7813603498863992
-0.2902410151975412 -3.2867985621875055
-0.3989946845679735 -3.2443284944243445
-0.37442487686536363 -3.381007838951758
-0.17105528713572588 -3.657751016935339
-0.2344988752434816 -3.309042784861168
-0.11229405515278879 -3.1797850327961457
-0.38086528397862107 -3.6890371123598045
-0.38770696205420674 -3.7935068573592217
-0.37721425428934147 -3.2325011306558125
-0.19854029502357456 -3.3693708196962904
-0.36244691723663386 -3.469169092060379
-0.14898529400214383 -3.601856101679333
-0.11954464186477987 -3.229988507546489
-0.28126497669217343 -3.8860057973134374
-0.15337383467236704 -3.126884240402588
-0.25212789695923865 -3.625329991572464
-0.13927437577899876 -3.463518130366271
-0.22173255795588512 -3.692959510838617
-0.2909630376100823 -3.5754676066612867
-0.1214651453366592 -3.7879614789250327
-0.3223606166719284 -3.3321021635104677
-0.3220537337330472 -3.84421737744593
-0.35047428288351734 -3.5067662307618104
-0.2124905261286268 -3.757670402675401
-0.32595789645574347 -3.408234925310663
-0.15427171074199683 -3.135510238530282
-0.3304982743905429 -3.257759546754586
-0.36562667455360565 -3.649728964707002
-0.142142867307039 -3.1792931994256572
-0.3661086139956472 -3.7217718906787507
-0.26405284075469526 -3.6851556393578035
-0.19398716581689562 -3.141261502227758
-0.13839312325213526 -3.404818721347672
-0.19381936414870363 -3.189699212037929
-0.20344064335541304 -3.225641527921839
-0.37386501433450303 -3.4527400550461396
-0.11778778179775545 -3.523131961469391
-0.29991431054734863 -3.6244064708373345
-0.17071810051323844 -3.1422046559976944
-0.2791439738198966 -3.186269362480747
-0.12468905455815998 -3.752557339920382

-0.12134643548562846 -3.4175760321025512
-0.10344802376164713 -3.617296167064475
-0.35548007326719216 -3.6067926521135028
-0.20781371371932297 -3.218165583575145
-0.34501456224597193 -3.686558794590198
-0.3275799381374711 -3.8774247250441753
-0.1648030170250297 -3.149002024595176
-0.29905080839952747 -3.368103530972533
-0.18739515682547483 -3.5380709472876513
-0.34703047943703413 -3.6545285788343875
-0.2663503869954065 -3.2067076437192323
-0.26229788288390893 -3.4595667117553135
-0.15038742957403697 -3.191114071921082
-0.230276789441471 -3.3069030072443875
-0.2146240664234859 -3.422138060770947
-0.3959467172052064 -3.7221325390594386
-0.33150275443805843 -3.7662008675908747
-0.13174165985387454 -3.2678906626084845
-0.18651071445244827 -3.3784026987008158
-0.3356705117131848 -3.1387015252545227
-0.12600666349714562 -3.768169402626342
-0.3313228759554093 -3.419792886061818
-0.23290785721491838 -3.13169100958264
-0.32759073376052483 -3.2891757553423373
-0.10322244063392377 -3.802617739805569
-0.3905824956406891 -3.270496605182956
-0.24068209538028523 -3.327260708599727
-0.3204545756967271 -3.746085654340314
-0.16226130253088894 -3.527952737155169
-0.38724220080155586 -3.6545879702805393
-0.37067880947551823 -3.621158358503206
-0.15632652661008703 -3.172216838768327
-0.18228186284027914 -3.484510973013971
-0.17064195944070645 -3.1802558311024445
-0.19227195070182362 -3.4415006518112476
-0.32290100419631856 -3.3267689862637226
-0.2719738338893799 -3.203793726865751
-0.33580346036529063 -3.3716460742897905
-0.1019073440617384 -3.637978005224891
-0.13679817748464607 -3.480120249999121
-0.2801336864503541 -3.6019456274059323
-0.2270529471148698 -3.4446951600170976
-0.14480492457331584 -3.551738866703641
-0.10412885043617964 -3.822749586943129
-0.14888356290192706 -3.8023271441065667
-0.3212702507233921 -3.142611890482311
-0.15960206273811803 -3.505033204568862
-0.12128337057722433 -3.164491509540321
-0.36266124347418965 -3.742739743413453
-0.39520591522109005 -3.1466204728938223

-0.23222399057551557 -3.2351298555303867
-0.2687606165038454 -3.1580266936360073
-0.22583068146027266 -3.7473281576208883
-0.2005301980306421 -3.624869943397612
-0.23369004644035216 -3.559719658631346
-0.31534365512951645 -3.703150836507995
-0.29681242675681163 -3.607643638018554
-0.18195154454107648 -3.7952307645868286
-0.17417422759423176 -3.150022070582976
-0.2169989854283345 -3.3869237707777518
-0.12308731932281952 -3.581379701435755
-0.27263431781952574 -3.3412388664529202
-0.2961443004783459 -3.5163637395681393
-0.21063368698448917 -3.2294918699480304
-0.31291196932654997 -3.173251336856671
-0.2962776356913215 -3.809623710770663
-0.23214025110291092 -3.4952985944613295
-0.1576829273199674 -3.6420289819263703
-0.35900192883192317 -3.3920021403026244
-0.2837197886192181 -3.3083457825726423
-0.30489247714927326 -3.6230801462926787
-0.2962418768933625 -3.4357021017963976
-0.13588358007631662 -3.7978102352678604
-0.10377061732737314 -3.5372132386719737
-0.11735801177389193 -3.5548063734671493
-0.2414154988798706 -3.6279578249891413
-0.3674655133325476 -3.4894157227342895
-0.29098777998782704 -3.2021548028454756
-0.21517600700860107 -3.2851469812698775
-0.12506271354377152 -3.8371656925825315
-0.3155034593747144 -3.7807120189603887
-0.10874864741967022 -3.6977221733614734
-0.24972661719586098 -3.700527868984196
-0.35224781861983173 -3.5881736683931442
-0.32521972812627425 -3.177729921339398
-0.2372508594993489 -3.3547501462180227
-0.34191564351693426 -3.4488307872156514
-0.3225464253756223 -3.791553029752106
-0.3996417413827904 -3.8710088082308967
-0.14873128856707835 -3.1819719878286583
-0.3610255351284457 -3.352359772958814
-0.17403189566738209 -3.6452269654173044
-0.1275834816292628 -3.279344587180158
-0.39479906506860785 -3.668336359113743
-0.10936820454659252 -3.2002137323242295
-0.30437783841702193 -3.246412323178605
-0.2993415814904492 -3.3391239063966305
-0.3035252817627466 -3.1537364380908
-0.12363776311151098 -3.5437515986818546
-0.21482024707277572 -3.800733864831325

-0.10935641802618351 -3.4867639797915095
-0.3435976307374853 -3.3995774660545153
-0.30006571439052887 -3.7933734720613588
-0.2325961705904689 -3.271065633588084
-0.23606116464289356 -3.529536675233856
-0.3834975048413394 -3.7801004606655177
-0.33503852547625107 -3.2947501656020153
-0.1054144673404781 -3.3434264424590134
-0.3302464926473446 -3.230559842100677
-0.11453652227054728 -3.2136282693976534
-0.2720383877013214 -3.1565418406127885
-0.28691065550814066 -3.3241625122362897
-0.3909762370135527 -3.4761941159137266
-0.15393110129442514 -3.5872527980489397
-0.12307927785892514 -3.6503198888644355
-0.2537847865044496 -3.6868611058329437
-0.20093532700740122 -3.823550379148137
-0.395187171811907 -3.551251125281343
-0.18546514701375041 -3.4753550995516713
-0.2331207433129467 -3.2390845539419177
-0.3411610403836127 -3.3959405991286524
-0.20800251039270198 -3.6185176499483362
-0.16694371430393035 -3.425879246932377
-0.34502303651761235 -3.673063647857464
-0.15303749984650492 -3.18591540671696
-0.23528066689060068 -3.7655606162611264
-0.25069184159928126 -3.22873100159599
-0.35579207987556105 -3.5091818515105944
-0.1416209698235168 -3.5882565422759267
-0.33606074764483096 -3.8014378256040247
-0.38669414585844153 -3.2763364370400114
-0.37299089656070006 -3.5468989779606432
-0.3862494853953824 -3.530218770005555
-0.1102042347193371 -3.5451932102569983
-0.3243989874380003 -3.8165374719106824
-0.15645411421711855 -3.550816876400653
-0.30979001765524516 -3.151827489500148
-0.35918429170869165 -3.6930529848364
-0.1559500415309001 -3.24676448788299
-0.17093592780169228 -3.6630061089534047
-0.16981528544372615 -3.3585440559347686
-0.35774042190918787 -3.526632910930515
-0.12927584203962822 -3.766065953148772
-0.1764089849146504 -3.5664189576785357
-0.3395382005372872 -3.5090452819806566
-0.3444033350442116 -3.5355488029884126
-0.1111753069864968 -3.4157621139372365
-0.29318018969139004 -3.7672693852353194
-0.36338693097373265 -3.14972024137801
-0.27201570353876375 -3.584700418213065

-0.32888015461761244 -3.273788780308277
-0.2833855879579603 -3.7274981091556354
-0.15343672316415932 -3.5533062581516557
-0.38504268433132494 -3.749473568176829
-0.34099148795007267 -3.533664442544424
-0.24665679194387485 -3.1668430892752104
-0.13138839766034138 -3.7685856172276178
-0.14454530934169996 -3.7546162635561156
-0.19292712166528503 -3.357659196694695
-0.10757026070665815 -3.2627218366189004
-0.29691088172093255 -3.7078069208181086
-0.32650730872517236 -3.534915057443755
-0.20132820508585672 -3.6482951334292735
-0.19445968305183328 -3.470415895968342
-0.2763336565921368 -3.467381476747776
-0.2045656191378383 -3.392275221236691
-0.3752553886870614 -3.2158198865874237
-0.1948268279922607 -3.579087157410446
-0.15184980846666277 -3.883267764425049
-0.22344794486012454 -3.8449441776375672
-0.21095583507709637 -3.573527592364823
-0.366746761014381 -3.8654222337367243
-0.2404253850767624 -3.2573971122842162
-0.23440234466614482 -3.2895609495517384
-0.3865722630822357 -3.610646091935928
-0.18424263944386204 -3.128362689433641
-0.3111655392338813 -3.687939711775065
-0.130115414196464 -3.851598785969762
-0.35589110294415255 -3.386431593264519
-0.37112729175406284 -3.2392372560775065
-0.3526791136663716 -3.6224951048739378
-0.16040162475592754 -3.7764591070989355
-0.18838629608189134 -3.5557693670432426
-0.3111660901831209 -3.524805155350186
-0.36600531756028987 -3.3350344603183157
-0.16670223412397167 -3.601437870379827
-0.3997618581443552 -3.8552361090117975
-0.38813193481491326 -3.3562542834688873
-0.1762852225797882 -3.159133935742012
-0.25210892886913194 -3.794456148151626
-0.10074267669360154 -3.4043255996873865
-0.3082204656363481 -3.5518961345477544
-0.3665744501604736 -3.79741858965544
-0.1830848289573708 -3.235409289601683
-0.16806466698242645 -3.860480559207195
-0.27383042138132924 -3.3592623950824327
-0.28901403806316583 -3.264392839948968
-0.14749283014073894 -3.151295803745774
-0.10506486159897621 -3.862120490594615
-0.15456169492568278 -3.72713737428585


0.13993065505500218 2.1011209073530046
0.08898775857916098 1.6195959495680081
0.11393549536052058 1.5935904959273826
0.1868099949193096 2.1702403446502445
0.07540922169930728 2.451088145351396
0.1919620002244057 1.6767541531046257
0.20154102591439593 2.420639036401148
0.1449238473762336 2.384046147635047
0.1723170025830819 2.1719845857227873
0.09126607199347403 1.7371369587678522
0.1647644961262978 1.647458795566183
0.09224492235534675 2.0803070952161744
0.0795723246874396 1.7035518419033329
0.13593129368076026 2.4136623051633053
0.11574043056175054 2.085535063608379
0.24909028130978245 1.7218833334034742
0.22628479005040214 2.4296085884312753
0.22559171472287287 1.989281006768035
0.15735062976875686 1.848947861641331
0.1806079296424199 2.4386100437851073
0.2174891438034371 2.219126624952296
0.07831428679527885 1.6508266833934409
0.16813285387026883 1.654797693527935
0.10423288509834658 2.284647242435158
0.07653100915689601 1.650513960433337
0.2461589105600533 1.962861644773604
0.2058463508010252 1.8999704481625648
0.19536861142563267 2.3418790718974316
0.21526837302617324 1.9797241679418012
0.12752822382686563 2.3837855674035575
0.22631294303647342 1.680281842176484
0.2283657654517175 2.3626893675039073
0.09105919565245586 2.0875850279345043
0.21472406954519924 2.2745819673375385
0.13779463101184258 2.2800773706738346
0.15345149015838394 2.19361476357535
0.12566381027102913 1.7994031384648812
0.16758033618965024 1.6879249882454643
0.19314144588750426 1.8834506230752184
0.09426759756664516 1.6997690665343215
0.2342172427589776 2.0474339778058637
0.2318591966248303 1.521575622175797
0.08006849156761786 2.4146671556593766
0.07853963499226228 2.1183021414163052
0.17760348246316088 2.0831702773373024
0.16228449729711644 2.262652468717682
0.11925483574349177 1.9041847345304421
0.12599043319264366 1.7124136846421223
0.18685113818593163 2.341815595308923
0.15778581521589047 2.1003390578175303
