20 50 20

0 1
0 1
0 1
0 1
0 1
0 1
0 1
0 1
0 1
0 1
0 1
0 1
0 1
0 1
0 1
0 1
0 1
0 1
0 1
0 1

-0.3723698875197605 -3.6037525932152903
-0.28918766989131434 -3.8139456912170506
-0.2911608860804677 -3.2625120850702625
-0.3930992837438918 -3.615180199292396
-0.3127649595708515 -3.2775449906462146
-0.3040274437218807 -3.59621905683203
-0.10217200798151477 -3.5976054918506133
-0.23882189665889467 -3.243247278918566
-0.28359066290353846 -3.5997197203877245
-0.1464697947670624 -3.382756493402125
-0.1469297940995844 -3.7006229289185866
-0.34917115109872743 -3.7813497671970606
-0.389576007278934 -3.410731650456063
-0.1513896087658594 -3.524694251379438
-0.10824837824933747 -3.68725949922085
-0.1633948437535176 -3.2419167325140057
-0.39948735177922423 -3.6652171226248713
-0.16465280759341677 -3.3974773715254027
-0.3801652383939312 -3.176947155954374
-0.361014326940416 -3.474038691302657
-0.2744901527208784 -3.563551361205647
-0.26791120538084245 -3.5103862323000095
-0.17066363752822902 -3.4272352923436777
-0.17128290165133994 -3.737529884784708
-0.34732483173370904 -3.520701940033806
-0.33286870423450715 -3.2634354171085493
-0.12086437584148013 -3.6152712841739496
-0.37973336220504816 -3.874190418839501
-0.19563231323566277 -3.8068517205050516
-0.2859990218343944 -3.7669225343411403
-0.2599728450392307 -3.4805550784268755
-0.3919207503727964 -3.2347823011326393
-0.3996929190113675 -3.8375930061539623
-0.13360135283401103 -3.47075563454537
-0.27884086551437903 -3.5362071958860195
-0.20810445908901318 -3.1642493975131907
-0.2787164408935937 -3.5215289208122056
-0.3152878609010046 -3.681589464496878
-0.2132472190299622 -3.273831717695174
-0.23227458936860684 -3.496704044609346
-0.12376115962447609 -3.7403822710082357
-0.1513903144859733 -3.7629967401487154
-0.2937529398401369 -3.4444713624755567
-0.33962964335960105 -3.6433191517633237
-0.15273442672411966 -3.7399813510184914
-0.11255516718217379 -3.5855298840889827
-0.3589686885107081 -3.6278813475037284
-0.3738029346412614 -3.3911590727119942
-0.27531064540544986 -3.376702094353715
-0.10593827221590785 -3.4513051734050753

-0.3058498766006116 -3.532805354310026
-0.1359903542736723 -3.8441010025980886
-0.32028119599233007 -3.1534887330201262
-0.21385941286198543 -3.2856097672499223
-0.130724204797931 -3.674692070209932
-0.33012642670280934 -3.6505889614709495
-0.11403048879419214 -3.3053467362173508
-0.3908276196203418 -3.8329990663455056
-0.3840319561165955 -3.7619573913624835
-0.22006702032010111 -3.525973563323703
-0.19348869328695342 -3.670459085027604
-0.25607407689836137 -3.4770602021711396
-0.17478762449561513 -3.749630146152794
-0.26533840022072774 -3.869412332904599
-0.2885369424824372 -3.670220114568185
-0.2958598871644843 -3.178857391994258
-0.10682047570414449 -3.277419469422977
-0.10242188192650448 -3.485094187979255
-0.30585153479321614 -3.663760168121434
-0.13423705123186797 -3.208838357711744
-0.14313506758072253 -3.122162438862162
-0.15146347890817755 -3.867121830251235
-0.3016702939809044 -3.549883474204535
-0.36666294055412507 -3.36358629795976
-0.14355828216092137 -3.3721273371070506
-0.18059926410893692 -3.4673692046132127
-0.16460110885589227 -3.540709169557182
-0.20902260165732356 -3.777142095623585
-0.2848242163584678 -3.4674389959530387
-0.3026669581663376 -3.872384596229926
-0.36831518132379176 -3.564722407619804
-0.2566954930833467 -3.165691721085444
-0.23869483042591041 -3.449572467470311
-0.13127726533175932 -3.2945543257296155
-0.2063459261788462 -3.351356989774613
-0.24049480346946298 -3.4482140888607082
-0.12807108686847057 -3.252778537578222
-0.27213096784648927 -3.3042682770319765
-0.19376955765629686 -3.8111050078533624
-0.263370904234645 -3.8794235114981808
-0.36071383439437066 -3.3189591462780488
-0.28202339962421885 -3.8164214182946754
-0.39780056701099925 -3.849299665979986
-0.29147570275055434 -3.323068962439164
-0.24460397477698828 -3.524813115878259
-0.39592641985605537 -3.413549819769336
-0.2642189435540657 -3.299260153724321
-0.3786475354389599 -3.670506415403996
-0.3732281768059219 -3.364524502281906
-0.3478336882032228 -3.330204525129616

-0.3090259991260071 -3.480169002166267
-0.15561838508121512 -3.607565004531115
-0.2075711538979767 -3.538438806956664
-0.24266988723893546 -3.470856607634622
-0.2740009286025767 -3.719052656206081
-0.24232912683166935 -3.1494003409450086
-0.2778893082211649 -3.8599333825763122
-0.2512347872335005 -3.769145413591638
-0.18782291256102793 -3.1244117363682626
-0.2567177062155017 -3.260017258202499
-0.18488633402932564 -3.679080997668581
-0.15388693390200528 -3.3879000982096388
-0.31058114098542977 -3.5379572501845127
-0.12197973842537996 -3.261550201565498
-0.20229016101450356 -3.8567526639488134
-0.2629917277095869 -3.858455409808515
-0.25197094946560755 -3.3247568862623416
-0.16646611692336488 -3.4269312109357775
-0.1636864011281601 -3.758078634011274
-0.3150876006942517 -3.8557318671117846
-0.30369185409262284 -3.5293748800391307
-0.22236448062932676 -3.5814772494910594
-0.11651630827793469 -3.7093115615154595
-0.10219351491593986 -3.433473783897055
-0.15649153587514308 -3.669839439359102
-0.25240602687940905 -3.394632165507705
-0.369677072645318 -3.7814698349600695
-0.2605712911246871 -3.4752509271896215
-0.3162842097424694 -3.2832297409236397
-0.3354325887262494 -3.7370397884154833
-0.2701208354887964 -3.371138683428412
-0.332312316334881 -3.6300904293278173
-0.31142858360674686 -3.762879035431451
-0.2714787995776251 -3.3080320814282027
-0.28008745964090587 -3.4177918704680623
-0.32996439404129246 -3.218870876524917
-0.3851028152544301 -3.3666015701306526
-0.1054479463541344 -3.5918397743894492
-0.33695270304673725 -3.461663228011615
-0.2110059795941763 -3.564640333721252
-0.31527190863765353 -3.299783481040123
-0.15362558335422907 -3.2499024743116296
-0.2825215103458053 -3.858136765961466
-0.3206601602623332 -3.70314973918001
-0.14910040257878399 -3.57373820976585
-0.20519153568811496 -3.6547777799406607
-0.18464736294553447 -3.185778953245392
-0.36606414278414273 -3.24594805327486
-0.3908480321872651 -3.3746399486730363
-0.39120653837013003 -3.267974206645122

-0.15403132586384888 -3.3217539622725676
-0.15470179091055494 -3.7435661529164523
-0.28906677759907395 -3.2775236702481365
-0.165723721579162 -3.2320565119048354
-0.25093080005149226 -3.4629768302418973
-0.38462451285731464 -3.440225456003864
-0.2600397335206681 -3.8022068591572866
-0.12860095233826763 -3.78025571898896
-0.3148306595539336 -3.667533024454448
-0.17040165608531932 -3.4755882277888093
-0.1180889832089611 -3.3584671721243855
-0.14834584954939495 -3.505998899697911
-0.19355569686055993 -3.4875657624519993
-0.1464793573463975 -3.4325663075741897
-0.1912924827748473 -3.6640281567106894
-0.10408370489146757 -3.281268848940946
-0.3991841345451584 -3.1736009274925965
-0.33910759438514837 -3.2927660958199927
-0.23993055964940976 -3.813570853665027
-0.3783324664850001 -3.620595954618432
-0.2400198258051832 -3.4867288325779056
-0.11914559022131588 -3.474471280477775
-0.2878560957829214 -3.6148226360042823
-0.23424311072774373 -3.372979185995523
-0.1886261802539466 -3.283611786435083
-0.13401086739520846 -3.4407489184126465
-0.13050684780898297 -3.2178728208841276
-0.39895869443135895 -3.8800124968820944
-0.2648485201390716 -3.3120342439293156
-0.17047881561611483 -3.813048926942217
-0.36649539058056524 -3.4401810220678612
-0.10458557597289247 -3.274818716783055
-0.36205004963580983 -3.191590448062021
-0.20594532157727446 -3.1651493054749134
-0.22232397010910768 -3.262860840576166
-0.3890475554254266 -3.2218103977504597
-0.3874787142805826 -3.694205209085091
-0.3328248298005618 -3.307609260271527
-0.3515424121946841 -3.7272288262194966
-0.31760247401927955 -3.6194451857045
-0.24119440327735425 -3.7188839426609954
-0.10500427616880675 -3.8099407946360206
-0.23805542159287785 -3.1285007182959457
-0.1267379238705716 -3.823785402045203
-0.23335452672638662 -3.827319151036112
-0.1764069513274573 -3.253750199737689
-0.13234020821669662 -3.8664337678440726
-0.21602385697263815 -3.1221907541333267
-0.1846476559023498 -3.5737677365526936
-0.25586748125536873 -3.3011898463402005

-0.23232948260110753 -3.6747966630190114
-0.10798126213955395 -3.5794985590671087
-0.19102029388267622 -3.7080404693241826
-0.335473427137047 -3.8155780572277065
-0.24735905419085055 -3.3722913595404416
-0.20340657865384057 -3.762216240655486
-0.10316503099767227 -3.7631358970470243
-0.1666887789366154 -3.8280523086463085
-0.18341177209438103 -3.323504833354149
-0.2819260925901051 -3.508608175499646
-0.3198652504128801 -3.233956277814966
-0.25178954594162894 -3.408432716233181
-0.3185926835315034 -3.7125896830199
-0.17702658221604944 -3.7299676619723443
-0.17863820311822615 -3.489560406104572
-0.3516565296602986 -3.742654459141731
-0.16047007496352675 -3.4059555960887806
-0.255822408391397 -3.748256828295982
-0.30014443479846054 -3.2421591627767485
-0.39472271127122255 -3.6612731956909776
-0.28096087842695283 -3.2762032900610785
-0.3216459320816343 -3.47055689496639
-0.24276012677079262 -3.3225067267142716
-0.21410302850336868 -3.7319419748039198
-0.13972881539415377 -3.4207830921854363
-0.17324431622615724 -3.3903795785195756
-0.16489125310953207 -3.398588577013057
-0.21980262401492756 -3.300867152527986
-0.10401126147039752 -3.474940618635382
-0.10518474280485063 -3.2195135783285673
-0.3180910084233011 -3.6927988299304286
-0.28651605303059524 -3.2626203082450775
-0.29966668833972687 -3.7750840496521194
-0.339135953137244 -3.358735749682758
-0.10324483501826753 -3.1549758190441946
-0.3420856487986045 -3.2133923649609857
-0.2518381454901426 -3.7678882284204662
-0.3984277593029709 -3.5214149395439205
-0.18684738554821761 -3.85603008000147
-0.32221228167208715 -3.214005368707724
-0.26945988991175107 -3.252649043008788
-0.1973136845417193 -3.6809181333528684
-0.294556201215411 -3.287798973421004
-0.10876923317731674 -3.7096743400196077
-0.24547688585313718 -3.847606480132817
-0.2670323862173777 -3.2665831019888296
-0.10448057738932237 -3.565630240468656
-0.3193903063941417 -3.6739826682012104
-0.19883275484745788 -3.882159036516713
-0.18536095291599639 -3.3103075221965867

-0.3940671776180433 -3.5601437562600164
-0.1529788132433056 -3.5721126978868183
-0.32302114943216914 -3.5954897506842816
-0.2095213355816397 -3.868879069507683
-0.31194177537935597 -3.1519765298303595
-0.277319437171907 -3.4818892994061783
-0.18741339036400306 -3.656776032284336
-0.1025686671493195 -3.127919070684902
-0.14453240818271623 -3.5450416203690494
-0.25496534459750586 -3.3074817531610776
-0.29895689092786604 -3.275537429475979
-0.3347077002429666 -3.6657593654325176
-0.2832738993199714 -3.24218704992526
-0.10839755835781789 -3.6315111233587642
-0.10574690205525167 -3.629753153510406
-0.35966538156560035 -3.5731433793938785
-0.26932602709601305 -3.3208122444185495
-0.2417271341532024 -3.405045686267835
-0.3609245445200863 -3.2511001287641994
-0.14513143595256178 -3.853720805882764
-0.17402506159247788 -3.13097778162919
-0.1446057584481774 -3.807659304424994
-0.3407477436125982 -3.758492803117059
-0.11751607433312566 -3.639547168103117
-0.34496015123742374 -3.7514957310191757
-0.30683842974498704 -3.351075266885227
-0.18446668124572888 -3.72783042864743
-0.14107961194878643 -3.322831209685422
-0.3008509865696108 -3.549489266725589
-0.25613274303134115 -3.831556508201697
-0.28550473126697595 -3.2396852604329682
-0.12073759865227374 -3.8112014807357424
-0.11829847954934425 -3.6896016510571332
-0.1992877193159599 -3.3344261460183287
-0.16802574402261142 -3.8216407969505766
-0.2499130075518846 -3.884421391675752
-0.3273988940845681 -3.3857612395804697
-0.2676757811478255 -3.2191626168163845
-0.23373023922285463 -3.7431835026351377
-0.22684483214878906 -3.133885778063641
-0.28586085436690917 -3.4460224679286626
-0.36916519889001076 -3.5489254631749287
-0.1744568018959109 -3.859035875492897
-0.10419260804590824 -3.3131287079769103
-0.2431053410341925 -3.3372418575211342
-0.2539760652544548 -3.7629826407728095
-0.12809416860485973 -3.4010112931186964
-0.19471508100684629 -3.202261985028021
-0.26733752225997165 -3.7304413571936674
-0.13222934351129983 -3.605357981066285

-0.3275724180544112 -3.5457688786207164
-0.1840053970815152 -3.287920727479287
-0.21131961327231677 -3.1868490054095466
-0.11033990684239753 -3.163939211913368
-0.14548024815265848 -3.648699962001903
-0.30455230282006723 -3.1671610330289264
-0.16614300990243766 -3.595104220053405
-0.2484868502131801 -3.865987368736082
-0.11711356923403593 -3.4594101990857355
-0.13579133938588994 -3.832881697538101
-0.23986653641652306 -3.2871324834935547
-0.2189281495014802 -3.7575339131621455
-0.36971235525723 -3.641738684176052
-0.326228391279619 -3.7701281671818356
-0.1983636791742337 -3.2199286657752118
-0.26052835185876183 -3.5340616383099417
-0.25569660913333436 -3.767933435623105
-0.2056376528146339 -3.6822693108617965
-0.17654382228879192 -3.275724653003679
-0.15361309738147946 -3.831583882912975
-0.3471719044882398 -3.7232704325263923
-0.19066837317855168 -3.259427099253248
-0.15817334978144604 -3.348611286404442
-0.19907594932100492 -3.6965293004785793
-0.27795856993482954 -3.2439399424646176
-0.3728917213834987 -3.6100321063616154
-0.124068686012823 -3.7405089045244235
-0.14724501719104816 -3.4766106338013705
-0.2763186108322801 -3.469988385262507
-0.36795960627575885 -3.288725552245079
-0.3171530294984434 -3.830785423045829
-0.14869636481594983 -3.137908682804484
-0.281328608473622 -3.302958322181358
-0.26014495963435547 -3.2732269377663235
-0.13000046072320748 -3.3946287010297147
-0.2609038161553696 -3.2067368212713006
-0.16758608340819436 -3.3024252918209913
-0.3650424589572206 -3.217396663830366
-0.31598853950293304 -3.4700568430109446
-0.30311354840829596 -3.554091228758128
-0.1335508423715832 -3.878669426005215
-0.18355305536667818 -3.5867586003526983
-0.21020395149462703 -3.1461988961773018
-0.34324444446814706 -3.2046269143218904
-0.32226311160140286 -3.223396682480841
-0.2726671422960809 -3.4463882022629546
-0.2604759247044621 -3.6891055775623025
-0.29457671635023625 -3.331439324703787
-0.13230184997672761 -3.2949652617007272
-0.1200037940418004 -3.510328553890496

-0.13559535637078513 -3.263777426979656
-0.2809241213987518 -3.133347318045767
-0.3755825179118392 -3.3248705485932772
-0.1675201569414035 -3.666857757204264
-0.2783038246770495 -3.1639623171338522
-0.14634285198527647 -3.870919156036207
-0.3221142786672516 -3.2886598994770644
-0.25086323995220766 -3.2704083334057508
-0.10240793985369911 -3.54873947819452
-0.37597956347165057 -3.2477309065461997
-0.24141578992087626 -3.2327876490727334
-0.12799167771268505 -3.183965087791402
-0.1849951430098798 -3.4036882420723242
-0.27076448319970225 -3.81170675078645
-0.16165352120790485 -3.196635368564327
-0.3721350173539243 -3.248594798650701
-0.3682756348283973 -3.748939802208576
-0.13290631636491412 -3.7130107454626553
-0.25678912451334923 -3.1965675544743295
-0.15331002572596622 -3.330947015699453
-0.1916985149969073 -3.567227624349745
-0.1915942228314468 -3.775504416465556
-0.11146613255064847 -3.6164255984122318
-0.13654672895001696 -3.640919440300898
-0.10715244749842051 -3.5684902377459746
-0.10382913967553797 -3.3077113630145614
-0.26895748906579087 -3.5520452670026583
-0.32104168579325676 -3.8072337058756633
-0.2020634876172058 -3.2753035115181093
-0.13096663987875506 -3.156495600273809
-0.1158334357366867 -3.3913854550953944
-0.14464127226764628 -3.557538110609176
-0.36576133784739906 -3.4316895082772647
-0.27572244579675953 -3.421398943987021
-0.1673821468794882 -3.261508198250663
-0.3517484649461545 -3.251252448356085
-0.35884153590926954 -3.2668163653254654
-0.25429885103747263 -3.1196577537867403
-0.23173130420295732 -3.604205278775906
-0.3421589322320728 -3.6657030963055197
-0.14023825957945346 -3.5371698845345256
-0.12283458883735399 -3.6834642846929624
-0.3290472817674307 -3.5592494543316695
-0.3430668453506297 -3.574657308083039
-0.23455411079376792 -3.4385845311186634
-0.15371594130503607 -3.7386058692285573
-0.1442107961592185 -3.3522605184829297
-0.2916375763088014 -3.810802704968956
-0.1336642526234914 -3.6445047719116284
-0.29585773803452353 -3.5787875970873344

-0.26031012101063444 -3.576734505436829
-0.13469844199037206 -3.1896483524504657
-0.39323192795593365 -3.63817172937498
-0.10726661213147953 -3.4007137693395686
-0.24455547300963754 -3.3229340181838136
-0.20970233969041274 -3.4514521515545473
-0.2172291922296709 -3.803486866399168
-0.11032638126139438 -3.3733085040139916
-0.2916686119339623 -3.1578178357360325
-0.15497503324099363 -3.497541535161929
-0.15763907704732324 -3.5527976632520546
-0.20990771566002672 -3.859052699149224
-0.2105198797014709 -3.6412398504398933
-0.27986420620759445 -3.174014872968928
-0.1845316341994191 -3.3187306453772196
-0.2242712144299266 -3.606181859897444
-0.18801557673946503 -3.594602707697783
-0.24559240901935836 -3.326815989578721
-0.22641817910450487 -3.374804612609435
-0.18322718935604304 -3.5739308758964032
-0.20067589572708075 -3.839026030550309
-0.35338468803838613 -3.764331944143616
-0.24492719986955272 -3.465798764780941
-0.21613254933654566 -3.863662549500619
-0.3073334105126223 -3.6752125557371595
-0.34573162299222526 -3.436261914685303
-0.3617096157517041 -3.8595279235040882
-0.10960505302447132 -3.5257064068557296
-0.11538356629266294 -3.887001685256562
-0.20590664198922648 -3.340677480082967
-0.23252773447055564 -3.205778330898471
-0.27013770268741943 -3.5367330600034723
-0.3047434185287827 -3.151433880010712
-0.3815682575777161 -3.23269515776002
-0.29709465972263416 -3.5626106244312563
-0.12130706674775127 -3.3968462820525334
-0.38274498994255596 -3.6873753648999625
-0.275528755423778 -3.604003098047261
-0.18477990591125565 -3.5222423905265723
-0.38128420920242934 -3.6753315982834875
-0.17480521572743063 -3.300560562864507
-0.2306927002636426 -3.49621900600569
-0.1320676356250961 -3.834741260317112
-0.29537970000229286 -3.5245325871216466
-0.2602726736712869 -3.501419928856288
-0.1059375062092458 -3.87333823352079
-0.35882982554371856 -3.677132832956834
-0.3430886802112961 -3.545309644804859
-0.25017160617961137 -3.652540799003273
-0.35104490563849694 -3.5828258761011758

-0.1289836483720183 -3.311769958920173
-0.3678380730244273 -3.4636331040607575
-0.3598492992072955 -3.728183826087624
-0.3752181792913454 -3.318614722302331
-0.36953570397035373 -3.5207882549840352
-0.1232479557216114 -3.5349942700884665
-0.28474017237364074 -3.299968231382339
-0.2558957849594903 -3.3851606282704405
-0.1463925172579415 -3.1360986431932583
-0.23202240670060453 -3.436573680485685
-0.1844291839798336 -3.321106050048943
-0.3759076995295762 -3.5759477152170223
-0.1100608998603691 -3.857649481055761
-0.15405691045634526 -3.595389332526681
-0.35809172771914294 -3.445903323088661
-0.30013811769905985 -3.4450544248738777
-0.22215984849353335 -3.3039465457402013
-0.16148811552336004 -3.5293230272068037
-0.24571003637615257 -3.142860264141175
-0.1789938808240375 -3.256554603337546
-0.16513680186103802 -3.7259836594463174
-0.31775017122494775 -3.8765814107413843
-0.2591251897639845 -3.476364871017207
-0.35843876743478736 -3.245178728506911
-0.3844622397507907 -3.588811530299951
-0.36066774093007997 -3.2215369286421502
-0.23181485970259647 -3.671091804817336
-0.3430834138641656 -3.508530263244932
-0.38017213293490854 -3.4419635451922224
-0.12790288941158634 -3.1618283959710354
-0.36170146124597785 -3.829628184917003
-0.38314764498509196 -3.683941985902337
-0.2676327002620156 -3.7264217148537395
-0.38491575582725646 -3.772689132306603
-0.38691305646515506 -3.832843062210254
-0.19709461986122748 -3.2563409042172182
-0.10626969401121222 -3.197997293238144
-0.26570653573740877 -3.7882135364271896
-0.38779067911310233 -3.818783103470917
-0.34700991625464955 -3.4861193565511748
-0.20273927889562857 -3.5205614703688197
-0.18958086433193097 -3.527956453023439
-0.2563960802647782 -3.2565026790920673
-0.15015812447587978 -3.4719527961646444
-0.19181426217362602 -3.5353385721585773
-0.18770350341374797 -3.424173382322848
-0.35031477659646215 -3.8838821816344278
-0.32217884786391515 -3.133492569979896
-0.26697294071805266 -3.5673435744320625
-0.344260044263416 -3.868487336032337

-0.3650825480951547 -3.7808583050998568
-0.27401353829436903 -3.192063252039475
-0.2618884301812986 -3.6557006927125815
-0.2771658035887379 -3.737790640480373
-0.31045072159834225 -3.723460985020895
-0.3078432799021099 -3.289935058944618
-0.16373907463421317 -3.7314429945527867
-0.3417158059119323 -3.66866503646312
-0.3983829216630057 -3.871738291308753
-0.3854282379464177 -3.8647429170973915
-0.11043474866948633 -3.2535710160870406
-0.34398544270013476 -3.3624517851927456
-0.10069101323202828 -3.500630004827954
-0.37881678255539414 -3.5969971204108737
-0.3624961660462831 -3.12580657247475
-0.22933106865436 -3.259634436774146
-0.21136207330848195 -3.411269378936693
-0.2628796769049937 -3.3069822871548453
-0.2907796217290439 -3.8666918206193284
-0.1904184305033245 -3.2820643707393105
-0.32802357113069514 -3.725892133588647
-0.18269918044682493 -3.3756014079707315
-0.3912679274456928 -3.2929126911867685
-0.18575141973058246 -3.1932901058742105
-0.3358701355618179 -3.6639751774593674
-0.2062371544140564 -3.588485052116764
-0.3118646276150592 -3.5677940138227378
-0.37907636385118837 -3.756732490299556
-0.3480291389703296 -3.6144825646983865
-0.28010898058661915 -3.330433087061406
-0.13934876423891301 -3.529936865163472
-0.2894863804486989 -3.7539364949196985
-0.14024593172200905 -3.7533618991879303
-0.3032362638891012 -3.633055795077432
-0.3795263203009302 -3.633043644283741
-0.3033798930277053 -3.3024157683623745
-0.1962926940036114 -3.5919169614322026
-0.2558188296104911 -3.6845175195720556
-0.25139487339911853 -3.222440096543731
-0.25141020830789296 -3.3544430812604573
-0.21719767444594365 -3.881449048647315
-0.13970139877769316 -3.12780479262553
-0.2902879993988367 -3.4906600488302963
-0.3677689136478812 -3.327274079751383
-0.11090539942710798 -3.682832825646254
-0.28229946260403427 -3.5255076299194466
-0.3684424757425154 -3.3130979883761884
-0.13125520888174202 -3.8239428524617973
-0.2758893085464552 -3.1846942096167297
-0.16931465840807114 -3.143203072638421

-0.1961929359179558 -3.3034955741916323
-0.30443263195528997 -3.4977400301773542
-0.28302466009913485 -3.355073527273802
-0.25214481702867925 -3.2824913505784696
-0.2363380547654508 -3.2705950077532773
-0.36266044577187917 -3.8642530615683643
-0.17407753789659713 -3.3079030226634942
-0.14746967777449727 -3.2958368847477755
-0.2765459465207934 -3.6549225735854396
-0.16121985469974404 -3.5563181709554526
-0.3745586508735853 -3.405432133289975
-0.3902752968736179 -3.4385305596428206
-0.2567986528774733 -3.4154178303669904
-0.21512868786678072 -3.786825127467297
-0.3882160437740476 -3.407827406673345
-0.3403915743010567 -3.137296468572059
-0.2754470250727161 -3.388093716097151
-0.22715651426957445 -3.662778747540412
-0.3560026677301491 -3.46191102847213
-0.29934720757476263 -3.173107806217582
-0.37162559112040405 -3.417778532733739
-0.3544901152192529 -3.653221945616108
-0.284514048168192 -3.435317642772869
-0.2471793269070558 -3.8497727075543864
-0.301653184884032 -3.858525984039453
-0.3020680765308926 -3.5170452344117726
-0.2690744056749341 -3.2509493966202037
-0.14188475481057122 -3.3200557485188984
-0.12578406814155518 -3.782064662233642
-0.35564039479348086 -3.6421020145822083
-0.13650537420702746 -3.670084460664947
-0.23853752325531358 -3.26139761207297
-0.19508722439752463 -3.4911389275148115
-0.1145368868852068 -3.7380380483305102
-0.1516312729039765 -3.784474589483211
-0.31037388386351 -3.2844620082621896
-0.36301728166703134 -3.5025018941634123
-0.3957755689615105 -3.755223311263756
-0.26872944248233077 -3.200606913225077
-0.320059079977536 -3.5981678533298114
-0.1164561014313677 -3.3780872880422304
-0.36070312325900444 -3.3211824385988824
-0.1226280921006705 -3.2489942481019862
-0.2727647263404354 -3.17224888197714
-0.20880550513006993 -3.590456461073931
-0.2341509368888997 -3.6440127799826456
-0.22022876989265852 -3.6980517476166304
-0.3994312980576476 -3.7469964065282917
-0.3225440909700053 -3.24581984661404
-0.2606893726432199 -3.5234100416825473

-0.21743305671146543 -3.349943173400199
-0.34788675569090227 -3.753854621277021
-0.29990881059583385 -3.6157971361984926
-0.16084756473366352 -3.151858375525962
-0.3832784284111682 -3.860669870679139
-0.3681906228530992 -3.248285424173532
-0.3888753065112987 -3.6338375922878448
-0.36178442122717586 -3.17519275303194
-0.28610498248920796 -3.4758447319694277
-0.21796487300139591 -3.4849973242144383
-0.35500983098719263 -3.8037461476937295
-0.25380765292836005 -3.4103703360302813
-0.16812720893515087 -3.3588968387985902
-0.30539148382134007 -3.2525007240138852
-0.30877656344336113 -3.5133680860188123
-0.2081272839086639 -3.2385903681940915
-0.2899552722031733 -3.882632960477541
-0.3292437088006424 -3.7149757547335636
-0.3861375811632705 -3.7628366096507833
-0.3801477114988701 -3.651152182983247
-0.2873120819494548 -3.5692816704866637
-0.18344055683915078 -3.6485605879477916
-0.3095033459352071 -3.56646311061938
-0.2831381654124678 -3.531922549033583
-0.3084977761940177 -3.599643901593247
-0.3923801236143315 -3.1843539109380607
-0.12481413244974637 -3.15759438112101
-0.10275398734056113 -3.2148188535320723
-0.28972787795637456 -3.7731894082961794
-0.3930184885982705 -3.7534393867464138
-0.15985304957926894 -3.185156397429271
-0.20318700787741123 -3.8689684694025086
-0.3973394288136124 -3.278148854128358
-0.12481705301720802 -3.272887713009937
-0.2864290264170306 -3.748172776541215
-0.25470924219427515 -3.562714686165268
-0.1094082197788313 -3.341392406452852
-0.1356158670934473 -3.199141903551273
-0.22152590399437672 -3.787245135282146
-0.31369972747565295 -3.40120838296562
-0.32734709924301175 -3.5129457353190103
-0.3937362311196554 -3.221328826986249
-0.3894746270681204 -3.856438188076811
-0.3491397374775089 -3.126937225092181
-0.20697364239601843 -3.6113023737119097
-0.3766236628119123 -3.729783181149467
-0.19923457579448728 -3.2657585452649918
-0.10773496291046886 -3.8075056259684112
-0.17344981743574567 -3.2150860250013684
-0.20970813256274354 -3.457473536482099

-0.37169600988295487 -3.6625371662157074
-0.12503713235979957 -3.1961988211337697
-0.254413336028141 -3.43348639691378
-0.12518100889229322 -3.455622948236518
-0.28027535748632126 -3.684517467601148
-0.3749762899039228 -3.8609047828785186
-0.303962254941856 -3.4490104566407003
-0.3829077165248058 -3.4854053277179307
-0.19012131926296538 -3.5646191285466986
-0.26728651436025397 -3.8803899492010347
-0.13781733908983707 -3.7894767978859547
-0.23368368380535257 -3.7909365328053366
-0.21870167260088288 -3.610818866727054
-0.3901318585526468 -3.7995561756932323
-0.19844246905499574 -3.655816588804761
-0.29631008668154113 -3.3952265606515
-0.2665959325015429 -3.8324779351694946
-0.1419256288379777 -3.855627221137132
-0.2678149838047906 -3.8787566908817444
-0.2676168469885461 -3.3290311512198345
-0.3691656860924553 -3.6666306259237036
-0.171173330977196 -3.4225990745230135
-0.28031935589187007 -3.700295550934646
-0.1120909434528099 -3.726723694987152
-0.3030146300680719 -3.459251178119072
-0.36708266805569995 -3.6081338606535462
-0.25958690330045686 -3.5849364532419696
-0.26319905463815363 -3.79291262260181
-0.37156258482720433 -3.4183505074273697
-0.3941685947540885 -3.2136990986767087
-0.26200122241531226 -3.8676360087456323
-0.3705818160493861 -3.1733729206943195
-0.1856096129907446 -3.1801970227883922
-0.3717859440119068 -3.8204566439180274
-0.1811276911382012 -3.3150493751149717
-0.13137973109662693 -3.3412679730701793
-0.17179168902234893 -3.269632231125089
-0.2793443860012352 -3.738112164555792
-0.13293113559274083 -3.3928176522760167
-0.30045886431554886 -3.745583896588411
-0.213122925661071 -3.4255442451204963
-0.35677284581042035 -3.2557639949727184
-0.32940345326182013 -3.1251257644300985
-0.200254698593215 -3.6896266102808624
-0.3610446706860561 -3.713662260830195
-0.2172494615146762 -3.5984387345123703
-0.10106135917887066 -3.8406771224008827
-0.33372403419072394 -3.405438063370022
-0.3024630310646262 -3.373150913504173
-0.13734057049428133 -3.731825358391619

-0.23961273122517976 -3.6792660562901696
-0.2990117024025705 -3.4298477081828023
-0.11629505744680813 -3.800228559640987
-0.32640516384065676 -3.2932573931989326
-0.13987744616623055 -3.649617866297114
-0.2055869690757822 -3.58364615860534
-0.3943056529047089 -3.7525371582062537
-0.2078591601559449 -3.357902478439871
-0.24489668517104451 -3.3191863912596347
-0.18901527153857522 -3.5112580055956415
-0.3838745580702717 -3.3519026220378807
-0.33609601380134296 -3.6076065655277896
-0.32464540855486673 -3.721973068602619
-0.24851907444393162 -3.142123523014804
-0.3460993380502678 -3.691571287020169
-0.3589935338607241 -3.5114640215543353
-0.34522724832075447 -3.247489429375358
-0.10826846437174148 -3.679100843790936
-0.26709941328924786 -3.6915996803369087
-0.2669673939541846 -3.4967886267451833
-0.19491422041718653 -3.5993862125648706
-0.33078271252807023 -3.131365527106528
-0.11146334247267536 -3.2489741565683827
-0.2892015000997927 -3.2943873668164256
-0.1537248976251104 -3.8654476812612
-0.31308773003456214 -3.2761696278118437
-0.21014843677158154 -3.813149551075066
-0.1721613542524716 -3.5710940810623804
-0.23838938377107385 -3.191854355603399
-0.2516526322312868 -3.250446690325165
-0.1599948215076228 -3.2938842535307704
-0.2758316235680364 -3.471357117938311
-0.1773845432612716 -3.3205269911780695
-0.3424691789597924 -3.5349831931462616
-0.11058682549704352 -3.5411501708872386
-0.19221403709335727 -3.171811087407505
-0.2467681708109123 -3.520243454189291
-0.31432566591114675 -3.7136520507772546
-0.22317226543930557 -3.1734217866775176
-0.3231852465779229 -3.8255354831383066
-0.3924341588013678 -3.7595148368405114
-0.355311446577642 -3.84341719979877
-0.12388273605698297 -3.5915673076311037
-0.33854247560326095 -3.6965042985820444
-0.2855614606810062 -3.268408257339086
-0.31785122242230723 -3.6607594320834784
-0.33380379459940834 -3.558974597550566
-0.26730511256316974 -3.250590323349341
-0.2798511512390372 -3.309495342720859
-0.2358654555654216 -3.806079696739737

-0.31212401186049915 -3.730415438559548
-0.20415197297394364 -3.244343106117541
-0.3137495908330244 -3.819728877904754
-0.3733564853377198 -3.7812232421632426
-0.11810860476158297 -3.245831870594515
-0.21000673836394576 -3.6755562269252287
-0.37222117334756427 -3.3203113106191333
-0.36087461456216946 -3.6807320371100833
-0.10794560474976694 -3.7532788319216013
-0.1936117636536899 -3.8752616673130946
-0.16376641585462956 -3.307551307305488
-0.36370091848482916 -3.592801259490766
-0.12536439912984526 -3.56082506504396
-0.3137220871686115 -3.189635413021888
-0.292584071907024 -3.1523390172638193
-0.1188975769434823 -3.3044987261500243
-0.13636318409768194 -3.2870988216278727
-0.2881037543226417 -3.272042188039462
-0.3421944245407361 -3.4660283838706287
-0.32993887204278205 -3.8817598513345652
-0.25158504692305056 -3.6678598393846507
-0.25318454987249045 -3.629908044949669
-0.20346127129103833 -3.5951265989164023
-0.15320320495493372 -3.7911641528427755
-0.20597243753132186 -3.403298706710304
-0.2765891949708905 -3.284364574545088
-0.25611776527864294 -3.528645413933165
-0.31940337272111763 -3.3540575335564173
-0.34731969789748796 -3.2918603244419518
-0.2736339979100695 -3.570465499332555
-0.16913353038332102 -3.776840048308129
-0.19939524248444007 -3.730721874897723
-0.1134666418663885 -3.424095894181947
-0.17848121078579196 -3.494080879667214
-0.17223968952933355 -3.82230907825956
-0.25510555772401344 -3.3587880282396103
-0.15616275369382598 -3.1649375917096156
-0.17202142917095417 -3.2022182395147984
-0.3831678694749161 -3.671774147293212
-0.39996395133743934 -3.2087466348035636
-0.17074799988254713 -3.2292301946253716
-0.22326364752253502 -3.637523924122712
-0.3066300913391454 -3.5489143240459855
-0.1733969736234674 -3.664767460685148
-0.207934593849536 -3.194835261385688
-0.17013086507433003 -3.218951541696067
-0.2532365200633031 -3.3836248495960173
-0.36008211454479644 -3.7488658815330944
-0.25994462291094855 -3.710583250218618
-0.19188412160385981 -3.2798548615443206

-0.10529436543058096 -3.657451626714231
-0.2493223105939466 -3.3621133121807816
-0.15173134022603565 -3.5155762027143336
-0.3719542434995835 -3.126958888547385
-0.37524045695894337 -3.6892742675588157
-0.1786198372100282 -3.7399900243032165
-0.3628078625829371 -3.232165069815825
-0.32051109141144013 -3.1904907769847646
-0.1424656649535357 -3.426620937769111
-0.2449970835174462 -3.273173422220628
-0.32565905204396217 -3.800025831348498
-0.3007821015388043 -3.4781718060951707
-0.3772843747652754 -3.513522479039317
-0.30709401918692525 -3.6293570361994223
-0.13611399184989914 -3.483839322799372
-0.16525164678563986 -3.639129808776551
-0.1141442299247768 -3.838133369909817
-0.2980851926785546 -3.134063703478173
-0.32123288078049306 -3.2872079579504874
-0.10970904734592618 -3.8257843991230103
-0.36955241682295814 -3.1632249473161065
-0.1601680647996401 -3.847306022127267
-0.37348176073953027 -3.156439050858251
-0.12206944118518037 -3.7041599734614534
-0.1475372525578586 -3.861595227308569
-0.15316369318013107 -3.4811071575405013
-0.10318538485272899 -3.4865841206287795
-0.23029445620257658 -3.319581996270114
-0.18530009023339128 -3.8763883594364215
-0.22443711512883785 -3.615631750637252
-0.1032657199344364 -3.16231593589347
-0.21591259404407545 -3.8061366745911935
-0.11894991155719858 -3.740322999657915
-0.22509686358533268 -3.7373643869472883
-0.20795719405466936 -3.4163740930377724
-0.376453232450089 -3.820598748945752
-0.11291271800048042 -3.774788731237468
-0.37334886022625785 -3.451338309642108
-0.18310294307441893 -3.5897094162755177
-0.27546949445679797 -3.850239259055333
-0.2969490330471631 -3.6461631651902255
-0.24601365730602268 -3.607858687426014
-0.39125223621587724 -3.8593625372445337
-0.1795899737268289 -3.7439644126497456
-0.21133197742034096 -3.7164311264116026
-0.3775529496890206 -3.557383642817152
-0.37956320785694886 -3.329881487297669
-0.38018452076511444 -3.48233985780352
-0.17300973288143146 -3.426721422263376
-0.2625870730690716 -3.878442368166467

-0.23676015617782797 -3.636219315407188
-0.3601573627123034 -3.577704133579508
-0.24168179860837757 -3.4790804776974436
-0.2141613035578309 -3.3362288598559813
-0.3420693466987745 -3.837117774948985
-0.1294163677202262 -3.3123626467787286
-0.1525330034867831 -3.351738112496873
-0.1460613571194705 -3.8515251893673126
-0.1286967071787059 -3.4705449588375363
-0.39536794811878473 -3.25612814711437
-0.1308899336569404 -3.787832178715435
-0.23134638562275753 -3.405431447605308
-0.2780234258719791 -3.851588049312513
-0.31551549015056485 -3.519323191023971
-0.19938751370069374 -3.389777513879753
-0.3392639124561746 -3.7043890740888448
-0.11679799173551408 -3.4494094996164777
-0.10440041600340244 -3.4120132596251214
-0.11196957387596529 -3.848473241713647
-0.24475111198643362 -3.254821446318026
-0.39918734343933787 -3.18378650983275
-0.3622880049236519 -3.45519949086823
-0.34876017779188195 -3.352897242509827
-0.23537811760931354 -3.1370066243666175
-0.12589476204398198 -3.3687965346455484
-0.3478041010229662 -3.2326302648559713
-0.1564749613162358 -3.577215337696321
-0.3305107504966621 -3.390068644976528
-0.3109579554276054 -3.7962515899397236
-0.1311164764767631 -3.5391558666358733
-0.3487578751362657 -3.2628473038314514
-0.3455428809389132 -3.7320969232456616
-0.2913174003063826 -3.724497819144774
-0.1700299290118492 -3.5814854624333687
-0.15189823844486078 -3.5591745008894957
-0.17229714384897232 -3.855697919571059
-0.3249288032781611 -3.8863566446821203
-0.290117493677817 -3.8813398124696534
-0.23092822737563143 -3.686009881957917
-0.11469544497334377 -3.589480485166012
-0.30133059463786405 -3.3381123811165203
-0.23792424148704328 -3.8140763569749323
-0.21885503387489685 -3.4394057835830214
-0.332568028783077 -3.3568246933173413
-0.3524269218200142 -3.1824426784630697
-0.3081464597561142 -3.8728740952447724
-0.22074879777356232 -3.216557770970835
-0.15224636854849052 -3.2409033889839383
-0.3417903403208801 -3.7475716500620955
-0.2642338272215963 -3.132204328474646

-0.3009464231245819 -3.633912873377924
-0.3530512300232771 -3.878916982555206
-0.334395671027905 -3.287133231057331
-0.12346512646828356 -3.7733064243054857
-0.29366629651327375 -3.3593422761168563
-0.3826196986996915 -3.864089882579129
-0.30778386936958263 -3.8686633284808085
-0.19713349935279129 -3.246863240735016
-0.19110310484156653 -3.609241298329708
-0.36970959625280203 -3.5848649220697273
-0.3200776297045714 -3.825490248437591
-0.29578318504179013 -3.7808792361062644
-0.29671324375156727 -3.8203291692469397
-0.1931052727233756 -3.8290289438713665
-0.2075729931254313 -3.3206382302934982
-0.26965128444740455 -3.3353784484959217
-0.16491806965809605 -3.404221904583181
-0.14673572343313612 -3.8447847481336708
-0.2089010410456527 -3.693975232105399
-0.122402705538732 -3.476004423537651
-0.1545020413061769 -3.3368000536672433
-0.13720514996981786 -3.8597941535954186
-0.3158042248413935 -3.203897281479108
-0.32325461731588917 -3.3697104471699
-0.34169560941378574 -3.142351470104959
-0.23657228274721115 -3.8484930150990806
-0.2893898168931436 -3.1473430846336714
-0.20154784679178966 -3.2464732596474146
-0.16605881566253383 -3.5058253528994308
-0.2223434388804296 -3.6272976857985144
-0.19794620440709232 -3.338973096968477
-0.3872120518393155 -3.4707351698412436
-0.10347140815835726 -3.819636654722879
-0.14037950512395192 -3.400471156763456
-0.2748975165887759 -3.683576290775235
-0.25638968957745034 -3.7732374207860793
-0.32081799618840384 -3.195154932285419
-0.16232297293115644 -3.1794748974699405
-0.3866099322288194 -3.604892673751853
-0.3085661164479327 -3.2922884370338346
-0.2525783881759387 -3.860674143259724
-0.2705814426645775 -3.546735389282742
-0.16562143481785455 -3.568112965177447
-0.1418503821722022 -3.5133481463064586
-0.17236904482048146 -3.627321565003284
-0.13757167020425248 -3.7920617345321292
-0.32787114369111914 -3.4567737930591624
-0.10078324479166767 -3.2746962983081582
-0.21401763612846197 -3.3970211176421268
-0.2609749652266064 -3.622206363896503

-0.38549544208463915 -3.250415402583023
-0.13136062952981858 -3.8840698863657623
-0.3961180994440772 -3.25718552809261
-0.3651651493742017 -3.7200607035149527
-0.3964469969783978 -3.565966010381538
-0.16705689081571654 -3.2855622206863413
-0.3480811456666275 -3.741032846474697
-0.12331789271027033 -3.493965885260603
-0.35756532240839756 -3.542308302103043
-0.3447913484180804 -3.339158280272663
-0.22065575214511912 -3.8673116182411413
-0.30348804657493306 -3.5943661733623187
-0.2780235374063358 -3.606062608779387
-0.2930011067193358 -3.1948419090695817
-0.398447572168092 -3.2840395278725367
-0.2632348733528065 -3.558441287626786
-0.27633905394518915 -3.326411060748611
-0.3917191600664748 -3.359029015793849
-0.18094463075526557 -3.2781983178169165
-0.1528959775185067 -3.4853715565314975
-0.336312106181962 -3.839302516083607
-0.2654162062138315 -3.4823708223460708
-0.23094296933051467 -3.581671073729151
-0.3940315058239025 -3.195006966745308
-0.35951392988440883 -3.5811725388124795
-0.17595178828491453 -3.518402719621098
-0.23837137430750577 -3.5501153878092055
-0.1241020227907082 -3.3211960332029498
-0.2210945596212878 -3.660628569274308
-0.23321711021597158 -3.6442296927555127
-0.1825087066141813 -3.4900112582261653
-0.26884785500147823 -3.7937323931288898
-0.2080416162678134 -3.186315436812847
-0.20949651404568428 -3.626264966050722
-0.16889052779626945 -3.5394812016384467
-0.31666587096031484 -3.759014716898446
-0.385832525407878 -3.6207278262170375
-0.247748000543576 -3.2824925626272172
-0.11062335449487942 -3.397017223838483
-0.15286908021203463 -3.636866532834659
-0.10511942468985308 -3.1733452351270657
-0.34644664984925544 -3.2731102426757213
-0.1109709403753174 -3.161770945443274
-0.2923547846052988 -3.6687056361874424
-0.3259617475006192 -3.4335663550294244
-0.1710190101291975 -3.5952760952187974
-0.3050285302776392 -3.436083520340688
-0.2657763019155166 -3.826580670316461
-0.20970020357264643 -3.3379944896846303
-0.33905880104348307 -3.7642846305266304


0.16119657483825345 1.7285847742969422
0.20818126394109737 1.6406486789653676
0.07807307837602662 1.691852891741831
0.0923005193225533 1.9880467648520386
0.21984825632220356 1.912667538896848
0.12121119247962268 2.386663931370759
0.0860418446239869 1.9280752138885022
0.21793458197761695 1.6278649544792603
0.18649591690054396 2.0667543959063788
0.24204055241716077 2.479418706579403
0.17387122019923956 2.429158808424262
0.19554509387087404 2.312765764608882
0.09073011115289292 1.5846845626577934
0.1534110109710235 2.00549471149483
0.16028587849484086 1.9006419113890967
0.08385152718305679 2.191332206462979
0.19430635930675322 1.549093815433519
0.1900892822534705 1.6393343375587606
0.15344236662050423 2.0266449477055692
0.10289496165327408 1.5481484976075435
0.09479777056057627 2.348930413198611
0.14770951197345 2.215542352976019
0.1979826501382096 1.5366265753935828
0.10638759820555047 1.7707020961612803
0.16215372987596072 1.8467316078371605
0.2354060619242479 2.433523789376391
0.17037617365677518 1.694957041668388
0.12379649945762303 2.2041963967029634
0.2423783489139264 2.2754838800980215
0.09673476276722014 2.106488328934418
0.2376006271118961 1.5604171408594798
0.20363583476465746 2.218949556960447
0.21866432576147693 1.5391978484247764
0.18040059913619336 1.5973834655262245
0.23017540652322788 1.9215285865075722
0.191699242516433 1.771817450043164
0.16477024432961285 1.8244734758213306
0.22101032330006137 2.157681996198666
0.13954067161371284 2.0407713552744706
0.07960811584777407 2.4096693519482133
0.22528646431431687 2.1570983753576725
0.13744785562442838 1.5665992413911343
0.24333976192244655 1.6489752967228535
0.08877637153982641 1.6535284748284216
0.20706387151890304 1.6777839063893203
0.18542916627424044 2.2765810244820237
0.23105185683079854 1.8022525523324044
0.18081153103973974 1.5658460144716078
0.07585901568377867 1.6631325664031578
0.07824019153061244 2.0031096254562897
