20 50 20

0 1
0 1
0 1
0 1
0 1
0 1
0 1
0 1
0 1
0 1
0 1
0 1
0 1
0 1
0 1
0 1
0 1
0 1
0 1
0 1

-0.1644529144355754 -3.174241559541319
-0.25188121232063393 -3.282288278102193
-0.2318799462286657 -3.8252844289730925
-0.35557884001653695 -3.5169097846844446
-0.35226321783240444 -3.6028574417448356
-0.24388373851711545 -3.4511108702215565
-0.26536767242094766 -3.6355985200122154
-0.35986700844926267 -3.2395777927416094
-0.24445317414073459 -3.2301428062074597
-0.11895737431207548 -3.427726774744987
-0.1969269545856612 -3.6799725327909902
-0.22569105926739483 -3.842233438587072
-0.14704881744819248 -3.417657437431452
-0.213332577262583 -3.245166485323722
-0.33076315191818495 -3.3299755688338397
-0.2484780024803408 -3.417188043551193
-0.2939866046773642 -3.6725676596920445
-0.24463582761358382 -3.6477868551855384
-0.24448430686459033 -3.6030732159224623
-0.10762663691689173 -3.4145134872779765
-0.26168900840055676 -3.32468865935087
-0.19262058391784678 -3.537514496352102
-0.26242344359803504 -3.139581244982355
-0.3222108624893523 -3.6433722535386637
-0.304362945209103 -3.760438487223069
-0.2918783733508586 -3.821068466139665
-0.3048096473131609 -3.2097484662787448
-0.27827551207888473 -3.1442050107170143
-0.13593591040439984 -3.1543256636961803
-0.11679756909943367 -3.4000685843185248
-0.34204610928106716 -3.3725359506461707
-0.19444311695173144 -3.663583663583457
-0.3304917532159304 -3.3804858167540397
-0.2080802621877865 -3.398521785159072
-0.32037268444602457 -3.534507604253995
-0.10580059624251809 -3.4101897519781907
-0.16284152969351506 -3.4468778887173133
-0.29412823007033595 -3.627189643014584
-0.18020438112173526 -3.315906867179383
-0.2639020445417134 -3.744127517054848
-0.2663161291154992 -3.1701030102666072
-0.1795420950502708 -3.497144299066621
-0.346359487861586 -3.764302488699615
-0.2795818838310191 -3.4429647938827386
-0.34122175914676417 -3.1979166849978045
-0.15395233832218674 -3.1236000584522925
-0.1286306145384033 -3.3714409606571265
-0.3520949022287688 -3.7461436763631304
-0.38611346787693884 -3.644603528690818
-0.22054968562484273 -3.3640106272039882

-0.2639115841790155 -3.1272416831152556
-0.38041364079683554 -3.6497062037511045
-0.36541448089843415 -3.332458282477729
-0.3819359924001663 -3.45908177074316
-0.3817449263664228 -3.7869378542518835
-0.3655738480232548 -3.5884849489850885
-0.24931373736121537 -3.2431177132121425
-0.23573580790803528 -3.360018312680582
-0.29793314644550795 -3.490309153430333
-0.2013354838848352 -3.236723913698405
-0.37211795863143593 -3.3841205941676407
-0.38869739540138676 -3.2996906958955066
-0.36265841551698474 -3.2994226985096327
-0.32311546895437215 -3.4491210639511225
-0.3489120083090441 -3.264315012369022
-0.1536599485550557 -3.1287181241711557
-0.2957628506093516 -3.2288146435673877
-0.3380156151578454 -3.8469868912387803
-0.39028287315201876 -3.833523037431227
-0.1820608168375193 -3.610057904222078
-0.36553633758738424 -3.38338184109463
-0.22672800525617462 -3.2289863261724245
-0.20718017894017565 -3.2300750429661402
-0.3124893892926678 -3.513521896346239
-0.3077057063035014 -3.674138318052829
-0.23271837124747913 -3.6310105233593073
-0.24312438394828842 -3.5898824140916106
-0.1763616260291023 -3.6881767932743608
-0.15263021982585842 -3.4373415951348147
-0.30870762756577846 -3.854842032720472
-0.24773974819063813 -3.5927125237717052
-0.39883964100724767 -3.73680438990656
-0.160566336108755 -3.2375691252295278
-0.39266567132328994 -3.8450157719416143
-0.13418326825671112 -3.695590609056531
-0.11178937151455515 -3.159960666533359
-0.22449622714975717 -3.246908767704503
-0.35107117683399486 -3.4428909860573835
-0.30121191624009247 -3.4204209292735706
-0.11413443593797484 -3.562066767296869
-0.39413250472491157 -3.8382920994166287
-0.21156067681968832 -3.4057856793517156
-0.3185677690629346 -3.220116797867203
-0.14806703786559777 -3.5347270774071955
-0.24152246884658268 -3.511745454075327
-0.1084488729800418 -3.1502746403440582
-0.3682885717511394 -3.6808767493547494
-0.3144189379857726 -3.181022850819064
-0.39388111263697667 -3.2065809412338155
-0.3658232074409901 -3.698309547984985

-0.24184766478449474 -3.252511276027149
-0.23278216082209305 -3.619697527304357
-0.2583634402715401 -3.492554868059011
-0.19371369550825757 -3.2140392128505804
-0.29566289841673765 -3.565503095624207
-0.20589582395594544 -3.397832504160781
-0.1223696713130285 -3.332696883471547
-0.2619234328741889 -3.84674706292953
-0.27232435883181483 -3.1855034510603475
-0.21315541865259152 -3.6875250949900384
-0.2287729426830724 -3.4637704222495365
-0.12744196644969347 -3.6035419340413686
-0.17696184728466546 -3.8546355937030246
-0.3498473410505092 -3.4822400720820137
-0.2114497030230149 -3.6284840636239704
-0.28242941283762335 -3.1669768942436156
-0.23095661635620726 -3.2005365768652876
-0.160043931639767 -3.845288934346249
-0.1655800386979418 -3.619201280371434
-0.31060374059981605 -3.1892015346329763
-0.10556382191350389 -3.6780710477540346
-0.3079599048955744 -3.2802304909351574
-0.3138157785409553 -3.3405713852184826
-0.1249982155231914 -3.660160945413405
-0.15591230786463672 -3.6285234833666387
-0.18956967898934451 -3.4287463508271143
-0.3724217533808921 -3.6918526884880887
-0.19446238056530746 -3.535572723887753
-0.31897693921560644 -3.208802358995741
-0.36059437815902234 -3.4343294963725937
-0.10937562844560139 -3.4113328847150077
-0.18699013733448816 -3.885822144213252
-0.2595552574826459 -3.1368258087371266
-0.358978742870647 -3.405166782467508
-0.2983535748045639 -3.4710824713109303
-0.16372879123076922 -3.298202744965967
-0.30669984370451975 -3.3962186966644077
-0.2901008938742857 -3.635810533664347
-0.13719812127042424 -3.2337091887709155
-0.1029317306945437 -3.4812663930433847
-0.1206271284086951 -3.41199137823759
-0.1928584565711013 -3.603256407841654
-0.25662119187055055 -3.454248524877512
-0.16561041817485697 -3.233974143177917
-0.24408040313312995 -3.648742753787681
-0.300400758779486 -3.8009954840300346
-0.287324295952638 -3.5979904532665388
-0.29440138286173595 -3.846533707494167
-0.1503126364627995 -3.5430269832123145
-0.3585142998422588 -3.652895676852792

-0.30920341956248526 -3.767754788588007
-0.1924984398928828 -3.721463071092714
-0.3846938485263569 -3.4262779725585344
-0.34088164258020914 -3.2306124335212925
-0.25398276714236 -3.612603248752957
-0.25653366030390656 -3.1207890330670733
-0.3123166125503348 -3.68421819275738
-0.22543443060727528 -3.6368951250775976
-0.31930706550086474 -3.65614414481891
-0.2143412553686729 -3.57988354284815
-0.2109809861392096 -3.744070151080761
-0.22680281570427693 -3.391419582992749
-0.29743775589856547 -3.304331963601608
-0.3107556790096599 -3.526873515425366
-0.11404032289905958 -3.35733692864753
-0.2771515781302216 -3.4413454853451455
-0.2596365706934559 -3.154484853177168
-0.3728462160537154 -3.7888987980500928
-0.12793932918105766 -3.5343787934927344
-0.2578085549403014 -3.8457285891602506
-0.11754451702907154 -3.234787975793264
-0.2959290463126427 -3.171652211225371
-0.16033938595287672 -3.172082894881446
-0.37593488522400126 -3.6742643412098817
-0.38100033971632746 -3.497569475763841
-0.351785798624472 -3.694442727601865
-0.37470854505606704 -3.665818546898897
-0.26396573211403995 -3.274092217612244
-0.22119531275944473 -3.530324582872903
-0.3304172139901276 -3.242798117396867
-0.3096723818563736 -3.7881143892964317
-0.34364052166093184 -3.214546134176576
-0.37668871653331404 -3.782272630470479
-0.3510452727557997 -3.3394858802689704
-0.14287024476537963 -3.141780111019775
-0.21384924727267224 -3.361446566965456
-0.2566428136922383 -3.218616264905832
-0.10415932761955604 -3.1681322552419378
-0.2959074426183412 -3.130402822922809
-0.3302065594684154 -3.477575922398856
-0.11889891291946492 -3.249147077258704
-0.16164285186081456 -3.541011003713263
-0.3370953605794321 -3.702361973160769
-0.303122981560515 -3.157720277680069
-0.16252351611521929 -3.4538673641324906
-0.27064768583985976 -3.8550148564967817
-0.3312021688698896 -3.6112662666145723
-0.21936332111503215 -3.7087965172488424
-0.17426324175893732 -3.2945944079426415
-0.23236097383939436 -3.6310414543600453

-0.19545757909123404 -3.3555242041173763
-0.17471875832151817 -3.6913733304106002
-0.17934615690898162 -3.497090041719581
-0.23874771142408216 -3.4357792721983844
-0.25482141638597156 -3.759668024604596
-0.1192448362759515 -3.8688825266897795
-0.110816076402245 -3.6923559136333766
-0.2676175571466114 -3.8312918065882737
-0.3195327239298828 -3.666161598433059
-0.38877215173883056 -3.655305112373749
-0.13835534137428374 -3.3306079766107985
-0.3513890273426796 -3.351442025575609
-0.2674534553232482 -3.618284522152472
-0.22050219009219987 -3.858058040310078
-0.23708072590641496 -3.5563710040366816
-0.37686028572888575 -3.3355065051228614
-0.15101688425479498 -3.3375679889756245
-0.38372466536008404 -3.446652179078219
-0.331654477026843 -3.5542788381189365
-0.25685441170742673 -3.463052633296309
-0.10829855622977075 -3.1542144084590547
-0.34997074894571906 -3.219610103861608
-0.21779377632830943 -3.263140882328944
-0.2412975995570658 -3.535806752735613
-0.12703942158158227 -3.816815869625648
-0.1052349253802628 -3.526438557855846
-0.2882769545337722 -3.7260928236989113
-0.3010641684518275 -3.465408091716722
-0.36569816337135724 -3.5738422960740994
-0.2544732052126265 -3.1443374690400927
-0.36090490351581944 -3.1204473767229635
-0.22181347249837882 -3.2263301180080246
-0.260030414450343 -3.270752543276082
-0.2814403137526647 -3.6687379791029695
-0.14616104706062938 -3.794214656209975
-0.20678786267604196 -3.74673521056624
-0.27222778252630975 -3.288920541577965
-0.33388290850203495 -3.5596859581486484
-0.2658308624129192 -3.356149087826913
-0.3212382235123897 -3.3002783258461377
-0.18960114121445243 -3.2218481262371608
-0.2820018840200884 -3.311285450969783
-0.108688103632132 -3.8119392102754137
-0.114044374574436 -3.120586751905095
-0.3896868920757841 -3.369950773744976
-0.11433592039172424 -3.8777037741612337
-0.26487358071228306 -3.3246400859468768
-0.33222992088864955 -3.324011737732935
-0.26268043326701673 -3.5645041846218826
-0.2949557918609965 -3.54563937813316

-0.37484464698970604 -3.800307897613695
-0.2347706397793108 -3.8546340594272572
-0.20750252334549113 -3.1586844117117625
-0.3409450668610102 -3.5817717840769694
-0.249547509442882 -3.1774785991325247
-0.1859070944154103 -3.517998734744931
-0.2750441848038246 -3.2068173003698903
-0.11466112278247187 -3.252483648433989
-0.19832874679750395 -3.1388331345001683
-0.3276008708715642 -3.7115655384225263
-0.25253929268159014 -3.2790751198128785
-0.28221616191644006 -3.4191913412504737
-0.20483679156918938 -3.1296432787912116
-0.11778970899602681 -3.59224133250687
-0.21264621673015857 -3.5587707076352504
-0.1190345646984135 -3.749706867749976
-0.3775080003381597 -3.1867098120728303
-0.28390897692165284 -3.8271910529566746
-0.2636796287199805 -3.5052392392852676
-0.3744410272740419 -3.4129628817354423
-0.21366514113297572 -3.519852294280665
-0.1900535497975936 -3.370789364670134
-0.3935060728465148 -3.8078590989091343
-0.39301411591838514 -3.5511898312865924
-0.3909324406045251 -3.4570930790949492
-0.1316370696952603 -3.825283805512856
-0.2523646935827433 -3.7722456493706025
-0.26593705482841323 -3.7440060777534687
-0.25669608851688863 -3.690905096720312
-0.2992610997951691 -3.3531346873548555
-0.25992776379625143 -3.438139613204512
-0.2060558774474145 -3.1956617488431833
-0.25424663170062983 -3.2599875910829224
-0.12979674934599356 -3.1576464916818163
-0.2496785380323362 -3.4228461308722653
-0.22168495219189677 -3.5133110110702077
-0.30615755589712135 -3.7549321803397238
-0.18152755006427007 -3.687076894208589
-0.321948424076823 -3.2252262832300094
-0.2227484398176975 -3.2439526576238427
-0.3580318278693317 -3.2335279085645077
-0.2267347755647657 -3.1375131663929414
-0.14275139232423406 -3.166765462739342
-0.10454806946285239 -3.2721884198085323
-0.2513312806950715 -3.4060844070955434
-0.21408639285618114 -3.3680905747849446
-0.35420068110099273 -3.715496235393252
-0.24854688131450967 -3.309665961760144
-0.12721351924576557 -3.7865012144538666
-0.24482012812948353 -3.504112656767846

-0.27550315488726834 -3.846107074127199
-0.1790089066619217 -3.6655766328358856
-0.2851697271352041 -3.5037196593583557
-0.12779159363244563 -3.349023117395033
-0.2757427026881212 -3.634007893087346
-0.31050125500843595 -3.6175992610845116
-0.2437488413206386 -3.4278020226133545
-0.20957843222222464 -3.7423868441701647
-0.30291824358832625 -3.70875748533663
-0.287717776536603 -3.7937369564546115
-0.14408904260315297 -3.881141185824447
-0.17897359296266824 -3.1808400030965887
-0.2912534537698192 -3.3919807283865513
-0.3444533030146758 -3.546739100388856
-0.3192224370900651 -3.3963924467887447
-0.3488472291189758 -3.131017186513966
-0.1540890116114175 -3.476463898313616
-0.2539623073501281 -3.248535747023138
-0.3138231857188189 -3.8606653689669623
-0.36380770643859095 -3.587918945909888
-0.14455793619637158 -3.150731848521589
-0.23131230275174125 -3.4428209147914766
-0.21529338984785143 -3.3257612877377603
-0.2930532572740872 -3.4476821998114793
-0.17995589717593485 -3.5506505221999047
-0.22054506002486354 -3.2151397972851297
-0.14593956534518993 -3.211687064550669
-0.397540173816214 -3.7096680722282036
-0.3247821243969351 -3.2738183168765156
-0.16277689053033106 -3.3119912375523692
-0.12226285609624005 -3.516667214938792
-0.3589180433433243 -3.184569441280395
-0.2394643494287192 -3.783488229712726
-0.2750764567034689 -3.3085152004189156
-0.3308257856898364 -3.556794313582924
-0.24667091828846077 -3.5679006235424873
-0.15178901607989378 -3.4232216899419585
-0.16787873105031026 -3.6761490461349795
-0.3212258256671266 -3.1368430263009395
-0.216981685639539 -3.5366135415503717
-0.3530820811619763 -3.450805551220198
-0.3183226516180724 -3.5495159073734253
-0.33121372821103395 -3.2100444839101945
-0.3277207501761846 -3.799604300171906
-0.1008373560378732 -3.628337158767399
-0.13176582261435393 -3.2536764825778124
-0.20161121209193203 -3.7060366127503523
-0.3112144611931651 -3.4756509230965
-0.35913343116805707 -3.1787228309172413
-0.22888659756002805 -3.8257577833882817

-0.30257334458310003 -3.691593078942872
-0.20817238727340295 -3.55983381926392
-0.31513098648079846 -3.6613705329279993
-0.30237081640021235 -3.403847199335205
-0.2490983577764535 -3.2096268216943518
-0.14993097437425007 -3.6719656290572074
-0.24596074248799732 -3.7061547348373773
-0.10080797121030521 -3.3958858023120717
-0.27615616563386014 -3.4273054982555977
-0.19048304616721748 -3.771488987719106
-0.2514435200441741 -3.353163051239901
-0.3156139427270154 -3.8533408647237724
-0.17869146739290326 -3.358047993311317
-0.10181511770664287 -3.5934455127879343
-0.2886474914818334 -3.4654778240198305
-0.3116169833463933 -3.159777780456961
-0.1443918080364977 -3.449692075795314
-0.32126245856131 -3.145625115519233
-0.30236700163701247 -3.36422133476213
-0.20263776124835756 -3.8506111186456895
-0.2210218108159733 -3.4971658963971564
-0.21948981983047286 -3.6150425611104793
-0.37210284495236484 -3.4452738264601517
-0.21547666494161635 -3.435141695248138
-0.3686001863659656 -3.42959789533968
-0.26223155419602173 -3.513797047768803
-0.35807348417573764 -3.2885483176862267
-0.2790625393274634 -3.3203966193157792
-0.298713909184714 -3.7996819711285417
-0.2170311823478004 -3.471323493233896
-0.37080217168406465 -3.7231479577098217
-0.1270836776145654 -3.458723627816979
-0.3948715253459905 -3.367765267532506
-0.13122200743533202 -3.632534218725589
-0.20338098692063447 -3.6424684594057735
-0.2688218781991816 -3.2805856188153104
-0.37094536450535637 -3.6464774025124083
-0.39709268994406 -3.4689457724671944
-0.21488901028447602 -3.25691336553723
-0.37812623523313393 -3.1499013749729774
-0.31857791231355814 -3.5592638633247726
-0.16830074700134015 -3.786461972333368
-0.3573716110201182 -3.1645073875320753
-0.257489342143564 -3.8460176611437022
-0.19166403732726084 -3.765729759973579
-0.14681409399993167 -3.746392216617567
-0.24869788817248661 -3.5524773947516968
-0.10772707332999149 -3.7803556708505206
-0.36612068513235174 -3.312189509034496
-0.2977562888559757 -3.66422517689432

-0.12192674845989682 -3.3205839154839705
-0.24297248664691265 -3.326533997143428
-0.2921762457840767 -3.6658375840180235
-0.3628004571992242 -3.1228522150684497
-0.28799734884525374 -3.493202675960545
-0.2733881595347226 -3.169424868960255
-0.21854898300484876 -3.21167181204374
-0.3413033621252405 -3.3158183609099963
-0.39981990158838326 -3.739022522163695
-0.16522309925477316 -3.8270285868085065
-0.3438641280167065 -3.2870255448790315
-0.39523583110622285 -3.233608435895371
-0.31424254085813774 -3.226395101345794
-0.3975274736847045 -3.588205995552975
-0.3819948376944121 -3.2313772535765124
-0.189751958699818 -3.8440519324071865
-0.34855703676693583 -3.561228716407614
-0.12176366041258524 -3.6358980853422675
-0.12966255999980736 -3.502610227718983
-0.2215107646902126 -3.779743376339974
-0.39165879002532766 -3.8463054850971874
-0.33987265809921124 -3.1526411846208453
-0.27675837971075906 -3.1644278261025383
-0.35259558844804983 -3.170849732306049
-0.2638948690372197 -3.3193980667794323
-0.36998791637326867 -3.494584814696596
-0.35160027896916823 -3.2759131744217918
-0.17171858201340037 -3.2356399651846965
-0.36173278479940923 -3.834729918280723
-0.19825610188189177 -3.528158652723028
-0.32962845079067626 -3.446322466726849
-0.15611554510974487 -3.2812272528540762
-0.2158136177059866 -3.273739194052141
-0.21149309452041856 -3.3455671420372584
-0.33087159598058524 -3.482049907442721
-0.3820423108431953 -3.4127644764425344
-0.30467721893182476 -3.2274760662463016
-0.3247633026191308 -3.184097250356112
-0.1052866028523114 -3.7127762563047932
-0.16267675602913997 -3.3119498174497237
-0.11520058932661997 -3.3590214416691273
-0.351305419736616 -3.5140983621323705
-0.34229364390013545 -3.639508017064889
-0.33175360879329463 -3.3004411242837017
-0.1808233327613466 -3.787211337146075
-0.33144839387953723 -3.877057583628299
-0.20491130546465108 -3.1540134520970593
-0.17363726339430835 -3.828780824430236
-0.1780197361663487 -3.879742668718665
-0.1764906836507627 -3.782857741240844

-0.341743100270606 -3.8408777502334455
-0.20643090606305572 -3.7742887797885896
-0.3937207204565775 -3.174822010259856
-0.36012128812439737 -3.1207724370801
-0.3403850451806216 -3.6739103104524036
-0.10897567400230568 -3.4149960643460213
-0.17132960010502452 -3.3350018507020014
-0.2360261295206441 -3.4074515959507754
-0.17764486786196254 -3.7501018645633226
-0.3032898740344573 -3.5799743059538263
-0.3348122323845351 -3.2080394297330375
-0.3857030524831701 -3.7529285104243764
-0.11728603327581827 -3.1956607075297834
-0.14876841425880172 -3.493213326014485
-0.23732221604227632 -3.540394079620314
-0.12300729041462655 -3.644551703498588
-0.2503391111621015 -3.6681496824949376
-0.37036172982252763 -3.3221551815739767
-0.1324771043282515 -3.6877391104782036
-0.1110916810908324 -3.212565738294367
-0.3065242715410251 -3.7011526547990212
-0.2567612530977642 -3.7781271285706466
-0.10787068567261648 -3.4265991989459312
-0.34479248828063147 -3.183570545426544
-0.3029322504917184 -3.1259489158821747
-0.196904315204618 -3.319679001041007
-0.20673133587389023 -3.205929366007367
-0.15878300469450218 -3.423404576529134
-0.20988812607499832 -3.83195728363158
-0.15409029191593165 -3.4322792115965246
-0.23532791867742642 -3.516755428371437
-0.24977003837314446 -3.7620205802291746
-0.3178308393791651 -3.409047127363028
-0.153543954023158 -3.2261245019098297
-0.3661681799274048 -3.120881428145802
-0.19873435992496888 -3.202535253506584
-0.11159151673588774 -3.633277532023711
-0.30107420179355504 -3.4773995197151235
-0.15680875010523132 -3.620009356774321
-0.21924491776657717 -3.431161730611574
-0.3236564867844679 -3.1801194967082687
-0.3308357773906929 -3.529036229293963
-0.15189854763855765 -3.2704126815747494
-0.3298940556246751 -3.6707335043603475
-0.1632435265661194 -3.5001764977293393
-0.16177432346865134 -3.51106571585894
-0.25735850297826934 -3.2284016161554394
-0.14686667044435608 -3.228888364658829
-0.22501085049308311 -3.829639218181793
-0.14976606142779653 -3.510825577434719

-0.1582976860536238 -3.398596906103527
-0.12057850920221408 -3.142890095906146
-0.37988933923634716 -3.56864776814877
-0.11503342885762446 -3.478028231936914
-0.18054472665660204 -3.425555901554426
-0.33252170961149285 -3.5927850121549207
-0.3625254223779839 -3.511186627440768
-0.14143802642141368 -3.5602286355516575
-0.29289565274193985 -3.463550455706066
-0.30024924265149544 -3.255803109048462
-0.28354448913150276 -3.847878471643639
-0.30612976165140326 -3.128229771611557
-0.14823052282170707 -3.486167319960991
-0.389953609893893 -3.7057499812679526
-0.16971842322235037 -3.622403111511353
-0.34546631757591073 -3.8617334461651067
-0.2820699246576886 -3.3960125072434213
-0.36089950271621646 -3.6582953941090763
-0.278562138075791 -3.665311374381245
-0.2821072495418037 -3.1413926757527464
-0.19025075875664685 -3.57356700409507
-0.1295549269383906 -3.1877399168294653
-0.25454455138362914 -3.438743763809297
-0.2649816065963387 -3.4212950742373045
-0.24650894131714218 -3.5593807983895327
-0.3208280176532811 -3.3278174668909957
-0.21306096190827847 -3.674753685470802
-0.13990099066532485 -3.503023021359509
-0.3653629446014199 -3.2527863135630537
-0.2147210745976932 -3.3938665397834766
-0.3409196844211443 -3.8073315228664697
-0.3640957912325211 -3.5042798570903178
-0.2606513627932846 -3.7857615147502335
-0.3116460415685811 -3.23041356029833
-0.24016616873881727 -3.8600512408824668
-0.21319406900159205 -3.460500854319713
-0.37001906924375 -3.4481001551446555
-0.3080260885893453 -3.46560195463946
-0.2075371522613647 -3.7000015604521947
-0.2642605643251675 -3.4052747894306954
-0.2825672925239203 -3.156378201591442
-0.12205188533538958 -3.740553181822709
-0.2653960994966342 -3.3611187300423646
-0.10957451965536724 -3.667058045676648
-0.19772518721537471 -3.856547133635051
-0.21137188021900727 -3.7122881854143426
-0.15061723453769962 -3.802911191856141
-0.38302479923233 -3.4006425325683267
-0.2544726307849754 -3.49222694162082
-0.264238286155961 -3.354531725970082

-0.20569802314548366 -3.220597294233464
-0.10321752930405043 -3.5139265603676177
-0.34810573314786064 -3.365716008368792
-0.2000002220945751 -3.7393311728114567
-0.12081034292769144 -3.8787229161696484
-0.3484626376288168 -3.8175965604970137
-0.26706063924928747 -3.186449331348536
-0.3537595386081602 -3.4365382621793894
-0.10654792082886966 -3.2758448437440904
-0.20185668966080533 -3.3807316947027517
-0.2523801431952516 -3.232533484663483
-0.17405208004861555 -3.698819309207046
-0.1851508123595017 -3.546732722557815
-0.3450482309791625 -3.6906160917332604
-0.38949976094441513 -3.272643241917669
-0.20828917619803664 -3.4163974319173476
-0.3215555900051465 -3.778896054937816
-0.2298330015078275 -3.8311062053851344
-0.3065869393958501 -3.6718507725722236
-0.233009369648875 -3.150048349046063
-0.1722634524985079 -3.624818722434975
-0.36900373188890195 -3.52767217469186
-0.22715504498365272 -3.3409800173867756
-0.178640771119363 -3.4536880055103945
-0.392301105558309 -3.1714060252717493
-0.12238931114377766 -3.1395700250629957
-0.32033492400962993 -3.6473240030603367
-0.23984366355039097 -3.3973694402833474
-0.2096512320824634 -3.7759091416326482
-0.2214360670411841 -3.132109185716353
-0.14809428055251495 -3.796883205050036
-0.3092973865811007 -3.4367271714583887
-0.1820027039505977 -3.2905272279718107
-0.10268214595119424 -3.322292040663392
-0.38353632133832494 -3.5103526853598055
-0.1605205036840175 -3.804937894697931
-0.3290928228985094 -3.4896311617401965
-0.10817386185694566 -3.4397831576475513
-0.19063674970827826 -3.655974572719594
-0.10448653073303138 -3.2377056119635776
-0.2208227400175534 -3.3090024199972574
-0.26306580502729154 -3.4443398566020655
-0.21399975228915002 -3.774788379498144
-0.2007524576938499 -3.8592255593077454
-0.35156049770941583 -3.691488331827599
-0.3214377235428274 -3.818673836757686
-0.300590112200518 -3.846634826330266
-0.38925579881004957 -3.6722648858179765
-0.3778711237742394 -3.1853224052549574
-0.30251148174075276 -3.4678993484768736

-0.16111625299219748 -3.129490716560909
-0.11579239764947591 -3.740610269135603
-0.39212416497782693 -3.1291107222112573
-0.3456540739876497 -3.435905990405809
-0.39654428100425204 -3.49833593785673
-0.3567609833478904 -3.8592042988790602
-0.19401362727384386 -3.770605423235632
-0.31119476057805434 -3.820403977727722
-0.2369891224151619 -3.677716933170737
-0.20158410689851983 -3.5267933568014658
-0.1384164956581303 -3.6625827526726655
-0.36064000284273806 -3.3948414015208384
-0.39274753790524236 -3.391354792418884
-0.28679323439562565 -3.244400562043588
-0.364635490471084 -3.3333371825421514
-0.20551465289072504 -3.651775928747157
-0.1846036926583302 -3.5744572195263133
-0.19913958093467898 -3.8047541224962935
-0.16252147029206876 -3.5461389603993734
-0.11421909641764583 -3.6934141238579064
-0.31308280363640406 -3.712053786900016
-0.15256781938016448 -3.646703275368012
-0.17444623935962478 -3.160352818272049
-0.12355468468431746 -3.125195527932136
-0.2944257541724633 -3.4239361486808586
-0.18112769899141554 -3.4757439406659194
-0.37385572624023267 -3.4011742136686296
-0.1625885603087145 -3.6033867966597355
-0.23373942105580192 -3.8203368848779946
-0.3117061016899526 -3.8303735040607476
-0.17272544350878358 -3.373104482252748
-0.3631249331806804 -3.248737955715245
-0.2389369146215071 -3.6265314217608897
-0.21241895979378142 -3.3360592176404076
-0.3455893588641236 -3.392262442075086
-0.14485568062680243 -3.3787510231333897
-0.14829360481850523 -3.4086250943241803
-0.2928200966690746 -3.606132869002372
-0.2236602490847988 -3.2945126744991495
-0.3636632428410312 -3.384486118753689
-0.26886295060442694 -3.4523265684513667
-0.24426835271825706 -3.4098337891434785
-0.19852072053960504 -3.8585390782252302
-0.17529701687558294 -3.4824782339751934
-0.30953218678067534 -3.321467133797265
-0.14975431524141813 -3.5168500858778655
-0.19204783663369138 -3.1346405587900374
-0.10331980733988466 -3.1631530480029872
-0.19992945648955912 -3.2715155640139972
-0.3056709577837585 -3.2780540029388523

-0.17686151686382706 -3.3371108655172166
-0.35090880170777855 -3.3788594060556782
-0.334063259760499 -3.7969665771241075
-0.2666300743335744 -3.488242257719614
-0.2720924878917965 -3.6412719747630113
-0.10541346195756568 -3.2899923217034823
-0.37074092238249073 -3.7124124515140218
-0.11706455686868511 -3.350279122311284
-0.10325711046551855 -3.495918700791319
-0.37050696025217467 -3.8844962556540126
-0.24621561226877015 -3.397191764995176
-0.34398788695717497 -3.858944600586079
-0.3857224519973197 -3.460302170347793
-0.26345868760661767 -3.649406614940655
-0.33769016218387554 -3.752700558617498
-0.3639359876250384 -3.699089518487362
-0.3842067150041249 -3.1803671072797273
-0.39638327360582076 -3.4079200550281206
-0.3681723234568371 -3.820147207224691
-0.2262527206867678 -3.8136807910184936
-0.17757249866797523 -3.6601676158806673
-0.3006101990360575 -3.844417188962649
-0.32999438353565724 -3.8723703275021197
-0.2920739674012227 -3.4922170375536705
-0.34464379055761585 -3.4674946330441148
-0.2559330378912317 -3.4301158397738245
-0.24395401219223695 -3.430410334989177
-0.12546693007375226 -3.344499731502451
-0.2241677361949169 -3.8651616649026943
-0.2741617298112857 -3.4190285723343323
-0.2140104458775108 -3.274501886768711
-0.1100341135614305 -3.2701080199421892
-0.39388936516842354 -3.7623185690777405
-0.2820501755809988 -3.3666096968324393
-0.14839708328833018 -3.1759762654178028
-0.16154313305534504 -3.677519268182208
-0.2384460939934416 -3.280465880920725
-0.3300598393805528 -3.2250247507392213
-0.209095461052436 -3.780505394816664
-0.3453506137009884 -3.8466117329086265
-0.17849574009489316 -3.3296651574114873
-0.24819541267459902 -3.710806000528678
-0.176850310254178 -3.1445835267409286
-0.3391585609363026 -3.827558658178756
-0.2869644901557625 -3.8832953088980657
-0.1947753901772678 -3.6203850876432258
-0.11082247868895428 -3.8003233034111674
-0.21624287502290146 -3.3320437890341266
-0.39471646262394905 -3.183109290928864
-0.33558127793592046 -3.8532094589301487

-0.2729970562278754 -3.411155458611646
-0.3877965806007732 -3.638494456232568
-0.19853152808952365 -3.401293638930486
-0.29801644343501926 -3.189199383185119
-0.2746431874135332 -3.662391197807405
-0.3955085555991964 -3.458274954075044
-0.30117955353607834 -3.836601782759274
-0.28367769541214216 -3.2184195965561893
-0.11859725855412817 -3.429086405171165
-0.23631510135673142 -3.6711439147370064
-0.3074143310754225 -3.77114937240145
-0.39949287755693796 -3.7539768811466216
-0.27020331423469446 -3.6287968200632434
-0.18467508546767297 -3.2494844988568126
-0.11552931133413485 -3.228517926312935
-0.32524563109102067 -3.3706669337640176
-0.28032187005126485 -3.1896378451481753
-0.1596443376209591 -3.3791377534027065
-0.27403151269805387 -3.531995669521018
-0.25216193814123034 -3.8659977155092426
-0.34267252397131587 -3.134867545725179
-0.2887639359089048 -3.7268833406396964
-0.30509719708206356 -3.76561632535484
-0.2975369783590676 -3.520975089984084
-0.17286543425161202 -3.2179823274188877
-0.19733538303536766 -3.7352516371803164
-0.2595242438071801 -3.813515591262457
-0.30099837053782474 -3.1854762164005366
-0.10984779262930966 -3.8399126419639975
-0.3903118268036727 -3.699849862657518
-0.31203811698741896 -3.7881534489577353
-0.16956228234210224 -3.748271293178167
-0.29559145562381167 -3.370979951311088
-0.31833647842015644 -3.3269303947027353
-0.2640600631332604 -3.13343190565923
-0.14368145120605774 -3.123198792280182
-0.3463001265571294 -3.132267984292046
-0.13152099575311899 -3.6807617535511
-0.3694288119160051 -3.549750650230422
-0.344903386766949 -3.152205809724466
-0.1567141441590073 -3.590082257596905
-0.18322278582985965 -3.822868231274449
-0.13258807994641364 -3.1370221020125655
-0.37157375383089336 -3.4114486073958465
-0.3489987929527964 -3.55826727429052
-0.1633378833253705 -3.685179364544394
-0.24559674864563952 -3.6273898211347197
-0.11806201859174781 -3.8850009516350896
-0.14936907367909097 -3.857718939030283
-0.2364494707852978 -3.3192865961533307

-0.17030087963174018 -3.3775912303634987
-0.30392027806828364 -3.706193036459725
-0.13532291034646027 -3.1242216120716515
-0.14087472439889392 -3.8162091392426367
-0.17600321854592446 -3.2843730264159157
-0.29606046230403826 -3.155224417707226
-0.3741112682612326 -3.609888507016113
-0.14842465006558758 -3.227948476133027
-0.14526023470004334 -3.8687417073426076
-0.3519983303734821 -3.560407139714387
-0.31281400319852704 -3.8503837472851656
-0.33494174102223634 -3.122794173907889
-0.1637810964789791 -3.790379817574037
-0.12766633988334436 -3.2006268373280307
-0.2543584353852941 -3.8337260264197344
-0.11035178319222294 -3.7319410981803482
-0.19250349277775444 -3.3594220551321357
-0.2657126743317591 -3.6349064631500068
-0.2986687006919256 -3.4032732030935446
-0.3791878537961393 -3.262864848137934
-0.10828571073959442 -3.867976630410912
-0.39936512394538326 -3.203236981144958
-0.3815892544949066 -3.529415406432066
-0.3307496440504124 -3.303616535491933
-0.36319435597496297 -3.515011238241916
-0.286541797825861 -3.1654715188617
-0.14697525425390623 -3.386045618711469
-0.1252911872336473 -3.2946815559276876
-0.10313694358630665 -3.3428994334728825
-0.17257205262856162 -3.4684520076225214
-0.2506698215656461 -3.198857541462823
-0.36576969906317447 -3.392244917063048
-0.11756299497888023 -3.4165667731716836
-0.1583245769460243 -3.3712395364461396
-0.2739822054268129 -3.6267579472465545
-0.2163046765821967 -3.792079254294112
-0.13687406544654007 -3.1943500168769026
-0.24888614300281564 -3.209290633705106
-0.1275312240399173 -3.6181193996896743
-0.391319159885827 -3.4378234175800713
-0.32017235785533815 -3.2292605258452465
-0.1845315075043405 -3.119412314643458
-0.19407460792532016 -3.879889300901957
-0.1548591118318223 -3.4491721559840856
-0.16397413726940196 -3.5316226954737386
-0.24499706852153036 -3.439411590887937
-0.20964813538397123 -3.119168515476077
-0.31320866623573074 -3.6434530408223145
-0.3160662221251853 -3.2351972751156888
-0.39110913268705283 -3.32537119687764

-0.14958980336786898 -3.5263684650066347
-0.16961921596065055 -3.80770506623426
-0.10912172773824902 -3.8366197562807067
-0.20027470337669825 -3.277584716179871
-0.30239498695268674 -3.389086166019399
-0.1292373036555327 -3.349355485402434
-0.3667045298368884 -3.8244795714576783
-0.12542138026732336 -3.1997161526826496
-0.10629796388797236 -3.521779612328126
-0.2569019981899944 -3.169191917094045
-0.36076546972192935 -3.3674249393309776
-0.2884896415513685 -3.5721001620352952
-0.12501125686098952 -3.715342739953246
-0.2808924777402762 -3.6213284808828288
-0.3178783672712826 -3.662681658572269
-0.19260682006284469 -3.603630837541067
-0.23971645007443165 -3.268536422695594
-0.20668095681760737 -3.1237973025458277
-0.1824987690409763 -3.56641412792916
-0.3362898609010155 -3.5555503348320947
-0.16871073265049003 -3.576033203753499
-0.3054790844036994 -3.2671165200686847
-0.16819618109676246 -3.7026341700285097
-0.27184053591182666 -3.370386660504834
-0.13141635973346905 -3.869200126384065
-0.2071088004735548 -3.284677115175785
-0.36292833368442334 -3.5197473901084635
-0.2838551119229035 -3.623152812876339
-0.18184817514687332 -3.7465291646281873
-0.19197668820062969 -3.291988059063984
-0.3943740572815461 -3.8289519717293423
-0.3392367679388381 -3.829828923899569
-0.3476186958622108 -3.78552231016196
-0.35070913975429796 -3.524670903914259
-0.14587858605361737 -3.382638505406457
-0.346038034231666 -3.5966912228447625
-0.30504138815006987 -3.36185139545408
-0.37992528758296423 -3.2103710553349667
-0.35537739128079515 -3.2408694291050084
-0.27917045130597823 -3.7974369457838453
-0.13995119285947266 -3.2927592951201263
-0.21271248144479538 -3.367344207043071
-0.32392710231713084 -3.7983334920101863
-0.39458129788255153 -3.8401959707177458
-0.2273969342211749 -3.4501180170785126
-0.276631879578373 -3.551969000256535
-0.10219488330830334 -3.610784446971654
-0.1888646528893244 -3.3168604366465857
-0.2402886211630656 -3.4859480393084654
-0.10907986975172923 -3.1914369821906043

-0.2822907254892448 -3.4429657256891035
-0.31760445530672987 -3.6045710259505457
-0.2493968138011148 -3.3526924789823433
-0.3500267718931595 -3.7004485393507878
-0.39311197487992866 -3.665180241568057
-0.3694146034333515 -3.1914432015455754
-0.19044235086856917 -3.6103322661400745
-0.17353839613716607 -3.3898368672504864
-0.2739680845574215 -3.149119910002537
-0.1328762464933162 -3.8445869557629235
-0.14277720188569742 -3.367585266575465
-0.25147232357160204 -3.8776760132198755
-0.34891383314291785 -3.2635227609366
-0.11714322261951793 -3.2471969344377403
-0.20174179229636072 -3.2093378548635876
-0.1750361011181248 -3.8196314867319354
-0.3319465615060119 -3.2084313628278727
-0.34676150972312636 -3.529862572040051
-0.2536256011882382 -3.5212559617290515
-0.34050774588675403 -3.762000530133171
-0.2781876840630237 -3.154478068480838
-0.2799326385734913 -3.4538840177081185
-0.12095297000403826 -3.563664179296174
-0.24841217276259955 -3.795889385097101
-0.31725327223452054 -3.2327631087533555
-0.32272485241605187 -3.1446668795651727
-0.14457968801011872 -3.503167811258079
-0.11454790365622997 -3.3779503792705894
-0.39955646314146087 -3.5227247037247813
-0.13435214066420242 -3.762202741335212
-0.33422452144030357 -3.6159251024386316
-0.14175140121939633 -3.1522797960921016
-0.3618584071304394 -3.695002494929485
-0.2611602968166817 -3.4602959949829843
-0.1546331616794121 -3.355136496110058
-0.3619157841082921 -3.7963036324992654
-0.16851794283733115 -3.1272737080961237
-0.15244714067143342 -3.6401434505981554
-0.1034285550682662 -3.458952682100939
-0.21772605732524322 -3.26072112519021
-0.23251983036194895 -3.1346318261675403
-0.13948497921891684 -3.2184225798604147
-0.3164099299069578 -3.622929300287119
-0.2061453422440966 -3.120386462223573
-0.27626458526663544 -3.6337073128524793
-0.17121402076053213 -3.591326575256416
-0.14812405797328343 -3.2135762862917243
-0.3381979618284218 -3.8601140613058655
-0.3310281148110194 -3.4125766269464246
-0.3163770726089561 -3.638795636889105

-0.18690435083501306 -3.640967575437544
-0.373970756310231 -3.460657352213516
-0.1488388310536345 -3.695836985966167
-0.2521851215872816 -3.6782762950078927
-0.259256259559696 -3.2885652947182806
-0.1740254207565538 -3.1863948529427817
-0.2839631599038995 -3.656653300970466
-0.12999365802709079 -3.763148709014302
-0.16858904854223586 -3.373899354467685
-0.3003966176531727 -3.35242652021108
-0.27959670202126014 -3.287948628878875
-0.25958475022494176 -3.3188616636963415
-0.3970347324105052 -3.4736704368214943
-0.39000665966569686 -3.142887875763198
-0.2756166489700429 -3.4244646889846884
-0.15595648341427687 -3.6304294441762757
-0.28699986719149745 -3.550525681161369
-0.14934768738316606 -3.55151305044728
-0.3390086692364696 -3.1466768537115692
-0.11896154240572954 -3.131596823997354
-0.11784982872860306 -3.345540199152931
-0.25020729997574054 -3.1770482518935035
-0.27665421318839506 -3.351121608603842
-0.11514513148363065 -3.1267326688869055
-0.339191240840663 -3.7769558766528815
-0.35934312637816274 -3.5432551883652437
-0.17377789169692492 -3.3110063528101494
-0.21983176898777895 -3.438383389048399
-0.2685039577045538 -3.786604204569871
-0.20577842069188543 -3.185310857289388
-0.3677025014240994 -3.5531189408916366
-0.14701210302349144 -3.607926646548865
-0.29141974808466853 -3.5880995852241084
-0.19723061426229554 -3.3312221743761814
-0.2613441580909822 -3.7635673612208826
-0.12642638994404165 -3.691363482734752
-0.2365596061870581 -3.2813148174576363
-0.2444549086565177 -3.846202569586435
-0.11569367748076975 -3.8487005259163265
-0.2376672660030059 -3.8697086439232975
-0.11464278560240121 -3.876575470794359
-0.2024738839787765 -3.3128898574371837
-0.2109596594720269 -3.690120177119301
-0.3847994083636855 -3.549725720786637
-0.3808963549246293 -3.704349129325431
-0.21299220234228702 -3.6295794452976544
-0.2984107565524262 -3.7535463220913923
-0.12351172146023776 -3.1502650653719915
-0.3444419161596411 -3.8668877894713276
-0.30571735295633606 -3.2049125211670457

-0.37301409691619203 -3.240454874269654
-0.24361191686399483 -3.6835984330484393
-0.20454509389937528 -3.6750893260842767
-0.10120170144678658 -3.660797949085318
-0.315335483535392 -3.618474860453992
-0.3255462045683678 -3.806571722437623
-0.16230181023532766 -3.5122910970528762
-0.34698010057488043 -3.327905295673951
-0.27361008677122145 -3.6388923080722972
-0.16402071884330435 -3.2363121864114186
-0.20633516695646276 -3.7455025129849058
-0.18059325601286833 -3.4603685921052496
-0.2879738498988444 -3.2398471021544744
-0.17851289770413636 -3.8710486820569665
-0.2965239273812542 -3.281674956154594
-0.11672804724627023 -3.655443166639194
-0.28045736314784214 -3.163427422597575
-0.25301211086630754 -3.153404109638719
-0.146719207508213 -3.685153302539701
-0.2849612536090728 -3.8739192275291496
-0.30039601041412123 -3.8855091036122644
-0.3498271843626722 -3.449325210382611
-0.30594845974619045 -3.304009424209595
-0.27359738051111826 -3.5083194994948106
-0.10530504913450384 -3.3421069885915777
-0.11263735933159552 -3.5571647982823
-0.3695593004087035 -3.248277305353642
-0.2842647407644665 -3.444287114795085
-0.31889346307159244 -3.388289804717447
-0.36206983254252434 -3.309864011695211
-0.39990405200152557 -3.208818596058215
-0.31836170034575384 -3.596558691790525
-0.18025284095662752 -3.4419614225032618
-0.19223022633153536 -3.858044689394348
-0.14325103912358605 -3.263554729975363
-0.160221493240786 -3.304797730240051
-0.30394615640125583 -3.3234863136398527
-0.39638130060437726 -3.6673650178846504
-0.1408922742516172 -3.5963999421465966
-0.18801831540201663 -3.2516768461991576
-0.37823305330694745 -3.507048547351102
-0.35756436666864266 -3.567698505630086
-0.3793506801673004 -3.199339919267258
-0.2052451931691558 -3.323389399111379
-0.1130591303268485 -3.38990006065666
-0.1253243050888092 -3.4709434204029384
-0.1556438016372837 -3.6825066027652573
-0.3215003560633359 -3.1239555660491143
-0.3879683222258561 -3.8717119100757187
-0.3806911207106928 -3.371718626148827


0.1402904641739498 2.0371417529636386
0.20952347375959246 1.9899459654401905
0.195151732854834 2.4356010885905377
0.15110664590595424 1.5606816780775228
0.10652737039281121 2.216641035239427
0.24129488327557325 2.3330316688696575
0.22858158184544874 1.5027842258119413
0.24101529300155983 1.5212726819143199
0.2159911353647846 2.483727439739077
0.20193238957250653 1.5878158979252297
0.2295677450556876 2.2371956451196953
0.13652910858262585 1.6293144050689035
0.2365672910251191 2.213157617525763
0.12760707298646237 2.298761963432047
0.146158040515579 2.424515023901448
0.17770952585235225 2.4346322495485744
0.1291886906904724 1.868940834075822
0.14048195588018814 2.155532375814727
0.198612086030464 1.6931124362638317
0.17209865983493688 1.8552647666448716
0.07864629626608241 1.7055892792634757
0.17972945195475015 2.139970954611962
0.23004232476712633 1.6810849809027095
0.12571705819850226 1.7102417698893744
0.14443412010064033 1.5114501783546939
0.11694452767554406 2.482939920136692
0.17609466293557186 2.2981886610214426
0.18491745809599835 2.1552411643402083
0.0861502863132069 1.7960859405485445
0.19613973381636424 2.078640460933091
0.1438396836790889 2.160293431580885
0.24377773632396227 2.1242893594119137
0.2265296102060732 1.5792638213713257
0.13594374009595486 2.4918781664580942
0.2394276072972868 2.242520866870358
0.2225166716461443 2.2118915230990903
0.08744708490423903 2.3677500072761095
0.19515807171050428 2.42047952340189
0.23180313127646446 1.598171338734682
0.11905329427242257 2.2669963113687226
0.1250995316126205 1.6869027765036884
0.11733293639308216 1.6496847745712853
0.17853492548860314 2.453352744634003
0.08637584886322762 1.5819351818316836
0.0946804295539116 2.3793236738843175
0.13842478953756004 1.6420102101840461
0.2121724970232825 2.271711501388169
0.2088123961977807 1.7768023339224084
0.24214192568402365 2.2164354286298367
0.08051592275769208 2.0094973666089335
