20 50 30

0 1
0 1
0 1
0 1
0 1
0 1
0 1
0 1
0 1
0 1
0 1
0 1
0 1
0 1
0 1
0 1
0 1
0 1
0 1
0 1

-0.18587373635737253 -3.4251324337836344
-0.16615773648101317 -3.1704853864339784
-0.20757517832078118 -3.825476272189794
-0.201913837391623 -3.8649889732405955
-0.10658520430576351 -3.751611373933551
-0.2124499974338379 -3.5419462048226866
-0.20741567253464707 -3.488197179392679
-0.2423812488421656 -3.384318455236862
-0.1273970321656176 -3.2341482692545993
-0.21302335863538904 -3.6828234635888135
-0.26650800341431163 -3.202045161410631
-0.13866275959144986 -3.833198265465322
-0.3184919520797208 -3.5558504312489845
-0.10475441989751738 -3.8720519171807335
-0.11471729376711881 -3.77271484216433
-0.2533434277681483 -3.4315442281099426
-0.12083516226404467 -3.2471292022753335
-0.34214465316993437 -3.666908670768001
-0.32923372258378863 -3.600677453237265
-0.33772675824551057 -3.325305632431265
-0.2676873302607822 -3.6659771104759225
-0.2313862055039296 -3.845905731970175
-0.278423912941578 -3.728709942425388
-0.26888939713815785 -3.15948946053481
-0.28321312811563665 -3.622514837763758
-0.3478793589399643 -3.6819029979756093
-0.21202136412991568 -3.1263125974591808
-0.18180340509238557 -3.4513786174601013
-0.1390469800039883 -3.569878620364433
-0.34158331453478624 -3.7420723361134987
-0.19834727147670847 -3.7759572299541437
-0.3683639016106279 -3.129663792307957
-0.15830861601436413 -3.8724256799016095
-0.17777601778258725 -3.169675147799108
-0.28365987433394213 -3.460333665083823
-0.29020043971418463 -3.4293298613188514
-0.2013771950122855 -3.522346089923913
-0.22951135052414404 -3.868143930962247
-0.105204589327762 -3.2783157069962723
-0.32786358914422353 -3.1951440701390617
-0.22038799441789722 -3.3507369136573626
-0.14719061353783908 -3.8194054504325194
-0.10701312772568433 -3.7477687581534163
-0.28696307727097936 -3.2225106956286957
-0.1381718304833327 -3.1281882376784
-0.2490385677873078 -3.3693300860013573
-0.12903357846743413 -3.182009360521724
-0.3572924621860153 -3.195060998241706
-0.37570153670445317 -3.745858344918646
-0.30145548441036085 -3.145549282546562

-0.27597547809510026 -3.7811442950799132
-0.25461740028127655 -3.4932107045529124
-0.2246900950974518 -3.6123800794894443
-0.265421519479418 -3.3212419819468217
-0.3866824358421236 -3.5458647051624217
-0.3926641738291954 -3.5313807369560966
-0.24251446493697432 -3.2305594562069038
-0.32396129760468784 -3.349344574171104
-0.3794304104692975 -3.39705038606572
-0.1950961652648668 -3.349155487062326
-0.19888852457167122 -3.4723620993930577
-0.3942211395024298 -3.3773256227778417
-0.12499085363512008 -3.2561699082814775
-0.3070894350785846 -3.1387525170565747
-0.1881421842852736 -3.8558773741833696
-0.18868975148055303 -3.768118833925378
-0.10778556925746291 -3.529092621409434
-0.3264572940606446 -3.4427234359293335
-0.26540557696778444 -3.2277266123081474
-0.19581566306147466 -3.2520578890196097
-0.16106400411292338 -3.3298360209421625
-0.21800613124261572 -3.4127375522641663
-0.34344629828433954 -3.614561905862166
-0.21136176899222042 -3.452953707640329
-0.1647478292944823 -3.850431479507525
-0.2726604300085652 -3.271150290281559
-0.16841567568886787 -3.246944063336652
-0.2907753740617124 -3.433213203211247
-0.14609620934766193 -3.845413354597576
-0.13161823521150273 -3.4644842674157963
-0.39073615491005365 -3.3740048306261117
-0.3265253510406944 -3.847375783451266
-0.37832901103028976 -3.2134166925104184
-0.2973556380062591 -3.8795621763227484
-0.2110742919740896 -3.269693382599424
-0.2746224174058352 -3.7522524912130018
-0.19565868826443394 -3.621227822560437
-0.32095523909504436 -3.4727368414544184
-0.13122539588819832 -3.844221423115059
-0.1812010102976534 -3.127535060123508
-0.3223262669458046 -3.640124929423531
-0.1806087621916215 -3.472679285775307
-0.3040283750987286 -3.12217312103619
-0.29827808591641936 -3.7944766001530366
-0.2125147199714574 -3.605961914669605
-0.2569672643140182 -3.8188321736101716
-0.16175851440729305 -3.7193461583265823
-0.29436027934581965 -3.8020204638124864
-0.3508437217224387 -3.3495075819708724
-0.1173975826022971 -3.6643449529332446

-0.12382868929716723 -3.854159107229686
-0.3668631719751581 -3.3076209587036023
-0.16320662508141742 -3.31515786739875
-0.1913734987128687 -3.827149170899399
-0.23004656448217461 -3.628945790528015
-0.21974947776295412 -3.7474410910638443
-0.13502974360449904 -3.7231157743756396
-0.2382547293373815 -3.351504835848781
-0.2513745389555493 -3.833379817240156
-0.15381649588904314 -3.2225329523175352
-0.23821932241685034 -3.2914972241681424
-0.39645913214998474 -3.8736895274046
-0.39319266596042235 -3.2608260524944392
-0.149234676195589 -3.7806878649368856
-0.3693724959252255 -3.1756242348778607
-0.13481003613256026 -3.3094956369450044
-0.24222978770863204 -3.126697399814542
-0.14286589131873811 -3.865301884928266
-0.26111384510151536 -3.6302030994441057
-0.3772710158481463 -3.2694047215355715
-0.14542291616525405 -3.7457091228457022
-0.2947576908359094 -3.412187590620217
-0.2817221303426065 -3.284091320977417
-0.3819301736903432 -3.1208932282376836
-0.3465218750327909 -3.4385134013227834
-0.17327355849195003 -3.838811695432541
-0.2752152732967974 -3.510937188358587
-0.2721710509406747 -3.2515886710019313
-0.2502208363948292 -3.580554140098752
-0.18760496342775734 -3.276386979817238
-0.3358174969154992 -3.844376308228982
-0.13733320242702812 -3.7477577359742043
-0.24285144428798228 -3.4258066149167505
-0.3476299088683338 -3.433016581972645
-0.15769822717214638 -3.1371958156386963
-0.2658183432691505 -3.1878528567042523
-0.21381393671351046 -3.4629479530631557
-0.34277463823068327 -3.7573493977839165
-0.1536254722585868 -3.484502024889915
-0.34381775106976353 -3.7017290000621004
-0.37346858385251086 -3.2133692556271893
-0.20036726110015254 -3.188283363011309
-0.2621285232671703 -3.3582231762214123
-0.18976021445201105 -3.255073908427122
-0.300678262822929 -3.427860310238678
-0.18424076707863532 -3.220136274840181
-0.3191113973428177 -3.422320961598564
-0.2057608100488876 -3.1755478675917557
-0.2954838168258789 -3.685122023602632
-0.3053816844661958 -3.1934153911077563

-0.2638581857635337 -3.1650818275050043
-0.1998858744523864 -3.7321019656655405
-0.18562542335862545 -3.71994068419237
-0.37844333118610457 -3.709183269928102
-0.321299941615937 -3.5813383960284884
-0.1220981267052702 -3.7266557580900503
-0.3457321577037754 -3.6073690778939365
-0.303080189596392 -3.6716860242429408
-0.35199551873049706 -3.826643456024331
-0.2891968299645877 -3.16232323449357
-0.16554653899901312 -3.273284301409692
-0.29076813724790224 -3.5806288472501837
-0.1482538779999239 -3.650582687364324
-0.3422252487316054 -3.3124295558034773
-0.32472437930253484 -3.264605754059559
-0.3369149893395886 -3.3098964672725124
-0.17969726742811454 -3.8346795695161453
-0.24164092832395123 -3.6862548367126275
-0.30567354971865146 -3.3282995091181995
-0.11229661256124096 -3.2865423637245312
-0.24236427651037296 -3.720007305570843
-0.3064980970277586 -3.810890232015443
-0.1756374946631486 -3.2306034236539873
-0.25472989272820445 -3.739237430457147
-0.261654765490991 -3.5909041369675543
-0.24293531684140543 -3.1445082631038423
-0.37220558412517535 -3.6016682480287026
-0.1292194968523243 -3.1834280120626923
-0.10948537460566121 -3.4737273773984447
-0.11538533681990082 -3.3373159183658476
-0.37300679310843515 -3.2939334834977023
-0.27753933009367526 -3.3961180412871452
-0.17552507078622234 -3.474000269799032
-0.10227076284687175 -3.4273326012675396
-0.38818426839370074 -3.373697081099472
-0.3724639646689868 -3.256804817092876
-0.15461355100258467 -3.197805587829003
-0.149800503005675 -3.379868998454459
-0.1568881910630435 -3.2274860193313297
-0.24439634968337262 -3.1774860897658486
-0.25950409174970634 -3.3479223985119586
-0.3743860149181744 -3.8001266255671102
-0.10576953279426221 -3.434100210382633
-0.10924329726284915 -3.180530023505023
-0.3514314267827447 -3.669664824574382
-0.1882823458204569 -3.4618238754887503
-0.30583840331349404 -3.1695595470767683
-0.19609554254415573 -3.4447967526206336
-0.31052277014029406 -3.4763622208003078
-0.1041405048522897 -3.485044381986747

-0.10441052630379949 -3.433234184779583
-0.38898009336265293 -3.6456002848427747
-0.2844250662138246 -3.252409530698104
-0.35543006635697066 -3.1606924234463936
-0.2982206810049192 -3.5771368470156695
-0.15508351816907903 -3.148729280450797
-0.1069883511841217 -3.6446697310820744
-0.10403246585434833 -3.6697964645949357
-0.258366071441027 -3.4500531882422765
-0.273863287759911 -3.4345829300260884
-0.197759732708787 -3.336530467931696
-0.24964689022749567 -3.3354400759745486
-0.3903789132835813 -3.256370333509556
-0.17412964743467918 -3.5072811440076324
-0.1157536439834313 -3.6369028360619855
-0.19611528817694734 -3.5415455528018316
-0.2525960112665455 -3.2173290440631144
-0.15910683134869874 -3.323212229095305
-0.27577031317905204 -3.7348774488424117
-0.25835927160858624 -3.408649508049167
-0.2159785904865267 -3.497157956735102
-0.3921830163051956 -3.7626400748933824
-0.20291262822137565 -3.6315271570690486
-0.38086894252787584 -3.8371132277577527
-0.10916532266712364 -3.6975715665808866
-0.1410053481541111 -3.4605266111742803
-0.3586551842098187 -3.6442573282535196
-0.13501249442053076 -3.826286085624291
-0.10169000884185203 -3.4013215022434156
-0.24821128897013667 -3.546258734476635
-0.16645752954056758 -3.6629001231970113
-0.27242429549710134 -3.715689043475414
-0.3187018441097178 -3.764615499959517
-0.15535683440196765 -3.4434957271191684
-0.3115405186113737 -3.635083520187198
-0.38397025951641234 -3.1613175835930294
-0.211464074269692 -3.18322267582003
-0.35805713676281486 -3.30506956250157
-0.15140065376400938 -3.5049415728849063
-0.3069986961823054 -3.8182089584531065
-0.2507436385442656 -3.775369670433697
-0.3754604818700209 -3.4289437931167335
-0.164275606986711 -3.215560223204146
-0.10841841281426828 -3.421057584193171
-0.16124394532665995 -3.4115567150657884
-0.37079856765437424 -3.7911531277395736
-0.26405719701107866 -3.6907673748055134
-0.3341195178874241 -3.775719429829497
-0.3835932752049396 -3.603001614844083
-0.1633881137241893 -3.5869784098236948

-0.12852221377862316 -3.3628267889591013
-0.23547532379255573 -3.7915289236192824
-0.3396216344099748 -3.1965803075526606
-0.2637693890740379 -3.485095857523653
-0.1749410639420482 -3.7554373053429844
-0.3714561306706394 -3.45946971200609
-0.1048530020561147 -3.7689867282942
-0.1778777320469239 -3.730485592042277
-0.31561869543313714 -3.7911224457237855
-0.3497256960007774 -3.812858275396799
-0.1780978838749131 -3.4441253509867265
-0.11975307839924154 -3.578519758981498
-0.38541022174266015 -3.7332549640409987
-0.2800875054957118 -3.3774948643928253
-0.22656467888026452 -3.519820989929413
-0.2901909753676614 -3.7255025747892843
-0.22624651511802396 -3.486362178928898
-0.16034431209126954 -3.369956332693569
-0.2559383886059675 -3.443312822995617
-0.16616752636120036 -3.2728093898348174
-0.18454862362408392 -3.363495818614517
-0.3175526897161334 -3.204807158562493
-0.12707583041852577 -3.8831676475767485
-0.3054856555578144 -3.58454472377815
-0.23808992702769355 -3.789551593754175
-0.31341588560879824 -3.6550132176575625
-0.2274052650936089 -3.62913193035343
-0.21326336183205805 -3.2447780714434344
-0.363460720169278 -3.480503120040273
-0.16448122259383147 -3.1752929659121567
-0.22378275777456905 -3.498262666067863
-0.15221133314258173 -3.2559972016207483
-0.25338278383417295 -3.203331787964565
-0.1901771149972871 -3.5849680386074603
-0.25789190344066004 -3.4589163099265705
-0.1784834446266932 -3.517540724008264
-0.3020086185091386 -3.3337037954334856
-0.1911694278159875 -3.545492601802197
-0.11906420165917331 -3.809126922956549
-0.39239696471549823 -3.7054784420266005
-0.18023913884969425 -3.6630219969391895
-0.22173549141014293 -3.740287240029871
-0.3175459117406374 -3.5831419494806607
-0.17306485225670548 -3.7774568994593642
-0.3760384408457519 -3.5231808672204887
-0.1800285022692372 -3.8413313451650595
-0.16835009051973812 -3.2807109356864967
-0.2240268077856939 -3.884101427798772
-0.3642395753417274 -3.394902238703059
-0.2995555946634459 -3.468182485359864

-0.12913254073801217 -3.133507251330364
-0.34271593806427436 -3.6930731206966727
-0.33309599318869754 -3.4517841646013685
-0.15800965644465326 -3.6345609635845046
-0.3293297918376943 -3.4088170708935124
-0.36860824414548715 -3.6912403532828515
-0.3806218902930618 -3.516689167775601
-0.28058216630129373 -3.882992268771666
-0.1912976108171927 -3.5964427336483054
-0.14337100086833493 -3.748796747003338
-0.37001187441760347 -3.643374122170613
-0.28633363804056156 -3.165055151400815
-0.10479134911144633 -3.490318604440545
-0.17559176697698395 -3.437804604351961
-0.1944216088769754 -3.2853015377142762
-0.2687085276834793 -3.6978785470263866
-0.3954052567406082 -3.649051848803642
-0.2812341903061047 -3.6998679227285547
-0.10162342226813453 -3.7951244596540636
-0.27310538693501585 -3.7433059431194433
-0.36273943466540076 -3.3988175977677835
-0.3520597305828627 -3.8512437519245712
-0.3814738435957293 -3.161546983144097
-0.32819155575965836 -3.610257275275678
-0.3953105947111412 -3.5457340036237137
-0.31470266036404265 -3.326824570140757
-0.210797173754848 -3.320346788005808
-0.2971705934804871 -3.5792708450954462
-0.21840536411397057 -3.3867254438298415
-0.2629683922370281 -3.6990107783601656
-0.24212788488059928 -3.816315962092765
-0.24338792433163633 -3.640636808537259
-0.26166261517483946 -3.2753218762247465
-0.30665502940687284 -3.2287233757101217
-0.2821143040876632 -3.700965199900493
-0.3120942556179842 -3.4820730853942314
-0.2970391905349514 -3.5704677838046335
-0.24255289167551114 -3.3564345530138366
-0.26668498194250584 -3.3198512285994015
-0.37972522085302474 -3.1529174974866523
-0.15283362501239642 -3.6113529787416287
-0.3569394587259367 -3.256232895276134
-0.21230853402881367 -3.482158394678747
-0.24564028482607883 -3.774158129832079
-0.24839010838858172 -3.693804455356489
-0.2726689930112566 -3.775220569343302
-0.2732715972147495 -3.7199341553932452
-0.10991553477587301 -3.1869427344114905
-0.10100193316626127 -3.7561443377371075
-0.27213799597327903 -3.2329434558550236

-0.2433905966664472 -3.584434300504434
-0.2218253032253894 -3.4532521232581748
-0.34333192213734937 -3.204773827541999
-0.30940917135006385 -3.4281475356046665
-0.3737535750481843 -3.2178405212120746
-0.33743277058000465 -3.466001139352237
-0.14528891195577093 -3.451675234168391
-0.10484404793387608 -3.1204321335218
-0.25601799786377033 -3.377401962392455
-0.32829347506389406 -3.771318558093637
-0.27158272781766435 -3.265246543596116
-0.3348123081837256 -3.431925813545405
-0.3967123025220346 -3.7657159155977027
-0.37367038748321685 -3.7663810233355948
-0.3216969869206692 -3.4237578876504036
-0.3174317311701339 -3.4320087780031074
-0.3485361428388471 -3.700216136951796
-0.328326812648441 -3.8631815701216343
-0.2406169410784658 -3.4628327161484407
-0.1700509342860539 -3.6584245661614228
-0.2374672783886162 -3.2512952134495237
-0.1071896440522887 -3.737254348906227
-0.16661815509961928 -3.4806166203360305
-0.17634955373845512 -3.4576419071230395
-0.20174852956243064 -3.3858960851846795
-0.2224939229330293 -3.7832476383297537
-0.11473294420939545 -3.787248021769646
-0.3020783890872313 -3.3644690397623727
-0.23062935821791133 -3.537889811353699
-0.26176905283856056 -3.229175409138224
-0.14456615364196201 -3.4024455069273407
-0.2977059263360926 -3.424912036164704
-0.28904159880946045 -3.638449214049911
-0.39702099491006965 -3.5527061646663607
-0.142549430153053 -3.5947220223885505
-0.10616713134903372 -3.438610124265396
-0.21282528593956132 -3.5685441498882406
-0.31774517860915125 -3.61807107895853
-0.13726160008663607 -3.4194261807236837
-0.20131801726210818 -3.812145734398966
-0.17045682835127396 -3.76733434874492
-0.1591285551150293 -3.6703436171757113
-0.23867394169899755 -3.7109915970870584
-0.37107423955227353 -3.4543158461713865
-0.13083962385624615 -3.5030348905165147
-0.3695688391903977 -3.735941240956218
-0.39682328407306344 -3.5622513777185563
-0.12207377819623094 -3.367946211145315
-0.24535085164334558 -3.3609363221859434
-0.27950776635491004 -3.753273906276286

-0.3546618561892081 -3.5353869038338708
-0.35543132021596696 -3.274030002139874
-0.17109458561457785 -3.7874853182947223
-0.31324056126069527 -3.7299478173859404
-0.26096245982465893 -3.4718661239563438
-0.23236941078121642 -3.1261137133621504
-0.1838042113562076 -3.573754678482196
-0.19053661460951588 -3.4217601353290483
-0.175643567593488 -3.1868246445335955
-0.22793521342311757 -3.602016602130583
-0.3590168204905236 -3.6173888901555107
-0.15893054520397248 -3.6594242261235133
-0.2540121640060802 -3.78799616477508
-0.29569026694623723 -3.255143834916422
-0.32902152580873356 -3.386610911666153
-0.14529641001714583 -3.792944131961635
-0.10954870258687294 -3.4802759420886864
-0.3697960683666072 -3.6252516009883635
-0.1982851567990949 -3.12164506412427
-0.35732706154551297 -3.7072042739791637
-0.2712950329708399 -3.576538764985713
-0.24165072691103556 -3.748784079372476
-0.25409149240631834 -3.6536736738006734
-0.18910522350774267 -3.5575785998958445
-0.18755550234720783 -3.162335782517397
-0.18282313105836337 -3.1890466983014187
-0.3563960276439427 -3.302203608833623
-0.24721989641820635 -3.865055143368506
-0.12718871901337336 -3.4093261515390383
-0.20811908447762392 -3.734124965223067
-0.34166193367723197 -3.4012639906678404
-0.16425869409777752 -3.4989039274627673
-0.250801464053105 -3.673578482866651
-0.11970941292757226 -3.3928750624236934
-0.2453026432132183 -3.745726519816907
-0.2434995515838469 -3.4304443458206317
-0.1989782270771347 -3.1486497119811556
-0.3016130684945446 -3.385746556542606
-0.18098374123900676 -3.768858957470317
-0.18418422979672958 -3.788372342432094
-0.16031004833373066 -3.6095175051590425
-0.2563665959396184 -3.224568216551315
-0.3590736186243272 -3.74493351029864
-0.15139142861769633 -3.558331661413478
-0.2202596258250327 -3.1412911707587483
-0.2974383602961797 -3.877513699089223
-0.36713435253199983 -3.261550592662175
-0.1546016222594216 -3.1801901031920874
-0.25118830346559107 -3.3652880274083294
-0.2546048654842196 -3.376629779965234

-0.19792717991325315 -3.567292736269346
-0.31287128411539317 -3.423500042427428
-0.39869349897597706 -3.6453300712503065
-0.2137545548655407 -3.1523963237675274
-0.16874488210846067 -3.3066468482280023
-0.2463868046960041 -3.136593492657714
-0.3033620848311506 -3.223110175445687
-0.21402241069879974 -3.865995320707207
-0.21238525204756728 -3.8288993820810076
-0.17394487540975048 -3.180405700064143
-0.13342154998868155 -3.5728772229147068
-0.2699784269798351 -3.69665792857292
-0.23165364542816325 -3.5119970562561758
-0.16318254984434136 -3.6269362672896173
-0.2976794881661577 -3.3669351528785345
-0.2939263852337397 -3.459231279803438
-0.14042060986018 -3.223509177674293
-0.1175147409201513 -3.361035412501751
-0.2479892831828519 -3.667751675194327
-0.22078360293199753 -3.581664074346611
-0.38961911235108476 -3.2209854869086185
-0.13521222913188452 -3.165264750370827
-0.3135241691334578 -3.7942754128792493
-0.14163918339000725 -3.7746986946233934
-0.12450169933824479 -3.4678668028916677
-0.25889014342216515 -3.402375022073889
-0.22015672726463234 -3.3780175795748693
-0.16293072597948852 -3.660052162578646
-0.39550829216635963 -3.834479386398198
-0.17876309709905217 -3.6216450139559955
-0.22654233320713127 -3.852284642826237
-0.322686084276899 -3.2671310202046273
-0.2509658792452306 -3.547057245661648
-0.23611032887787625 -3.5562376428311073
-0.16109456988537438 -3.4608220738148567
-0.27322080848131036 -3.618469473743437
-0.3030137743145351 -3.605065039404752
-0.1553139459691027 -3.8620018779197904
-0.3332040601456199 -3.5588806828223545
-0.1437431133762751 -3.344224830652012
-0.12611722891084604 -3.800767233714028
-0.26586394086307 -3.8768048107244053
-0.2367009814848087 -3.670875716355598
-0.315364358286941 -3.4565247276548545
-0.24358347266080882 -3.882491127641695
-0.26596653581841223 -3.268231856278485
-0.39139558497482047 -3.3529832464401474
-0.2018211908340293 -3.4495565276468465
-0.3250468231789081 -3.253371094507646
-0.3285282204817141 -3.604315892633192

-0.2604181604132859 -3.745358022375335
-0.39463081817071927 -3.703881464896268
-0.37364504557956657 -3.8165794801660065
-0.3246739158744124 -3.7249559478279313
-0.29516605905584176 -3.883247612117301
-0.32708682557582736 -3.4721097775114416
-0.1130106161206274 -3.8259127902517185
-0.36027249078334755 -3.248124278483316
-0.24145437978809095 -3.7909862851182448
-0.1262789847242876 -3.3774686290300906
-0.30865296973204986 -3.6168362214096286
-0.3394870003241939 -3.886527526576938
-0.1761048341217101 -3.1936557717459966
-0.38216487374870395 -3.5115522703873006
-0.25967806570918106 -3.547472945856473
-0.11176793488031106 -3.305928470128093
-0.33722941712031784 -3.599006766688575
-0.26569137000927123 -3.4049837244769647
-0.2952378491499203 -3.3080324867663444
-0.24346767853414983 -3.4538384501630426
-0.20994449960466324 -3.5732424809799674
-0.16480407566383637 -3.2288655472136765
-0.158291732528196 -3.685753543718759
-0.1720755401395983 -3.723078810610742
-0.19033204682897334 -3.7313200417075105
-0.14388964624872047 -3.87769524229505
-0.1427016051575935 -3.3112881451829437
-0.2920568740817889 -3.7530704532924553
-0.18726628392716216 -3.7606329194810657
-0.18654224775201672 -3.204667818000967
-0.36256582898176737 -3.496196778650066
-0.3325087466589691 -3.7975190229638986
-0.12609134958380447 -3.1681046458138744
-0.3021439475619842 -3.768142646721465
-0.3449051505257556 -3.874805743250702
-0.22687263288447254 -3.233625313227092
-0.2096163523902175 -3.606188580559636
-0.2982442760642412 -3.150845330636781
-0.33361318532970363 -3.8574041239976227
-0.15182536701751984 -3.8020353499459554
-0.13634502282505995 -3.4853635592376597
-0.16615414937499456 -3.408944365762331
-0.19559533433423948 -3.3098589370917546
-0.11209610673952519 -3.3341979824256316
-0.11356044002356841 -3.3565904534535465
-0.2930525422555161 -3.72507391274556
-0.20467797762377826 -3.389657959743408
-0.35997449508771806 -3.463082393022744
-0.2844179764317243 -3.1741791255923326
-0.26205554179689794 -3.521693965837976

-0.10580390243995846 -3.5737354101509724
-0.1425789834869869 -3.7394306489781552
-0.10087636620814283 -3.658965837703885
-0.297714378785652 -3.6046372300110523
-0.3146180299378545 -3.5914795073481454
-0.30821467198971164 -3.5579487310603177
-0.1720302527107554 -3.275955084101601
-0.10268441822914082 -3.683882062626388
-0.3215280540357276 -3.819542000649908
-0.20099560035202754 -3.1372908600682523
-0.31753784842003 -3.178976095136587
-0.18675260945043043 -3.2569033590222274
-0.21108548622882523 -3.2398829485939538
-0.20522531864390842 -3.799964812068101
-0.1997221517646143 -3.173727848280542
-0.22323661731576103 -3.4747554825106883
-0.14263846902735772 -3.7287398755149543
-0.15182124578213727 -3.464455108767478
-0.2557654795378141 -3.3790268617447707
-0.12004153003764007 -3.716002729304803
-0.34130242748089074 -3.5908344870787037
-0.2178762776127722 -3.538720263849615
-0.20406421556431942 -3.4514581754781157
-0.38230157363304706 -3.715942854965198
-0.3813257093014344 -3.58388920688831
-0.399963778989022 -3.135924407105563
-0.15087598470910804 -3.572477939500308
-0.24491689200453132 -3.5395691141844554
-0.38423009452697865 -3.6295217670564868
-0.15966847994795202 -3.5686805285502627
-0.10197476344279915 -3.6441019637845575
-0.1643132309183464 -3.444443774415861
-0.3231100724406738 -3.282042256126853
-0.3887020485333094 -3.37782924272384
-0.21911331761656935 -3.577320623416349
-0.3198587142814332 -3.7115439673011554
-0.20153346925948287 -3.8848885715510533
-0.1840177082614895 -3.403325973660187
-0.3969710577567085 -3.7240705544092223
-0.2514663592842777 -3.831200892521502
-0.13365382615409171 -3.411611470438093
-0.13865364191048962 -3.1259826056689235
-0.359484056757554 -3.463044461053423
-0.2007389485048259 -3.131802975754303
-0.26402679098259385 -3.405144367728812
-0.36020585716940334 -3.1326818334761724
-0.10481302745022902 -3.4340532377537665
-0.26712764153464463 -3.550892769990496
-0.39300398331266523 -3.140181563770109
-0.25262814894574437 -3.2460991425141956

-0.24843925225327454 -3.1682106460076023
-0.32903507797932363 -3.4718862879843004
-0.13431217054200462 -3.43676978732041
-0.30223012333040716 -3.680610524885249
-0.1449002974580328 -3.381348082466407
-0.14076730580925956 -3.4592338620552168
-0.10479094221227109 -3.588526317957821
-0.12196255146937751 -3.1514140569528757
-0.19359801287117792 -3.248742673335209
-0.2729280996574182 -3.387004574080472
-0.17610522941158124 -3.785381536072706
-0.3502470503983902 -3.6727990902596823
-0.33512251890623507 -3.6362894609598695
-0.33440492481429474 -3.8115999067117103
-0.19983472735357055 -3.7392872221369178
-0.2087847470680594 -3.539411840414825
-0.3676455989351826 -3.859706717457614
-0.39374910368385124 -3.527799917228034
-0.3982658251692112 -3.7417173667065353
-0.2791935835757401 -3.5454770940211677
-0.18896934890586609 -3.1654281293082356
-0.3896897538457258 -3.510171839072341
-0.35955682918998133 -3.459256483321605
-0.21503421275227824 -3.4365590844646237
-0.2255793659394378 -3.712074814634819
-0.26341195193785066 -3.663884558704223
-0.2596460435797544 -3.387312626527768
-0.11964759764588978 -3.374686264988987
-0.2107687519734949 -3.3214458162836156
-0.17024911421880728 -3.8050321407528025
-0.16411518975751796 -3.4398188644837537
-0.39013885753535044 -3.7212263723647663
-0.3767735659520905 -3.720096548722865
-0.18720957796817705 -3.1781620410810882
-0.15085264962561976 -3.326570474590209
-0.10031452058192242 -3.6134607177211904
-0.20985579964712078 -3.1760318673053702
-0.20481787554429173 -3.581084228391647
-0.1885000328748701 -3.3263504659725673
-0.37744483164623077 -3.4465924326081
-0.38860337982085685 -3.158635811489102
-0.20596950573927633 -3.341859379698784
-0.20016268300632817 -3.38970792085964
-0.10559956023179617 -3.266375319343018
-0.3406993839230734 -3.859216995666557
-0.1649594824616841 -3.6883757596664988
-0.26961063992377665 -3.148391062685693
-0.17064222084415687 -3.3795375708043434
-0.324053968343298 -3.312948989977621
-0.25298644805425247 -3.770371396316236

-0.36958406264485877 -3.8154425503860367
-0.39089354773602814 -3.6736135122712605
-0.26612062564634975 -3.2800356043801395
-0.3758238210546102 -3.854324012896754
-0.1700513152434232 -3.6624155732987136
-0.32066068029989625 -3.26170547740373
-0.3559879636165544 -3.881002410302038
-0.2713428709750571 -3.5056866077571915
-0.18344464467162894 -3.871071957420234
-0.12064424489764208 -3.560681990159757
-0.34857523626000386 -3.6352775306812344
-0.37184709671009775 -3.4752171147656403
-0.2741357689694613 -3.4633270096314783
-0.36018831699745185 -3.3215042502664525
-0.2686233458024587 -3.758106810742653
-0.3853902625353411 -3.7889118338190806
-0.39247410854958703 -3.8008168834074922
-0.2910104161563868 -3.344070843284264
-0.343927511919567 -3.2533854734783354
-0.3665890612469077 -3.8665045614680844
-0.21834474909652363 -3.6021510939947428
-0.23387560241293348 -3.423481376803451
-0.14630606898634818 -3.8403954826998996
-0.3488815746420634 -3.564171019615828
-0.17554120919849872 -3.717204913039191
-0.14192971513358993 -3.6785344966281706
-0.33467246089635844 -3.522063581444037
-0.2347043672080944 -3.221428901079945
-0.17353008809057807 -3.7114120450779895
-0.20680142547528155 -3.705618680839965
-0.10800240151297003 -3.3513337083725365
-0.2784189513406509 -3.4827041489436783
-0.26167288506417674 -3.1829547921889993
-0.26751265850887285 -3.2207410181252567
-0.20458078504756796 -3.5077033872190273
-0.33578245785566296 -3.549529816256182
-0.20927334584862597 -3.686086404878535
-0.14221511009144944 -3.6468926448425067
-0.2869842246969508 -3.6362270980984013
-0.16262045470873884 -3.68045638375955
-0.1123176484586133 -3.5622591706297317
-0.2751970037844654 -3.7691305101318626
-0.22149445552776006 -3.1487649643774263
-0.34352189466375516 -3.198604793253848
-0.21399570248163977 -3.17124475761871
-0.3272210991647707 -3.2764518681497257
-0.17478795426913402 -3.337040076748198
-0.1252404749300411 -3.631812246215445
-0.24642414685534375 -3.4327735585079857
-0.1325684025619564 -3.666014112263796

-0.29352996153081945 -3.237861744792345
-0.27970804664524823 -3.449584548870501
-0.24907471890823424 -3.152822429782792
-0.3062163124993223 -3.4766989260795853
-0.25137993722661056 -3.3960812903552866
-0.37111182148271193 -3.8364143383445395
-0.11262420773231013 -3.5028996472366476
-0.2297920234873305 -3.2100090663782774
-0.1799048204982603 -3.872905503593443
-0.25855621520650585 -3.3032843733621067
-0.3329643324169007 -3.289782107071588
-0.22335683368103768 -3.2618069539188825
-0.18350411364550998 -3.844684743574279
-0.3632473165722085 -3.6270321558599896
-0.15145593864868342 -3.374854123873701
-0.23076846853816566 -3.3798317384663648
-0.3364794092857628 -3.867499253176824
-0.1887572311882388 -3.400092623805911
-0.19440587260888356 -3.7172889209634303
-0.26904869922375096 -3.193886924704022
-0.14133572468207578 -3.5759080884830245
-0.19906170155417824 -3.8017645399428748
-0.18256239850913847 -3.472997425530165
-0.29283469706625026 -3.498594603337511
-0.24834918354522253 -3.6515176026585325
-0.3086439154814819 -3.7485587074988675
-0.2482636434877726 -3.3846457550987847
-0.11776765703325814 -3.164524867255878
-0.21936823995991173 -3.4201401843300965
-0.3712114052351678 -3.7544309323159375
-0.27506007292506707 -3.4816782927758148
-0.2741105286165799 -3.3154950991486904
-0.13770491613615887 -3.1856097180821763
-0.17274102854129533 -3.1326264731084272
-0.24823855099132403 -3.391792002379579
-0.19834118951690646 -3.205462069186596
-0.3836279424407867 -3.6169618738607823
-0.30863181404301865 -3.5551973594468653
-0.18313536786297238 -3.6103992790777837
-0.14924787551380192 -3.4641013541953436
-0.37944748124037503 -3.7046376360274187
-0.19451259049618297 -3.1589557596115276
-0.3716944916260669 -3.1945582988742154
-0.13890297055066364 -3.595379339537236
-0.13609962566988232 -3.861184274883913
-0.16196351964243397 -3.346554527608388
-0.3808794338756194 -3.7308761014520297
-0.30451864351622826 -3.6390178253893253
-0.3457163559552638 -3.2359913094749353
-0.13859371382056512 -3.454102757415184

-0.31010389920392445 -3.767310652433602
-0.3192986785197929 -3.5198019817641253
-0.34165341772130603 -3.6015497187390677
-0.16997489366001062 -3.5351899940220814
-0.39195010497763344 -3.157019423755891
-0.3258858708206249 -3.201758511347769
-0.17091642200505636 -3.673860784963833
-0.3836349909510061 -3.2666254413999143
-0.21004056418960684 -3.7988791036323724
-0.3881700075522341 -3.2009488552496888
-0.3568597191374043 -3.8000759493223866
-0.22909833678942146 -3.624630977495047
-0.30461161786409846 -3.724444177934667
-0.3563813203951036 -3.3897525639070443
-0.17186278324639323 -3.7521816668923806
-0.10748211022955856 -3.610204510227213
-0.12949294501609915 -3.232310107227901
-0.1459352114733603 -3.7813201511889987
-0.2797441339369574 -3.7302057519929024
-0.3177233387686589 -3.127000024728877
-0.3696459877810539 -3.8092307093812443
-0.24938611555708562 -3.710772520735197
-0.2747240565260036 -3.708140455166108
-0.39503113715129384 -3.867989221241192
-0.3157905165101396 -3.187569000714295
-0.23777842137494376 -3.4989694620534952
-0.34520501761817235 -3.584281683307657
-0.284633462161613 -3.7402956272756005
-0.2681050785769443 -3.4406216390958644
-0.19134806864842016 -3.4113491561208074
-0.12391428665969167 -3.6582627142723623
-0.39093384040887885 -3.7817462967592657
-0.38322753456783376 -3.3381582130614875
-0.16300718333238112 -3.1202269233045032
-0.3443671305907141 -3.1503305951594545
-0.32742130264842984 -3.7987163091282117
-0.27630646390079483 -3.845009240168921
-0.2991117278036629 -3.33668634051259
-0.38613710637221854 -3.522790912954529
-0.30109854688783516 -3.2027429654193447
-0.31131467509266536 -3.5134404657193348
-0.337805395041157 -3.1289781086092026
-0.20967952154648403 -3.235866021484013
-0.29283846482864007 -3.397700380278824
-0.3565836571343553 -3.2776963167013395
-0.32297670222708724 -3.8367644631581697
-0.1661576503269299 -3.4974377004783825
-0.3291708898536133 -3.838533062863776
-0.36260111734965667 -3.517730611926393
-0.2849108111817049 -3.716918970212589

-0.12768409654635765 -3.852582190188291
-0.16506130417105658 -3.2356656091006717
-0.3780919429227408 -3.551200575448776
-0.36064051589074997 -3.341134255264594
-0.15817804242411204 -3.3810283357201927
-0.35280968262221435 -3.5987261308297196
-0.16682645219027242 -3.8458235835468684
-0.3429686820052494 -3.7785184896747324
-0.18657060946571913 -3.388716187947783
-0.3132548915904989 -3.654453354436228
-0.14719877833879214 -3.5499682914692734
-0.1965469991274501 -3.878842442159517
-0.32647212911410944 -3.68599440700931
-0.11573326837033371 -3.255649118766633
-0.27470208253457307 -3.35410761913783
-0.3545733777556749 -3.18830249630882
-0.17152380177298274 -3.814392169904735
-0.27965304866164375 -3.1306476410844866
-0.2911860033683382 -3.690292186436251
-0.37252984522862365 -3.7662643782163197
-0.25456758212077774 -3.4319227009938484
-0.3716063736525512 -3.7420247779868423
-0.3562863891847899 -3.402202715158522
-0.14804033539853845 -3.7447296600698787
-0.24104611477442137 -3.133143231342737
-0.28689370005033826 -3.7835652638794643
-0.1453247051573367 -3.284330724832017
-0.34126731584414893 -3.3982483108781
-0.10418119093231298 -3.136105676651133
-0.20706554879697933 -3.816829264409664
-0.1899913040804937 -3.1477408211148985
-0.351383169133882 -3.188231285049799
-0.3386234133847081 -3.586051423864541
-0.39721206491711275 -3.470369241388442
-0.1548142814296952 -3.7110399530757525
-0.21245294153109823 -3.7313902521840427
-0.2655467037328435 -3.856183210787635
-0.19222258682551388 -3.5635561615261766
-0.2570271464775967 -3.6660295311351536
-0.2837859632499206 -3.4786406222617363
-0.19321453941990788 -3.280953492444943
-0.2113235072965809 -3.631104594089623
-0.3002576853226868 -3.778010129305748
-0.20794409264811473 -3.7398972266560824
-0.37216844563746126 -3.7736435496819998
-0.10431003367873948 -3.496401443374262
-0.12777983556906086 -3.753793819805153
-0.362136972368276 -3.5642687304582905
-0.16636358127668158 -3.663605735830811
-0.20451240959510072 -3.241574964207124

-0.39916982711478555 -3.568587639512983
-0.3493468897783192 -3.703630773355579
-0.12170132374484605 -3.3996035590161746
-0.23320721831121274 -3.8632132199853664
-0.12343096625566297 -3.7548879279304908
-0.21931927680770388 -3.3756587638854274
-0.18413328618535457 -3.6915027837922247
-0.11348080907881392 -3.2938536723245475
-0.36952657834988106 -3.275163221701937
-0.23916546486132434 -3.224909794009628
-0.12021529520296931 -3.6170625516082557
-0.3264179396351108 -3.4990188082297786
-0.10279529024366513 -3.300864812059798
-0.31488249933343504 -3.5669604880691974
-0.35198116216257624 -3.1311267299029577
-0.26223021065609176 -3.6291725361272458
-0.20366462496318777 -3.801662659664764
-0.21069475232989424 -3.529996706408518
-0.18041511217030556 -3.2496161123757217
-0.23140726927893004 -3.242054364744014
-0.13922744975045764 -3.731925101476248
-0.36449055631386273 -3.3671045943214595
-0.22446812205202968 -3.4265442555336656
-0.1807743559934611 -3.8237639443721783
-0.36290073370444453 -3.850191562769333
-0.12589946443164574 -3.469857310869122
-0.3981627430185913 -3.8272418910868993
-0.14224843277857985 -3.7025196738943635
-0.3740129816492189 -3.568536601246116
-0.2698325845869954 -3.1781593593973527
-0.2571694466375514 -3.4243696211752543
-0.3636482920191566 -3.79367819429502
-0.2886953620559995 -3.867118300030156
-0.3475147575383354 -3.1291528322908357
-0.1399087011093203 -3.222331908471531
-0.396841163284044 -3.395906771614572
-0.1162267558524358 -3.1646335120984883
-0.27208909716766627 -3.271044455918894
-0.11885649502353413 -3.2520437238492694
-0.21570165440888253 -3.377746912251238
-0.3097404027834203 -3.7850700154998216
-0.36026224869786033 -3.417871632551377
-0.24004143960161745 -3.3073399319977486
-0.26453139623022376 -3.5114620365064315
-0.18586965608946443 -3.441737633071729
-0.27045563812771667 -3.4235810512208396
-0.3595816975954806 -3.3445630080238917
-0.3953393907973985 -3.8018579251936293
-0.13066853803088285 -3.830738559010048
-0.3279639691439851 -3.2207285120981166

-0.24086971086984582 -3.4954044049796407
-0.18615980335477483 -3.8147830635749864
-0.11577945431686021 -3.759305625112795
-0.21333699757409655 -3.2000408422409223
-0.2597052514175744 -3.3456627007697977
-0.2425510133735871 -3.4284071550448867
-0.1574773293487678 -3.150514744427557
-0.15342128952443293 -3.2594572431421636
-0.2881396607571171 -3.785376613693894
-0.25762873807424047 -3.1667698099944817
-0.24678492772669106 -3.4994482482433065
-0.21756892742142742 -3.8249307239222485
-0.2416479008936768 -3.2410469736238126
-0.15435106158086045 -3.7844162597229847
-0.2954442709249127 -3.383474296187381
-0.19899573706982893 -3.509349801927235
-0.12360137452890663 -3.527525021054507
-0.1594053290047279 -3.6229849187798493
-0.27137932930876785 -3.1335149875614428
-0.13795953600505295 -3.851931133022284
-0.2850395847266329 -3.8276595496760017
-0.16635514532479603 -3.5604116166376407
-0.38933365831368116 -3.841379820443793
-0.2704929047574838 -3.774924411082302
-0.16655166534881496 -3.833726631405714
-0.3559262518092714 -3.3754847885476713
-0.1293280814670114 -3.326944688518866
-0.3357202120687759 -3.243654819858934
-0.16896470161233132 -3.5566674547118753
-0.3377368026671059 -3.406217087468256
-0.30424593591467464 -3.3542727082958583
-0.3117743004075431 -3.827634940093794
-0.1697493421630179 -3.4239827568133694
-0.3215355585909465 -3.8091745401500297
-0.32347474355639183 -3.426636055111481
-0.2997101387293164 -3.3365824295962474
-0.16430170343718858 -3.297703113124376
-0.12414236110760735 -3.457646560403694
-0.2493830725094215 -3.2917121815729358
-0.34893885427765103 -3.6390529493050576
-0.3340533674712817 -3.6710007718789854
-0.25283720090147754 -3.3471583608009925
-0.29883768331734184 -3.451002118298401
-0.39080516084661876 -3.5506806554573784
-0.15378264350809803 -3.493481187225009
-0.3748022003409802 -3.5368151364902753
-0.3712373725086452 -3.575680124019412
-0.29368942352312594 -3.6693111945690307
-0.1269729290884254 -3.4193304241861333
-0.371461084703414 -3.490728499762094

-0.2631558049890982 -3.17817686098512
-0.36869976040985036 -3.450500834641789
-0.2332519837292863 -3.1619589242203685
-0.15192421952386453 -3.3733037475067453
-0.3453226437171631 -3.6347986105090824
-0.3752064273976404 -3.4635982046821714
-0.2839417895669987 -3.353604178754255
-0.16681258747579186 -3.7882002001753303
-0.3859332542304493 -3.528795631166785
-0.2364425603121539 -3.4001083726776864
-0.1839501606452316 -3.503096033864617
-0.3258093557359586 -3.666400055086802
-0.3163357545094436 -3.8129646869126246
-0.26403340608438847 -3.5892356931852856
-0.10973120443118178 -3.7534989601052566
-0.39560188587858824 -3.2776935633161637
-0.24081540745658106 -3.591099390102177
-0.37418947763343835 -3.141956600878569
-0.24962912719300404 -3.644845716720378
-0.11752976460075937 -3.5315693513089417
-0.11369776737351328 -3.849605891621842
-0.32454670053870094 -3.810101530316399
-0.18706817911106213 -3.128970739707472
-0.37671582278460597 -3.2951928988870764
-0.1159694115380907 -3.798209471325112
-0.20695868396439138 -3.4751674133317954
-0.13750488320623688 -3.2425778557904033
-0.18933115394105493 -3.7208657659571744
-0.2888850956898944 -3.373053304779462
-0.276261795222452 -3.393168064537512
-0.3898888662931364 -3.622877206958271
-0.24794820939267467 -3.704285770716691
-0.19213887492424095 -3.8158328485643156
-0.25546706811109987 -3.7192008082394103
-0.19549696521504925 -3.7942433751841427
-0.39153374302233945 -3.1823983034909777
-0.13193003006298676 -3.62385932328642
-0.1627891594208124 -3.7022736687530604
-0.2970928084220167 -3.4623264829771125
-0.2819865659877917 -3.7047136425702227
-0.3799194126314291 -3.12627759885481
-0.2959054799391694 -3.66618512907481
-0.3320421064454998 -3.2978913161695464
-0.140974161582742 -3.374443518812509
-0.18189023375085356 -3.2840043660944636
-0.16724579481279803 -3.5849882488104603
-0.13809403610607207 -3.4921063414833444
-0.21269040082208512 -3.5693412836842926
-0.3734548882446594 -3.158010443849798
-0.21587277864486232 -3.837664501494248


0.22724016989952683 1.9132927065783794
0.24857537778521127 1.709209115528953
0.14731745487711015 2.4842411350593196
0.16218159896368847 1.8609931038649923
0.17171145693071369 1.7178189136090452
0.21757130501830774 2.028740290782635
0.08507528228114568 1.992804747406557
0.08608100154263532 1.7243542863141341
0.11503205472235348 2.2639989763470707
0.23653670990581666 2.448051446836023
0.15485642859620452 1.7021294582632942
0.227917270505539 2.1170454352617725
0.1607276518784945 2.046646892207341
0.24700023917662617 1.8983994514336495
0.21605808194436565 2.337763789077268
0.15423931983019373 1.6116157211290842
0.08705375705155746 2.4737548881640006
0.16603942034496486 2.225105183861945
0.10935465615470555 2.470589885683834
0.12959914806500566 1.9166638221609342
0.11088994222162286 2.155591662739291
0.09605192927402492 2.1015951606347874
0.13941646971427407 1.6291813019780834
0.24921123724388788 2.442029119336036
0.2078296849054752 1.8906396803285086
0.1650448362544738 1.5549719661183503
0.1733738141854907 2.2351637025775464
0.17535866372505582 1.8420113246177894
0.14402092297155272 2.290075087840631
0.18092148469936864 2.049983390499585
0.09634255874804101 2.158100495916302
0.2177257632402802 1.840742302246676
0.1930122430325549 1.603827214389574
0.15654220505331096 1.5252845903731367
0.17526499013095623 2.357142862525655
0.10202826679869165 1.8150357110123636
0.1576352619294965 2.347731605270365
0.15355062304893374 2.459416918497254
0.08890489345062665 1.65101743194628
0.15807457079727652 1.8827171258173252
0.22062096024604466 1.5506248370130384
0.17559672355661105 2.0300706572922884
0.21559869454683173 2.278194021116609
0.07737322201986312 2.367127972319757
0.07555546197187135 1.836482581091252
0.1833568933315468 1.7429275505795254
0.0764295248573747 2.1412371281110247
0.24374040218190496 1.9751202134764538
0.2247817439097437 1.6195428100476792
0.20057199914795992 2.351635190737046
