20 50 20

0 1
0 1
0 1
0 1
0 1
0 1
0 1
0 1
0 1
0 1
0 1
0 1
0 1
0 1
0 1
0 1
0 1
0 1
0 1
0 1

-0.10103026122227843 -3.3164226839716267
-0.390227255055408 -3.4120702874713635
-0.10375548748900432 -3.383543683547884
-0.29272597855884774 -3.8693015029560955
-0.16852450987854414 -3.3149055600073885
-0.2121973478104754 -3.765466712087246
-0.21376612651061788 -3.322103154108566
-0.13937556091637765 -3.233044928308874
-0.34763099932093905 -3.1891855484563916
-0.3230284163993643 -3.7940912226411534
-0.26741612656513014 -3.431459937769739
-0.11711696481217743 -3.8374287599513375
-0.3353132095936927 -3.8052532031363047
-0.24501353830569528 -3.400766279936286
-0.21782956858255986 -3.8827015259147935
-0.2278293790359457 -3.135982130218755
-0.29934815171937945 -3.5768573639193644
-0.1988160897748218 -3.3363616308551127
-0.26308648023932096 -3.8105245845477485
-0.18788782273270835 -3.1933012129324436
-0.22827158334334088 -3.8162953358609415
-0.23857792969875133 -3.8755329624346686
-0.24660115407625527 -3.6492456456345246
-0.11288640013052875 -3.4667986728568594
-0.3385867373724909 -3.6136648144932093
-0.1756621410637493 -3.2505013699593404
-0.2589445712826695 -3.6427507833609365
-0.2159397683022468 -3.295791493867121
-0.37349758161959024 -3.8429616196320264
-0.11198581875996627 -3.363649116186684
-0.22658162857350359 -3.2953040979472927
-0.25701002542816853 -3.3038876181603056
-0.3749305679198797 -3.1583980524258553
-0.23364785605358288 -3.2945034446785737
-0.19306230767109725 -3.5869590822285042
-0.24382996264675708 -3.4724451831992065
-0.2494758370252284 -3.4098726499975642
-0.28729675500715446 -3.8127666359994694
-0.11717272020143882 -3.236623370029422
-0.26081392147707494 -3.816629685429981
-0.33425198720728183 -3.5533645287021645
-0.29469229495670013 -3.6139072654813633
-0.34538140408986273 -3.5749079021660912
-0.32363448077247925 -3.1286816279477896
-0.3481702225826345 -3.7639169073045866
-0.2878284912251499 -3.4040597338152008
-0.32886334062938194 -3.14226589345225
-0.39575488550761956 -3.6448624814546844
-0.220639152157471 -3.643451158968312
-0.1501673107450138 -3.195344701121577

-0.24371350640063713 -3.839082425648939
-0.12482749888731426 -3.869679132173525
-0.24977087254082256 -3.46172086799579
-0.271103128937877 -3.820878722877861
-0.2958387616034513 -3.326070329087975
-0.3780152792333246 -3.407320743480069
-0.2651182440089574 -3.151055101463961
-0.1594309268942915 -3.6983963025068607
-0.13137963062946284 -3.2951435742690487
-0.39029898381580147 -3.4651395145366544
-0.3325775588873555 -3.3797767551817266
-0.16928093785598364 -3.4015182139219307
-0.2542836253833503 -3.3225301328668984
-0.1122170328431581 -3.3233843589664733
-0.19782241285555166 -3.201768984766807
-0.30507092890048515 -3.3836033650149635
-0.14795928729505847 -3.2194253924844842
-0.17976181872492522 -3.204383455127501
-0.3399535265408003 -3.326486539677522
-0.38246845017149117 -3.886303605243358
-0.13574795304854909 -3.2117255927416575
-0.1940908712168929 -3.4983968599289255
-0.22226082596075739 -3.70223629039859
-0.21571378007139747 -3.4324322818963178
-0.24173785133204084 -3.6785893285340614
-0.357834112270989 -3.61791632410999
-0.22953406489339664 -3.506208061409882
-0.16455523770628322 -3.797811903338846
-0.39482342176073804 -3.763427802890845
-0.20509559592770724 -3.786901885992111
-0.2075664872944009 -3.697130354613153
-0.15774888336960474 -3.234438820883761
-0.38365982583326863 -3.6763403148515623
-0.2515235184876149 -3.378421628988055
-0.16624542097560757 -3.79549690073797
-0.35050506489064337 -3.7183978110064024
-0.38804816858169716 -3.5334865858414433
-0.32574056952666086 -3.1366949920416953
-0.3888663953313707 -3.2012415134221794
-0.27182972701326 -3.856617176577863
-0.3493929243005243 -3.39125883313351
-0.10365760960439196 -3.5805411743347024
-0.23062291948152955 -3.5198352882693262
-0.3135622902211329 -3.2393693108533856
-0.14331455290829864 -3.4928041807392103
-0.18444049824368325 -3.751700114093445
-0.33167915351608634 -3.3908682138416357
-0.39425503574850523 -3.8401942384523933
-0.37952201403768254 -3.170657051105414
-0.14287206796085794 -3.2093135276006777

-0.2637835177590897 -3.8555882669928203
-0.38243516403476124 -3.481270194673443
-0.3078920688354682 -3.3562121705230643
-0.3818044693525309 -3.394358277980605
-0.39397757811438006 -3.785801528424559
-0.36585982092370806 -3.2034069042283067
-0.368372837969505 -3.77334235273054
-0.17295548221798168 -3.3256575182368953
-0.24422673211030702 -3.2853788220502476
-0.3335568513539766 -3.466009355948653
-0.22789654451060315 -3.588534682699899
-0.31945513082388793 -3.680155438291346
-0.19112571338538312 -3.183663455663075
-0.32046929633185295 -3.3627903645982307
-0.34311532988388754 -3.7527324351318336
-0.3018478824960352 -3.3417386864100433
-0.3119542596053728 -3.245741351398297
-0.2840537287624638 -3.2124580746513685
-0.24580743327946944 -3.7727669928953786
-0.35411465701643474 -3.137187449658406
-0.3360388098038941 -3.838997468660238
-0.2548445575576589 -3.2644278486571277
-0.17983694857149096 -3.6129336687744775
-0.37668573206446493 -3.4901000656056125
-0.1303240678542547 -3.1210577875971377
-0.2304479085313219 -3.3044873963035792
-0.26176746926541045 -3.8234945771596167
-0.32871589519346 -3.448172934606589
-0.2624748496479398 -3.2426297718411377
-0.31525055718080836 -3.3136650745220186
-0.2124644243283759 -3.7101098210823418
-0.38436022822385424 -3.5510575420070563
-0.2652345031571597 -3.7650028850368193
-0.38364893744036116 -3.5959624466160305
-0.3503501392621743 -3.4154808147722404
-0.3754207654566702 -3.203065461588662
-0.3148812062134174 -3.66080401036121
-0.3203695997969618 -3.792498720458818
-0.20127309114071354 -3.4185792006696185
-0.2197492168368457 -3.226456065945584
-0.3169781546885522 -3.156415199577185
-0.20719964746468314 -3.8287103018610145
-0.2308877651535545 -3.1305018540561003
-0.2042735488171116 -3.1701313483755795
-0.359093496794112 -3.3250768135190585
-0.20727853614838518 -3.550936964988004
-0.33747523062525697 -3.1931915158926416
-0.282793630237385 -3.3169310709457447
-0.16096018617906027 -3.3796226282902126
-0.12863028442013236 -3.3628803641377307

-0.20317427136158972 -3.5201504053528816
-0.14375123653235194 -3.3261703236667906
-0.3395529062032706 -3.2144832152746705
-0.24967498511856712 -3.854780745223845
-0.17494020051026649 -3.369309116970652
-0.37518820071950554 -3.517423042903968
-0.39696106670739306 -3.6825832212280143
-0.2732854064031073 -3.399952748303084
-0.11581924374583707 -3.605329213550496
-0.3418677613592587 -3.200159946180073
-0.2602523171756397 -3.289452847312289
-0.32829422080701354 -3.373787851255562
-0.24960696105895266 -3.2248517766130997
-0.10027501616492734 -3.6414089899960094
-0.3348467492257433 -3.596951431085299
-0.37750932848633334 -3.671968259333898
-0.14729372113438904 -3.8242067485439324
-0.12768951391061828 -3.1487832784496916
-0.11778587930098561 -3.1545152202267928
-0.1575822712390678 -3.724412903925814
-0.3750831424945132 -3.831445287141105
-0.14059811384678916 -3.7821661658635004
-0.3636565536980786 -3.511674714853053
-0.3405255824584858 -3.1790919688449764
-0.3826157012391471 -3.838475157254011
-0.15287058718776256 -3.7933849496029297
-0.22549322028951777 -3.8160315444450283
-0.327583604700484 -3.600603207309371
-0.11325313380507207 -3.1598564647792635
-0.3609506450796874 -3.7477536185321823
-0.3464051047176521 -3.6932900802900583
-0.31266408423390546 -3.197849915665031
-0.28747215518736724 -3.2917705922817073
-0.3293355781513383 -3.2804917572371144
-0.2685034667301479 -3.274951277441986
-0.28460157265825137 -3.3072098196196436
-0.36768628067811865 -3.8301848879273765
-0.16151394907380429 -3.171384997899241
-0.30414375572623475 -3.5517035398116454
-0.2707612997456897 -3.3006850408975406
-0.25990038586676684 -3.2529396713252
-0.1448190237148188 -3.5669647395259436
-0.2426968990378869 -3.3057678599935074
-0.28743731825359675 -3.12310763322984
-0.20427374071376447 -3.428598399749512
-0.20561336296980634 -3.811899440909988
-0.3758751832450145 -3.4511236276302557
-0.31640420778469425 -3.186195563718023
-0.18659443461057873 -3.3905982316532763
-0.23198858974664727 -3.2654946026423444

-0.16172851022984935 -3.2425390729993486
-0.2165762018864725 -3.6607887926264406
-0.3594532177701592 -3.2095538952828604
-0.10446329145463479 -3.348420378642719
-0.1089109974294395 -3.571069557054234
-0.206308342836003 -3.7612714038349284
-0.3189011439622077 -3.4140671263849836
-0.19146074058183554 -3.541616364986445
-0.13465902315460587 -3.1227251613596447
-0.3576164780945342 -3.670586259921568
-0.31269173602012257 -3.1890633068666716
-0.2645336317524491 -3.4927066359133905
-0.2654159873563859 -3.812645519941281
-0.36681738586178814 -3.263314460177042
-0.3874853360942935 -3.228896765596679
-0.3235637486363959 -3.404417646420159
-0.17076841148140728 -3.5322561953596083
-0.2390518458174729 -3.8677190562598684
-0.22131280342505447 -3.870275525733368
-0.21920752873030624 -3.865051596850669
-0.1759844451937643 -3.1597638682137594
-0.3340270920819737 -3.5027432967128087
-0.31812422828817666 -3.65543337341285
-0.3415065997047835 -3.3758172616538644
-0.10828985433074856 -3.537763191664573
-0.36734586431424604 -3.7359260271202355
-0.3843905478888799 -3.420745812513998
-0.360976606524905 -3.391266267323239
-0.3666907916842964 -3.2616728629887892
-0.35410742277595725 -3.3602326091420087
-0.3624182337219161 -3.6267494974243495
-0.14801094361592504 -3.424403698929627
-0.15082430715082845 -3.3858354739603764
-0.2390816269096592 -3.1783427029806863
-0.3173782293382712 -3.5459646910861284
-0.17859456544127292 -3.408286324071555
-0.15794540577097985 -3.6252800237307907
-0.3171022895868194 -3.4934990628571745
-0.22545635322821997 -3.7447209469065355
-0.3042496116701171 -3.163910899175428
-0.2606398680030168 -3.2118401990579226
-0.17030034502173683 -3.4713651511148704
-0.18476362018990505 -3.21967140630648
-0.38940570045993667 -3.3691881143726365
-0.3009648112154677 -3.3467661269806888
-0.2905965345108857 -3.6486212170591195
-0.15859437955610045 -3.6338607569625263
-0.3164861180400166 -3.6591227740836834
-0.1348054259210858 -3.857474886204484
-0.2756102305703376 -3.207186919249209

-0.35939343215154623 -3.5374585546061437
-0.1474182298686762 -3.5279423793212934
-0.38080309665871237 -3.2777866345570983
-0.23793299970448312 -3.703871720535745
-0.21597976893106263 -3.2203509164276958
-0.18646941339248832 -3.7822460336372785
-0.1079530030542824 -3.7779513315551823
-0.3511601281541356 -3.6747791250444104
-0.23740062348472601 -3.696615001773709
-0.32224533778858017 -3.70061120245766
-0.18124695419176534 -3.6779457652582104
-0.32468201787538997 -3.550905063143207
-0.32869342544260727 -3.1645988702330428
-0.20242378514069229 -3.5481307558749644
-0.17959781387221166 -3.881241888086574
-0.1438709981181202 -3.204169711904342
-0.21079888704445346 -3.8355102270750354
-0.3746173251632244 -3.4990714057172125
-0.23754590595549066 -3.2005529053751114
-0.30137202653335216 -3.580302733176385
-0.34729054429506223 -3.7157519244025585
-0.25878728257745964 -3.48750431864081
-0.22669852574199106 -3.288383500893476
-0.3233206526734668 -3.344868714492939
-0.1469594910556803 -3.429231559562713
-0.16144695503673626 -3.581072851377947
-0.32872708904612813 -3.187195958940708
-0.37786914524285997 -3.339127320561583
-0.3522193183042461 -3.279933071837239
-0.20532637581853627 -3.3630749044350416
-0.2822515202314258 -3.3827359926538874
-0.2879025696678592 -3.292443008181613
-0.3392220959285567 -3.137012514739874
-0.3046593668921098 -3.340422961041045
-0.15746015015842818 -3.217700354474423
-0.3785033744425192 -3.8531129821071177
-0.2613004483749794 -3.3996777591948124
-0.36413786698706224 -3.5505855669947812
-0.1968395046703294 -3.343831027839336
-0.15195629574070538 -3.829201267577453
-0.21668541763942942 -3.1902142878876907
-0.39131769116572845 -3.4066092944331747
-0.2127074755862093 -3.8483712579607077
-0.3773891037114233 -3.8021143991092714
-0.15952110786266 -3.703963664808702
-0.22535282830737255 -3.2631118252871514
-0.11898561959570264 -3.127975249874676
-0.2083789657444912 -3.758513557588473
-0.17490358475370138 -3.639793380252156
-0.11735955229992462 -3.756954479865822

-0.3799676402900675 -3.573577458830472
-0.34180411212451794 -3.618824393658411
-0.39064506877084765 -3.8856246495100026
-0.21518440406582004 -3.313678540502127
-0.20746839565105085 -3.281837825707073
-0.16376928388870046 -3.770366274011201
-0.12753636494071968 -3.5491884835151866
-0.2544253926407261 -3.760807574755485
-0.2706544426508639 -3.268296599578896
-0.35820629310758634 -3.241022539011356
-0.21654104645402225 -3.205435225956035
-0.17396387869556626 -3.716287801651514
-0.12134962278659484 -3.6777607123957683
-0.11508354648184854 -3.3936715578884624
-0.13907342460093086 -3.736442781031358
-0.17922938580891526 -3.7173677273099437
-0.265183042490427 -3.1990733771759725
-0.30429129754757417 -3.290410118257084
-0.2090337877958978 -3.148554096211651
-0.3937168899622929 -3.879228256407625
-0.2979011951598955 -3.450253407378614
-0.3897910319498122 -3.3310189997551634
-0.20504122102676176 -3.2643184548047532
-0.33463619605622086 -3.408834812561914
-0.3812522139756768 -3.2960062844498594
-0.19242950008970258 -3.2486305417197427
-0.128191321098154 -3.281066887377381
-0.3128704472722479 -3.6882371326009133
-0.12209610290550349 -3.4541887124565145
-0.22539017990922888 -3.4490659512355712
-0.30345161468267434 -3.7141223280098536
-0.21536721071679946 -3.308313988777293
-0.1944547673935196 -3.6340259340386134
-0.16985580371863201 -3.2889807625270633
-0.15180121841198688 -3.624495286225086
-0.3041909382664365 -3.2283348833010277
-0.31352985576816994 -3.8765531775683857
-0.33208317362415307 -3.507241642101692
-0.1696426178318085 -3.2161414990775734
-0.17859608263620813 -3.8710807086024364
-0.33918666318904067 -3.2304038404891635
-0.3000757131099361 -3.4495821451672883
-0.11540410100368831 -3.867467281216479
-0.22336506569918477 -3.3936689225466523
-0.31437544690441827 -3.2618783150722974
-0.2980584770006521 -3.149932586314465
-0.13852801925271846 -3.3665052951496106
-0.30581856768571125 -3.8388546740902023
-0.381331338202386 -3.326462997443089
-0.11472140163770239 -3.666262179494986

-0.2592445996815955 -3.2384392637350583
-0.365411974990571 -3.8402755974406872
-0.2408989686730002 -3.6816376300470584
-0.20883918091918835 -3.2429318736590043
-0.20885015821170425 -3.232940130410182
-0.27920853085161146 -3.3681552661503815
-0.11080749293541603 -3.648677736218111
-0.2927272708105774 -3.727343771054386
-0.30270023901209825 -3.7155067063432266
-0.23884635771109378 -3.540255490286177
-0.17382308566346333 -3.7558907156550942
-0.22253941173058114 -3.223455874601349
-0.2638513856596143 -3.3368659489320414
-0.35275162220735057 -3.368976983364112
-0.18443602712644638 -3.2699961768682
-0.17703807188026605 -3.217927769622088
-0.20979437562494496 -3.263759566825018
-0.32956699112244764 -3.7350169442922843
-0.2604551527966848 -3.4851229212382804
-0.25929301360288914 -3.236923707589992
-0.3823937202806409 -3.705248448804877
-0.11320529186135958 -3.277323130950739
-0.2676633173893368 -3.5127977668116372
-0.22367302375397954 -3.7386868277337895
-0.25908805824810655 -3.2804988812566247
-0.24876070004945464 -3.7188917600629137
-0.19359303154313492 -3.735047564530072
-0.10259675912486604 -3.6014434200931635
-0.3175108525811607 -3.8128346129972233
-0.30819403500781445 -3.5660717812919014
-0.24748810778398445 -3.294053322806354
-0.23183959018880862 -3.256035195674401
-0.3558802166711231 -3.2256033071449006
-0.34250191948515596 -3.5922301278386692
-0.25636711736030326 -3.569145241045989
-0.2384202479420426 -3.705576473861651
-0.17475532021117848 -3.547555249218993
-0.34095593973131927 -3.6595566129774184
-0.3612041445652159 -3.4714885044550003
-0.2177758554498541 -3.5358409529771646
-0.15378396997871266 -3.4427925130467716
-0.3952104802116004 -3.345380143609792
-0.26179981522257834 -3.6113046364754355
-0.3053247842254536 -3.2954606279483825
-0.305016602298078 -3.598632293461396
-0.2176146862409072 -3.51184891351453
-0.1414049262391157 -3.7162789705722896
-0.2667385916178514 -3.660083502478962
-0.17367302371154242 -3.635034129373171
-0.113867789478307 -3.768556265109363

-0.3016711657590116 -3.3308855793829713
-0.2957030287075182 -3.1352247756674276
-0.2325330139625943 -3.69618883542491
-0.1885339776818529 -3.3760007241746335
-0.10418521199559821 -3.219161735090344
-0.13024085806724506 -3.3002737973789213
-0.25893798550942704 -3.2602974089962196
-0.1643044767299436 -3.6030061079335955
-0.18984694703995608 -3.3514213652593847
-0.3967266200645792 -3.545529293672664
-0.2398996308212299 -3.7434242377148976
-0.21866782798674414 -3.738839813384866
-0.10583582675792774 -3.2366919064996775
-0.33838885997657425 -3.2693670975122133
-0.22971196122160564 -3.2246847218386003
-0.2812686111349145 -3.438487667633197
-0.1231997352919238 -3.701823231968336
-0.1739346138177528 -3.809280821006813
-0.2694912411081187 -3.789037024354148
-0.18531871860885876 -3.7038670819528114
-0.1529269356304287 -3.420393606960779
-0.20809194548123136 -3.6124978639660212
-0.367986150076259 -3.3454053046080587
-0.3878443189786996 -3.6200617314630863
-0.1638884955311284 -3.537093656757432
-0.3977359106759006 -3.137784084363681
-0.13198524506480308 -3.2654269633030952
-0.13581732718003897 -3.847023127913214
-0.19403314021682896 -3.2053747490369435
-0.348339556176919 -3.569382553786316
-0.20098109491612803 -3.79840457089507
-0.29668979085723673 -3.3604032713509975
-0.3957778003137147 -3.7570346595201243
-0.33465526312189786 -3.6994459041325474
-0.3799166951330085 -3.836371933893226
-0.2676684401458163 -3.8221931514271072
-0.2664889369853215 -3.7698703510137688
-0.15442897834790675 -3.353195110184463
-0.22195305663644097 -3.539796031622883
-0.16608770663245892 -3.8777295032668633
-0.20529116908276027 -3.6738443411592496
-0.1974782619400487 -3.5486552401604765
-0.31827295328100913 -3.1424154024215714
-0.2736390028296625 -3.497059083161534
-0.37986803323019674 -3.3177069771350767
-0.27161572098453823 -3.259963037620537
-0.18809717951940397 -3.8391429424623635
-0.3852316416618305 -3.2705465787334522
-0.23203948737082947 -3.162893933346518
-0.3828211902215106 -3.7580714261028367

-0.2883893239487744 -3.5015908128212194
-0.11860236867199359 -3.126530548384814
-0.1868978847471814 -3.869416509070475
-0.2850582730785171 -3.7778099698400847
-0.12125014399882039 -3.8579760162716488
-0.35050715838230245 -3.8073685208905435
-0.2583695183405168 -3.176315704130353
-0.37590605995603216 -3.4285632595643736
-0.37716841924568895 -3.709824948848957
-0.19742866346552726 -3.3761995497115262
-0.3753685948997351 -3.3028232068169516
-0.24781243583372942 -3.6231028198546857
-0.3390172334185055 -3.4172427565390406
-0.24721217978391907 -3.2342140077907215
-0.3128057848772792 -3.5329728142490735
-0.36424412671585815 -3.814829453461412
-0.12555953861728464 -3.472782188447644
-0.316529835284868 -3.257557859634937
-0.3837300223056794 -3.4353052379994775
-0.27867118358011644 -3.879147337560862
-0.22300476219456797 -3.7638223597219147
-0.30179721833949047 -3.5789210269451814
-0.33008674142531313 -3.502566752289112
-0.12783929725272103 -3.2279417025432977
-0.2483883956330075 -3.829707809046362
-0.20327303994890888 -3.8185595659129596
-0.3131981345583366 -3.274829591295303
-0.3357696893996263 -3.7284758981159927
-0.3344328047244867 -3.1623365224497055
-0.10941732925937014 -3.7440483063082137
-0.30793756620660717 -3.1904733824513603
-0.2060844572035371 -3.8004460248129863
-0.21658521062708305 -3.124916432752978
-0.39079172955868174 -3.2676344983361116
-0.23526297194870946 -3.359193971145638
-0.14300078674589967 -3.5928642186091984
-0.29663740390396287 -3.3680451615598255
-0.22702642999599096 -3.1443619759088564
-0.3913450248581901 -3.2169403215987318
-0.3494223807446081 -3.3307188067148523
-0.22895253283513536 -3.5888735403500833
-0.28153636728986065 -3.506886740298362
-0.3136655817608337 -3.8448588658578693
-0.12375323661215981 -3.3572310881824574
-0.1295923082717143 -3.6553438815924064
-0.25474203225369657 -3.70664290599674
-0.3743459410108098 -3.2100748587892536
-0.36784486041565806 -3.3141104543383673
-0.14659596625889432 -3.1950162628033536
-0.22423175258268938 -3.4425173976152883

-0.28893971505992433 -3.702660391036774
-0.10447697096795294 -3.571109464233397
-0.31511434151716083 -3.5163399534912583
-0.2372520795057606 -3.797975967701394
-0.11744439544209734 -3.158801703787853
-0.3813448783229162 -3.469283495394183
-0.11374208830688093 -3.5458383384840184
-0.26584806558243174 -3.1983372723571044
-0.21962907084883404 -3.7242887507476166
-0.3954968567118954 -3.615481677967209
-0.2313307501767145 -3.402801907890064
-0.1563666512841854 -3.8650916537390105
-0.3710846125750534 -3.3011620397010595
-0.22426639642480745 -3.80933618090719
-0.2299527675282109 -3.5709474799627445
-0.1288039411356351 -3.1892952119310696
-0.27032960312256593 -3.5393633568775256
-0.16613098195589843 -3.1913483678965786
-0.10765603980193683 -3.8662605731269215
-0.3843226170872209 -3.664284590304464
-0.19801516079981948 -3.3895159652644553
-0.22548770853032069 -3.2528919580258138
-0.36902247144397715 -3.619772560708155
-0.19473770876715787 -3.3267302457253716
-0.22567279678756008 -3.33090512572061
-0.14604923485287158 -3.6975422840124503
-0.19324551599166337 -3.711098763601539
-0.2064941641720131 -3.8298372875986075
-0.23284165884890518 -3.3854560321209197
-0.2748441054146173 -3.5850518658634445
-0.18840210166035654 -3.879672846989891
-0.29426377368512824 -3.7287071900423077
-0.18127137635021467 -3.5768056256552145
-0.27852446681516413 -3.393887402118484
-0.1159531793405057 -3.551270120436405
-0.3223839609670641 -3.2010390335481054
-0.22507072376577036 -3.750472158821259
-0.24301975818738583 -3.6412542952177755
-0.16266241312040144 -3.4227729768732513
-0.24927926830574276 -3.5256584625290923
-0.1106132092534498 -3.185511769057289
-0.23160220813157048 -3.148189935661873
-0.25779702804657945 -3.487356628890128
-0.1979402817585535 -3.5008918998486758
-0.27447164345168973 -3.88515729509302
-0.30172159608573534 -3.3274704596002516
-0.11413557640686356 -3.4578779598614844
-0.1821066351899995 -3.598714355550163
-0.3651293051431429 -3.774689948838846
-0.32531347940312544 -3.611607304379783

-0.370790539107551 -3.532224564793988
-0.2126939574376473 -3.6802835921983847
-0.3639878415152544 -3.1230735511280936
-0.10884914383134875 -3.553398280906395
-0.27690067450030703 -3.7023364092265703
-0.3928740778806384 -3.2385302771093345
-0.3442927776213812 -3.503037988900521
-0.3131828761969861 -3.306425231887638
-0.19073535886365067 -3.823367635071028
-0.144470643325668 -3.500884642292148
-0.15964236739180507 -3.183012190590304
-0.20034595432561936 -3.8302711869434574
-0.3049417921219698 -3.6225089991585513
-0.10056173537159169 -3.369537050844216
-0.31696355372974994 -3.651338129828493
-0.15597379579050227 -3.1421875634443355
-0.25295468759535233 -3.219760867673402
-0.36106617741091385 -3.5754006791179083
-0.1988064656870829 -3.1418121851108847
-0.25871253644127024 -3.178434296910437
-0.2771065756047776 -3.8524574496196737
-0.2694925720406004 -3.4869385992241497
-0.3872341393681769 -3.5098355551044165
-0.18264771629160204 -3.163000887938616
-0.15666990085208662 -3.2356239661537165
-0.25613027742845285 -3.691813931394345
-0.1338261491897471 -3.7826550828239887
-0.22503321468159557 -3.6514467533008936
-0.2154726232207694 -3.446221830697182
-0.17127352752567973 -3.354285789235119
-0.29820696926923695 -3.5497097694140547
-0.31423821831419296 -3.449245616925298
-0.2065875274425716 -3.8752605140508196
-0.11604088469278007 -3.25256441536948
-0.29160684093208994 -3.869270461094199
-0.36182946430096075 -3.611260761868462
-0.27562863946453103 -3.6257018893675443
-0.12969245720087896 -3.614368392322181
-0.3121445296873772 -3.5011489735241663
-0.3963789596383441 -3.7783909536320635
-0.15871921333307432 -3.1972230608891046
-0.2848029633290364 -3.8852831344948475
-0.11843201978893814 -3.807692352351603
-0.32804856693579043 -3.6002919958821846
-0.3563488378525129 -3.2159147453966983
-0.3784744187413341 -3.2075650029446003
-0.325532816933249 -3.3295486297775336
-0.33055365584715923 -3.4443191010397114
-0.3962807733809428 -3.448837600719461
-0.19438523045431422 -3.758883131994008

-0.18720501578964874 -3.184727188569078
-0.10067603916561002 -3.8089329548412674
-0.18807282087728855 -3.614520268699665
-0.24595488200356902 -3.8621482497339117
-0.3833128391770685 -3.6660339193180476
-0.1966863888142915 -3.3368673372134574
-0.15602581516852448 -3.4527731971157487
-0.10022116585676022 -3.773798938721868
-0.21707543164347526 -3.130742859904383
-0.10934920998550623 -3.502096519743183
-0.1590797053123772 -3.38068779725988
-0.38862768739388814 -3.1669600369994573
-0.3264194456523065 -3.429933087983854
-0.12566843911716585 -3.578480672214258
-0.358684795289111 -3.6758326545254856
-0.11920046614297869 -3.189398698698725
-0.1683113241282367 -3.465998820501275
-0.16268351840869 -3.278085879553579
-0.36388815996877 -3.8649498013667682
-0.23038625719714495 -3.511832768996746
-0.20419605983931274 -3.688805389802262
-0.1411744430291319 -3.5317119089989717
-0.15240191167414402 -3.268495581335534
-0.23804544327161004 -3.6203981715534312
-0.12372966996489015 -3.3818000995873723
-0.21090755726210114 -3.681105951903836
-0.25107926945801146 -3.331389729780945
-0.2312016695966319 -3.479856242927176
-0.17332147238367984 -3.2889782696427408
-0.3338771002215593 -3.6522259006539195
-0.25829102460034514 -3.40559621912416
-0.10781902851803726 -3.4865177240094454
-0.2820899880466972 -3.3150870532693437
-0.14183614107422038 -3.735905060141545
-0.23093276262602422 -3.3095257787152663
-0.35908130655408543 -3.1717140796941035
-0.15713810985834048 -3.5435791932395317
-0.117078887335332 -3.5501285422365934
-0.2473024950183652 -3.8158363391735226
-0.10448602796343925 -3.629445638967318
-0.3198239704790248 -3.4805748258572216
-0.1561508238202426 -3.5522167866873984
-0.2922404259952429 -3.3781423472744105
-0.26299378929854644 -3.7131134597823436
-0.15123108875845057 -3.818160295637066
-0.18767433891893057 -3.4737968893975975
-0.3006650225064542 -3.862624710375189
-0.21880669907402284 -3.3439900302758887
-0.10829283357843317 -3.439185754887924
-0.17701536630777354 -3.497146144622313

-0.30405108804246234 -3.260197128019991
-0.1770828482992594 -3.2676582599310575
-0.10130208370309329 -3.5602355411905697
-0.37036219587228203 -3.6744483048136494
-0.11974577332484532 -3.3062411131865392
-0.16613188287110442 -3.512293814421095
-0.28960018495601453 -3.6855466328103663
-0.3238933858641284 -3.2099867858660405
-0.14432458196506343 -3.3939509718515324
-0.37794277940228793 -3.3910281941918092
-0.23286052840849042 -3.7466983423082514
-0.23221328090613624 -3.4023468871920075
-0.32641582895648197 -3.694025385802653
-0.2159772563092692 -3.7631236240719033
-0.22577418851019537 -3.4882095259259263
-0.22868498292053344 -3.4163596856205674
-0.20463836052456 -3.681741887582594
-0.1568229983100922 -3.155679991523699
-0.17499760156772842 -3.752592936955231
-0.3481648162612709 -3.121639469472937
-0.11684308781622915 -3.5158991996881355
-0.28658332585774854 -3.7263299100134692
-0.2974984966760382 -3.7320417963869144
-0.11912213895322843 -3.6926894125202088
-0.24579032535551046 -3.37582880784629
-0.38228143000282094 -3.425203331473394
-0.1386877408067539 -3.617816751467186
-0.32247136266068843 -3.173383895743619
-0.296777678667583 -3.631067084044269
-0.16108724117809625 -3.433530143007642
-0.2738426931871243 -3.53450309336233
-0.13936269400906337 -3.7098201162032107
-0.2938335949612565 -3.1873478138226297
-0.31559610888430056 -3.8154194740587473
-0.2032698110078615 -3.8730137840323575
-0.2234859998428903 -3.5483017063760682
-0.2652535200929901 -3.6495069217781255
-0.2559781365063721 -3.455396913553739
-0.3231338763639251 -3.2415012319377325
-0.18162601863466094 -3.3974729546285154
-0.2632505937278806 -3.289374084749963
-0.2759734647749626 -3.4436252317236855
-0.20712383982083987 -3.146423943442312
-0.12105207134412066 -3.773347289078293
-0.3667896901826825 -3.2578592465281675
-0.13212933983081065 -3.127852532989564
-0.3350479052796918 -3.595372600802157
-0.35240916869275657 -3.198082237940416
-0.10361628766439279 -3.8328592171761224
-0.21210840831098465 -3.216317462701716

-0.10851551387737024 -3.4437458353440773
-0.17827315776053432 -3.3116929646137327
-0.29768910152750144 -3.262995633633093
-0.17595334381489733 -3.2359256159502428
-0.36024460450555584 -3.2182492913544625
-0.18343522135041246 -3.6404795986807135
-0.26316884008882585 -3.830622092004024
-0.3433147586419615 -3.20712701407913
-0.3798647463187946 -3.5269000315151784
-0.3133669420505919 -3.1639253880352967
-0.2942999132556608 -3.68922815908416
-0.1057697022339667 -3.564120514101044
-0.3111542948917464 -3.8470640574892405
-0.37193451096669794 -3.3384680287418593
-0.2658196719130478 -3.6158202924248064
-0.19849728636913042 -3.5692126440220857
-0.32297495855658187 -3.8675233243728746
-0.3854662091464069 -3.725059102720251
-0.27084549247680983 -3.667535544764712
-0.13115058893615328 -3.1404406374961895
-0.21023860683059603 -3.1285058684427556
-0.2701472079282446 -3.8353747714826145
-0.11546593553031564 -3.155019964283736
-0.3479896252035408 -3.877379803185755
-0.3093461686635806 -3.6823231208229887
-0.2266827139963528 -3.3631337392058076
-0.31004720465740016 -3.7273656414147425
-0.25670250731472516 -3.575875013242215
-0.10555428055080796 -3.20624263302275
-0.3482804733685336 -3.6677704244291816
-0.24361663221248137 -3.8246419364808832
-0.23027978464410515 -3.7787140094629468
-0.20442800780566292 -3.659757686751551
-0.2517958550143554 -3.85788992969178
-0.1786001327954133 -3.2754676217200043
-0.12114678733776507 -3.3125566550372225
-0.2939176842001099 -3.3220879209917684
-0.2991793597052601 -3.7995699435346024
-0.3182978263068664 -3.334042523391499
-0.3947523280032628 -3.393211787007513
-0.3636969303461862 -3.3807247431505867
-0.16306824890688987 -3.2666214913694125
-0.1703304489741823 -3.1700011360125884
-0.2596365665684104 -3.7113536558240714
-0.26083777554151855 -3.230528434429184
-0.10581785337885458 -3.8381679965613413
-0.2162937655572386 -3.2974018352003562
-0.18717934771588127 -3.3602705123702994
-0.2064345793501813 -3.2460900368878534
-0.2467436196763648 -3.822360360283782

-0.19300967112614215 -3.659442096875597
-0.2859149845615029 -3.5961662412153896
-0.34844148952218135 -3.708606434117369
-0.3423541432518223 -3.5053734998108315
-0.39634299648100396 -3.740451214500978
-0.13321191926416803 -3.7210406238044693
-0.3051398278535082 -3.4389030137189556
-0.18583065662797466 -3.6697396979483523
-0.12491680551787904 -3.318321315687093
-0.1427359114243239 -3.641663931606314
-0.2537100741436521 -3.6398853813169723
-0.35725559193040357 -3.600293470072172
-0.3261273864068909 -3.6257612741283816
-0.21519189309555 -3.2157179133886
-0.3400623623134921 -3.641249686168616
-0.135781475358845 -3.556918265944018
-0.1171364578580113 -3.5490300927541663
-0.25092735841083214 -3.16200684898169
-0.36978955804903635 -3.1447334113542373
-0.33487018939784663 -3.67033278599675
-0.15733242099775335 -3.565483146125329
-0.17650175694373768 -3.2617032343500854
-0.15017453217962695 -3.631705415255372
-0.38031290883913527 -3.783853170751769
-0.11203641860393315 -3.2306599507535534
-0.28840189010931977 -3.8531229971676018
-0.19004227204478896 -3.2569901962175694
-0.19749675097795785 -3.52659991605032
-0.11374678471878119 -3.207547824942887
-0.29324934117960344 -3.810535907177125
-0.1960468461793981 -3.259730651432418
-0.30835249908640966 -3.710707554671737
-0.25270361595935165 -3.3536770048197013
-0.2321857165387627 -3.617506241624298
-0.154216320745158 -3.5970441107938456
-0.336575193554525 -3.6968014033797494
-0.14701449955523604 -3.3655593883107735
-0.28004474354467834 -3.2368175602249476
-0.16721439277997333 -3.4198366324171197
-0.1905432138627573 -3.710972681804416
-0.34357297718289814 -3.122185725728135
-0.1157663910033811 -3.3793183306055363
-0.1592954101295571 -3.2185183002412905
-0.21603216859762792 -3.780952669542015
-0.2879374301658427 -3.5158585860356433
-0.28282238190273934 -3.5466260851095535
-0.36468292754420395 -3.335250921313354
-0.10249400350727622 -3.7352105208346673
-0.34295900958413217 -3.6785508579671893
-0.271775688743249 -3.3480076102030747

-0.37575300533455863 -3.1193542092277293
-0.11983993304842833 -3.7481644363965985
-0.33367066891780717 -3.257672300906709
-0.2899841491951657 -3.5998570186815027
-0.37552069507575836 -3.3044864446433633
-0.11281724635441287 -3.343733853642813
-0.31496883759173766 -3.302200909518304
-0.15355028010137894 -3.8001438103170546
-0.2299082189079434 -3.430335106545943
-0.25924028070284516 -3.573911080120431
-0.11783901844353228 -3.7554670277336304
-0.19775202746803536 -3.4305440840255685
-0.25384629417864235 -3.8722035113411843
-0.13699668748029797 -3.414367826905733
-0.318983917381346 -3.328076429435177
-0.28720684975824445 -3.511127539603569
-0.16994953012639846 -3.411930280349689
-0.14324469417608138 -3.329678824711162
-0.1569386523814756 -3.454338589034758
-0.3831892911827069 -3.633053145366116
-0.15202462909610828 -3.7550994079250026
-0.3726053618922432 -3.1219567362207665
-0.24198077007633761 -3.1220825996227948
-0.11427005361438103 -3.4233392145951833
-0.35207372565977135 -3.414059533080859
-0.3991434111975743 -3.7281754595825745
-0.32979525402601345 -3.3666244444041458
-0.3446473417787403 -3.2961381785932433
-0.310502510436681 -3.3527509211364825
-0.3648148021747618 -3.4550843870137746
-0.10879758579884985 -3.3759809513502006
-0.14972891668950178 -3.530148424078587
-0.33069533426154907 -3.589678303338962
-0.38678675505574317 -3.775501075097227
-0.17088370452225457 -3.151680918610267
-0.2294098315375515 -3.2603259826809428
-0.29954949502781425 -3.8738101163147247
-0.16099141043408505 -3.319322657387752
-0.27897072828938085 -3.181704924105682
-0.3408526116522023 -3.3756160984433587
-0.24746274180290556 -3.318619475585817
-0.1810314395071345 -3.169149013842064
-0.1431389862447292 -3.1930981163257908
-0.21866363243651063 -3.618775662250293
-0.3849572859818607 -3.420538917177889
-0.19420705511332054 -3.4888473529783735
-0.3688635014326791 -3.6945127730809366
-0.28493684441262435 -3.2332572593537448
-0.3743198963532424 -3.6357333281437163
-0.317758198420822 -3.810791990329171

-0.17485957857135928 -3.7810394635796762
-0.25935366883103184 -3.6668433533987144
-0.2795308964699247 -3.6407596320776188
-0.3139747175752623 -3.626494807008263
-0.1467320000617388 -3.2944951837388103
-0.37119170329460227 -3.4690527199294303
-0.372040928269625 -3.651985754279155
-0.21331300190539934 -3.333552962687517
-0.3605089644820131 -3.7165809368514098
-0.23208279565512704 -3.3917873026648904
-0.21308128823559636 -3.1560105658875197
-0.3084495361169216 -3.6627844387603274
-0.3897969512227395 -3.1287319567821643
-0.2770827954247532 -3.6417037782789587
-0.14078724461923225 -3.2417206020602456
-0.3056907863845752 -3.674830472628084
-0.10512311918666262 -3.3009846408896912
-0.22492048734704034 -3.593329340207119
-0.14069250354064894 -3.766791620878669
-0.138381479033156 -3.2905097751230477
-0.1146271393132357 -3.6937250896265854
-0.21350238415979614 -3.185480534138461
-0.14053281805225465 -3.613827665340689
-0.39057487174897165 -3.765911226926209
-0.17941283488565524 -3.703358274871376
-0.277217875057061 -3.860504676807825
-0.1687288346177261 -3.2669652702414655
-0.17263784291696938 -3.2213849850034553
-0.18675460259820614 -3.685883079468334
-0.16241268771920603 -3.6720317641995246
-0.331463683388607 -3.3236351774228607
-0.2151048852366086 -3.378688247931957
-0.3222750388832959 -3.255660756006686
-0.33435920417642284 -3.345643637509931
-0.2302402744820582 -3.5523605227346033
-0.26578359527374656 -3.30516765540155
-0.2170911041628492 -3.419227874618339
-0.1436830220976254 -3.4467774629198935
-0.17269934556273575 -3.182982234002645
-0.3970141784768981 -3.459310461185785
-0.2013175939058182 -3.833196470421624
-0.11239574040494349 -3.1888444398056794
-0.3546076818719769 -3.539833043850323
-0.1273943686006424 -3.4127551344557623
-0.2589532493897418 -3.4881213600876833
-0.258950782563486 -3.658551679147771
-0.10762724105901894 -3.328019005947199
-0.1032677627490034 -3.4258770880032965
-0.3153666120305214 -3.668981596694583
-0.10823008029482356 -3.764291679036938

-0.1741563892437688 -3.515625503615621
-0.1497456311878369 -3.8280760050115443
-0.35990724639794797 -3.758516209346064
-0.3403060192849661 -3.77831528320052
-0.2315463503824489 -3.335157960855401
-0.2675881609410826 -3.510643194098787
-0.10733282413931733 -3.479699308484196
-0.1374132977725222 -3.792802903942919
-0.1404123062501475 -3.681610643754744
-0.13816237122520575 -3.7736824016255466
-0.24154102504901268 -3.8700736244748946
-0.2029154946705956 -3.4344317219963076
-0.1374843922861364 -3.3078585664646236
-0.18389658865793332 -3.1295398433715076
-0.364971174944935 -3.174282493453463
-0.1811192652670925 -3.214334312175077
-0.23374999118856632 -3.4488317675862104
-0.27515290851207025 -3.141631625124967
-0.2114439962892399 -3.7878465212985795
-0.1747879834196236 -3.655604651064476
-0.1523941024298012 -3.485458386171179
-0.3149021512248089 -3.2057090816787412
-0.2051043957067453 -3.8488768311638397
-0.14161212660542033 -3.838923510851072
-0.11486533636720259 -3.3062186972923677
-0.2766358823847456 -3.2273404021111407
-0.13804278491586652 -3.5187561870935267
-0.3487046864763681 -3.4528367801640334
-0.11478924305769811 -3.748557324461933
-0.168912181156272 -3.577622739017185
-0.18964064664433458 -3.401709665840699
-0.3941413344740233 -3.3541434385790247
-0.37242164876357753 -3.42313229370366
-0.2765379003225122 -3.7217136875190677
-0.3325446826648992 -3.3796826224176857
-0.30087684539521825 -3.44604622564493
-0.17466787407177584 -3.703399664905633
-0.17767810586023491 -3.653316895187751
-0.11805144182640215 -3.3816294588947473
-0.3889590682505562 -3.832326842225864
-0.2635243809882426 -3.5025907498795585
-0.21018466578651174 -3.281705134319883
-0.3849430594363797 -3.2427732391453326
-0.23678376036578225 -3.4765691188258865
-0.2673115535932065 -3.603914681860739
-0.21317247814115922 -3.557151972331557
-0.11931764967899028 -3.7487192303652863
-0.27521768516067163 -3.289570536227453
-0.2179738659222796 -3.7726757883263504
-0.3097453963533073 -3.3734760227101894

-0.38223929307496385 -3.4370521079199765
-0.24712511021407296 -3.153098060636214
-0.37929024748855494 -3.418260058710993
-0.37364671132631977 -3.716515819082007
-0.29957746583002043 -3.242696813367324
-0.16005910319522695 -3.2064954388472353
-0.12044460484533148 -3.6969760597435215
-0.3136788177062745 -3.5165464970190086
-0.3174107736139645 -3.7817769940022083
-0.2632876159776303 -3.8147714825066634
-0.21448610098045617 -3.4906938138078982
-0.25318523319364955 -3.3208439815115867
-0.30410835242098727 -3.4074594272955903
-0.3108162956266171 -3.272969647365915
-0.21867400414202626 -3.412846193364352
-0.21415085727726446 -3.4048183191485526
-0.29450897496268136 -3.1350424190197232
-0.33131862918225147 -3.2366711390109586
-0.2241270750661106 -3.3267965083375826
-0.24582047440840094 -3.133756182037557
-0.1778267318750666 -3.3790173600289717
-0.10619908627793634 -3.3286027718297717
-0.37118839378815527 -3.4829806120537237
-0.1646342138711967 -3.590932908942318
-0.3828488604094659 -3.827863278787875
-0.2405159856983083 -3.548084323093971
-0.3904453027832499 -3.133883734421355
-0.3417412171192115 -3.362072804947897
-0.16198354889893987 -3.7564681953732477
-0.28386703544960407 -3.8473373350443376
-0.33243874327853246 -3.49517765824869
-0.3797111279805693 -3.850338031363622
-0.33611009509973855 -3.5914478978607742
-0.17822068019404322 -3.637885060463883
-0.39618762966848153 -3.2870002858962644
-0.1292106580589364 -3.6437892169817787
-0.1339374023947542 -3.1913064224989967
-0.2779626494469135 -3.168226707038505
-0.22117498489553725 -3.849476189379635
-0.37059608174126174 -3.8316482432522245
-0.1252791774685365 -3.380965839999839
-0.182013075248722 -3.298138070722707
-0.36545987103381256 -3.373771149642444
-0.14031095693235823 -3.8263339893491883
-0.390449016052616 -3.372440920178133
-0.3314896194395575 -3.368204655254442
-0.14955899317958288 -3.7053518725592456
-0.30510759725396736 -3.527758191838805
-0.20323576964212856 -3.7594221242042343
-0.2474185199985084 -3.883091787891845


0.13660292701730747 1.861851585173667
0.10150116189701505 2.0877738855957944
0.2302825776205668 1.5414572885291606
0.2260194395767926 1.6268544940149026
0.1632693990506514 2.219829466227123
0.17936020728428026 1.907361489844489
0.23718299463645837 1.5362078177320422
0.22754003512256882 1.5635440108510954
0.19627140027540096 2.0801549085184075
0.16680703021803422 2.086970599008667
0.2487723570666724 1.5248279534327036
0.09660946954666452 1.5797240756705437
0.17852079344165916 2.3473902735775742
0.228886568706486 1.6717398033065456
0.1497126019607733 2.1622214939599083
0.13665371370420093 2.0708036875903257
0.23804215650037208 2.383657297233337
0.22098236342914757 2.4975338319185676
0.20534777778560837 1.8734749057612565
0.08896204703376086 2.171282113115381
0.23747864396553375 1.9475859097987274
0.24328675544660322 2.382186123202203
0.08411276544945405 2.077839237943942
0.202246421428664 1.5614055874086719
0.08496269017437298 2.0507189211593166
0.19459956334430717 2.383750393684431
0.1433443605630199 2.262822695284911
0.07903131870901757 2.3435983547597434
0.15309147383879324 1.6975663530490919
0.16598361506738088 1.7816422818010627
0.12711709592703438 1.8861381954393364
0.12909635896796084 2.3060181182766057
0.14224690373946108 2.0737687812931074
0.1928587197360488 2.121411751487134
0.21013878125452262 1.5990473863905925
0.09676830630703728 2.022902241951662
0.16755889032676924 2.4353556222612545
0.11174921969097291 1.8404499236407696
0.14384850939415111 1.5909318645589878
0.1436582818420493 2.1653551130365645
0.24685895093378163 1.5473170518945278
0.08404348750957223 1.7520397095153397
0.14354636223709943 2.330065158217047
0.14584476218592457 1.8851011404692106
0.11453597310669836 1.5939613822193066
0.247486698347072 2.479837299018089
0.1702398429829847 1.7255355001424821
0.12723475643038262 1.8445162376392592
0.09611632118955707 2.061216443129263
0.23413196462201374 2.0612413172173136
