20 50 30

0 1
0 1
0 1
0 1
0 1
0 1
0 1
0 1
0 1
0 1
0 1
0 1
0 1
0 1
0 1
0 1
0 1
0 1
0 1
0 1

-0.2470005663887297 -3.5924536586171776
-0.23197721312119265 -3.3572800690999545
-0.2560177265744861 -3.612915422403051
-0.12802365780073305 -3.6636145991410536
-0.12835419832189898 -3.6963237303711787
-0.19000588801386417 -3.537287350339575
-0.11771399921794284 -3.5028786957787506
-0.3519130736365789 -3.671966347189714
-0.13868532725443833 -3.261909436658535
-0.12953001377664486 -3.843263500936696
-0.3275229027423512 -3.2216126463373844
-0.14396230255531733 -3.681142514698574
-0.3560324853855687 -3.6456592375843804
-0.23822777354485639 -3.7374214693954038
-0.24813839745759925 -3.179598357768045
-0.16005765740009686 -3.5371131322590434
-0.37700868687093925 -3.1323812715275334
-0.23109840405542012 -3.7406909592542985
-0.33051172839655524 -3.3265705450751857
-0.3027799589734058 -3.1912283574023412
-0.15182985165858395 -3.8794923103317616
-0.2014061767842982 -3.496192303278206
-0.3156504693008417 -3.6376775611317758
-0.18729683424990443 -3.7910111726553337
-0.2816881938450426 -3.4541993248829552
-0.3777807737296839 -3.3311052211729364
-0.15929420342180423 -3.806845445753217
-0.19036957611672908 -3.5185111547299526
-0.1545460527819453 -3.546021782543199
-0.33201080238872777 -3.5728904101458063
-0.34805775946463 -3.2574348378308606
-0.2748488851998124 -3.3053737322269896
-0.2420789767799969 -3.325587813278246
-0.3038272265321591 -3.243798832909952
-0.28842751651901066 -3.591569219857065
-0.3649845724312921 -3.771509521596604
-0.3666901072913672 -3.5257159044987776
-0.14176466667144583 -3.7061848702181086
-0.30110453174377005 -3.523122319797093
-0.13056792682019386 -3.8677584596248247
-0.1926214254996087 -3.8711245852933014
-0.13881081913259707 -3.1196808785867955
-0.12059082485651501 -3.391574914206386
-0.31005800852254795 -3.4396520783964837
-0.19185605822197105 -3.6572663951022006
-0.15600218917167985 -3.204230834153896
-0.1200496060051619 -3.3911240483476517
-0.363091372367041 -3.180955488024559
-0.10917574066180313 -3.20277214414679
-0.23737283718379698 -3.676755773653834

-0.23697979497051297 -3.2947725073114373
-0.24103031923932794 -3.8627420839289135
-0.35558043599836453 -3.4896237293726524
-0.1631975634275309 -3.3292760442447102
-0.3980007373577448 -3.4535220430799507
-0.19242443991985936 -3.857018095033275
-0.21087574801602108 -3.6378089462447063
-0.33443150095779606 -3.173566422359027
-0.10359470679030608 -3.357998794868755
-0.25698521356037524 -3.66264157812125
-0.12376771592610991 -3.535788688666962
-0.12879954843700753 -3.3995839716369094
-0.31911178479761604 -3.4213071949917913
-0.1046180529829332 -3.119987655211007
-0.30513817853862346 -3.6853121296612157
-0.30844878022197475 -3.3767184564463517
-0.18120979460438116 -3.530088705444232
-0.16045603686899976 -3.761636449648777
-0.24329161247459108 -3.506085885184029
-0.35708594274015715 -3.144216386769389
-0.21906820391622805 -3.3784362075638104
-0.25450982116849086 -3.4574911932646817
-0.3052649141711027 -3.816145792951062
-0.20589718948001043 -3.3780575647228046
-0.13398600306308378 -3.820025845978127
-0.2445271469947303 -3.6873556590173258
-0.3466931956191167 -3.390311463924649
-0.12222347987755111 -3.8869234769240313
-0.3506633636051935 -3.363911738639173
-0.16339974507635696 -3.426094485438965
-0.3684890180193854 -3.615394974263261
-0.25806909194819616 -3.7014530637609098
-0.22682055343952023 -3.1334028329194785
-0.36477059517948746 -3.4403358789758656
-0.1336922798999956 -3.8863868958456345
-0.29709479620028273 -3.7421361140004707
-0.2977104557884565 -3.73490775117453
-0.17398390827499557 -3.5261976593734468
-0.22902147803435957 -3.7428073515642724
-0.24684923835165434 -3.5060028825666207
-0.10289207414130325 -3.6044273148902874
-0.30140513177146017 -3.142737552540067
-0.14861397957561834 -3.729781515437208
-0.1578796826121026 -3.7619528506748234
-0.22934530714262422 -3.3701647885312136
-0.2733785662193551 -3.2983022686654646
-0.3312959838817032 -3.2747315272811353
-0.313832869651826 -3.5756244882598747
-0.3254776846572035 -3.876418949771641
-0.10532860004739719 -3.1368420457722035

-0.2760414655682758 -3.1455726464193567
-0.10865059607793265 -3.606647882218504
-0.1090920628228661 -3.4110501069308223
-0.3290800422512126 -3.365391871035074
-0.2943931140468826 -3.21868764292711
-0.2015130193203995 -3.389044029800423
-0.253134045583871 -3.5173592841640415
-0.28401792170374995 -3.7974877646000977
-0.15018150849861675 -3.2876473858291955
-0.22732540584405003 -3.739695325035008
-0.1728695528726687 -3.8353994756367453
-0.24917861629579258 -3.3568051948572633
-0.1782326880775591 -3.757893422974104
-0.10756026711622402 -3.4478305666626645
-0.3371394545218448 -3.3079589279402946
-0.3415349532467834 -3.808711181652243
-0.11410737774607771 -3.6769885869314622
-0.37383418489885156 -3.8726250850662525
-0.12061479545486792 -3.2014763610863346
-0.3741487748879693 -3.830358393599062
-0.38922626436514507 -3.459681880317645
-0.29953084565585814 -3.7976943040175923
-0.3351161365513899 -3.556039306860347
-0.15176934811704243 -3.7119538079755228
-0.23673916931392427 -3.8868682575728335
-0.2975734175810252 -3.145475841487243
-0.20909286168242333 -3.1939452644472213
-0.20875361858339606 -3.3108344897497624
-0.2756597505427004 -3.8275185565968664
-0.3615822009329867 -3.493818042338436
-0.24393106459272773 -3.8062589130650037
-0.36827931848769735 -3.2495198969229495
-0.387061969779287 -3.3937003608084653
-0.24952490201453895 -3.151251985993298
-0.13857787395881815 -3.376732117107146
-0.16555498482085176 -3.7258416255518227
-0.3165641707802458 -3.876398105356535
-0.16305256535478319 -3.261871246805322
-0.2719501469974679 -3.2104628144081158
-0.2801796472523615 -3.1335870774978636
-0.16071126935023367 -3.3799417934142664
-0.1611826225972992 -3.191084093032479
-0.23943345805532745 -3.170694222953108
-0.20456718050603334 -3.149231852186788
-0.3689252297452658 -3.1292919589857395
-0.15904603042485332 -3.6100528043061617
-0.3885782282365605 -3.190136421148827
-0.3241883229834429 -3.6061910535328594
-0.30021352901255705 -3.2186871187916077
-0.3709264752379915 -3.219241221790754

-0.32609545577392496 -3.437544805931622
-0.30569040748628323 -3.8274513203157414
-0.12581453155564515 -3.527437560223769
-0.20193282659425138 -3.7441504948104622
-0.3971837190680175 -3.3566033617290087
-0.27637993229923263 -3.2771374546024354
-0.22239030338005275 -3.699506952514255
-0.38553318606138753 -3.7627067103133647
-0.35564208392057856 -3.6891196582049828
-0.21177407856431604 -3.8410063960324394
-0.22615202626462902 -3.680469732876486
-0.18423355366641275 -3.151050376578369
-0.14535945835063668 -3.782590587526003
-0.12618364902747226 -3.8633230377376586
-0.2335390885344133 -3.806803092424239
-0.26868018860132703 -3.52097629767126
-0.38397495980385643 -3.3988210118129785
-0.12971092970940157 -3.5011704642143884
-0.12363220514131656 -3.3125586216201244
-0.30345970205523753 -3.1408777593428665
-0.16769505050142486 -3.534142011930223
-0.37221606782805083 -3.4990674136010487
-0.21921590232053845 -3.653449531207402
-0.24802540523312774 -3.777527734473556
-0.3090525900016331 -3.631157321080721
-0.23407581174948527 -3.3646977350905996
-0.36088822389508074 -3.5725969865975937
-0.2455185986031824 -3.3003283452795227
-0.27546354922859967 -3.180672228967635
-0.21549475014687264 -3.3855536933948787
-0.20272691476203705 -3.1936701509687833
-0.14694764349978418 -3.6326525875823883
-0.3807918826754446 -3.708703153892536
-0.3475764608360503 -3.4523148150976923
-0.12016260544627316 -3.7464334365065963
-0.214580604490083 -3.2376617601150475
-0.2947729233503899 -3.3520942521935853
-0.20015581467475543 -3.4668036039212495
-0.3920346378109894 -3.7734967003526085
-0.28468934344534313 -3.230722514583186
-0.12259521051479377 -3.348915366772702
-0.35193015474138156 -3.6635116680539848
-0.24244569671936053 -3.301235988830605
-0.21545276459074 -3.7784290423570894
-0.1223658818980854 -3.5017655965267687
-0.3779859446661538 -3.5647929446898794
-0.31866289938258374 -3.8408657811456126
-0.16972351188091075 -3.4980201712251153
-0.26819552127108437 -3.3533208913488366
-0.19569041634525985 -3.547327799837711

-0.2960375293445916 -3.349736747394751
-0.3564806428419087 -3.168368452793258
-0.2533159036031237 -3.3879704163892996
-0.37464380112971246 -3.1311383293411557
-0.17847466503435472 -3.871415903658247
-0.30476300215190133 -3.281224525658299
-0.16681040914200035 -3.2381681523209034
-0.19850197419793564 -3.49218420711801
-0.16966044809684025 -3.4944685288330857
-0.13013020665299402 -3.6723900917642833
-0.10212491717419175 -3.8312667987916837
-0.3034845724096816 -3.8225921217062186
-0.33443527353058095 -3.4751753266120566
-0.3536713841116178 -3.5705688180732125
-0.20836264202965823 -3.317593675861513
-0.3268292079528345 -3.7947470549351277
-0.188205268822842 -3.608978752689845
-0.257939721359825 -3.704280962880724
-0.36931451254838815 -3.455928145594168
-0.3704506601125135 -3.8687742140599166
-0.38726891885311493 -3.455476734000815
-0.13783537369308857 -3.5497404153161063
-0.21862431881056965 -3.8243241029610457
-0.14906755422967233 -3.489976420821524
-0.29687308602706525 -3.6730224595989713
-0.14316949757968517 -3.580567511010195
-0.27889826948002155 -3.5695242218408367
-0.26122551260380983 -3.861954595717875
-0.15739822989815827 -3.4299708320998343
-0.2467522236636946 -3.8709719049640348
-0.24441653912059183 -3.7353616341451326
-0.3795773032810089 -3.7336265946653833
-0.38043822956082485 -3.5156645564668954
-0.38840586043596226 -3.654805791615393
-0.10764771208429147 -3.3994329552859264
-0.3462596948719545 -3.336200543293606
-0.34980808776270333 -3.174459588311209
-0.37946511852623976 -3.4838029174168974
-0.242445974667309 -3.8524580124255965
-0.21668615945520184 -3.5592081048186226
-0.2942758428546547 -3.495163299228024
-0.20660394570660998 -3.649396452575491
-0.1802389515759626 -3.414094995064609
-0.39846468676718294 -3.549994504689062
-0.3515969981355223 -3.2181926066362196
-0.3492217425066163 -3.6891496903812184
-0.13896854147079812 -3.7980304258822493
-0.3518575720973391 -3.3588089016479645
-0.1791004054025434 -3.232175253873189
-0.3043896836985153 -3.2222100231333894

-0.30321765008471263 -3.873935877986525
-0.14736840810494928 -3.3670147641358854
-0.22869604215060568 -3.8292338931401857
-0.15998350731849648 -3.8374428120290065
-0.21105179930842555 -3.155462180954525
-0.2551780013721414 -3.7607996449300396
-0.2904400482248214 -3.25852660126812
-0.21923684684584807 -3.8055828312562707
-0.2988974492027584 -3.513529842176698
-0.31771729138779875 -3.242359650929294
-0.30420201891652177 -3.536665333022722
-0.1754069040712064 -3.372376528919455
-0.13075687917551204 -3.7594720938321355
-0.3936410287927168 -3.2799907635421355
-0.31792451992803433 -3.3180654729894887
-0.3622554192392081 -3.46455200273716
-0.15998442892126244 -3.1899892555685674
-0.15937152447533148 -3.4262985334835587
-0.38911910263023003 -3.867375656959446
-0.21872970676861522 -3.7303355148309794
-0.1960734795716248 -3.6959115769256505
-0.2665617222189385 -3.3444563527496047
-0.18861700568938122 -3.219564225526643
-0.15036176883677868 -3.640269142077659
-0.32140775418178347 -3.8051484832256866
-0.23820240711633733 -3.8121509451747264
-0.19308482697905144 -3.4051869285574847
-0.2724602201032511 -3.8648814854520723
-0.14957558475168437 -3.8504652249027966
-0.2689602282343985 -3.2274612270321086
-0.2922257006817372 -3.7963214501605105
-0.39651036945367385 -3.7143239916261703
-0.36421641073957844 -3.7927292528120304
-0.19255336331047446 -3.1591066243074297
-0.1375564407071223 -3.741858633791489
-0.2977424420996129 -3.305149882841878
-0.15729763035975675 -3.5277223901998007
-0.10270143014588967 -3.4588333148046804
-0.39506502906154367 -3.587939442195708
-0.23559203113299584 -3.4897108997280624
-0.18100004499845693 -3.7459718941819355
-0.3394758120071747 -3.4176551057177167
-0.1801929835476485 -3.30934307599017
-0.38614254970561035 -3.8224245009740585
-0.1859689774133525 -3.87668060197091
-0.14366886451295097 -3.312527935606121
-0.3715435913938892 -3.878745005823346
-0.2480703349908869 -3.4698604072438366
-0.30182155618948536 -3.6997938452931165
-0.17563568624723538 -3.7076894409976267

-0.3098233517371842 -3.882044184554136
-0.15836806532807235 -3.2553010202240777
-0.19139457589930514 -3.132696239991528
-0.12240561503341985 -3.459600431051197
-0.11595729538726762 -3.6041736882261652
-0.11372205330914253 -3.7981588536727977
-0.35558097233496694 -3.331236535395916
-0.1843470662141059 -3.173792121586378
-0.30932717050612235 -3.5087455453363896
-0.27166490217544903 -3.3181364162317255
-0.34151280632784525 -3.1189711573539265
-0.27733425105140735 -3.3203425269523876
-0.3324811021303301 -3.826834991924312
-0.2941159351498313 -3.135653897601001
-0.27913631910360315 -3.5243922103080823
-0.20613267044773928 -3.3197940599283395
-0.19277603454642167 -3.461490520273049
-0.3424103413104581 -3.7311484477873247
-0.14365613467086064 -3.1660966439156693
-0.35463845029918084 -3.6768913334023203
-0.1100817407486237 -3.5085469279415147
-0.15757791600578921 -3.347691117142349
-0.26404484754904856 -3.584098945588605
-0.2570969928729312 -3.7819781249209954
-0.16698546709097878 -3.5047677437094786
-0.3495182295562543 -3.324919885806368
-0.13743855620567286 -3.1949700477429905
-0.1237623582132234 -3.4067526867095332
-0.3327426360298466 -3.208098498265782
-0.33580136463385424 -3.8435167747526227
-0.10088054807222008 -3.5093473227035683
-0.36177450184169857 -3.6966879803434787
-0.2514888656500406 -3.463504322832815
-0.18908646905009374 -3.417534013515459
-0.24070455533000143 -3.381467133612047
-0.13390778028775724 -3.1644829485035304
-0.2892250741024107 -3.27688317510339
-0.2158134777056123 -3.753349749087583
-0.13905766115943408 -3.7735494096241764
-0.2542837999065557 -3.597754276678757
-0.25562347173835465 -3.7054532406198106
-0.24488261706595277 -3.4289094608019473
-0.2443025794926418 -3.4702144893753326
-0.38977495083099123 -3.4392166292679156
-0.23796968333206028 -3.625793805896384
-0.21559123286537332 -3.123224410156355
-0.31236018921238656 -3.2942097948520264
-0.15195909094774612 -3.403845418458203
-0.15201841293656385 -3.429796985911915
-0.3074872334758692 -3.159676996027211

-0.2342556824109525 -3.1875794297875624
-0.24827792807292132 -3.820751822095083
-0.3287328669402559 -3.8510490708947342
-0.25046733838153423 -3.4268518279804043
-0.10201263093635998 -3.469478071356377
-0.37569630809926163 -3.5324895763227464
-0.26658690677896585 -3.7837044300854052
-0.2904215473979064 -3.6653608523732712
-0.19608755041367443 -3.6157723973641307
-0.1497326232484522 -3.167298041129661
-0.3096978210035938 -3.4736950872449612
-0.11869790274985093 -3.456698450960421
-0.16891394791594042 -3.3667599444355614
-0.37645514675515745 -3.320002944283084
-0.25789588852459266 -3.1847640405306232
-0.22878274500165158 -3.672984909867932
-0.23102975433929604 -3.2152945196431446
-0.3195477576889675 -3.325632690239584
-0.12788555028483867 -3.1707427672992767
-0.3497166248564041 -3.67074338155128
-0.14777415493295182 -3.221116910779892
-0.3517376419492121 -3.790684065131128
-0.2420143776566473 -3.3441126074984626
-0.3968609009076512 -3.5208602701817737
-0.38794261245887124 -3.5639128232409916
-0.33722492521338315 -3.1400917521918847
-0.2441120917597649 -3.731104580920737
-0.3780087834662602 -3.283794841440977
-0.3381604404513434 -3.1556916183815074
-0.22062353393763126 -3.619327888724776
-0.25006735878173836 -3.3135703731546253
-0.36964071471718657 -3.6634987756994617
-0.29572673845184116 -3.173222330258483
-0.28240216649650185 -3.1245265795324655
-0.27658688522446373 -3.1308397141998396
-0.20756730109370544 -3.7324296751161046
-0.32309590097284124 -3.8840547727656802
-0.13364001630550543 -3.517071971542184
-0.17618524421959 -3.399536889243504
-0.1602251992505931 -3.4605194073825585
-0.362846288724081 -3.722381482311835
-0.1269581532152863 -3.536434850242382
-0.2055293673889937 -3.1217414703883346
-0.1883214904991308 -3.343751303998671
-0.1422568172831259 -3.818904937558035
-0.3151414005846916 -3.788195863495244
-0.19567762690934257 -3.604689672182775
-0.2982176657940307 -3.8709534240171526
-0.3095227734309398 -3.2788527412712134
-0.17144689218825365 -3.6812081799021703

-0.2664439649800488 -3.409610987380322
-0.17525255119162475 -3.837947345977218
-0.2648449390623815 -3.7294745295392717
-0.1053103587434227 -3.368285211789555
-0.32882561683829614 -3.6869920750373617
-0.22831802633974851 -3.2128156032043544
-0.21577600358597707 -3.674567889861324
-0.143916390697369 -3.434483574894162
-0.350469289112947 -3.5860509778086227
-0.3308320087520493 -3.43357236584439
-0.16230993044075281 -3.4700046735129106
-0.36406795232810407 -3.6075463639600125
-0.21071844167460924 -3.6872799700365744
-0.24834069040172357 -3.2952106348461943
-0.29607789737442075 -3.322923125206798
-0.12869577932606413 -3.6716651653866115
-0.27737321520778774 -3.1736123478834926
-0.19568027453166476 -3.6568816622753535
-0.12187852645531161 -3.7853990116483134
-0.36822490646587314 -3.5387285300858906
-0.3127587394393614 -3.3621990372011776
-0.13681055826316402 -3.1433279399250806
-0.3874567392797241 -3.471404655507828
-0.17534620719914673 -3.256950568181357
-0.2643528191214466 -3.864086840216108
-0.3753396680949274 -3.442432933230304
-0.19251304967102773 -3.8298558818789132
-0.14384285068628588 -3.7697993317112832
-0.1409647541124956 -3.5452376836909747
-0.2246613881966837 -3.2431687081049385
-0.3863104796752937 -3.4043778928851447
-0.3449546956297851 -3.3550777303049113
-0.28386739206804973 -3.2185454431177387
-0.10344792810205417 -3.8754706158254395
-0.3361594580989177 -3.6348906175861035
-0.38612418775481144 -3.6847101195646093
-0.3776290070593009 -3.426757917340277
-0.3052374674226115 -3.339736466760063
-0.3040790665661417 -3.276518067926684
-0.17741229760887264 -3.595816384297059
-0.23344165050649707 -3.215427619438172
-0.239414042149967 -3.513079645715714
-0.27724225343585995 -3.81444973727143
-0.2678160790183294 -3.22457553280156
-0.395213455499837 -3.4912495284506955
-0.2687312764802353 -3.4547488648438764
-0.10983743465920198 -3.523476993060736
-0.30990810518433975 -3.4651530958789127
-0.24478048573657188 -3.1212041737845007
-0.2127079099418002 -3.4413698298157778

-0.27824848313917616 -3.429669849249369
-0.2795326796669607 -3.5989002320317534
-0.2083260654047888 -3.5176651910395216
-0.16880393924561365 -3.6760122680171374
-0.3401689113414771 -3.880527519776376
-0.20628599528003208 -3.125144691700677
-0.2621646908785734 -3.570302238973007
-0.3136729134169259 -3.6317209319230037
-0.23199727319897567 -3.8182809706439915
-0.2501338634923298 -3.613159741911589
-0.18971000719666806 -3.630836370813738
-0.2677127137043766 -3.1385291365959436
-0.3335021361292565 -3.717376795154448
-0.33578244112847355 -3.712265486827813
-0.3984483329658609 -3.3606719319302334
-0.24562861404947894 -3.580975770098304
-0.3121715865078782 -3.669041456670554
-0.2385184385299664 -3.573036164668841
-0.15625111332013766 -3.456150502047341
-0.290734951039752 -3.8423222872551976
-0.2558191939638373 -3.7625935954397107
-0.29841115975390026 -3.6418086497185933
-0.21598855999492325 -3.3516710757374586
-0.25724634654114253 -3.533588687344441
-0.39103253098668833 -3.8251665479423718
-0.16583464139289603 -3.134657160816279
-0.2517366851043681 -3.4087043182568375
-0.2952509174568362 -3.823335874508798
-0.20044119639079325 -3.210123851921189
-0.24561342724976298 -3.743399607767269
-0.3645346990826217 -3.3936306522465562
-0.3791062196534311 -3.59522056622317
-0.3886271756700457 -3.845415769605996
-0.33457081135809186 -3.2714745568957193
-0.11544868978694861 -3.3130811580620447
-0.3423768589523483 -3.189984899568143
-0.15010476419078586 -3.766452080293139
-0.16293105386382217 -3.7707618112106145
-0.10743067379083238 -3.590335796608845
-0.38221328843797375 -3.5884203145421556
-0.37573657053603166 -3.2233069051767123
-0.2939781819482805 -3.7648717413373882
-0.37732297456303354 -3.817717833364728
-0.22274071847793325 -3.7337816367822025
-0.22885916952592375 -3.7084945622259786
-0.30496696879752383 -3.7525362931409845
-0.288280007697247 -3.6374345402665207
-0.36308716905461785 -3.746623129257666
-0.15758392014018596 -3.2867206494100736
-0.2671303867471987 -3.845857992447137

-0.3644553373088315 -3.835362388473966
-0.21857082614030923 -3.469953362710375
-0.1459107464361949 -3.643862348701655
-0.22401355198953626 -3.8579221017544185
-0.21290191079080284 -3.745962555209247
-0.3089782842569622 -3.178843378207484
-0.21247613699121196 -3.2930792181561923
-0.32549825690266565 -3.2841258381149876
-0.18819585508405728 -3.628105090384336
-0.10646411615152668 -3.855433587838644
-0.2085184754553703 -3.832223093530941
-0.26439755517457 -3.3922175916807538
-0.2963429827408501 -3.5281178606505876
-0.2531694832080092 -3.772685169217201
-0.15723125433810103 -3.395751566161652
-0.11694298744535758 -3.1914319693462248
-0.30920386308660186 -3.33566627127544
-0.34149107836622533 -3.351874459072479
-0.2486268518653818 -3.4784094925021494
-0.2845664744843228 -3.3097628751585106
-0.2844453752816434 -3.4087821451533302
-0.22159547188233594 -3.48717406319007
-0.3238392699286774 -3.7744716028142986
-0.34054051844117095 -3.880674898095936
-0.24073640437193836 -3.1491118390439823
-0.24582197877743164 -3.57973246648973
-0.24607250437466227 -3.884789929906768
-0.17513847965673193 -3.37628185336729
-0.12809625178709488 -3.2897857213481103
-0.11218848184437041 -3.679662519817573
-0.25633280551689364 -3.1657157811217176
-0.21544944233247312 -3.848881700683112
-0.20294843712441915 -3.7393963314402323
-0.3082539998994216 -3.1748241654973253
-0.28680470021512044 -3.742971595209905
-0.11655361360633548 -3.6071369328050094
-0.2416689286909869 -3.88273101739114
-0.19273561064101996 -3.8149196977945072
-0.1777551438283894 -3.705440886762197
-0.30530978657666097 -3.5014990401980315
-0.3027151465374497 -3.6909590971076662
-0.3966652065834887 -3.5613220695337184
-0.3092153768442773 -3.377554350255062
-0.14215914853876516 -3.5712160490062725
-0.3081615069170388 -3.4057686137364818
-0.34901424369512096 -3.664964502009132
-0.12733942417719835 -3.5730101738381363
-0.26903056130175096 -3.2542663242648926
-0.18923137783571145 -3.5281710494229284
-0.39715214449495534 -3.3764695157802906

-0.39201471113582453 -3.4965228598451246
-0.21965828592969708 -3.3589957644603383
-0.29057250310595395 -3.5687991889295945
-0.16991419231654104 -3.45641085957746
-0.3879720509166596 -3.5285132655738853
-0.1751460970194111 -3.278731978876054
-0.18277410145235817 -3.3428407044857824
-0.2738095698887022 -3.119976289989798
-0.19751097847971977 -3.1911999944914777
-0.3481547952376546 -3.6340271079801854
-0.12406228312079726 -3.3289944335745876
-0.1020183668385159 -3.5140786892561278
-0.35580787208138065 -3.289856349497828
-0.3460238536096685 -3.7215907655859515
-0.32529386678867533 -3.463892878762048
-0.19112012934744904 -3.143918057076326
-0.33918153460623235 -3.402988011177696
-0.278849096905978 -3.2348228598186335
-0.3267348847357391 -3.290540025475028
-0.17525796368233582 -3.8212695473514815
-0.2399431375979991 -3.397203434769338
-0.34372635264442913 -3.465134136451627
-0.3515151853295682 -3.218888896153683
-0.27779677561081584 -3.2283467610227294
-0.17485535164760518 -3.415405563557488
-0.19653394424227438 -3.6673551767087695
-0.16012856135577885 -3.6723883955596097
-0.23566477487960957 -3.7558910887572887
-0.146532396660827 -3.3712681820212733
-0.23949332731792772 -3.408900921778201
-0.29338916671106713 -3.1269088334850776
-0.2175302051571368 -3.629726455921728
-0.3205050081195785 -3.5908612164245244
-0.10647685798000878 -3.7533683740915302
-0.2883872860330927 -3.1275928029209075
-0.280456528201164 -3.4987528727457513
-0.11907958099550786 -3.752469090242981
-0.1605590232714165 -3.5949150866842343
-0.1614930621203593 -3.3616175585939025
-0.20015660258137116 -3.7889559053442072
-0.3387210277201387 -3.4265254898147988
-0.1348124590793926 -3.1318580953170363
-0.1768618673875038 -3.786987373032354
-0.17576775953608292 -3.2365001488248275
-0.3086905789599847 -3.636199511894969
-0.332152470763063 -3.6123854536304325
-0.33697825448717034 -3.6759792396038056
-0.35462221710501696 -3.244336441614762
-0.11343878001681978 -3.679809619361582
-0.2020369261910555 -3.5028851467413205

-0.1331284806106473 -3.619390958566248
-0.1558364271175168 -3.844797815982798
-0.3402469333824617 -3.7340000177827157
-0.33246405114513805 -3.3895165367329967
-0.32187659168680877 -3.8406925833878436
-0.2945530584452341 -3.12704336143533
-0.1818685516875391 -3.5719838299587403
-0.163696418758283 -3.1402383044048103
-0.28989993054998675 -3.693871734044159
-0.190649432987181 -3.2126785990537328
-0.12379012259105471 -3.303483153676165
-0.33291627458310913 -3.4820087342162562
-0.2392496283003583 -3.1633424506120402
-0.2907816291270711 -3.860493527271756
-0.34593605715691544 -3.6793652722389116
-0.22953840416765325 -3.329298849203131
-0.3733336296467576 -3.5601718099595008
-0.2262700494100433 -3.531569460140675
-0.3512118107977275 -3.2498449309604127
-0.2607136814054335 -3.4300522666199815
-0.10632835988598582 -3.7790064515910737
-0.17658565849343083 -3.150227524803601
-0.1408323491306701 -3.6251341271580446
-0.18506284421798302 -3.7523145254426544
-0.3814987249498047 -3.603257108586496
-0.36260957003083044 -3.871406119360078
-0.3822741509836923 -3.6059374207569985
-0.2585616528559636 -3.5773739949728016
-0.3127006060501412 -3.827302396299686
-0.2572252559486743 -3.3865838547158553
-0.24640640933977478 -3.711023980363508
-0.37972744772150513 -3.1718191416474966
-0.2385689566053827 -3.34442573453522
-0.353457807502071 -3.3609576106213357
-0.3037851340230277 -3.4995875361088804
-0.34377370235230836 -3.619698179884199
-0.1108845394045509 -3.6163962460780477
-0.26634241813180537 -3.13332269309389
-0.28880351103602353 -3.85079539955126
-0.24866199575470338 -3.569143616701645
-0.2465901861826796 -3.4916314335815786
-0.361148045234444 -3.5402203904139924
-0.37416389354624624 -3.301541436529101
-0.19504223256031886 -3.2982360956267422
-0.12178454321653165 -3.4179331419111136
-0.1724707616937058 -3.8308169877269833
-0.3726244498526938 -3.2997302730284583
-0.12531443681219562 -3.550738159992468
-0.2770452963889041 -3.839828470172312
-0.1592466528833439 -3.6819636368665285

-0.27266538340191804 -3.58120322634847
-0.3110996405250154 -3.2506706439627284
-0.14984998874881283 -3.539860909265531
-0.39170684936192746 -3.3392731599819663
-0.24683319301344825 -3.200319541973062
-0.10512301025690507 -3.241316037696036
-0.14360411794663358 -3.229752689112182
-0.10567971939764009 -3.4258533019353097
-0.3778460468256294 -3.503608094990662
-0.3483931541512137 -3.2198577197849567
-0.1040578777267519 -3.7911315259222826
-0.3447082261759248 -3.6979072167581206
-0.2899699316917387 -3.4202207940102842
-0.22624851789169087 -3.6868888434584473
-0.16132813092404846 -3.547671908965702
-0.25963897279729403 -3.126601206650137
-0.37641391736878127 -3.368001005316222
-0.39009171266544157 -3.472713445277847
-0.3018605771153189 -3.698643034713501
-0.24834672471873817 -3.590185505304805
-0.27422724610308613 -3.2016794029298854
-0.169998203108775 -3.360296304289727
-0.29602532439782814 -3.8804076045988545
-0.15290868780495034 -3.332108820388841
-0.19677390400103803 -3.5433235990190908
-0.23336569801899223 -3.739502545564339
-0.16573134679197302 -3.6997100217670065
-0.23395519245971164 -3.180987749771772
-0.11162634646337394 -3.661280869594337
-0.35562431750463175 -3.3793153387111494
-0.36396007675758735 -3.6571988370525106
-0.2816922360912627 -3.3629481714517557
-0.3648125370155588 -3.147790860147434
-0.302962359297801 -3.7230229273819444
-0.10380912509030354 -3.37058327782184
-0.3714493095360061 -3.495366411787205
-0.33959462162429865 -3.544026388090735
-0.11369293265456953 -3.5009494115184228
-0.2788013634273398 -3.7027316380829265
-0.3715296510246615 -3.3902972286946467
-0.3853950489122579 -3.8782033438509806
-0.3531963222180946 -3.630326171008721
-0.16751738879796407 -3.1328299861663607
-0.3658890479559309 -3.6758297739815995
-0.16953380913236898 -3.8532141625966294
-0.33207394039626303 -3.2366666860804747
-0.16064267957413675 -3.622381224054414
-0.2987717535843092 -3.3338488199425953
-0.31701427725903153 -3.5209479866864397
-0.319085185589506 -3.2796157061407927

-0.17980347273454728 -3.336616320786331
-0.1799340211235681 -3.6239925617195623
-0.2917136442186765 -3.4453833273219527
-0.2819567524463038 -3.2857362556413703
-0.3329443605337813 -3.844727719241697
-0.2968085925581474 -3.53139441729452
-0.10888528257063251 -3.32790488571287
-0.15228799505859783 -3.2541517282163226
-0.1193274311563785 -3.5890997521554837
-0.3791891797769414 -3.5238271042684537
-0.305259896344176 -3.52755812779049
-0.13992459089450515 -3.323299479754561
-0.3677853304287514 -3.141492227909684
-0.10093439005229776 -3.127498863225421
-0.2469818020216099 -3.4257621011061268
-0.29925985124669263 -3.4999979640049728
-0.21033694944232736 -3.74513726871964
-0.3935844514584638 -3.1751349579823973
-0.17111224440001355 -3.8582698296965394
-0.1370119555293059 -3.5725799743454547
-0.17409609977726637 -3.3517593162621107
-0.3635089062794909 -3.6961151737822338
-0.31491204389025346 -3.166202352623773
-0.13047572027617804 -3.702798299435059
-0.26887863400044865 -3.2514294083157393
-0.16146165273041596 -3.635869258178672
-0.10096430383922339 -3.163986967453349
-0.239806057786336 -3.770451579606015
-0.13463497360130727 -3.8587204606183754
-0.3843204200645695 -3.6708729534422306
-0.2752887743413454 -3.457345848635926
-0.12990552160506968 -3.507057950070277
-0.13229466210866936 -3.652635729459539
-0.21396974642496247 -3.860333231610333
-0.17767183633195552 -3.4767711106915415
-0.3810314137665841 -3.4128295614901254
-0.3693293261957109 -3.747795695443539
-0.2746063266494948 -3.6881084906638772
-0.11171849192189154 -3.3409032392006823
-0.3719084161936888 -3.1848535022709714
-0.14967318935601615 -3.7775520216640985
-0.3675347969622872 -3.1351866517553244
-0.3913549966095287 -3.254790618403538
-0.29978244268133025 -3.2726814689125927
-0.3092147274493542 -3.473227629325503
-0.3888281161235732 -3.18189881012851
-0.30462662971038207 -3.5738098340272373
-0.20786158570329738 -3.706947731233358
-0.1388651063414621 -3.412892637530951
-0.18890146992683388 -3.440362962360714

-0.3212954576477665 -3.22341506051682
-0.34561814725190504 -3.5903227435230063
-0.2573774858433439 -3.5702177853603425
-0.31000481340199093 -3.2051450413890343
-0.1283118333996634 -3.369973261358842
-0.3141111062121588 -3.1799973878608823
-0.3585793959684279 -3.7565745103672166
-0.15093262485528605 -3.580721311870853
-0.22346600311402187 -3.76282734154893
-0.23224256337798896 -3.188517374197712
-0.15439888495218054 -3.1687633339626537
-0.32381161212258014 -3.43551654331849
-0.2689652179794122 -3.477985828274939
-0.2862453792452277 -3.194011754448041
-0.15027604995005564 -3.3506693353898784
-0.3546240639468011 -3.6950088198705346
-0.2528999053561785 -3.861250511958838
-0.1339439752656752 -3.413093773538851
-0.25116055918184954 -3.750353121709619
-0.13523177035897932 -3.542295005140998
-0.2106247122705579 -3.2731922204198898
-0.31676826182255147 -3.755770613881766
-0.36381224765755815 -3.784352023330211
-0.2696619765627053 -3.1387127557537084
-0.24170274436667394 -3.782579602612864
-0.1949493610983961 -3.632606536054728
-0.2790149193291906 -3.175513082605141
-0.28224053027774215 -3.7765167333572967
-0.35979425011185945 -3.8167324786993055
-0.2998182941970421 -3.2749729181448104
-0.30598475447377593 -3.8836424051133718
-0.31535588109815577 -3.3478293315435503
-0.1568729476517376 -3.335919789598547
-0.25400130528959197 -3.4457471976405865
-0.3102586474398539 -3.7186503976672918
-0.21963114469315453 -3.17764211894743
-0.3696134589071096 -3.834304472140377
-0.2649030728467652 -3.1879113566427506
-0.12907815257016486 -3.1926911362688593
-0.2912568392620135 -3.675216818519975
-0.27538009119573537 -3.7429127014869077
-0.1295981039700812 -3.842484069548107
-0.10188404054028394 -3.293716948451271
-0.18465340489579474 -3.465582109959414
-0.2653280823558962 -3.3132400043763717
-0.3450540180764808 -3.3880387453822127
-0.16841091586403611 -3.830855129865611
-0.30002457590095244 -3.2282444346461268
-0.18782327694357015 -3.3376856942521034
-0.3161092271926408 -3.7048735927776497

-0.16269094349615534 -3.516327417528424
-0.3047441530274234 -3.650889646719911
-0.12467273750714641 -3.211642916858921
-0.33737225513663316 -3.1530373145159203
-0.33787836145057026 -3.374377153562258
-0.2761543763055109 -3.7286584545438135
-0.3895340664995036 -3.749838047431966
-0.3875480751667076 -3.130370585628574
-0.18277076507782672 -3.653960918089428
-0.3636697124753928 -3.2210281828020477
-0.3451571931491856 -3.53821036677047
-0.19434598638861098 -3.7976085669593713
-0.2862261992929635 -3.7101208790907134
-0.20276758859778282 -3.2555645446174877
-0.27544196694251355 -3.345444012320575
-0.12723028905833333 -3.1729041089087735
-0.2616193962825988 -3.332214255734053
-0.16366702157279012 -3.1249068222435405
-0.3536619544611661 -3.8397844699819967
-0.15928942915863065 -3.1635547470233307
-0.37386606733810246 -3.416612278955525
-0.2612666397730709 -3.715762820805965
-0.36884080118348317 -3.6162910867264033
-0.16408087843684543 -3.4235948765897937
-0.39116009829653786 -3.612245412890508
-0.3951734910435975 -3.1342260259401615
-0.2412537140027272 -3.337723947398713
-0.24896746650020982 -3.17232245598135
-0.11717582336371057 -3.2473698326450395
-0.1514804371938592 -3.7385417020071214
-0.11361751627176075 -3.699136486646503
-0.16576359438651123 -3.6266711059285086
-0.3345221601202064 -3.8059611307108074
-0.37889218821655946 -3.61399113147845
-0.2790714586896399 -3.38742745984179
-0.2594237007694895 -3.5773025720444664
-0.2924300141013773 -3.1871889666815676
-0.27191664419023165 -3.2473736299632954
-0.2670453515782632 -3.701246885436901
-0.39369611673364097 -3.8541808327390155
-0.21992118819880815 -3.59264330883665
-0.34679986042157074 -3.7087717864578598
-0.1414200526577114 -3.8854253548124196
-0.39952157281899675 -3.451695844817984
-0.3873592525867389 -3.778543861870061
-0.15028509393816555 -3.3287402083026403
-0.124392429514949 -3.7674212461322267
-0.10806677604303339 -3.5412857656089543
-0.3839988953220611 -3.6175728932226474
-0.26692598322875144 -3.8255635051028243

-0.2658443834375558 -3.7031701533490966
-0.20752126489034628 -3.144307768344014
-0.145359885655311 -3.615412815820762
-0.3063658646588153 -3.2406660969514034
-0.37271213172149487 -3.81026509829889
-0.3884480414226621 -3.6626306642058406
-0.36974805606341066 -3.669263512066988
-0.21909953528686435 -3.328715012078005
-0.25258439137524796 -3.545440718075896
-0.3757717752580652 -3.2854754625006337
-0.39798835348228323 -3.323307933262104
-0.17063822613662585 -3.515250128224081
-0.20298645963274894 -3.481362589856816
-0.22451278248220755 -3.5922007721606537
-0.28621519485718644 -3.553459212292639
-0.19179336080927917 -3.3751926676819046
-0.17517149591742576 -3.745593232908318
-0.2741577665314512 -3.5929607816485314
-0.28789172634248517 -3.285399547378682
-0.17406341410003667 -3.8517191434657114
-0.3815843860550142 -3.867387245754412
-0.1251135792704447 -3.470120368025841
-0.3195692035832107 -3.8785050479243797
-0.12265592236575906 -3.4563150180487545
-0.3335851360102638 -3.707399208318489
-0.2271895248102014 -3.7815934789912684
-0.17363667055453239 -3.6425779948021875
-0.23480676616244023 -3.698691040287815
-0.19960083632039896 -3.564118874284089
-0.24431577512394165 -3.120664253564382
-0.1362053924217973 -3.842085396671948
-0.10276906734771762 -3.6303380464556696
-0.15913423470370094 -3.5572167209925483
-0.14766877727039862 -3.561889104160751
-0.1082298227397222 -3.5609566954451153
-0.1947530642944623 -3.474901255809308
-0.17316427972305218 -3.1365087186503287
-0.18226276520374976 -3.33641868498479
-0.29516681230097275 -3.29028555329313
-0.1288593050367482 -3.561745768234807
-0.36822588035536463 -3.563533514238028
-0.18967122549641238 -3.1701542996740484
-0.33768558205518934 -3.3442559264357246
-0.2190241994097296 -3.787801496680179
-0.13878720386212956 -3.6581783865436983
-0.1442896377789456 -3.3395347744053145
-0.36665848542486185 -3.6903112017937363
-0.1908171435252572 -3.1991272930135484
-0.25415261508286735 -3.309824324773436
-0.22833776653187624 -3.8735161005158547

-0.11579184363853579 -3.1452466795099
-0.21036036917639486 -3.6587672849596036
-0.3593041762336261 -3.524876598412156
-0.23698127396391835 -3.8005866501986336
-0.16809576979030016 -3.4294692559924997
-0.37338628136191737 -3.729079120702463
-0.2126775603685572 -3.5349116944871453
-0.2414087058618357 -3.86348874806711
-0.13179901246499587 -3.881873080286127
-0.11105763048948986 -3.865103020972543
-0.23680728950205093 -3.7384817726014345
-0.30239414866902453 -3.672578330694185
-0.3592286146429655 -3.5025488361286667
-0.290948798188757 -3.6021887088672444
-0.347873829037835 -3.605882374632505
-0.34058630149164526 -3.227146135115505
-0.20638296467387676 -3.3729764458599987
-0.36609505112671925 -3.5781339996060733
-0.33891977989664523 -3.2505820381792194
-0.30641844012878316 -3.5819810089968525
-0.3004786616144768 -3.46847570287673
-0.3409076188931082 -3.863383701554454
-0.2581997414824175 -3.8354270637231753
-0.26543802007777545 -3.28279988152943
-0.1929956139908624 -3.453658244296568
-0.21837070843743522 -3.3467825737518533
-0.39622799153015525 -3.207894893500084
-0.23579226427802039 -3.7841649391288708
-0.11874437454986009 -3.4468951416118587
-0.10749032100732525 -3.697459509948234
-0.12466719811347599 -3.3616166129151424
-0.2551833181646316 -3.5748101983901224
-0.16127888344712232 -3.3827721911042437
-0.2738991901708425 -3.180986456568283
-0.19913271102806335 -3.6403749759673723
-0.1795515118632561 -3.493176639314082
-0.38727166686445147 -3.730929014610686
-0.22075518327053098 -3.549940646904503
-0.26229423131798907 -3.8392243504867265
-0.3225493029493846 -3.4666359068184485
-0.30991136638741656 -3.49311379220438
-0.37407601479229635 -3.1965663767433012
-0.2708576846691554 -3.150853775811423
-0.20835163832812975 -3.652294884452103
-0.1837707641829536 -3.2583325373586005
-0.19482241372925072 -3.682648413446783
-0.2569625691228277 -3.4975939771657534
-0.2350674888653964 -3.841993586565942
-0.3678243448177763 -3.3791118859779985
-0.38011366632724203 -3.3990444060663236

-0.23404599934687537 -3.482522601599697
-0.35868288869614484 -3.597374329919211
-0.25004670918708727 -3.6250352832087724
-0.1547177098820056 -3.3275090264539045
-0.17301719933245086 -3.413011121312501
-0.23275058448173477 -3.4210510617955516
-0.2876786880447776 -3.5548989096463774
-0.22368647580463094 -3.8055087118686237
-0.37945862146023196 -3.826935134251718
-0.260156809048745 -3.874098084209162
-0.17970504364013748 -3.622650787958268
-0.3924842118755991 -3.475449888965351
-0.33417883737752774 -3.536230297640679
-0.3017894931277103 -3.659473191859775
-0.3520844448335919 -3.618578016405491
-0.32711093089627996 -3.82137526340857
-0.1898421508235596 -3.3358116836853857
-0.23913286664598912 -3.8554297405476348
-0.37488447525820245 -3.612832082254152
-0.23290377027998374 -3.7314673275356625
-0.3515788939185188 -3.659293863381761
-0.360279777375232 -3.6370063164299804
-0.28169338246458697 -3.131853991823729
-0.2688118564801313 -3.1509613306827857
-0.2205104906224261 -3.1682319572934308
-0.1303307417537355 -3.534856975931897
-0.29636943184550896 -3.265410040798049
-0.34545042220182787 -3.5360289374381995
-0.3612209616810818 -3.5043659661876188
-0.22039375308288403 -3.743989151511414
-0.35593099176512555 -3.8792157031367185
-0.18370371294426455 -3.5444106506330586
-0.3849974331100211 -3.8491601374340356
-0.30973775363204437 -3.756248113591136
-0.33228546899333633 -3.614913703036361
-0.1971669949133588 -3.316225100696065
-0.17471510793806122 -3.5030243589159245
-0.176062091100292 -3.855448078951824
-0.23863795890999445 -3.256531038027169
-0.140010706945165 -3.621963034098599
-0.1804007924218605 -3.363098499942771
-0.39853087345401583 -3.6685845227786253
-0.11581001225654175 -3.515454828862404
-0.14377592543100337 -3.7714998282696954
-0.24977999265038633 -3.4951579697179227
-0.39625095118353926 -3.5313663450153876
-0.3961673102577666 -3.452821951169084
-0.117893738076229 -3.6432799075535183
-0.20639853064245617 -3.3133644098727575
-0.23589642016289136 -3.7214773818163573


0.2174191166212639 2.2896704749488226
0.12378863780815572 2.0973632567987495
0.07938037873987501 2.2387841648466953
0.20326635682151656 1.881898549567619
0.1311831216721196 2.429915856401886
0.16683598997518362 2.213475514563947
0.1266155200986799 2.0247413834662886
0.18579829774426532 1.9250777732414064
0.24956586223350308 1.7895205558422096
0.213663229703698 1.8033820425517464
0.20187233247587477 2.0319254756812075
0.09917064581737776 2.088697466777173
0.1099990843221413 1.8480430928567326
0.19061085794866292 2.0054612671758503
0.12308697616791352 2.2795762027333666
0.12264078345811776 1.523333465798321
0.24200525944111245 2.2711425504808873
0.1639794307961746 1.5231989284665217
0.13009209197431673 2.4496403114208536
0.09262865922543338 1.5784368981715349
0.17085940342955352 2.09118613042611
0.1830050947531463 2.1081160308561393
0.21256002986004452 1.739426979892893
0.24247750014130576 1.7297005877650324
0.19012671947203358 2.2303560731703627
0.14668871788414636 2.351841277058599
0.1097503206932332 1.9432587977874298
0.1580838717436095 1.5948717692710512
0.15150763089087815 1.9223916078855727
0.10985327991674887 2.0641313326183726
0.10026902807955844 1.7685646683700649
0.15271940829918149 2.477466819939351
0.1505101668319101 1.874224073115589
0.09566219470108348 1.6299371640386768
0.1680838727388392 2.3570425627079477
0.2415200367831531 1.600067004740891
0.15931005887428712 2.331868634516551
0.09566255554727929 1.9530242397570556
0.20369202639801925 1.9936500613193515
0.19598061482516935 2.3720835450707716
0.07701663605326996 2.0218758792522054
0.10903689972435268 1.5400824533958208
0.13111287279146092 2.4368726243401233
0.1991066275425714 2.33126176407764
0.1286927662885044 2.028477622096914
0.22201411091689188 1.9915037543245535
0.187958747834943 2.2555887380459723
0.13951498812354224 2.4769693230209473
0.1354919003196423 2.0967270809034924
0.2389594090944826 1.546593875421551
