2 100 40

0.00000 1.00000
0.00000 1.00000


-0.29049 -4.45169
-0.23860 -3.90410
-0.12331 -4.28395
-0.30367 -4.38371
-0.27052 -4.08993
-0.38506 -3.88995
-0.36492 -4.41969
-0.14039 -4.15269
-0.10273 -3.84938
-0.32583 -4.24459
-0.18943 -3.94042
-0.28418 -3.84504
-0.17404 -3.88232
-0.16124 -4.43336
-0.39765 -4.48900
-0.14595 -3.97715
-0.35526 -4.17524
-0.35731 -4.29762
-0.10025 -4.25599
-0.23675 -4.36895
-0.15523 -3.92835
-0.12961 -3.85884
-0.24951 -4.17442
-0.16989 -4.04498
-0.10003 -4.22111
-0.10288 -3.98585
-0.13974 -4.30057
-0.12749 -4.33914
-0.13759 -4.36178
-0.12415 -4.15738
-0.26568 -4.00153
-0.35565 -4.55740
-0.38570 -4.01370
-0.17396 -4.18142
-0.35519 -3.93853
-0.39373 -3.83673
-0.23746 -4.33187
-0.23626 -4.21894
-0.31895 -3.90492
-0.18201 -3.99677
-0.14667 -4.29720
-0.28892 -4.31904
-0.25473 -4.12798
-0.34990 -4.47124
-0.36543 -4.50597
-0.23650 -4.25565
-0.34240 -4.38408
-0.30297 -3.84249
-0.28767 -4.27493
-0.35496 -4.04947
-0.27791 -4.09160
-0.20706 -4.57377
-0.29005 -3.96489
-0.37840 -4.03873
-0.23345 -4.13722
-0.11651 -4.33318
-0.27763 -4.57252
-0.16505 -4.48577
-0.38890 -3.97171
-0.21703 -4.10983
-0.21905 -4.32940
-0.25651 -3.84646
-0.30646 -4.40785
-0.28351 -3.91393
-0.38801 -3.89239
-0.10783 -4.33739
-0.15276 -4.47367
-0.27093 -4.22887
-0.19836 -3.95887
-0.31932 -3.85551
-0.32182 -4.51797
-0.20151 -4.46571
-0.36657 -3.92375
-0.10343 -3.88843
-0.10167 -4.21952
-0.35251 -3.98699
-0.36515 -3.87754
-0.31938 -3.97652
-0.15781 -4.17555
-0.26341 -4.48723
-0.32764 -3.95810
-0.25843 -4.33388
-0.39714 -4.11296
-0.15796 -4.36944
-0.32361 -3.89162
-0.11726 -4.20580
-0.25402 -4.37541
-0.32037 -4.05812
-0.20815 -3.86173
-0.13358 -4.22362
-0.22016 -3.86951
-0.31481 -3.90571
-0.28535 -4.18495
-0.12743 -4.41292
-0.34794 -4.27715
-0.19900 -4.04210
-0.14657 -4.18440
-0.36808 -4.57907
-0.21045 -4.01967
-0.16610 -3.91364

-0.32761 -4.43292
-0.37950 -3.98479
-0.27729 -4.04338
-0.33696 -4.18562
-0.34840 -4.20087
-0.12769 -3.89700
-0.29140 -4.18855
-0.29830 -4.21921
-0.29893 -4.49117
-0.11207 -3.98706
-0.24713 -3.99364
-0.21514 -4.44613
-0.22752 -4.40647
-0.38177 -4.10005
-0.16377 -4.01159
-0.10989 -4.17263
-0.20483 -4.11992
-0.37876 -4.49822
-0.28002 -4.01174
-0.20440 -4.23464
-0.26665 -4.29109
-0.22446 -4.36015
-0.38922 -3.84433
-0.33154 -4.36281
-0.30406 -4.39732
-0.21645 -4.05470
-0.23454 -3.87055
-0.38220 -4.31686
-0.10175 -4.51758
-0.21112 -4.25367
-0.19130 -4.16639
-0.35486 -4.19407
-0.24537 -4.20181
-0.14327 -4.47609
-0.37317 -4.16760
-0.14213 -3.96737
-0.28124 -4.28033
-0.27602 -4.51423
-0.24054 -3.96555
-0.14987 -4.07722
-0.17802 -3.84765
-0.12509 -4.27462
-0.26599 -4.07854
-0.29162 -4.49630
-0.23583 -3.98512
-0.23829 -4.07036
-0.18507 -4.25488
-0.22219 -4.03071
-0.38068 -4.46055
-0.32744 -3.99481
-0.20313 -4.52068
-0.20378 -3.97304
-0.19755 -4.18968
-0.34870 -3.92071
-0.28699 -4.23732
-0.18686 -4.22161
-0.15721 -3.95638
-0.23145 -4.18810
-0.13121 -4.36836
-0.27254 -3.93842
-0.19875 -4.55955
-0.35974 -3.95101
-0.37248 -3.98597
-0.21676 -4.21673
-0.23618 -4.26626
-0.17916 -4.27151
-0.23591 -4.34026
-0.23237 -4.14653
-0.30982 -3.94986
-0.19807 -4.05417
-0.25185 -4.39550
-0.23924 -4.43828
-0.14463 -4.03359
-0.12123 -4.17725
-0.26780 -4.34923
-0.12707 -4.18870
-0.26405 -4.18036
-0.17258 -4.09857
-0.14253 -4.39452
-0.12979 -4.17598
-0.21870 -4.11496
-0.22623 -4.32091
-0.18257 -4.47900
-0.17614 -4.57380
-0.27687 -3.94515
-0.17870 -3.87114
-0.33192 -4.04419
-0.32623 -4.43863
-0.19942 -3.89970
-0.30891 -4.57502
-0.24735 -4.38714
-0.24028 -4.03882
-0.18114 -4.58227
-0.18451 -4.35017
-0.13088 -4.13369
-0.10734 -4.01566
-0.19095 -3.88814
-0.24239 -3.92790
-0.29332 -4.46496
-0.24674 -4.17832


0.13435 1.81600
0.15754 1.88255
0.13993 1.26011
0.07889 1.20684
0.08507 1.79959
0.12611 1.81993
0.10652 1.83404
0.14168 1.29596
0.13475 1.36082
0.06273 1.70864
0.07164 1.65546
0.14937 1.89979
0.14097 1.80333
0.14550 1.93557
0.12815 1.70657
0.10218 1.82103
0.09303 1.31688
0.11925 1.99441
0.10900 1.50080
0.15129 1.53118
0.06188 1.34176
0.14477 1.63602
0.09487 1.28940
0.09890 1.92137
0.14296 1.95547
0.07656 1.40666
0.06100 1.94330
0.06922 1.67325
0.12815 1.38953
0.13387 1.41263
0.08035 1.72606
0.14560 1.87291
0.14094 1.63311
0.06392 1.21605
0.15510 1.67150
0.10493 1.73825
0.08749 1.76814
0.12854 1.29430
0.12411 1.53157
0.10766 1.47870
0.13278 1.94271
0.15257 1.38207
0.14530 1.22738
0.12940 1.90420
0.11684 1.39626
0.13656 1.41354
0.07706 1.43431
0.12573 1.59432
0.12930 1.74320
0.11229 1.25828
0.10863 1.52720
0.09083 1.59945
0.15647 1.88474
0.09395 1.78502
0.12005 1.91843
0.09478 1.97894
0.06356 1.77417
0.15252 1.38239
0.06060 1.54054
0.15030 1.95208
0.07757 1.64999
0.11635 1.58200
0.08847 1.58635
0.12374 1.47285
0.11309 1.74948
0.14459 1.79323
0.07872 1.67639
0.12793 1.82453
0.13065 1.94411
0.09099 1.35927
0.15319 1.91330
0.10420 1.80584
0.06036 1.27481
0.07864 1.40938
0.09190 1.65487
0.09595 1.91264
0.11706 1.81672
0.14059 1.50940
0.12545 1.86102
0.08386 1.38393
0.15112 1.82118
0.09487 1.95898
0.06650 1.33751
0.10815 1.32556
0.07950 1.63116
0.09942 1.67189
0.09223 1.31098
0.13428 1.49309
0.10271 1.73474
0.15692 1.72955
0.06438 1.60215
0.11219 1.26560
0.07099 1.76190
0.12348 1.83551
0.14041 1.73172
0.07773 1.73140
0.14561 1.96377
0.07925 1.23279
0.13276 1.66759
0.08602 1.66122
