2 100 40

0.00000 1.00000
0.00000 1.00000


-0.26340 -3.89176
-0.35767 -3.98214
-0.28425 -4.39838
-0.12692 -4.08009
-0.14387 -4.38040
-0.32882 -3.98700
-0.14778 -4.45083
-0.35092 -4.32313
-0.26514 -4.55784
-0.15661 -4.16988
-0.12719 -3.96806
-0.30846 -4.39383
-0.15855 -4.23179
-0.33671 -4.04265
-0.17552 -4.00970
-0.17973 -4.16513
-0.24355 -3.93705
-0.36684 -4.56517
-0.10177 -4.36011
-0.10131 -4.46276
-0.19840 -4.11912
-0.36645 -4.52759
-0.18681 -4.09819
-0.32274 -4.55668
-0.32701 -4.43278
-0.16655 -4.09175
-0.29710 -4.30222
-0.30275 -4.23228
-0.15251 -4.01572
-0.17891 -4.20393
-0.37124 -4.52243
-0.11505 -4.24638
-0.28823 -4.47729
-0.21271 -4.19981
-0.24987 -4.25501
-0.33693 -3.93213
-0.26793 -4.32026
-0.36841 -4.51997
-0.38694 -4.48955
-0.37696 -4.01225
-0.21268 -3.90164
-0.34158 -4.41722
-0.28134 -3.85297
-0.20239 -4.16590
-0.11663 -4.42448
-0.34591 -4.07908
-0.29643 -3.97581
-0.19736 -4.39556
-0.24753 -4.14492
-0.32416 -4.22263
-0.38350 -4.30671
-0.38041 -3.99528
-0.13966 -4.45138
-0.18692 -3.89575
-0.13240 -4.53263
-0.38096 -4.08474
-0.34408 -4.06579
-0.19068 -4.36944
-0.14686 -4.48308
-0.23093 -4.33377
-0.28118 -4.44328
-0.39806 -3.90446
-0.39000 -4.05775
-0.27961 -4.21580
-0.30015 -3.99013
-0.37203 -3.95699
-0.21121 -4.46733
-0.14569 -3.96271
-0.20106 -3.91590
-0.31187 -4.46739
-0.15816 -3.94781
-0.38065 -3.83947
-0.10140 -4.58245
-0.11516 -3.86013
-0.36309 -4.43810
-0.12902 -4.26270
-0.36516 -4.43164
-0.28418 -4.52518
-0.20491 -4.19992
-0.30224 -4.48991
-0.34900 -4.32929
-0.39660 -4.42683
-0.21433 -4.44981
-0.31302 -3.91473
-0.17161 -4.00240
-0.12425 -4.16238
-0.32137 -4.08615
-0.35983 -4.32455
-0.33436 -4.02827
-0.33025 -4.35511
-0.31793 -3.85447
-0.33642 -4.49077
-0.10080 -4.11446
-0.37897 -3.93659
-0.25288 -4.53171
-0.38407 -4.37680
-0.24399 -4.07800
-0.16668 -4.50496
-0.11611 -3.99469
-0.25146 -4.15451

-0.16983 -3.87910
-0.21602 -4.37321
-0.31175 -3.99811
-0.27624 -4.26335
-0.31471 -4.09784
-0.30266 -4.47144
-0.32430 -4.30440
-0.13636 -4.54994
-0.21583 -4.56758
-0.16801 -4.13929
-0.12840 -4.22455
-0.18848 -4.49673
-0.18791 -3.84865
-0.22092 -3.88766
-0.29873 -4.34665
-0.33430 -4.41810
-0.25716 -4.46047
-0.26801 -4.05538
-0.39772 -3.93455
-0.32733 -4.32649
-0.12168 -3.95375
-0.21242 -3.94708
-0.30316 -4.41162
-0.14011 -4.22241
-0.23779 -3.96395
-0.13222 -3.92086
-0.31129 -4.54947
-0.17147 -4.55515
-0.33228 -3.92331
-0.23030 -4.49710
-0.12050 -4.42548
-0.28506 -3.84478
-0.15193 -4.42956
-0.28607 -4.54187
-0.23313 -4.12713
-0.37681 -4.53109
-0.33120 -4.44792
-0.18395 -4.13565
-0.16275 -4.19798
-0.14906 -4.10359
-0.26795 -3.90531
-0.15150 -4.51707
-0.37177 -3.98744
-0.36968 -4.33934
-0.20516 -4.40724
-0.32371 -4.49955
-0.23532 -4.02069
-0.31445 -4.01340
-0.37986 -4.45393
-0.35839 -3.83519
-0.22409 -3.92986
-0.32581 -4.51228
-0.14519 -3.85246
-0.34755 -4.12153
-0.18234 -4.02542
-0.13267 -4.52371
-0.19828 -4.15132
-0.27595 -4.27595
-0.35489 -3.84544
-0.23956 -4.14290
-0.17981 -3.97819
-0.31634 -4.15052
-0.19585 -3.98524
-0.30347 -3.98207
-0.12577 -4.48311
-0.37716 -4.20872
-0.32533 -4.01302
-0.19468 -3.87211
-0.20607 -3.88253
-0.27838 -4.32222
-0.15407 -3.85698
-0.30153 -3.85924
-0.28012 -4.38552
-0.29287 -4.22597
-0.24748 -4.00191
-0.31701 -4.45237
-0.13018 -4.09584
-0.18337 -4.35671
-0.35152 -4.31654
-0.23137 -4.27291
-0.30724 -4.26234
-0.31262 -4.27598
-0.34899 -4.27255
-0.31891 -4.06780
-0.33223 -4.44303
-0.21788 -4.40800
-0.31017 -4.28550
-0.26210 -4.55860
-0.26026 -4.44435
-0.11428 -4.02046
-0.36593 -4.45843
-0.34087 -4.12516
-0.34283 -3.83651
-0.39040 -4.19571
-0.31508 -4.33050
-0.16841 -4.12936
-0.25816 -4.25123
-0.38207 -3.96904
-0.21631 -4.35388
-0.28948 -4.01357


0.12182 1.29198
0.08424 1.65025
0.15636 1.71726
0.13551 1.34967
0.15850 1.47673
0.14337 1.51773
0.09564 1.95740
0.12209 1.47056
0.11237 1.74678
0.14197 1.32804
0.11820 1.93069
0.14458 1.51186
0.14108 1.59829
0.09360 1.55440
0.15630 1.35046
0.10357 1.42583
0.09987 1.54855
0.11573 1.40805
0.14150 1.82803
0.08344 1.48192
0.10821 1.30875
0.15764 1.56675
0.10538 1.64843
0.07237 1.87715
0.12283 1.33625
0.09128 1.92858
0.07039 1.82553
0.07590 1.90095
0.11968 1.61289
0.06265 1.52282
0.07508 1.73120
0.15463 1.37557
0.11305 1.64153
0.12870 1.93007
0.11455 1.26301
0.15466 1.40885
0.11996 1.94956
0.07255 1.52184
0.15533 1.86199
0.15438 1.49320
0.06524 1.39748
0.10570 1.63768
0.10468 1.93332
0.09759 1.87289
0.14867 1.90634
0.07810 1.82844
0.09842 1.33369
0.08435 1.69203
0.08740 1.95767
0.09475 1.88981
0.12209 1.70436
0.15202 1.69388
0.14597 1.34460
0.07221 1.64181
0.06584 1.73708
0.12561 1.61560
0.12304 1.73260
0.08340 1.91635
0.09014 1.64082
0.13126 1.57411
0.07658 1.48075
0.08191 1.32773
0.08422 1.92857
0.14700 1.41462
0.14482 1.65491
0.11132 1.37877
0.08884 1.69065
0.14080 1.97697
0.14148 1.50722
0.09662 1.77765
0.14167 1.40948
0.15884 1.82915
0.15009 1.47876
0.08838 1.63219
0.13718 1.37095
0.06007 1.25281
0.06315 1.54033
0.06088 1.41598
0.15726 1.97852
0.09730 1.88961
0.15623 1.84299
0.08125 1.87789
0.11871 1.94072
0.15879 1.70800
0.07625 1.69846
0.11840 1.83432
0.15554 1.49469
0.10902 1.33278
0.06320 1.25235
0.15866 1.48740
0.14060 1.99040
0.09677 1.47584
0.15679 1.70613
0.13196 1.72464
0.09270 1.56908
0.11872 1.38530
0.12180 1.75217
0.08048 1.85372
0.09323 1.69139
0.11845 1.51193
