2 100 40

0.00000 1.00000
0.00000 1.00000


-0.37344 -4.10923
-0.30044 -4.11274
-0.23705 -4.47467
-0.26737 -4.38304
-0.24198 -4.42166
-0.29146 -3.99862
-0.25368 -4.51915
-0.24539 -4.12554
-0.29321 -4.03864
-0.20368 -4.18611
-0.27094 -4.20316
-0.32876 -4.29735
-0.36854 -3.90240
-0.23575 -4.02309
-0.19773 -4.22477
-0.30964 -4.00088
-0.27647 -4.58066
-0.32019 -4.22063
-0.16781 -4.37503
-0.11355 -3.99940
-0.15281 -4.04231
-0.32501 -4.17897
-0.12270 -4.13794
-0.25468 -4.28424
-0.13158 -4.15253
-0.21975 -4.50466
-0.18689 -4.19900
-0.26552 -4.34506
-0.26374 -4.46469
-0.22475 -4.26381
-0.31867 -4.25875
-0.28894 -4.42956
-0.36292 -4.54924
-0.27353 -4.44518
-0.39014 -4.45526
-0.23296 -4.22025
-0.25303 -3.97276
-0.24266 -4.18047
-0.27921 -3.87955
-0.28153 -4.46948
-0.33780 -4.43711
-0.32516 -4.32891
-0.37704 -4.46141
-0.11541 -4.44320
-0.22599 -4.54041
-0.21323 -4.31666
-0.12415 -4.10946
-0.25167 -3.90574
-0.14407 -4.10737
-0.26574 -4.19424
-0.34234 -4.02100
-0.10949 -3.98532
-0.14156 -4.33861
-0.18360 -4.17010
-0.35549 -3.90550
-0.28073 -4.18246
-0.27158 -4.05489
-0.11054 -4.00601
-0.15448 -4.21356
-0.16176 -4.53827
-0.39418 -3.93086
-0.31466 -4.35520
-0.26215 -4.18760
-0.26004 -4.08792
-0.19908 -4.26080
-0.38883 -4.56917
-0.38089 -3.92178
-0.30089 -4.04565
-0.10569 -4.11296
-0.17951 -4.05983
-0.18823 -4.18988
-0.15768 -4.12808
-0.26423 -4.13130
-0.20971 -4.53918
-0.22402 -4.15126
-0.33822 -3.97970
-0.34431 -4.38724
-0.13057 -4.41083
-0.10054 -3.83955
-0.39343 -4.08778
-0.36155 -4.51577
-0.31272 -4.31315
-0.39968 -4.38434
-0.14088 -4.32736
-0.34129 -3.85352
-0.24766 -4.18289
-0.35570 -4.51383
-0.33714 -3.88206
-0.25493 -3.85521
-0.17885 -3.85558
-0.37117 -4.07478
-0.14491 -4.39060
-0.26092 -4.53718
-0.25120 -4.48108
-0.39671 -4.09058
-0.17318 -3.92698
-0.31834 -3.87286
-0.28982 -4.21318
-0.34494 -4.48866
-0.37610 -3.83749

-0.25125 -4.46287
-0.14228 -4.14051
-0.27628 -4.30880
-0.16398 -4.43009
-0.25975 -3.89068
-0.32486 -4.07987
-0.25249 -4.37324
-0.16305 -4.17050
-0.37789 -4.22285
-0.37150 -4.01803
-0.34806 -4.15235
-0.23606 -4.38817
-0.33138 -4.01993
-0.36447 -4.00192
-0.34118 -4.46115
-0.38918 -4.03797
-0.26853 -4.18797
-0.34404 -3.94606
-0.37232 -4.54806
-0.11394 -4.33726
-0.33522 -4.50334
-0.16550 -4.46202
-0.11358 -4.06335
-0.13039 -4.47736
-0.37137 -4.48562
-0.38820 -4.29810
-0.33889 -4.37207
-0.35604 -4.05278
-0.30723 -4.42366
-0.11704 -4.10350
-0.18759 -3.94675
-0.31051 -4.41357
-0.34332 -4.27092
-0.10300 -4.36038
-0.39107 -4.14968
-0.36634 -4.54548
-0.32041 -3.98398
-0.36374 -3.94911
-0.12732 -3.85963
-0.22596 -4.04183
-0.10403 -4.19431
-0.19351 -3.87081
-0.38306 -4.03239
-0.38341 -3.95595
-0.21801 -3.90466
-0.11943 -3.91777
-0.27047 -4.16367
-0.26532 -3.88307
-0.12026 -4.32281
-0.31993 -4.23098
-0.13498 -3.99721
-0.14562 -4.41730
-0.18244 -4.28724
-0.20996 -4.33535
-0.31125 -4.04988
-0.25435 -4.55632
-0.29598 -4.40645
-0.36502 -4.44813
-0.15175 -4.03875
-0.26226 -4.43395
-0.10431 -4.33745
-0.25651 -4.37285
-0.34442 -4.55305
-0.17127 -4.40351
-0.39665 -4.34532
-0.19630 -4.39154
-0.26648 -4.05962
-0.38874 -4.57876
-0.38103 -4.02934
-0.38910 -4.22376
-0.19721 -4.03910
-0.28933 -4.06903
-0.31354 -4.57909
-0.21922 -4.22750
-0.15226 -4.49266
-0.11028 -4.53770
-0.20710 -4.20459
-0.13929 -4.01004
-0.24621 -3.97937
-0.24161 -4.30438
-0.34934 -4.31587
-0.20882 -3.97723
-0.22716 -4.52874
-0.35583 -4.01444
-0.37221 -4.55868
-0.35815 -4.42044
-0.32155 -4.52192
-0.36813 -4.26094
-0.34635 -4.07410
-0.32377 -4.07101
-0.19901 -4.29711
-0.29579 -4.09680
-0.37692 -3.94830
-0.19975 -4.16077
-0.37091 -4.41912
-0.17814 -4.58176
-0.23995 -4.36498
-0.26282 -3.93882
-0.27769 -4.54958
-0.33881 -4.37602


0.15438 1.68114
0.15229 1.41246
0.14395 1.41130
0.10340 1.33566
0.11701 1.52476
0.11302 1.69013
0.12098 1.64521
0.06473 1.99431
0.11761 1.37087
0.10191 1.70030
0.10442 1.78166
0.06737 1.54502
0.10706 1.88120
0.11268 1.86185
0.15837 1.27452
0.10380 1.64585
0.07737 1.70928
0.11245 1.54538
0.13963 1.43004
0.12342 1.95253
0.08938 1.75800
0.15694 1.75513
0.10512 1.74405
0.12288 1.88889
0.15306 1.22166
0.12188 1.41293
0.11556 1.93165
0.09343 1.31340
0.15753 1.34554
0.06224 1.20882
0.06500 1.75259
0.14615 1.68433
0.15906 1.22460
0.06824 1.53716
0.08024 1.69958
0.09293 1.46373
0.11141 1.67200
0.09253 1.69462
0.15236 1.59761
0.13970 1.24463
0.11792 1.88275
0.11669 1.22762
0.14101 1.38280
0.10481 1.97314
0.06395 1.75501
0.08886 1.31805
0.12854 1.83802
0.10427 1.61545
0.06102 1.43967
0.10958 1.46305
0.10029 1.81548
0.14502 1.53453
0.14079 1.87978
0.11520 1.51617
0.14108 1.24218
0.15684 1.73611
0.07259 1.49251
0.15705 1.67817
0.08988 1.64836
0.14110 1.31648
0.09257 1.43081
0.10185 1.43839
0.11621 1.87835
0.06564 1.48742
0.13407 1.77793
0.14743 1.37675
0.15212 1.53518
0.14284 1.82641
0.07413 1.42052
0.15104 1.84963
0.15668 1.86122
0.15893 1.97822
0.13428 1.29788
0.12785 1.51082
0.14583 1.20196
0.07647 1.41695
0.11973 1.49968
0.09127 1.54688
0.15913 1.64039
0.08990 1.95891
0.15870 1.40182
0.13706 1.91110
0.12094 1.39181
0.10767 1.59928
0.10790 1.22213
0.08169 1.48253
0.12442 1.75248
0.06764 1.26329
0.06141 1.39851
0.07528 1.88510
0.14109 1.43253
0.10952 1.80174
0.13605 1.25368
0.11336 1.38493
0.11757 1.37585
0.07331 1.99812
0.09048 1.73875
0.10829 1.30827
0.08549 1.29059
0.14039 1.93782
