2 10 4

0.00000 1.00000
0.00000 1.00000


-0.15051 -2.02793
-0.37831 -1.80928
-0.12377 -1.99941
-0.22172 -2.01807
-0.30847 -1.92780
-0.17172 -2.03519
-0.11333 -1.73164
-0.21844 -2.10388
-0.13577 -1.69140
-0.29609 -2.22306

-0.12177 -1.77142
-0.17263 -1.80348
-0.39305 -1.86235
-0.10798 -1.89979
-0.28812 -1.97553
-0.37818 -1.64984
-0.14876 -2.27590
-0.16024 -1.72522
-0.29760 -1.79753
-0.19116 -1.92451


0.09422 1.61379
0.10354 1.90193
0.15250 1.67138
0.08114 1.70796
0.12982 1.79919
0.06078 1.87619
0.06481 1.33939
0.11545 1.86569
0.13679 1.70509
0.09106 1.57229
