2 10 6

0.00000 1.00000
0.00000 1.00000


-0.27350 -2.25982
-0.27414 -1.74630
-0.39921 -2.07808
-0.16003 -1.88660
-0.30464 -1.71916
-0.37616 -2.01567
-0.25862 -1.98510
-0.17208 -1.50084
-0.21937 -1.89779
-0.25170 -2.12420

-0.14295 -2.06911
-0.35682 -1.64231
-0.15886 -1.96444
-0.11815 -2.09579
-0.21369 -1.63512
-0.27815 -1.54028
-0.29312 -2.01209
-0.34902 -1.95141
-0.13533 -1.59992
-0.26525 -2.21872


0.11158 2.79821
0.13579 2.45673
0.13393 2.59626
0.13106 2.60419
0.17389 1.85494
0.16456 2.28192
0.20013 2.93699
0.20580 2.13454
0.23360 2.72745
0.12276 1.97695
