2 100 60

0.00000 1.00000
0.00000 1.00000


-0.32393 -4.50476
-0.16823 -4.06748
-0.19298 -3.94603
-0.25110 -4.56385
-0.37276 -4.04608
-0.33950 -4.49029
-0.14952 -4.22896
-0.11527 -4.11588
-0.39851 -4.13187
-0.12118 -4.19242
-0.11157 -4.44813
-0.15232 -4.42711
-0.32087 -3.88604
-0.16816 -3.90139
-0.33597 -4.06921
-0.38138 -4.03501
-0.36430 -4.51103
-0.39798 -3.84024
-0.31693 -4.03874
-0.22358 -4.12784
-0.22254 -3.89428
-0.16505 -4.45949
-0.34156 -4.51434
-0.25200 -4.19913
-0.10749 -4.50415
-0.26373 -4.03832
-0.16909 -4.49521
-0.37643 -4.29317
-0.29960 -3.89525
-0.23527 -4.56337
-0.37293 -3.98002
-0.35757 -3.89298
-0.35405 -4.05124
-0.11064 -4.14558
-0.21619 -4.46535
-0.35892 -4.40944
-0.21518 -4.34959
-0.18357 -3.82063
-0.38650 -4.09870
-0.18638 -4.33667
-0.37018 -4.35884
-0.13825 -4.30020
-0.29227 -4.53937
-0.37417 -4.34772
-0.35344 -4.41347
-0.27754 -4.19548
-0.15510 -4.34735
-0.38343 -4.43872
-0.12517 -3.80541
-0.25408 -3.79263
-0.36421 -4.41535
-0.13100 -3.91875
-0.19658 -3.96908
-0.36674 -4.34271
-0.10020 -4.03762
-0.27137 -4.41080
-0.12459 -4.02827
-0.21380 -4.54466
-0.12911 -4.01313
-0.24036 -4.19650
-0.29146 -4.03373
-0.37021 -4.30903
-0.26516 -3.92470
-0.27129 -3.94887
-0.38458 -3.99623
-0.31978 -4.02294
-0.19980 -3.85428
-0.13955 -3.95080
-0.20602 -4.13001
-0.12975 -3.90757
-0.10832 -4.18296
-0.21190 -4.49155
-0.23448 -4.01373
-0.17944 -3.87938
-0.37649 -4.00188
-0.18760 -4.14868
-0.16979 -4.11440
-0.38836 -4.25053
-0.22705 -4.00315
-0.19296 -4.13471
-0.29458 -3.81096
-0.37042 -4.33857
-0.34434 -4.06547
-0.26839 -3.92568
-0.38778 -4.35709
-0.31844 -3.89664
-0.37836 -4.54984
-0.23001 -4.03287
-0.25831 -4.07053
-0.23093 -4.27310
-0.18995 -4.09452
-0.26639 -3.84417
-0.11487 -4.42852
-0.37987 -4.56994
-0.10295 -4.03159
-0.29217 -3.94535
-0.17259 -4.57292
-0.16723 -3.96698
-0.22153 -3.81065
-0.10798 -3.79334

-0.19230 -3.99902
-0.38022 -4.11891
-0.32330 -4.42636
-0.15534 -3.88243
-0.31433 -3.88917
-0.26989 -4.30160
-0.28204 -4.54410
-0.33934 -4.38903
-0.23290 -3.90465
-0.38181 -4.32825
-0.33332 -4.33541
-0.30551 -4.19880
-0.29237 -4.29876
-0.21642 -3.90069
-0.20211 -4.34352
-0.30435 -4.35365
-0.38930 -3.92126
-0.15304 -3.81457
-0.23637 -4.45885
-0.33919 -3.98875
-0.13721 -4.38741
-0.12215 -4.06380
-0.12838 -3.99712
-0.17656 -4.36161
-0.10910 -3.87156
-0.27486 -4.35436
-0.17284 -4.53950
-0.34990 -4.52689
-0.19910 -4.10262
-0.16049 -4.08913
-0.33820 -4.11829
-0.27992 -4.15259
-0.24891 -4.12462
-0.10393 -4.06057
-0.16534 -3.95007
-0.39919 -4.35167
-0.34307 -4.22953
-0.13189 -4.46844
-0.30597 -3.79944
-0.37855 -3.92320
-0.26792 -4.48615
-0.23474 -3.82748
-0.20462 -4.11900
-0.25266 -4.07675
-0.19674 -3.82018
-0.17612 -4.42010
-0.31872 -3.94380
-0.31550 -3.89772
-0.33055 -3.91273
-0.18811 -3.93593
-0.14093 -4.00094
-0.25418 -4.25249
-0.22324 -4.24444
-0.23137 -4.43208
-0.14986 -4.43028
-0.21462 -3.98722
-0.31542 -4.33596
-0.25678 -4.34888
-0.29442 -3.85761
-0.15718 -4.19917
-0.11557 -4.10439
-0.17960 -3.99819
-0.36366 -4.42233
-0.27702 -3.88616
-0.20817 -4.10871
-0.29974 -4.47109
-0.25739 -3.82693
-0.16613 -4.19696
-0.27568 -4.30433
-0.13913 -4.35116
-0.16756 -4.53879
-0.14488 -4.17613
-0.36964 -3.88098
-0.25938 -4.45011
-0.33628 -4.07442
-0.26220 -4.35721
-0.23401 -4.39335
-0.22341 -4.10078
-0.24025 -4.18493
-0.27421 -3.96118
-0.38845 -3.96962
-0.30051 -4.15657
-0.10215 -4.52101
-0.35380 -4.04008
-0.14881 -4.00598
-0.15719 -3.79246
-0.15384 -3.87250
-0.19502 -4.48445
-0.13856 -4.44204
-0.23704 -3.92879
-0.18920 -4.20743
-0.34038 -4.13740
-0.20772 -4.09335
-0.12122 -4.29338
-0.23267 -4.22062
-0.25124 -3.88491
-0.31745 -3.99901
-0.11025 -4.14035
-0.17201 -3.98426
-0.38830 -3.95098


0.20230 1.86673
0.13505 2.63848
0.17914 2.61381
0.16412 2.59713
0.18856 2.44398
0.13294 2.73898
0.14600 2.13177
0.21667 2.03514
0.19679 2.97420
0.22778 2.64735
0.14689 2.76053
0.09313 2.03764
0.14550 2.22126
0.22447 2.92842
0.16189 2.65571
0.19676 2.41195
0.17233 2.23056
0.20354 2.16051
0.18482 2.95093
0.21439 2.49980
0.11486 2.11091
0.15169 2.53889
0.16098 1.95527
0.12218 2.50772
0.23941 2.44625
0.22964 2.62472
0.19816 2.24218
0.15510 2.26042
0.22386 2.68281
0.21505 2.26251
0.10222 2.31171
0.12069 2.26204
0.17280 1.90916
0.22985 2.09979
0.23936 2.85386
0.16222 2.19024
0.22883 2.66338
0.21976 2.85765
0.17521 2.92725
0.18294 2.89120
0.20564 2.80294
0.16156 2.58966
0.10098 2.13780
0.19723 1.86120
0.15324 2.68147
0.12368 2.74745
0.15500 2.10074
0.20579 2.94738
0.17181 2.57209
0.17580 2.36597
0.19261 1.92237
0.12077 2.71643
0.19834 2.04412
0.21059 2.71735
0.22642 2.41058
0.22415 2.54997
0.15973 2.59269
0.19375 2.33197
0.18145 2.19857
0.10020 2.98738
0.21767 2.49254
0.17515 2.37255
0.20688 2.05415
0.12095 1.96352
0.17123 2.62480
0.09888 2.29875
0.16169 2.55619
0.17988 2.07727
0.10980 2.01080
0.15040 2.14321
0.17215 1.98320
0.11425 2.91584
0.12215 1.98060
0.12752 1.85027
0.16122 2.32606
0.11830 2.63248
0.19012 2.98595
0.11840 2.43662
0.09636 1.93926
0.17251 2.74812
0.21283 2.17776
0.12739 2.45477
0.11185 2.07963
0.11288 2.15792
0.16402 2.84235
0.09610 2.84260
0.10607 2.23846
0.17202 1.96205
0.13290 2.78016
0.21695 1.95973
0.10272 2.84231
0.11050 2.20739
0.13894 2.91523
0.19222 2.38406
0.14766 2.36778
0.16897 1.85684
0.15893 2.61758
0.21638 2.07526
0.17174 2.83268
0.20080 2.10750
