2 10 4

0.00000 1.00000
0.00000 1.00000


-0.17518 -1.70528
-0.13781 -2.24074
-0.26409 -2.05819
-0.10050 -1.69134
-0.22533 -2.27906
-0.37137 -2.03075
-0.12151 -2.03987
-0.10834 -1.62411
-0.11428 -2.15132
-0.25731 -2.13290

-0.24072 -2.05097
-0.28175 -1.58571
-0.36201 -2.02929
-0.10253 -1.86701
-0.31026 -1.58950
-0.29041 -1.76825
-0.11027 -1.92279
-0.27209 -2.02471
-0.37942 -2.18012
-0.27380 -2.07768


0.14189 1.70575
0.11907 1.33683
0.08297 1.39879
0.13997 1.83603
0.06658 1.91786
0.09318 1.93582
0.10488 1.31991
0.14509 1.98753
0.14904 1.44996
0.14013 1.82282
