2 10 4

0.00000 1.00000
0.00000 1.00000


-0.32824 -1.70822
-0.13840 -1.81798
-0.35598 -1.77867
-0.24600 -2.12230
-0.34086 -2.16617
-0.32542 -1.69857
-0.26294 -1.57239
-0.21027 -1.66726
-0.31175 -2.12138
-0.16216 -1.70645

-0.10212 -1.74393
-0.30578 -1.60793
-0.38169 -1.84486
-0.17207 -1.56633
-0.35696 -1.76854
-0.36708 -1.93755
-0.19060 -1.78939
-0.35724 -1.55511
-0.22011 -2.21103
-0.36898 -2.25091


0.08562 1.93326
0.09938 1.87550
0.15287 1.30520
0.11013 1.85452
0.15344 1.51919
0.07525 1.38414
0.12193 1.67729
0.13421 1.54113
0.13162 1.56111
0.09055 1.34666
