2 100 60

0.00000 1.00000
0.00000 1.00000


-0.38919 -4.32049
-0.25788 -4.29623
-0.39021 -4.18842
-0.29822 -3.94361
-0.14062 -4.44248
-0.12348 -4.26412
-0.20564 -4.22312
-0.25454 -4.33390
-0.23464 -4.50669
-0.24510 -3.86782
-0.35201 -4.48227
-0.23425 -4.37069
-0.27386 -4.24565
-0.36220 -4.47018
-0.22444 -4.25029
-0.12587 -4.42290
-0.11030 -3.97739
-0.20739 -4.02314
-0.24127 -3.79437
-0.20761 -4.06873
-0.24106 -4.37445
-0.35289 -4.46542
-0.18455 -4.47267
-0.31121 -4.40356
-0.20252 -4.08547
-0.12425 -4.30390
-0.38086 -4.15826
-0.33089 -3.82087
-0.15739 -4.12522
-0.20366 -3.79325
-0.21848 -4.53020
-0.11454 -4.09130
-0.12003 -4.12066
-0.32783 -4.52600
-0.35937 -4.22874
-0.25780 -4.46814
-0.11041 -4.54872
-0.22872 -4.04583
-0.11761 -4.20338
-0.34440 -4.11214
-0.33886 -4.55838
-0.32731 -4.23749
-0.15564 -3.99628
-0.30835 -4.20776
-0.25911 -3.85765
-0.38833 -3.86160
-0.16295 -4.33556
-0.23832 -4.53172
-0.17388 -4.52693
-0.32486 -4.45514
-0.37286 -4.54241
-0.23355 -4.12674
-0.20569 -4.06937
-0.34835 -4.50436
-0.15333 -4.19086
-0.26696 -4.11287
-0.23473 -4.53473
-0.30094 -4.42972
-0.33748 -3.79557
-0.28716 -4.40477
-0.28516 -4.45817
-0.11210 -3.88150
-0.25110 -4.02179
-0.17601 -4.11959
-0.11631 -4.38886
-0.37769 -4.32369
-0.24051 -3.82727
-0.18746 -4.43119
-0.24819 -4.00517
-0.18471 -4.13887
-0.31057 -4.52224
-0.34555 -4.19900
-0.29499 -4.36543
-0.39517 -4.37936
-0.34465 -3.99524
-0.36302 -4.08750
-0.39119 -4.45620
-0.26184 -4.51289
-0.27825 -4.07457
-0.10433 -3.86650
-0.20654 -4.12473
-0.15995 -4.02335
-0.11036 -4.19502
-0.16624 -3.92947
-0.37541 -4.17864
-0.32913 -4.51012
-0.16672 -4.32512
-0.20226 -4.28520
-0.16786 -4.37599
-0.11238 -3.97820
-0.34556 -4.38626
-0.30127 -4.14800
-0.15392 -4.21685
-0.25544 -4.31598
-0.25853 -3.88153
-0.19650 -4.03121
-0.30006 -4.55082
-0.10021 -4.27351
-0.27545 -4.32948
-0.35707 -4.01897

-0.16862 -3.99587
-0.19688 -4.03018
-0.17249 -4.28370
-0.34515 -4.47066
-0.33370 -3.96324
-0.26320 -4.35739
-0.37429 -3.79459
-0.21774 -4.54263
-0.27282 -4.55620
-0.31699 -4.40120
-0.17396 -3.97177
-0.24512 -4.52624
-0.23508 -4.03544
-0.21059 -3.99433
-0.29480 -4.37969
-0.25473 -4.40095
-0.38128 -3.79961
-0.35688 -4.55317
-0.34036 -3.89349
-0.10839 -3.91460
-0.12441 -4.47475
-0.15839 -4.56353
-0.34373 -4.55320
-0.16811 -4.36650
-0.34484 -3.86632
-0.16882 -4.26604
-0.26181 -3.93242
-0.19751 -4.44428
-0.24898 -4.37200
-0.29008 -4.20786
-0.20042 -4.50653
-0.14504 -3.83460
-0.39507 -4.32758
-0.30063 -3.80966
-0.26201 -3.92097
-0.12241 -3.89807
-0.39312 -4.46874
-0.33656 -4.12622
-0.17911 -3.94367
-0.33223 -4.50477
-0.28919 -4.55086
-0.24527 -3.91430
-0.12342 -3.96125
-0.37639 -4.40400
-0.20730 -4.32867
-0.28541 -4.22593
-0.24543 -4.55013
-0.16014 -3.82644
-0.24723 -4.01911
-0.38548 -4.05705
-0.36191 -4.04790
-0.26666 -4.18083
-0.33890 -3.92754
-0.17096 -4.30432
-0.37667 -3.95220
-0.20700 -4.37521
-0.35595 -4.05304
-0.22444 -4.39968
-0.21374 -4.28416
-0.17895 -4.45703
-0.37763 -4.38507
-0.31048 -4.44526
-0.12281 -4.52946
-0.34158 -4.43823
-0.20357 -4.01105
-0.10617 -4.42248
-0.30409 -3.80354
-0.29034 -4.05230
-0.21878 -4.00585
-0.20757 -4.39762
-0.36175 -4.08420
-0.18515 -4.43408
-0.14098 -4.13156
-0.13681 -3.98169
-0.21778 -4.49756
-0.15689 -4.55024
-0.33823 -4.22120
-0.12150 -3.98593
-0.34096 -3.91225
-0.21750 -3.80172
-0.37837 -4.02763
-0.38129 -4.43330
-0.33255 -4.28503
-0.11777 -3.89551
-0.26737 -4.01561
-0.11868 -3.82514
-0.13595 -4.23071
-0.32758 -3.95841
-0.32025 -4.48658
-0.34860 -4.40727
-0.26612 -4.25036
-0.15739 -4.02497
-0.27361 -4.18783
-0.29932 -4.04071
-0.39975 -4.09378
-0.26182 -4.48638
-0.16501 -3.98891
-0.27892 -4.51783
-0.27628 -4.39100
-0.29839 -4.21651


0.20555 1.84667
0.17251 2.51460
0.16213 2.54091
0.15503 2.11869
0.14437 2.30675
0.19244 2.00438
0.12485 2.54766
0.12981 2.83847
0.13261 1.84791
0.10066 2.12692
0.13386 2.06072
0.16860 2.67219
0.13783 2.79952
0.17960 2.11436
0.13893 2.33974
0.19704 2.94833
0.17370 2.65741
0.16359 2.00119
0.09960 2.73206
0.22772 2.04612
0.15357 2.30611
0.20313 1.92257
0.21199 2.43603
0.19046 1.90760
0.16824 2.97935
0.11850 1.95814
0.13119 2.72793
0.12777 2.44873
0.18337 2.72962
0.15522 2.40951
0.16131 1.81007
0.23772 2.17886
0.14156 2.61410
0.11165 2.48188
0.20426 2.19896
0.15481 1.87735
0.11176 2.24504
0.14228 1.97342
0.14785 1.98873
0.21472 2.24587
0.13170 2.32470
0.18131 2.41174
0.14257 2.39014
0.18342 2.83271
0.11866 2.07738
0.17458 2.27648
0.11199 2.44089
0.10843 2.61819
0.12897 2.89720
0.15253 2.20668
0.12978 2.28946
0.18694 2.13686
0.19916 2.21246
0.09942 1.90304
0.09636 2.34227
0.20941 2.19082
0.16536 2.79410
0.10249 2.06209
0.21403 1.85140
0.14565 2.32584
0.14707 2.71110
0.16992 2.02781
0.22763 1.87078
0.09782 2.20714
0.21621 2.42586
0.14978 2.43332
0.21501 2.58541
0.23398 1.94439
0.11437 2.02217
0.16412 2.53942
0.16114 1.87695
0.09330 1.81299
0.11733 2.94931
0.18247 2.51469
0.17749 2.41084
0.14389 1.96896
0.20128 2.34613
0.16846 1.86377
0.21880 2.25370
0.19180 2.18441
0.12249 2.88575
0.18760 2.62042
0.13823 2.70688
0.11397 2.72090
0.12950 2.04031
0.15163 2.12408
0.19466 2.58380
0.23317 2.22686
0.11513 2.90406
0.16702 2.95577
0.14112 2.99902
0.17492 2.45908
0.14558 2.20895
0.20617 2.86719
0.14359 1.92019
0.14702 1.91834
0.21882 2.59271
0.22843 2.04804
0.22442 2.65051
0.22677 2.79038
