2 10 6

0.00000 1.00000
0.00000 1.00000


-0.11257 -2.03602
-0.35380 -1.62716
-0.27788 -1.69626
-0.30436 -1.62639
-0.18124 -1.52764
-0.12237 -1.55023
-0.11766 -1.49411
-0.17056 -1.99294
-0.20842 -1.53446
-0.17603 -2.01880

-0.24627 -1.96014
-0.11333 -2.26725
-0.11524 -2.08521
-0.17392 -2.16019
-0.16518 -1.91704
-0.35194 -1.75898
-0.26348 -2.04017
-0.36091 -1.62104
-0.29462 -2.23068
-0.17289 -2.20937


0.18605 2.76495
0.22447 1.89320
0.18935 1.89472
0.20935 1.92072
0.18159 2.57246
0.18761 1.88164
0.19993 2.49866
0.16279 2.26498
0.17872 2.19205
0.15311 2.12179
