2 100 60

0.00000 1.00000
0.00000 1.00000


-0.31384 -4.25665
-0.11653 -4.17472
-0.17170 -4.34419
-0.20078 -4.18273
-0.34465 -4.30495
-0.33200 -4.56270
-0.31058 -4.34184
-0.37773 -4.50957
-0.13361 -3.88052
-0.25388 -3.97389
-0.25321 -4.03760
-0.20234 -4.01093
-0.16560 -4.56405
-0.25895 -4.30294
-0.24601 -3.79437
-0.19108 -4.41940
-0.11475 -4.30236
-0.21142 -4.22929
-0.14591 -4.53867
-0.17130 -3.93160
-0.19251 -4.54289
-0.23196 -4.27918
-0.28511 -4.53949
-0.36050 -4.26620
-0.26489 -4.13367
-0.38576 -4.04105
-0.38918 -3.79823
-0.25582 -4.30091
-0.36649 -4.38418
-0.27218 -4.31746
-0.22904 -4.56930
-0.21751 -4.32955
-0.13135 -4.20556
-0.29291 -4.48335
-0.36410 -4.50631
-0.37429 -4.55753
-0.11192 -4.00398
-0.15890 -4.08168
-0.21308 -4.56243
-0.29962 -4.34578
-0.31200 -3.95987
-0.20614 -4.39788
-0.24780 -4.01935
-0.31803 -4.36383
-0.25203 -4.36300
-0.32955 -3.95786
-0.11884 -4.32323
-0.27595 -3.81382
-0.33272 -4.06413
-0.17524 -4.21024
-0.12804 -4.19687
-0.31620 -4.07135
-0.21060 -4.52104
-0.25037 -4.18723
-0.17027 -3.81503
-0.38884 -4.12148
-0.20144 -3.85300
-0.35860 -4.01043
-0.28715 -3.86766
-0.27264 -3.80308
-0.20512 -4.15148
-0.24761 -4.19744
-0.32943 -4.23766
-0.10179 -3.93316
-0.27529 -3.99892
-0.28280 -3.94164
-0.28887 -4.35468
-0.39653 -4.20618
-0.35103 -4.50540
-0.31719 -3.85189
-0.27601 -4.05546
-0.15409 -4.27409
-0.12393 -4.04044
-0.39644 -4.54979
-0.35227 -4.38998
-0.35834 -4.45413
-0.17261 -3.92617
-0.22784 -4.34694
-0.37796 -4.27051
-0.17022 -4.22190
-0.32429 -4.42577
-0.36205 -4.09207
-0.20202 -4.45742
-0.23680 -3.87774
-0.36971 -4.49262
-0.25636 -4.09807
-0.39317 -3.97017
-0.15642 -4.51546
-0.15896 -4.42715
-0.10626 -4.04253
-0.33997 -4.10042
-0.13314 -3.82048
-0.30720 -4.23881
-0.36329 -3.85248
-0.22797 -4.49843
-0.14424 -3.99198
-0.38295 -4.43738
-0.27625 -4.10091
-0.28095 -4.04041
-0.26131 -3.83415

-0.39836 -4.00762
-0.13754 -4.33067
-0.16185 -4.32274
-0.15440 -4.33080
-0.11184 -4.53430
-0.13537 -3.98586
-0.12710 -4.52374
-0.16386 -4.51692
-0.16440 -4.17120
-0.16699 -4.57161
-0.11945 -4.54985
-0.16130 -3.93844
-0.11028 -4.40823
-0.22750 -3.97893
-0.36524 -4.46121
-0.27634 -3.88880
-0.25165 -4.38088
-0.32373 -4.52754
-0.33609 -4.56083
-0.30617 -4.50034
-0.23239 -4.29964
-0.16776 -3.92725
-0.37285 -4.54500
-0.13314 -4.20415
-0.27786 -4.41488
-0.18503 -4.43454
-0.33206 -4.42960
-0.34538 -3.82736
-0.27139 -4.22264
-0.20577 -4.05642
-0.26758 -4.40994
-0.39800 -4.24682
-0.28200 -4.02542
-0.31518 -4.16152
-0.17414 -4.12001
-0.30816 -3.89734
-0.24337 -4.10715
-0.29748 -4.49683
-0.36671 -3.89495
-0.23690 -4.47323
-0.10882 -4.03575
-0.14298 -3.93326
-0.39956 -4.24454
-0.14855 -4.43083
-0.23153 -4.53550
-0.30716 -4.27471
-0.27413 -4.12260
-0.23896 -4.07323
-0.27073 -4.08474
-0.14435 -4.35653
-0.36000 -3.82935
-0.38123 -3.91151
-0.17331 -4.11677
-0.36430 -4.49414
-0.25431 -4.49363
-0.17170 -3.92503
-0.19029 -3.87856
-0.10391 -4.57029
-0.30591 -4.46396
-0.19789 -4.07687
-0.32927 -4.09747
-0.35805 -4.55736
-0.27792 -3.91536
-0.20365 -4.17743
-0.10218 -4.13480
-0.24851 -4.02906
-0.39209 -3.89922
-0.23506 -3.92429
-0.21739 -4.33854
-0.31306 -4.16156
-0.16588 -4.45621
-0.18629 -3.96369
-0.17989 -3.87360
-0.11341 -4.54136
-0.13248 -4.51167
-0.24893 -4.43599
-0.10056 -3.84420
-0.39854 -4.04462
-0.20547 -4.44178
-0.39062 -4.21479
-0.34260 -3.81768
-0.19383 -3.86130
-0.19902 -3.85428
-0.33219 -4.35454
-0.20279 -4.47239
-0.23281 -4.30653
-0.16888 -4.37730
-0.20866 -4.28774
-0.33871 -4.39799
-0.10705 -4.20042
-0.19572 -4.07987
-0.14990 -4.10407
-0.14160 -3.82534
-0.14850 -4.25010
-0.21357 -4.11871
-0.13849 -4.47968
-0.35419 -4.20127
-0.23333 -3.91479
-0.35558 -3.90520
-0.24741 -3.83555


0.16719 2.27476
0.17670 2.60171
0.11493 2.50540
0.12423 1.96216
0.09114 2.12063
0.18046 2.88342
0.15603 2.29174
0.23816 2.10172
0.12817 2.90516
0.09901 2.06076
0.17492 2.38641
0.19824 2.81560
0.21664 2.43533
0.14361 2.05463
0.11537 1.89053
0.17415 2.48392
0.15912 2.79777
0.23706 2.67685
0.22456 2.69279
0.23034 1.87475
0.15332 2.63349
0.09613 2.83990
0.10556 2.17928
0.16473 2.29294
0.12213 2.32344
0.21293 1.85824
0.22687 2.79558
0.13609 1.91088
0.22360 2.44839
0.18850 2.80990
0.10063 2.34862
0.20450 2.63140
0.21709 2.95255
0.20755 2.33206
0.11378 2.16958
0.14729 2.28735
0.19270 2.12425
0.12524 2.66815
0.23958 2.91166
0.11699 1.88574
0.15233 2.65774
0.20500 2.60498
0.20715 2.89404
0.17049 2.89881
0.22326 2.75550
0.16893 2.76707
0.14890 2.38353
0.13312 2.70107
0.19594 2.44800
0.11436 2.81251
0.11831 2.10330
0.16873 2.40748
0.11493 2.65320
0.23175 2.68280
0.11227 2.07575
0.14167 2.70912
0.11774 2.93734
0.17606 2.48704
0.09388 1.91021
0.13937 1.88754
0.21874 2.31671
0.22383 2.05845
0.17799 2.47122
0.21091 2.65845
0.17696 2.14657
0.16791 2.90820
0.10077 2.53928
0.10397 2.73091
0.20622 2.94953
0.18275 1.89193
0.23880 2.73401
0.22375 2.01039
0.23668 2.14970
0.13183 2.48167
0.15468 2.32287
0.19813 2.38243
0.15194 2.38076
0.11994 2.37267
0.21409 2.55436
0.11816 2.44853
0.18754 2.27414
0.19587 2.73827
0.18030 2.74767
0.10815 2.64890
0.21535 2.06182
0.10774 1.94488
0.22544 2.37550
0.16539 2.17970
0.14412 2.30249
0.22205 2.33458
0.12963 2.79235
0.18776 2.26486
0.21722 2.86828
0.13752 2.18114
0.09559 2.91991
0.11134 1.99872
0.13854 2.67333
0.23344 2.00247
0.15143 2.85041
0.16462 2.13333
