2 10 6

0.00000 1.00000
0.00000 1.00000


-0.14997 -1.84265
-0.29682 -1.55478
-0.18594 -1.76124
-0.33930 -1.81452
-0.22342 -1.77278
-0.38828 -2.06398
-0.35242 -1.57811
-0.36773 -2.14763
-0.33604 -2.08613
-0.35621 -1.56989

-0.37267 -1.72502
-0.11756 -1.99976
-0.15842 -1.66888
-0.26531 -1.55291
-0.23024 -2.15615
-0.34782 -1.73898
-0.18746 -2.12657
-0.11499 -2.23260
-0.22273 -1.64835
-0.25473 -2.16857


0.12096 2.52718
0.16221 2.51602
0.17981 2.29961
0.09900 2.79063
0.21082 2.34905
0.23312 2.62190
0.13499 2.47685
0.15101 2.22539
0.22101 1.97551
0.11085 2.35851
