2 20 12

0.00000 1.00000
0.00000 1.00000


-0.38830 -2.76331
-0.23468 -2.52062
-0.20300 -2.49870
-0.14104 -2.46354
-0.23967 -2.94923
-0.12398 -2.67204
-0.29809 -2.93029
-0.39280 -2.43444
-0.33301 -2.50366
-0.22457 -2.70074
-0.28950 -2.51497
-0.28372 -2.23947
-0.34026 -2.77894
-0.31685 -2.54942
-0.29769 -2.87154
-0.20912 -2.35349
-0.39933 -2.42587
-0.30551 -2.78478
-0.26682 -2.76257
-0.34740 -2.55966

-0.17394 -2.33482
-0.21266 -2.63350
-0.32628 -2.74263
-0.33424 -2.35902
-0.39239 -2.21465
-0.18799 -2.22979
-0.13147 -2.57893
-0.27200 -2.20083
-0.20879 -2.63478
-0.35934 -2.29176
-0.21542 -2.55496
-0.15282 -2.42547
-0.16078 -2.39823
-0.30664 -2.26643
-0.19947 -2.27356
-0.13668 -2.33993
-0.14681 -2.52510
-0.23131 -2.71438
-0.38443 -2.48989
-0.20867 -2.30524


0.20377 1.91811
0.13875 2.50874
0.14504 2.02859
0.23450 2.49675
0.19972 2.28685
0.18331 2.33714
0.11201 1.85408
0.12411 2.12606
0.13079 1.97070
0.19337 1.90816
0.14628 2.75285
0.16002 2.44180
0.13774 2.03014
0.10648 2.88726
0.13573 2.54555
0.18847 1.96877
0.12508 2.82680
0.20585 2.44275
0.22759 2.65816
0.16830 2.31411
