2 20 8

0.00000 1.00000
0.00000 1.00000


-0.35535 -2.34057
-0.17354 -2.88934
-0.13387 -2.52125
-0.36207 -2.46997
-0.29334 -2.70883
-0.15755 -2.73788
-0.14774 -2.51241
-0.16717 -2.30431
-0.21852 -2.96869
-0.20588 -2.73764
-0.13616 -2.71182
-0.23717 -2.40952
-0.28699 -2.71882
-0.31154 -2.85047
-0.16087 -2.71792
-0.19476 -2.28285
-0.19719 -2.31388
-0.26063 -2.83026
-0.28302 -2.46859
-0.34671 -2.81181

-0.11269 -2.26639
-0.28026 -2.91490
-0.27484 -2.95337
-0.24707 -2.81571
-0.31631 -2.88655
-0.19891 -2.59896
-0.16913 -2.36909
-0.13795 -2.90859
-0.19143 -2.73867
-0.37539 -2.32159
-0.19729 -2.47433
-0.32111 -2.76525
-0.23986 -2.87402
-0.11947 -2.27161
-0.32914 -2.73723
-0.27638 -2.79330
-0.25175 -2.34266
-0.13471 -2.39311
-0.15502 -2.51700
-0.36742 -2.70328


0.09900 1.63960
0.11055 1.70933
0.12781 1.45354
0.07511 1.31816
0.10320 1.60782
0.12846 1.88436
0.09367 1.21163
0.06746 1.21001
0.11560 1.60508
0.11306 1.33711
0.14047 1.61830
0.14440 1.69572
0.11632 1.67144
0.09062 1.86400
0.07596 1.41201
0.12660 1.72084
0.07409 1.72028
0.13285 1.65295
0.09714 1.96351
0.12287 1.97079
