2 200 80

0.00000 1.00000
0.00000 1.00000


-0.27899 -4.69199
-0.38180 -4.70524
-0.20952 -5.22157
-0.32524 -4.57082
-0.31862 -4.85211
-0.34803 -5.03391
-0.15891 -4.66115
-0.39890 -4.79618
-0.34196 -4.78167
-0.13382 -5.09371
-0.22508 -4.53665
-0.25621 -5.14071
-0.29634 -4.78601
-0.23415 -4.53007
-0.11073 -5.06877
-0.23019 -4.60424
-0.39622 -4.53732
-0.37150 -4.91719
-0.22726 -4.54175
-0.33450 -5.16731
-0.12752 -4.58821
-0.13864 -4.84187
-0.13707 -4.80264
-0.35899 -5.26959
-0.38112 -4.69046
-0.34727 -5.06128
-0.13223 -5.10187
-0.17774 -4.52593
-0.13572 -5.13200
-0.35951 -4.61686
-0.10314 -4.79273
-0.12309 -4.92652
-0.33948 -5.06470
-0.18352 -4.90714
-0.37395 -4.53454
-0.16213 -5.00936
-0.21933 -5.06844
-0.22468 -5.19082
-0.29288 -4.69240
-0.15646 -5.25032
-0.11488 -4.74569
-0.27055 -4.82793
-0.34997 -4.76271
-0.33816 -4.80712
-0.28492 -4.57127
-0.11299 -4.89492
-0.11631 -4.97641
-0.36358 -4.92636
-0.36721 -5.18182
-0.22921 -5.24589
-0.30016 -4.74302
-0.10327 -5.02186
-0.36830 -4.76205
-0.37584 -4.93641
-0.34529 -4.67320
-0.38998 -5.18008
-0.31828 -5.10679
-0.17630 -4.65140
-0.30617 -4.61897
-0.28648 -5.14804
-0.28451 -4.57050
-0.19907 -4.54648
-0.25908 -4.87702
-0.24300 -5.09143
-0.29789 -4.90151
-0.17997 -4.53005
-0.37024 -4.72197
-0.35407 -5.05943
-0.35286 -5.08939
-0.34813 -4.89139
-0.11446 -4.81311
-0.37657 -4.62941
-0.19834 -4.96652
-0.17925 -5.06064
-0.39335 -5.19014
-0.22326 -4.66908
-0.16660 -5.04665
-0.13316 -4.78020
-0.16363 -5.21415
-0.14420 -4.89702
-0.30039 -4.68754
-0.31451 -4.59563
-0.17613 -5.09583
-0.18953 -5.11061
-0.28620 -5.01147
-0.11904 -5.17650
-0.24447 -5.02734
-0.11036 -4.86655
-0.37049 -4.70857
-0.29768 -5.07346
-0.35998 -4.90439
-0.18946 -4.90396
-0.34684 -5.11699
-0.32850 -4.67563
-0.14466 -4.97872
-0.26913 -4.81837
-0.16998 -4.98947
-0.36116 -4.58903
-0.11680 -4.54818
-0.28753 -5.15198
-0.36445 -5.07662
-0.20486 -5.09816
-0.12846 -4.71065
-0.17602 -4.57725
-0.36245 -5.26905
-0.14269 -4.96289
-0.21939 -4.80246
-0.33334 -4.54400
-0.15875 -4.63444
-0.26567 -4.60950
-0.29382 -5.05911
-0.35253 -4.86046
-0.25103 -5.15220
-0.28194 -5.12929
-0.13593 -5.10087
-0.30998 -4.58417
-0.16390 -4.58721
-0.31865 -4.98498
-0.33215 -4.92987
-0.35398 -4.68662
-0.14828 -5.22917
-0.22637 -5.05784
-0.13030 -5.13765
-0.19823 -4.63175
-0.10464 -5.26370
-0.19963 -4.57638
-0.30470 -5.15426
-0.29091 -4.64717
-0.20334 -5.21195
-0.34378 -4.89187
-0.29428 -5.12992
-0.24619 -5.07161
-0.26132 -4.76566
-0.35804 -5.26376
-0.37862 -5.05056
-0.20545 -5.07343
-0.37195 -5.23143
-0.18554 -5.26843
-0.34839 -5.15156
-0.20659 -5.25240
-0.39193 -4.56479
-0.12564 -5.09091
-0.36264 -5.04009
-0.34598 -5.14087
-0.14336 -4.90540
-0.15213 -4.67980
-0.24692 -4.52860
-0.12975 -5.15814
-0.31843 -4.57301
-0.20881 -5.15665
-0.33061 -5.11130
-0.38195 -4.69893
-0.27135 -4.54504
-0.16056 -4.83054
-0.33364 -5.16664
-0.30061 -4.97393
-0.27241 -4.91072
-0.21048 -4.63663
-0.12877 -5.10741
-0.12698 -5.00812
-0.14716 -4.56728
-0.23752 -5.00340
-0.33402 -5.10757
-0.17661 -4.94262
-0.37662 -4.61936
-0.27514 -4.88317
-0.37586 -4.96610
-0.28161 -5.11373
-0.32621 -5.22236
-0.37237 -4.80442
-0.26901 -4.56100
-0.17851 -4.83101
-0.31880 -4.74066
-0.38746 -5.17581
-0.37617 -5.23797
-0.11200 -4.86947
-0.20626 -4.65503
-0.35520 -5.18147
-0.35726 -4.55425
-0.26106 -4.84413
-0.37335 -4.58559
-0.33805 -5.03711
-0.38826 -5.23468
-0.31989 -5.06885
-0.19702 -5.20796
-0.13189 -4.64062
-0.16515 -4.55266
-0.38230 -4.77670
-0.29948 -4.97694
-0.12009 -5.16143
-0.21285 -4.85720
-0.27266 -4.65121
-0.25199 -4.55121
-0.21504 -5.10954
-0.16844 -4.70195
-0.17373 -5.10447
-0.31858 -5.05652
-0.32332 -4.84846
-0.12862 -4.97264
-0.23658 -5.23585

-0.24775 -5.25809
-0.37125 -5.26065
-0.13632 -4.69828
-0.38683 -4.69107
-0.21305 -4.61619
-0.10235 -4.97411
-0.10508 -4.92311
-0.36782 -4.78644
-0.10177 -5.01882
-0.22773 -4.57447
-0.20949 -4.87562
-0.18749 -5.27243
-0.39857 -4.92101
-0.20987 -4.88576
-0.10298 -5.12009
-0.35327 -4.98240
-0.33862 -4.60618
-0.29033 -4.57115
-0.36913 -4.74200
-0.22071 -5.18547
-0.36585 -4.54442
-0.39810 -4.75398
-0.14778 -4.76992
-0.20369 -4.57210
-0.25453 -4.60772
-0.27800 -5.27414
-0.13411 -4.57670
-0.28800 -4.83428
-0.30346 -5.18743
-0.36680 -4.91207
-0.21865 -4.69088
-0.27211 -5.20816
-0.29751 -4.91400
-0.27941 -4.75204
-0.16169 -5.17356
-0.34330 -4.61633
-0.12822 -5.24632
-0.29536 -4.59415
-0.32544 -4.82998
-0.26272 -4.96730
-0.23527 -5.17345
-0.23592 -4.96145
-0.31289 -4.80860
-0.31521 -4.73071
-0.25321 -4.83077
-0.24517 -4.85851
-0.10499 -5.15639
-0.12231 -5.06849
-0.36114 -4.97688
-0.28597 -4.91670
-0.22241 -4.62810
-0.36124 -4.73707
-0.18729 -4.66034
-0.35424 -5.19283
-0.27675 -4.74139
-0.15725 -4.65222
-0.16207 -5.00124
-0.10738 -4.55843
-0.27960 -4.99507
-0.12262 -4.54749
-0.18583 -5.09053
-0.33100 -4.62054
-0.37272 -5.23692
-0.16371 -4.99677
-0.21094 -4.59510
-0.29408 -5.13093
-0.28201 -4.81129
-0.23791 -4.96767
-0.23447 -4.62311
-0.18703 -4.88860
-0.13665 -5.14901
-0.39456 -4.84105
-0.14515 -5.23264
-0.28120 -4.59724
-0.21677 -5.27563
-0.23227 -4.84272
-0.12485 -5.04159
-0.18688 -4.81294
-0.18675 -5.12677
-0.23398 -5.10013
-0.38357 -4.76391
-0.16551 -4.65627
-0.24611 -4.68248
-0.27661 -5.14251
-0.23710 -5.03091
-0.39040 -4.82743
-0.27195 -4.97397
-0.31189 -4.90276
-0.14662 -4.60594
-0.33985 -4.69642
-0.15019 -5.00048
-0.23304 -4.77287
-0.35420 -4.95408
-0.38968 -5.02344
-0.27393 -4.60259
-0.10166 -5.24150
-0.14695 -4.81883
-0.26652 -4.63242
-0.20685 -4.88251
-0.23830 -4.53517
-0.31863 -4.71033
-0.17459 -5.04895
-0.31045 -4.68956
-0.23256 -5.25113
-0.30898 -4.86126
-0.27664 -4.56088
-0.16486 -5.02487
-0.34873 -5.16786
-0.26756 -5.13610
-0.24835 -4.82186
-0.30504 -4.68416
-0.24700 -4.77013
-0.34251 -5.15151
-0.33461 -4.89053
-0.29628 -4.62478
-0.33849 -4.53900
-0.31098 -4.54958
-0.13826 -4.71385
-0.15140 -4.99380
-0.17959 -5.00820
-0.24475 -4.63459
-0.18543 -5.18814
-0.39197 -4.74182
-0.13584 -5.05407
-0.21952 -5.17154
-0.33789 -4.77501
-0.18487 -5.22205
-0.14622 -5.23467
-0.32825 -5.15206
-0.32208 -4.62111
-0.20216 -5.23800
-0.19588 -4.66533
-0.21509 -4.72659
-0.30816 -4.71555
-0.32465 -4.84183
-0.29107 -4.94803
-0.15785 -4.61764
-0.34478 -5.19470
-0.21180 -4.80892
-0.12270 -5.14467
-0.36639 -4.95621
-0.32983 -5.11973
-0.12715 -4.76625
-0.32418 -5.01367
-0.18069 -4.57181
-0.21286 -4.91605
-0.28578 -5.16518
-0.25533 -5.18254
-0.33220 -4.79975
-0.33010 -5.08486
-0.14224 -5.04539
-0.36499 -5.11762
-0.13495 -4.96266
-0.18338 -5.16344
-0.10276 -5.17023
-0.32041 -5.11507
-0.19428 -4.65309
-0.19574 -4.84938
-0.32682 -4.97211
-0.39437 -4.71964
-0.21222 -5.17305
-0.29363 -4.68549
-0.19767 -5.24428
-0.12376 -4.86813
-0.25410 -5.08429
-0.24334 -5.16835
-0.23195 -5.22104
-0.23232 -4.53848
-0.32473 -5.08735
-0.38904 -5.03694
-0.13978 -4.98771
-0.29585 -4.76036
-0.13437 -4.56812
-0.14544 -5.07499
-0.23966 -4.95123
-0.15741 -5.13172
-0.14441 -4.68596
-0.27611 -4.65756
-0.32716 -4.85417
-0.15168 -5.25180
-0.34680 -4.81281
-0.24845 -4.87143
-0.36339 -4.64827
-0.37126 -5.24000
-0.13087 -4.66569
-0.11757 -4.68558
-0.11898 -4.73363
-0.29947 -4.95869
-0.28987 -5.16577
-0.30768 -4.54909
-0.27066 -5.08499
-0.26072 -4.55138
-0.24707 -4.94738
-0.11384 -5.08248
-0.11501 -4.92136
-0.15992 -4.79415
-0.10531 -4.54784
-0.35771 -4.90551
-0.14058 -4.96429
-0.34149 -5.14691


0.09644 1.38918
0.15983 1.47390
0.13787 1.90648
0.11837 1.45435
0.14113 1.63942
0.09136 1.35377
0.11852 1.63506
0.10370 1.60181
0.15411 1.68007
0.14499 1.57540
0.10799 1.74196
0.15838 1.64030
0.11582 1.74368
0.14042 1.85606
0.15209 1.61349
0.08372 1.95867
0.15937 1.32847
0.10808 1.69130
0.08756 1.23944
0.13246 1.67649
0.09270 1.22396
0.13193 1.91171
0.12735 1.25122
0.14100 1.77136
0.14911 1.48478
0.11201 1.69199
0.06130 1.44412
0.11771 1.78044
0.07191 1.52564
0.12060 1.46629
0.06400 1.66458
0.08670 1.75520
0.15463 1.64305
0.11534 1.31868
0.09100 1.50828
0.10395 1.39946
0.12673 1.52296
0.06510 1.79004
0.10007 1.50159
0.14605 1.70934
0.15777 1.51771
0.15017 1.86776
0.09556 1.82971
0.09515 1.26482
0.07691 1.81863
0.07191 1.35771
0.10513 1.73409
0.11321 1.27061
0.14350 1.65671
0.08401 1.61945
0.15652 1.68793
0.13084 1.83756
0.14641 1.78296
0.07767 1.65051
0.12558 1.34542
0.12932 1.62910
0.07498 1.95735
0.13369 1.41290
0.06335 1.31345
0.08880 1.35590
0.15478 1.55578
0.09536 1.52432
0.12732 1.74790
0.08591 1.36542
0.15965 1.59480
0.14487 1.97756
0.15803 1.85693
0.06312 1.31958
0.06470 1.61099
0.11590 1.62743
0.09161 1.51640
0.12051 1.52758
0.11583 1.33124
0.07292 1.34512
0.10371 1.76691
0.13483 1.61507
0.14862 1.76178
0.14777 1.33629
0.14921 1.49877
0.09003 1.83655
0.08863 1.89203
0.13026 1.71004
0.13898 1.72028
0.06923 1.27219
0.13260 1.22037
0.09760 1.43215
0.10074 1.47047
0.13460 1.67021
0.15980 1.87710
0.09508 1.77052
0.14024 1.37645
0.11521 1.64554
0.07585 1.99993
0.07083 1.65769
0.07628 1.70403
0.07578 1.75608
0.10401 1.61060
0.08967 1.34442
0.15339 1.69673
0.15183 1.35611
0.08000 1.81260
0.09077 1.88981
0.09152 1.77859
0.14792 1.51076
0.06266 1.39148
0.12691 1.27851
0.08980 1.49219
0.10731 1.20580
0.10851 1.55848
0.09599 1.26193
0.10541 1.61594
0.15877 1.94748
0.08555 1.50758
0.15228 1.85183
0.15651 1.44036
0.09487 1.27882
0.06677 1.45984
0.10745 1.65187
0.10424 1.94728
0.06533 1.93853
0.14856 1.24092
0.07091 1.62568
0.10058 1.66598
0.10169 1.69216
0.15245 1.48215
0.12052 1.23501
0.12089 1.75401
0.10517 1.31370
0.06026 1.23413
0.10749 1.72386
0.12832 1.29234
0.10597 1.65478
0.07537 1.90892
0.13514 1.50074
0.08085 1.63200
0.15590 1.92877
0.09582 1.42519
0.13104 1.31818
0.06952 1.53071
0.13649 1.56256
0.11988 1.38466
0.08467 1.69936
0.10750 1.91275
0.12858 1.44942
0.13784 1.54861
0.06058 1.98386
0.11052 1.25139
0.14833 1.85318
0.09967 1.44019
0.09700 1.75304
0.08050 1.89308
0.15228 1.93251
0.12161 1.57484
0.10808 1.24148
0.13061 1.47480
0.13366 1.44845
0.12825 1.20537
0.15577 1.39092
0.08295 1.76714
0.11986 1.84219
0.12976 1.91769
0.15627 1.84233
0.13824 1.86660
0.07311 1.60566
0.10302 1.38565
0.13787 1.89774
0.10760 1.98028
0.12361 1.83743
0.09582 1.69975
0.14170 1.50610
0.11473 1.55554
0.11247 1.93955
0.07841 1.33033
0.11252 1.69683
0.12560 1.78385
0.08055 1.62702
0.07006 1.25850
0.09648 1.93984
0.12255 1.53614
0.14968 1.79309
0.12408 1.39272
0.07549 1.35242
0.09669 1.31724
0.15306 1.96328
0.11802 1.62329
0.06161 1.64521
0.13096 1.67510
0.13385 1.31191
0.12856 1.92947
0.06918 1.97227
0.12492 1.68555
0.10246 1.33545
0.14932 1.59453
0.14589 1.32103
0.12577 1.96926
0.09668 1.84733
0.06157 1.56075
0.08095 1.40205
0.12282 1.71583
0.13181 1.67583
