2 20 12

0.00000 1.00000
0.00000 1.00000


-0.33763 -2.50317
-0.10394 -2.88703
-0.23495 -2.89722
-0.13804 -2.75184
-0.35511 -2.36623
-0.33575 -2.48778
-0.27246 -2.80897
-0.26841 -2.74084
-0.24090 -2.35937
-0.21487 -2.76869
-0.33069 -2.35195
-0.33636 -2.21184
-0.10156 -2.57407
-0.16042 -2.35197
-0.25961 -2.67305
-0.37609 -2.77540
-0.39243 -2.60660
-0.32746 -2.52096
-0.14842 -2.24244
-0.14981 -2.68222

-0.16603 -2.26589
-0.10793 -2.50398
-0.23640 -2.69784
-0.20983 -2.95615
-0.17439 -2.61139
-0.11681 -2.32531
-0.12425 -2.72244
-0.36697 -2.46412
-0.38102 -2.19426
-0.17573 -2.78099
-0.18847 -2.61995
-0.10852 -2.84844
-0.15246 -2.44320
-0.28202 -2.93730
-0.21600 -2.68420
-0.28812 -2.31968
-0.16330 -2.57800
-0.22487 -2.49792
-0.34488 -2.78365
-0.20703 -2.73726


0.10335 2.67076
0.11128 2.22600
0.20304 2.58507
0.14394 2.97856
0.14652 2.21209
0.11385 2.95899
0.11268 1.82144
0.13198 2.06451
0.11473 2.21713
0.09347 2.59917
0.18896 2.26624
0.16856 2.96013
0.22810 2.92310
0.13593 2.98898
0.15343 2.18303
0.23207 2.98987
0.19673 2.31807
0.10055 2.84231
0.10272 1.97999
0.12371 2.66921
