2 20 8

0.00000 1.00000
0.00000 1.00000


-0.29782 -2.73488
-0.18548 -2.23790
-0.38855 -2.81882
-0.30777 -2.67816
-0.18836 -2.40346
-0.38582 -2.71367
-0.34839 -2.76361
-0.15384 -2.40732
-0.17722 -2.26252
-0.18595 -2.28378
-0.30558 -2.39534
-0.34482 -2.81563
-0.27002 -2.43078
-0.20353 -2.58964
-0.20169 -2.27429
-0.35690 -2.69438
-0.31266 -2.51355
-0.11290 -2.92475
-0.25076 -2.80626
-0.36670 -2.63054

-0.31965 -2.80403
-0.18660 -2.35485
-0.30477 -2.90938
-0.29260 -2.52920
-0.26698 -2.55790
-0.10094 -2.91439
-0.37965 -2.52979
-0.17079 -2.79118
-0.36626 -2.80336
-0.30476 -2.41151
-0.13990 -2.54873
-0.15993 -2.50643
-0.35317 -2.36769
-0.26127 -2.54683
-0.33061 -2.32205
-0.34970 -2.64639
-0.21861 -2.23486
-0.28445 -2.59639
-0.23095 -2.54346
-0.24580 -2.41061


0.11644 1.26108
0.11771 1.37804
0.12347 1.31126
0.15569 1.96491
0.11682 1.29730
0.09673 1.32614
0.14472 1.25505
0.12265 1.26928
0.12493 1.24447
0.15039 1.87619
0.13066 1.80460
0.10402 1.28433
0.09673 1.42504
0.10303 1.92044
0.13528 1.56523
0.12361 1.91819
0.08051 1.86271
0.07088 1.85432
0.08300 1.66845
0.09881 1.75461
