2 200 80

0.00000 1.00000
0.00000 1.00000


-0.28006 -5.02570
-0.39228 -4.77626
-0.14407 -5.13177
-0.27028 -4.62079
-0.12547 -4.52787
-0.10631 -5.09653
-0.19691 -4.60629
-0.16598 -4.86980
-0.20235 -5.14639
-0.19922 -5.06785
-0.12427 -4.88679
-0.12674 -4.79061
-0.30711 -4.77985
-0.32961 -4.71880
-0.12808 -4.73577
-0.26879 -4.86592
-0.13293 -4.86809
-0.39164 -4.89290
-0.13368 -5.22696
-0.17673 -4.72192
-0.21991 -5.25365
-0.33146 -5.17105
-0.13694 -4.92362
-0.26905 -4.66175
-0.10935 -5.22780
-0.15481 -5.02668
-0.18356 -4.77413
-0.22167 -4.99780
-0.35731 -5.23019
-0.24430 -4.55702
-0.35030 -4.93573
-0.15690 -5.18950
-0.34730 -5.03378
-0.31954 -4.75465
-0.27838 -5.18086
-0.33381 -4.78405
-0.11927 -5.06791
-0.17534 -4.96489
-0.16581 -5.11199
-0.10604 -5.06981
-0.38950 -5.20755
-0.14585 -4.69262
-0.22691 -5.20877
-0.33724 -4.60607
-0.22941 -4.87072
-0.25660 -5.17564
-0.31553 -5.23886
-0.15421 -4.99386
-0.29235 -5.03361
-0.36947 -4.88462
-0.23978 -4.76835
-0.12733 -4.83231
-0.33988 -4.65761
-0.30352 -4.95078
-0.14237 -4.64957
-0.16504 -5.25762
-0.18441 -4.75598
-0.19258 -4.98107
-0.33729 -4.85615
-0.36208 -4.89688
-0.37045 -5.26856
-0.26896 -5.06322
-0.23408 -4.66300
-0.18563 -5.23270
-0.29045 -4.96446
-0.27009 -5.25938
-0.21140 -4.63551
-0.38806 -4.54257
-0.29141 -5.00328
-0.34924 -5.14603
-0.17083 -4.54921
-0.35094 -4.84449
-0.20315 -5.05074
-0.22172 -4.88734
-0.35420 -4.73659
-0.18032 -5.13695
-0.19786 -4.62836
-0.36518 -4.72292
-0.22587 -4.78079
-0.34933 -4.59775
-0.20245 -4.57009
-0.11722 -4.89173
-0.12483 -5.11047
-0.30473 -4.58745
-0.31319 -5.13612
-0.26728 -4.72512
-0.31654 -4.68386
-0.24994 -5.04893
-0.35566 -4.66828
-0.25808 -4.89125
-0.23834 -4.87316
-0.36304 -5.15777
-0.14621 -4.56623
-0.36622 -4.57437
-0.17194 -5.18657
-0.12811 -4.97714
-0.14525 -4.67705
-0.34032 -4.80481
-0.17240 -4.92393
-0.19837 -4.99709
-0.13370 -4.60576
-0.18334 -4.95581
-0.39034 -4.95705
-0.24188 -4.63749
-0.11509 -5.07087
-0.30966 -5.21150
-0.23116 -4.75376
-0.32750 -4.53160
-0.17257 -5.24846
-0.28815 -4.99484
-0.19386 -4.83563
-0.29801 -4.63681
-0.32870 -4.89073
-0.17541 -5.21164
-0.16341 -4.71547
-0.24331 -4.98902
-0.33075 -4.81082
-0.29697 -4.82692
-0.13174 -5.10490
-0.24172 -5.18700
-0.22531 -4.84060
-0.26410 -5.10319
-0.22718 -4.77450
-0.32260 -4.86520
-0.27669 -5.14788
-0.11603 -4.54723
-0.15489 -5.17330
-0.20491 -5.25649
-0.24874 -4.85518
-0.21346 -5.03823
-0.39727 -4.76110
-0.17584 -4.74908
-0.33418 -4.80184
-0.32971 -4.87355
-0.13288 -5.13311
-0.25770 -5.17276
-0.11148 -5.13553
-0.30834 -4.73609
-0.36542 -5.08092
-0.17397 -4.76523
-0.24504 -5.15091
-0.28916 -4.62293
-0.24942 -4.69427
-0.39507 -5.21629
-0.26311 -5.22649
-0.35227 -4.71247
-0.12037 -5.04799
-0.18688 -5.00499
-0.36551 -5.19356
-0.13398 -4.82954
-0.12729 -5.08752
-0.15757 -5.25608
-0.28360 -4.55454
-0.21366 -4.72675
-0.38147 -5.22141
-0.18867 -4.91072
-0.16327 -4.76390
-0.13789 -5.09802
-0.34130 -4.93955
-0.19786 -4.86278
-0.21611 -5.11195
-0.26802 -4.57053
-0.19074 -4.89260
-0.29737 -5.23822
-0.11846 -4.82476
-0.10225 -4.98496
-0.21123 -5.01428
-0.14581 -4.82205
-0.15289 -5.18593
-0.22244 -5.08370
-0.31916 -5.27439
-0.19675 -4.82358
-0.10547 -4.80451
-0.32674 -5.19281
-0.30888 -4.56245
-0.29051 -5.24854
-0.30501 -4.68510
-0.36067 -4.53135
-0.15960 -4.52954
-0.28802 -4.80108
-0.11741 -5.27308
-0.38736 -4.86954
-0.10370 -4.84191
-0.24301 -5.17503
-0.19067 -4.76901
-0.20208 -4.65657
-0.35200 -4.89774
-0.12220 -4.78391
-0.23213 -5.16529
-0.21141 -5.24068
-0.29891 -4.90485
-0.19926 -5.08990
-0.27727 -5.22194
-0.39936 -4.74426
-0.20383 -4.85323
-0.15865 -4.73105
-0.12408 -5.22164
-0.16175 -5.24673
-0.29569 -5.14568
-0.35955 -4.52710

-0.29417 -4.77126
-0.35064 -5.22140
-0.33169 -4.53457
-0.36191 -4.72437
-0.35533 -4.54307
-0.32818 -4.52695
-0.21133 -4.86125
-0.25508 -4.91487
-0.31200 -5.00818
-0.24686 -5.04186
-0.38030 -4.85080
-0.30186 -4.62868
-0.10577 -4.74704
-0.11480 -5.04852
-0.15767 -5.25154
-0.20063 -4.91750
-0.14343 -4.78660
-0.33849 -4.57414
-0.24710 -4.69666
-0.32370 -4.66519
-0.26429 -4.61447
-0.14482 -4.93935
-0.35319 -5.06905
-0.25806 -4.72486
-0.34048 -4.78149
-0.39154 -4.91885
-0.13799 -4.84281
-0.21071 -4.70026
-0.20378 -4.73319
-0.24190 -5.26353
-0.14556 -4.76883
-0.14677 -4.74018
-0.18154 -4.66717
-0.35157 -4.75702
-0.23732 -4.94055
-0.34591 -5.08494
-0.26629 -4.58368
-0.35677 -5.21297
-0.30999 -4.66808
-0.15508 -4.85400
-0.28637 -4.66533
-0.13318 -5.02861
-0.12057 -4.90835
-0.35107 -5.23403
-0.18689 -4.90431
-0.11125 -4.88253
-0.17438 -4.59796
-0.15558 -4.69246
-0.30991 -5.22673
-0.14983 -4.95126
-0.36724 -5.09266
-0.15844 -4.75255
-0.11615 -5.17084
-0.28480 -4.54758
-0.35656 -5.17925
-0.12162 -4.88508
-0.32882 -4.63970
-0.38478 -4.56665
-0.22417 -4.98261
-0.33502 -4.81686
-0.19192 -4.90788
-0.29709 -5.26461
-0.32677 -5.12121
-0.35880 -4.58757
-0.15162 -4.75381
-0.31115 -5.03068
-0.13056 -5.21032
-0.22179 -4.69496
-0.29869 -4.64848
-0.37688 -4.90166
-0.29289 -4.64176
-0.31023 -4.95418
-0.19085 -4.56343
-0.19003 -4.97905
-0.22121 -5.20120
-0.23908 -4.65883
-0.15297 -4.90634
-0.30007 -4.86361
-0.14232 -5.03059
-0.20454 -4.89336
-0.27888 -4.97375
-0.24677 -4.83635
-0.21017 -5.00964
-0.28564 -4.72082
-0.13842 -4.77382
-0.20028 -5.26904
-0.12004 -5.11806
-0.32194 -4.84608
-0.15377 -4.65897
-0.32863 -5.02749
-0.38631 -4.89489
-0.36663 -4.97475
-0.37115 -5.09397
-0.23610 -4.61201
-0.23973 -4.94293
-0.34640 -5.01848
-0.10194 -4.63727
-0.20209 -5.24981
-0.34976 -4.78846
-0.35970 -4.83037
-0.35322 -4.84912
-0.26710 -5.08553
-0.36589 -4.80154
-0.29357 -4.63372
-0.14895 -4.66426
-0.34402 -5.02667
-0.27734 -4.93708
-0.39789 -4.79881
-0.21734 -5.10756
-0.26942 -5.15377
-0.36730 -5.09726
-0.17975 -4.54779
-0.12742 -4.73104
-0.26381 -5.05971
-0.29284 -4.67752
-0.10303 -4.69905
-0.24503 -4.61109
-0.38785 -4.79720
-0.12204 -4.88886
-0.39024 -4.82393
-0.14408 -5.18647
-0.36667 -5.24565
-0.15242 -4.79890
-0.36908 -5.03639
-0.38378 -5.01877
-0.14369 -5.05928
-0.33415 -5.06137
-0.28959 -4.97782
-0.32706 -4.82427
-0.36108 -5.06055
-0.12812 -4.81632
-0.11247 -4.81725
-0.21671 -4.99201
-0.39797 -4.97464
-0.38045 -5.14340
-0.20078 -4.88328
-0.30517 -4.89132
-0.24509 -4.99151
-0.13403 -4.98795
-0.14868 -4.81123
-0.12464 -4.80925
-0.15151 -5.24347
-0.30510 -4.79863
-0.37415 -5.26552
-0.11991 -4.63414
-0.10712 -5.13561
-0.31239 -4.52766
-0.24489 -5.04404
-0.31653 -4.85204
-0.39089 -5.07315
-0.27573 -5.05230
-0.28212 -5.22087
-0.33031 -4.80841
-0.20206 -4.76297
-0.16274 -4.78659
-0.21787 -5.23173
-0.27479 -4.58568
-0.39546 -5.19768
-0.36070 -4.78351
-0.28599 -4.93580
-0.16438 -4.76561
-0.28574 -5.21337
-0.33287 -4.61354
-0.37172 -4.74898
-0.25205 -4.93843
-0.10907 -5.05744
-0.25428 -4.87151
-0.18999 -5.17896
-0.23966 -4.95250
-0.22806 -5.05637
-0.20986 -4.85200
-0.39801 -5.03433
-0.33382 -4.88797
-0.20669 -4.67594
-0.31376 -4.65404
-0.33986 -4.69828
-0.38754 -5.04829
-0.17018 -4.81813
-0.11329 -5.07221
-0.11309 -4.67161
-0.37101 -4.80456
-0.26397 -4.69167
-0.38470 -4.70102
-0.14902 -4.81652
-0.30305 -4.72506
-0.39868 -4.56648
-0.27305 -5.13920
-0.25929 -5.09706
-0.33041 -4.90506
-0.10964 -4.59256
-0.14279 -5.24796
-0.22608 -4.75866
-0.19581 -4.66208
-0.11252 -5.09989
-0.25551 -4.87640
-0.24408 -4.97735
-0.15239 -4.69335
-0.36532 -4.90073
-0.20928 -4.66610
-0.22867 -4.73531


0.12441 1.87585
0.08005 1.66663
0.07410 1.63983
0.08001 1.30201
0.06178 1.75816
0.07714 1.34328
0.14122 1.56181
0.15191 1.56004
0.14253 1.61581
0.06331 1.88971
0.13144 1.77371
0.11278 1.36456
0.14020 1.95381
0.09259 1.55635
0.14725 1.40843
0.09216 1.53929
0.12865 1.99106
0.10411 1.93467
0.15645 1.62572
0.06485 1.26887
0.07960 1.42124
0.14555 1.56521
0.12132 1.41332
0.14512 1.22349
0.13655 1.58654
0.15900 1.47849
0.12532 1.66462
0.10916 1.65586
0.06102 1.67903
0.06807 1.54548
0.06301 1.91991
0.13136 1.96624
0.15195 1.67464
0.11359 1.49447
0.13233 1.91309
0.11886 1.79123
0.06150 1.38755
0.06447 1.57441
0.07061 1.21514
0.13920 1.89812
0.08988 1.59387
0.13602 1.99282
0.15056 1.38526
0.14391 1.69080
0.10297 1.45982
0.12488 1.61252
0.10863 1.62054
0.14207 1.26689
0.08515 1.62057
0.10619 1.88241
0.11968 1.84008
0.09760 1.44586
0.07431 1.27931
0.12884 1.74639
0.06097 1.60838
0.11297 1.76454
0.13045 1.49374
0.08566 1.79719
0.09477 1.70290
0.15177 1.54107
0.14392 1.85684
0.12463 1.52555
0.14078 1.63026
0.15420 1.59276
0.07136 1.81529
0.07881 1.39520
0.09537 1.68646
0.06200 1.28502
0.06464 1.47001
0.14661 1.82056
0.12314 1.61564
0.13522 1.60529
0.07551 1.91443
0.10031 1.49068
0.15735 1.77422
0.12295 1.45989
0.08616 1.58008
0.09935 1.70553
0.10553 1.45679
0.13176 1.50981
0.06079 1.68324
0.08965 1.26011
0.08268 1.65422
0.09520 1.68162
0.14573 1.27505
0.07112 1.82672
0.10828 1.48392
0.10090 1.41385
0.11592 1.56107
0.11823 1.45247
0.12282 1.33829
0.11997 1.27047
0.13254 1.93143
0.11474 1.98013
0.11259 1.75288
0.09312 1.74192
0.15711 1.43173
0.15136 1.29138
0.14318 1.98816
0.12738 1.73449
0.10613 1.56214
0.06297 1.95924
0.06622 1.28503
0.07654 1.97052
0.11815 1.34197
0.15038 1.52420
0.13695 1.80599
0.13344 1.37719
0.15979 1.70383
0.11681 1.99406
0.10669 1.73227
0.09064 1.90646
0.08807 1.47018
0.12771 1.49830
0.09348 1.91689
0.06576 1.93609
0.07585 1.25511
0.13563 1.55912
0.07236 1.76539
0.09145 1.88390
0.10312 1.46582
0.14244 1.42580
0.09505 1.37429
0.10478 1.70442
0.08728 1.74795
0.08773 1.84319
0.10548 1.60914
0.11043 1.21732
0.10862 1.24078
0.15584 1.24642
0.08923 1.58229
0.15302 1.21362
0.14997 1.83626
0.07453 1.80904
0.12616 1.76494
0.15540 1.83568
0.12063 1.32855
0.10237 1.62337
0.08180 1.23846
0.11761 1.75357
0.06779 1.27596
0.08128 1.77675
0.06562 1.75981
0.10155 1.24894
0.08732 1.57665
0.12922 1.71031
0.15364 1.61642
0.10914 1.81902
0.06641 1.72556
0.11711 1.47232
0.10077 1.73665
0.10661 1.83730
0.13932 1.77904
0.09183 1.52529
0.11055 1.85255
0.07103 1.69556
0.11060 1.84559
0.14928 1.50354
0.11666 1.82107
0.06331 1.65415
0.09751 1.22347
0.07685 1.31823
0.09209 1.63655
0.10335 1.60641
0.13352 1.36348
0.12204 1.68706
0.14036 1.62690
0.09149 1.27818
0.06539 1.79523
0.08893 1.74476
0.08488 1.35753
0.06068 1.33058
0.07541 1.69739
0.09352 1.83012
0.15758 1.81152
0.10614 1.63001
0.11136 1.66688
0.14136 1.98630
0.11841 1.39313
0.08803 1.32086
0.14351 1.81297
0.14441 1.33448
0.13317 1.70632
0.07112 1.56882
0.09368 1.62799
0.12529 1.69151
0.10215 1.59541
0.07132 1.91165
0.12929 1.44630
0.12097 1.76467
0.12375 1.82635
0.14918 1.57407
0.14026 1.54819
0.08630 1.94051
0.07308 1.59375
0.12232 1.26042
0.07838 1.51469
0.13536 1.85220
0.11767 1.77848
0.15963 1.43790
