2 20 12

0.00000 1.00000
0.00000 1.00000


-0.11919 -2.24187
-0.26966 -2.27805
-0.24418 -2.68491
-0.38627 -2.48920
-0.31397 -2.28121
-0.17961 -2.42687
-0.16167 -2.77315
-0.17094 -2.27502
-0.31605 -2.37876
-0.27710 -2.37396
-0.17844 -2.47334
-0.12582 -2.48002
-0.36001 -2.49481
-0.11354 -2.40096
-0.29933 -2.63314
-0.16617 -2.76508
-0.15139 -2.64143
-0.31053 -2.47704
-0.20190 -2.93870
-0.30049 -2.86812

-0.38124 -2.27763
-0.28118 -2.30693
-0.35500 -2.51638
-0.15371 -2.48259
-0.32438 -2.83096
-0.28556 -2.35656
-0.13375 -2.56797
-0.23667 -2.38570
-0.16733 -2.76594
-0.23286 -2.43833
-0.21003 -2.19973
-0.22214 -2.58560
-0.26960 -2.70290
-0.14365 -2.87901
-0.10512 -2.23271
-0.26985 -2.94790
-0.34704 -2.80678
-0.28325 -2.84985
-0.34931 -2.60252
-0.30779 -2.77702


0.22424 2.52529
0.23920 2.86748
0.23836 2.29399
0.11961 2.81632
0.22738 2.82914
0.20829 2.20532
0.20774 2.26703
0.17319 2.68444
0.20029 1.88447
0.21727 1.94542
0.17033 2.96909
0.23723 2.55961
0.16824 2.62227
0.09861 2.16711
0.22160 2.34456
0.22202 2.07748
0.14148 2.89213
0.18127 2.65485
0.14920 2.35785
0.22426 2.51458
