2 20 8

0.00000 1.00000
0.00000 1.00000


-0.26770 -2.85171
-0.13396 -2.87147
-0.14041 -2.70010
-0.39122 -2.49202
-0.37430 -2.27756
-0.23061 -2.41732
-0.28536 -2.29580
-0.18119 -2.29392
-0.26967 -2.93212
-0.28260 -2.86126
-0.26784 -2.35079
-0.20635 -2.94005
-0.36701 -2.34751
-0.26217 -2.30881
-0.32250 -2.81074
-0.15580 -2.79145
-0.20051 -2.86334
-0.19163 -2.94738
-0.21720 -2.58014
-0.37851 -2.87524

-0.39091 -2.66540
-0.27625 -2.22803
-0.38101 -2.79097
-0.38358 -2.33286
-0.10097 -2.84264
-0.30968 -2.61392
-0.36048 -2.76005
-0.18738 -2.70593
-0.16896 -2.66254
-0.33164 -2.33198
-0.16047 -2.63111
-0.35948 -2.40254
-0.15579 -2.37259
-0.15334 -2.47272
-0.34496 -2.64605
-0.21270 -2.50612
-0.21858 -2.95780
-0.36487 -2.33555
-0.24051 -2.62157
-0.16878 -2.35354


0.06968 1.89958
0.06732 1.89289
0.07908 1.30012
0.15793 1.83969
0.08380 1.35802
0.10465 1.46872
0.07630 1.78157
0.07588 1.86852
0.10895 1.94521
0.13286 1.59895
0.13856 1.69452
0.15339 1.37291
0.07007 1.64969
0.12122 1.81240
0.11009 1.95126
0.12001 1.59868
0.08632 1.80756
0.07297 1.36920
0.12292 1.96323
0.09802 1.92700
