2 200 80

0.00000 1.00000
0.00000 1.00000


-0.11067 -4.88733
-0.28273 -4.97982
-0.16854 -5.05379
-0.32749 -4.62127
-0.26195 -4.86793
-0.15068 -4.89124
-0.17297 -4.78038
-0.23556 -4.62419
-0.19112 -5.04698
-0.27347 -5.25251
-0.38643 -5.05415
-0.15151 -5.14052
-0.11924 -4.59804
-0.20696 -4.54622
-0.27311 -5.02013
-0.37736 -5.26753
-0.10452 -4.74773
-0.18567 -5.03437
-0.37036 -4.66602
-0.14354 -5.19880
-0.12029 -5.26122
-0.23877 -4.72361
-0.31975 -4.83447
-0.14978 -4.72773
-0.26894 -4.95832
-0.35116 -5.07127
-0.14891 -4.89492
-0.20226 -4.99846
-0.27156 -5.06288
-0.34594 -4.69108
-0.15466 -4.88397
-0.24760 -4.59634
-0.20549 -5.10210
-0.32885 -4.88422
-0.29935 -5.02564
-0.15367 -5.11223
-0.29812 -4.69423
-0.26685 -4.98698
-0.11111 -4.60783
-0.11858 -5.00647
-0.19348 -4.83984
-0.31177 -5.03230
-0.29904 -5.20218
-0.37605 -4.92794
-0.35846 -4.66191
-0.32856 -4.56172
-0.25202 -4.85582
-0.20097 -4.60809
-0.25937 -4.73992
-0.29338 -5.25291
-0.37079 -4.78188
-0.27057 -4.76934
-0.37505 -4.80350
-0.24138 -5.27273
-0.28431 -4.59487
-0.28945 -5.26156
-0.16139 -4.54481
-0.11616 -4.83847
-0.25881 -4.71260
-0.33078 -4.59982
-0.21253 -4.80488
-0.11604 -4.52684
-0.35914 -5.10044
-0.15897 -5.09537
-0.22336 -5.00091
-0.24180 -5.25168
-0.31798 -5.18169
-0.13681 -4.57175
-0.36275 -4.80455
-0.23616 -4.76288
-0.39133 -4.78637
-0.18685 -5.21737
-0.32808 -5.18846
-0.27920 -4.97418
-0.23428 -4.69166
-0.24521 -4.69259
-0.35950 -4.92259
-0.31737 -4.60994
-0.39775 -4.92221
-0.16123 -5.05395
-0.36449 -5.11636
-0.31613 -5.16910
-0.22977 -4.63018
-0.30122 -4.71587
-0.26795 -5.07439
-0.14021 -4.83407
-0.28997 -4.96872
-0.12765 -5.25814
-0.38340 -4.81889
-0.16973 -4.72081
-0.10930 -4.71462
-0.34281 -4.80059
-0.19700 -4.88053
-0.36942 -4.60343
-0.29790 -5.21865
-0.15253 -4.84040
-0.24429 -4.62451
-0.30769 -4.76685
-0.26599 -4.72485
-0.37504 -4.69673
-0.32032 -4.83986
-0.14232 -4.84732
-0.16542 -4.59131
-0.10281 -4.64700
-0.28997 -5.19429
-0.20247 -4.73799
-0.24766 -4.91603
-0.25343 -4.77932
-0.28333 -5.05582
-0.23730 -4.78936
-0.20673 -4.65461
-0.35132 -4.73151
-0.14037 -4.86879
-0.35220 -5.11061
-0.11003 -4.81366
-0.24112 -5.03730
-0.16022 -5.16280
-0.25364 -4.80315
-0.29293 -4.94303
-0.28481 -4.98957
-0.19029 -4.85409
-0.32943 -4.80764
-0.36847 -5.14066
-0.10058 -4.81941
-0.16552 -5.00473
-0.36657 -4.81918
-0.32482 -4.92466
-0.26985 -4.63621
-0.27258 -4.79470
-0.14497 -5.22454
-0.17213 -4.70898
-0.28275 -5.06967
-0.11268 -4.92517
-0.27911 -4.86185
-0.14336 -5.14456
-0.15718 -5.19902
-0.28576 -4.69393
-0.33812 -4.67308
-0.16136 -5.00524
-0.10161 -4.53034
-0.37949 -4.71498
-0.21097 -4.77593
-0.19857 -4.83856
-0.22310 -4.84199
-0.37667 -4.67031
-0.20685 -5.18463
-0.23148 -4.92950
-0.27847 -5.11434
-0.24739 -4.69006
-0.15526 -4.88400
-0.35307 -5.19431
-0.12163 -4.68957
-0.26054 -4.94362
-0.18060 -4.80017
-0.12230 -4.71683
-0.36691 -4.59436
-0.22985 -4.76936
-0.31329 -4.70148
-0.26892 -5.26836
-0.21364 -4.57118
-0.11060 -4.80554
-0.16919 -5.14403
-0.18744 -4.88148
-0.17601 -4.74886
-0.34515 -4.97083
-0.23526 -4.80350
-0.38138 -4.66102
-0.33207 -5.12471
-0.10272 -5.13329
-0.18945 -4.73523
-0.29859 -4.77394
-0.10764 -5.01107
-0.20940 -4.53079
-0.38411 -4.96329
-0.13516 -4.77516
-0.18690 -4.92414
-0.11052 -5.20212
-0.39060 -4.62595
-0.39876 -4.55842
-0.30630 -5.00447
-0.19632 -5.21967
-0.18603 -4.80368
-0.10506 -5.16879
-0.15242 -4.58580
-0.27373 -5.10596
-0.30006 -5.11334
-0.24778 -5.27658
-0.32805 -5.20533
-0.20884 -4.57883
-0.39963 -4.76128
-0.38803 -4.64828
-0.35727 -4.60283
-0.36054 -4.67174
-0.19841 -4.60590
-0.14713 -4.59720
-0.38404 -5.15171
-0.30022 -4.63103
-0.11980 -4.64387
-0.31554 -4.57843
-0.33280 -4.97712

-0.11568 -4.69710
-0.17762 -4.57187
-0.36000 -5.04862
-0.14928 -5.03040
-0.19196 -5.16735
-0.27225 -5.27781
-0.12868 -5.05828
-0.15077 -4.53200
-0.14747 -4.88484
-0.33901 -4.65176
-0.24034 -4.96517
-0.15487 -5.06171
-0.28163 -5.20268
-0.21688 -5.17703
-0.24592 -4.87701
-0.19974 -5.13625
-0.32422 -4.99133
-0.39265 -4.74333
-0.39555 -5.20949
-0.33494 -4.74321
-0.19798 -5.08621
-0.37029 -4.59773
-0.11214 -4.65220
-0.12060 -4.84895
-0.13541 -4.78989
-0.28090 -5.06548
-0.39880 -4.85830
-0.10275 -5.06700
-0.36625 -5.19061
-0.10101 -5.11470
-0.23102 -4.66382
-0.27876 -5.23376
-0.16795 -4.84398
-0.35489 -5.05161
-0.29760 -4.85041
-0.24543 -5.09155
-0.24304 -4.73911
-0.22295 -5.17583
-0.30852 -4.88547
-0.18792 -4.83900
-0.28068 -5.09960
-0.11955 -4.93315
-0.12914 -4.71304
-0.22455 -4.70833
-0.18024 -4.70017
-0.39117 -4.83967
-0.14383 -4.79183
-0.26754 -5.21098
-0.32633 -4.71019
-0.11794 -4.92659
-0.30687 -4.60933
-0.20838 -4.58245
-0.29495 -4.73340
-0.12500 -4.54465
-0.36135 -4.96634
-0.32311 -4.55480
-0.21064 -4.73701
-0.29894 -4.67884
-0.13544 -5.15184
-0.34736 -5.14536
-0.33597 -4.59138
-0.36917 -4.91383
-0.21152 -4.76661
-0.34548 -4.74723
-0.37528 -4.97490
-0.20447 -4.72004
-0.15628 -4.74702
-0.27817 -4.56811
-0.23935 -4.62987
-0.19699 -5.04471
-0.37819 -4.62057
-0.28869 -5.08730
-0.36951 -5.24535
-0.38892 -4.55103
-0.39701 -5.17051
-0.39728 -4.91132
-0.13114 -5.04829
-0.39008 -4.77674
-0.13772 -4.80097
-0.22805 -5.18988
-0.24460 -4.92202
-0.38890 -4.57545
-0.35503 -5.17272
-0.39201 -4.81624
-0.26494 -4.93182
-0.28925 -5.19902
-0.27169 -4.92146
-0.15144 -4.78651
-0.35823 -5.22918
-0.36410 -4.88199
-0.31526 -4.62175
-0.21804 -5.08191
-0.26260 -4.55983
-0.36063 -4.70502
-0.27742 -4.84727
-0.14035 -4.78542
-0.14508 -4.70432
-0.36466 -5.13057
-0.13978 -5.13095
-0.17785 -4.93258
-0.19335 -4.56872
-0.39389 -4.85298
-0.29577 -4.66931
-0.36894 -4.80421
-0.29632 -4.73100
-0.11006 -5.13015
-0.28679 -4.62682
-0.12354 -5.22293
-0.26736 -4.56003
-0.22897 -5.21642
-0.25972 -5.10373
-0.20255 -4.99479
-0.15556 -4.96204
-0.18009 -5.02039
-0.13339 -4.96427
-0.37943 -4.53248
-0.16610 -4.79530
-0.27481 -4.74341
-0.15510 -4.64280
-0.29939 -5.19278
-0.19672 -5.03219
-0.11547 -4.82980
-0.14650 -4.68486
-0.37614 -4.91877
-0.28187 -5.03133
-0.36216 -4.69000
-0.30114 -5.05526
-0.19337 -4.61015
-0.25240 -4.66086
-0.32082 -4.59846
-0.21322 -4.86490
-0.27805 -4.90416
-0.32494 -4.86059
-0.23445 -4.62474
-0.38092 -4.99809
-0.26242 -5.14061
-0.20076 -4.73263
-0.23237 -5.04516
-0.14031 -4.53773
-0.29847 -4.52750
-0.18599 -4.63558
-0.10743 -4.99979
-0.32736 -5.19004
-0.31031 -5.26294
-0.11595 -5.12239
-0.16766 -4.54295
-0.13002 -5.19294
-0.23828 -4.98295
-0.28066 -5.16640
-0.29672 -5.16915
-0.22954 -5.14111
-0.39950 -5.14339
-0.21492 -4.86802
-0.14486 -4.89617
-0.28646 -4.88639
-0.10211 -4.70524
-0.19765 -4.75660
-0.33661 -4.57700
-0.13217 -4.58253
-0.12711 -5.23402
-0.18851 -4.98789
-0.24645 -4.52833
-0.31805 -5.20087
-0.30233 -4.70658
-0.12719 -5.04496
-0.14959 -5.25278
-0.13930 -5.25652
-0.22967 -4.54058
-0.35039 -4.56298
-0.10229 -4.58692
-0.20580 -4.83850
-0.37719 -4.90701
-0.24918 -5.18472
-0.10859 -4.83925
-0.38038 -4.66869
-0.12463 -5.16797
-0.25631 -4.67817
-0.38022 -4.57471
-0.39037 -4.72931
-0.22445 -5.24661
-0.12701 -4.67631
-0.25777 -4.93320
-0.36391 -5.07475
-0.36074 -4.66415
-0.30040 -4.57028
-0.38808 -4.59143
-0.10617 -5.21946
-0.36391 -5.20141
-0.34128 -5.26113
-0.39766 -5.06216
-0.15801 -4.58366
-0.12148 -4.64270
-0.24652 -4.78051
-0.21465 -5.22386
-0.22067 -5.17035
-0.15049 -4.73830
-0.13659 -4.60234
-0.11660 -5.12414
-0.21383 -4.95291
-0.39032 -4.57255


0.11185 1.87443
0.12282 1.66279
0.10842 1.83651
0.10892 1.27263
0.09660 1.24976
0.10262 1.59801
0.12271 1.24984
0.14189 1.91236
0.06174 1.78863
0.13706 1.93679
0.06965 1.89245
0.09510 1.86616
0.08864 1.46179
0.08581 1.76422
0.11220 1.47140
0.11493 1.84662
0.12710 1.97234
0.14363 1.23822
0.10511 1.59661
0.10032 1.23224
0.08000 1.47711
0.15982 1.33492
0.09598 1.56667
0.13727 1.67710
0.09751 1.98538
0.09233 1.67465
0.06330 1.85604
0.09236 1.91840
0.10401 1.65838
0.09659 1.81701
0.06060 1.47701
0.13953 1.94160
0.08125 1.76522
0.08333 1.75691
0.11538 1.51951
0.08551 1.58275
0.13834 1.51225
0.07553 1.32559
0.07185 1.27518
0.15498 1.36382
0.10999 1.80040
0.15746 1.22768
0.15882 1.28257
0.14363 1.29309
0.06164 1.56076
0.15212 1.80622
0.06492 1.60805
0.15548 1.38581
0.13883 1.81435
0.07926 1.55746
0.12839 1.92043
0.07101 1.82093
0.15744 1.29187
0.12596 1.62887
0.09304 1.76308
0.10163 1.28160
0.08402 1.95877
0.11537 1.21697
0.15416 1.53818
0.14605 1.41556
0.09180 1.85252
0.14458 1.37029
0.06922 1.68898
0.07308 1.24058
0.14913 1.47844
0.09617 1.84437
0.12038 1.26327
0.10436 1.56528
0.14689 1.24367
0.14080 1.24885
0.11588 1.53279
0.10533 1.97742
0.11089 1.54824
0.09501 1.76476
0.08844 1.84483
0.13660 1.84970
0.13607 1.64344
0.11260 1.46563
0.12403 1.20969
0.11510 1.34489
0.14628 1.33726
0.09373 1.70858
0.13704 1.57258
0.10780 1.71170
0.09835 1.62502
0.07817 1.89029
0.10135 1.59215
0.10214 1.58336
0.08679 1.54158
0.06218 1.27534
0.07756 1.87347
0.07578 1.84475
0.06379 1.48127
0.12888 1.78782
0.14775 1.85182
0.07459 1.92251
0.13717 1.62107
0.09321 1.29567
0.09430 1.35008
0.07915 1.98746
0.11139 1.96610
0.09466 1.55335
0.15644 1.67939
0.15624 1.91375
0.13095 1.69304
0.12052 1.76033
0.15196 1.48356
0.11871 1.28949
0.09140 1.44193
0.08354 1.49441
0.13207 1.68997
0.08512 1.83912
0.10140 1.69085
0.12111 1.92417
0.13194 1.48063
0.11186 1.72694
0.08242 1.63246
0.08766 1.21458
0.08789 1.35202
0.08291 1.83706
0.08198 1.78003
0.12686 1.75229
0.08046 1.54158
0.11957 1.72029
0.07028 1.76213
0.10210 1.31267
0.09354 1.86526
0.14477 1.99386
0.14184 1.76209
0.15842 1.99251
0.15698 1.87031
0.07762 1.31795
0.10471 1.92871
0.10533 1.40419
0.09105 1.38883
0.08346 1.35384
0.08491 1.34781
0.07506 1.23321
0.11847 1.41748
0.11967 1.56834
0.12010 1.46797
0.14355 1.53966
0.15096 1.64443
0.12120 1.84763
0.14474 1.61832
0.12588 1.41325
0.09725 1.96265
0.13622 1.25341
0.08753 1.62959
0.07996 1.62336
0.14352 1.74139
0.09008 1.98356
0.14351 1.32167
0.07855 1.57121
0.12038 1.80147
0.07332 1.33731
0.14718 1.58883
0.10365 1.57609
0.06942 1.91973
0.10421 1.21373
0.10114 1.39889
0.15664 1.28527
0.08716 1.31846
0.07006 1.34507
0.12248 1.57188
0.13036 1.33485
0.10900 1.92916
0.06086 1.49738
0.12763 1.25310
0.13095 1.65662
0.15609 1.78609
0.06994 1.55003
0.13553 1.63136
0.14137 1.69138
0.07902 1.38088
0.14374 1.60985
0.15222 1.30286
0.12995 1.36635
0.10927 1.80837
0.10241 1.93859
0.08065 1.57036
0.10952 1.92097
0.06418 1.25656
0.15122 1.32837
0.10207 1.46139
0.06230 1.28323
0.14451 1.59810
0.06995 1.78282
0.10287 1.48189
0.14235 1.96328
0.07691 1.27190
0.10700 1.62189
0.10158 1.27752
0.09513 1.46444
0.07794 1.53761
0.15815 1.54561
0.13626 1.42497
0.15304 1.82492
0.10130 1.92109
0.07840 1.32565
