2 200 120

0.00000 1.00000
0.00000 1.00000


-0.10218 -4.63093
-0.38207 -4.92247
-0.23311 -5.07735
-0.26688 -4.63402
-0.31678 -4.90654
-0.25851 -4.79321
-0.39848 -5.26030
-0.14782 -4.74554
-0.16383 -4.93670
-0.25911 -5.03263
-0.23179 -5.13104
-0.29528 -4.96896
-0.11310 -4.57006
-0.30413 -4.61061
-0.10859 -4.86323
-0.21040 -4.97888
-0.31080 -5.02835
-0.26089 -4.58848
-0.24961 -4.92008
-0.37058 -4.62933
-0.11969 -5.02465
-0.32759 -4.74509
-0.17793 -4.49691
-0.13721 -4.54789
-0.36313 -4.69722
-0.11324 -4.57009
-0.15458 -5.14298
-0.19550 -4.89258
-0.37262 -4.77418
-0.17491 -4.84338
-0.27878 -4.81219
-0.17672 -5.08998
-0.34190 -4.53409
-0.12577 -4.57085
-0.26814 -4.73638
-0.22506 -4.72389
-0.22144 -4.54719
-0.37302 -4.70742
-0.37880 -4.62538
-0.23077 -4.78151
-0.32645 -4.84557
-0.35847 -4.69536
-0.20911 -4.72435
-0.24262 -4.97973
-0.25590 -4.59501
-0.14700 -4.51479
-0.33359 -5.24215
-0.29409 -4.95263
-0.27820 -4.98307
-0.23478 -4.74796
-0.20565 -5.18437
-0.31337 -4.49212
-0.30047 -5.22760
-0.29611 -4.51926
-0.28843 -4.85327
-0.21336 -4.90369
-0.16632 -5.12017
-0.28040 -5.11272
-0.21837 -4.87697
-0.33939 -4.77223
-0.31838 -5.14830
-0.20814 -5.21291
-0.19062 -5.16933
-0.12571 -4.54976
-0.32813 -5.18173
-0.18150 -4.94210
-0.33920 -4.99250
-0.20027 -4.88945
-0.24871 -4.97789
-0.16900 -4.76839
-0.26901 -4.54852
-0.15131 -5.18715
-0.37838 -4.80522
-0.23499 -5.05336
-0.38303 -5.22592
-0.12190 -4.91070
-0.13875 -4.94612
-0.24370 -5.10467
-0.23507 -5.13986
-0.26865 -4.84302
-0.15958 -4.81854
-0.10155 -4.73546
-0.24711 -4.78855
-0.39761 -5.24754
-0.23631 -4.99063
-0.29236 -5.26660
-0.34619 -5.26411
-0.10737 -4.98414
-0.28371 -4.93552
-0.14815 -5.10197
-0.22187 -4.79056
-0.10399 -4.69697
-0.12817 -5.13892
-0.19798 -4.69685
-0.14220 -5.25403
-0.17541 -4.84340
-0.33937 -4.56438
-0.27224 -4.82996
-0.10405 -5.18570
-0.36262 -4.59601
-0.15750 -4.66922
-0.32262 -4.71990
-0.36210 -4.59249
-0.26233 -4.99868
-0.35716 -5.20479
-0.10818 -5.25162
-0.11170 -4.48753
-0.32877 -4.64912
-0.28050 -5.07498
-0.17001 -5.12291
-0.34611 -5.24484
-0.16873 -4.81033
-0.12999 -4.52167
-0.17462 -4.54112
-0.15099 -5.20463
-0.11316 -5.07960
-0.29946 -4.88769
-0.31451 -5.16558
-0.32614 -4.83625
-0.23417 -4.82285
-0.13240 -4.78719
-0.36070 -4.68800
-0.25249 -4.71882
-0.33425 -5.25283
-0.35858 -4.54628
-0.29988 -4.64289
-0.16450 -5.11267
-0.21217 -4.98821
-0.19888 -4.60614
-0.15052 -4.97231
-0.24279 -4.64425
-0.37380 -4.48835
-0.37162 -4.77832
-0.18066 -5.20422
-0.11223 -4.60352
-0.32315 -4.74156
-0.21746 -4.66004
-0.17237 -4.65908
-0.27663 -4.54556
-0.35847 -4.48921
-0.13233 -5.04663
-0.21108 -5.16121
-0.22541 -4.96848
-0.20557 -4.64512
-0.12083 -4.67640
-0.21313 -4.73391
-0.25740 -4.94594
-0.21889 -4.78021
-0.32745 -5.01015
-0.38163 -4.49496
-0.20245 -4.62725
-0.17022 -4.94671
-0.33034 -4.87169
-0.19737 -4.50428
-0.13621 -4.53322
-0.19948 -4.72531
-0.20353 -5.00271
-0.31440 -5.16706
-0.38343 -5.23996
-0.18966 -4.70131
-0.37555 -4.62466
-0.18307 -4.60732
-0.12531 -4.90587
-0.23821 -4.73710
-0.21217 -5.00746
-0.29183 -4.65172
-0.31549 -4.64961
-0.37004 -5.18550
-0.16364 -5.06178
-0.11952 -5.26191
-0.37750 -4.65499
-0.37181 -5.03580
-0.19349 -4.78061
-0.39219 -5.02565
-0.32672 -4.70648
-0.22625 -4.48897
-0.14644 -4.94101
-0.12656 -5.13747
-0.10036 -5.12841
-0.20808 -4.74724
-0.14118 -4.80097
-0.25609 -5.25472
-0.15563 -4.62234
-0.19894 -4.64377
-0.15873 -5.19747
-0.20293 -4.54158
-0.22524 -5.22656
-0.35172 -4.65317
-0.18542 -5.22444
-0.34243 -5.21692
-0.20136 -5.02144
-0.31027 -4.50660
-0.10603 -4.91050
-0.23780 -5.03325
-0.31402 -5.23208
-0.37928 -4.85639
-0.27746 -5.20324
-0.15019 -4.77036
-0.12292 -4.51110
-0.38059 -4.76876

-0.26554 -4.88475
-0.27707 -5.02169
-0.15764 -5.19806
-0.25134 -5.02864
-0.21694 -4.82724
-0.21527 -4.88373
-0.15335 -4.75239
-0.34614 -5.06873
-0.36986 -5.05578
-0.11332 -4.59096
-0.26752 -5.01263
-0.26507 -4.71346
-0.12366 -4.61360
-0.14898 -4.81435
-0.27252 -4.53903
-0.35124 -4.88732
-0.39409 -4.76984
-0.16301 -4.81577
-0.15747 -5.25616
-0.25600 -4.91716
-0.12173 -4.73344
-0.17562 -4.82108
-0.30669 -5.19689
-0.32008 -4.61320
-0.36915 -4.75884
-0.22426 -4.68929
-0.26913 -4.98147
-0.32610 -4.78855
-0.16134 -4.76453
-0.35350 -5.07248
-0.21950 -4.79089
-0.33414 -4.89084
-0.26869 -4.56008
-0.35971 -5.03653
-0.32630 -5.17871
-0.39687 -4.54897
-0.23105 -5.09552
-0.29427 -5.11085
-0.38627 -4.55246
-0.15190 -4.83595
-0.25361 -5.02023
-0.13949 -4.54049
-0.18723 -4.57745
-0.35643 -4.75892
-0.38490 -5.12068
-0.18600 -5.05933
-0.36156 -4.60163
-0.33136 -5.23870
-0.28263 -5.06943
-0.28069 -4.99985
-0.37805 -4.95140
-0.13958 -5.26360
-0.25813 -5.04888
-0.22851 -4.56929
-0.26839 -4.82262
-0.21528 -4.81214
-0.33024 -4.84472
-0.31490 -4.57756
-0.20023 -4.91254
-0.28230 -4.84138
-0.25872 -4.60536
-0.17388 -4.49417
-0.16137 -5.19596
-0.10416 -5.05324
-0.12271 -4.74749
-0.22560 -4.75689
-0.38117 -5.19175
-0.27962 -5.03780
-0.13182 -5.14807
-0.10917 -4.86644
-0.29427 -4.60772
-0.31665 -5.24376
-0.19262 -5.03046
-0.19575 -5.08271
-0.33575 -5.26128
-0.30501 -4.90452
-0.20649 -4.65144
-0.12142 -5.19651
-0.23906 -4.54051
-0.28061 -4.87917
-0.18790 -5.06654
-0.12405 -5.13036
-0.35754 -4.84183
-0.14198 -4.78931
-0.37150 -5.23002
-0.38779 -4.75366
-0.27208 -4.84445
-0.28939 -5.11250
-0.39846 -4.61660
-0.18541 -5.04951
-0.11885 -4.91861
-0.33195 -4.74488
-0.34873 -4.63284
-0.38152 -4.58684
-0.19922 -5.17941
-0.16362 -5.15629
-0.37319 -5.08329
-0.17105 -5.18243
-0.20340 -5.15869
-0.18136 -4.67274
-0.20735 -4.54385
-0.17525 -4.98011
-0.29013 -5.11420
-0.15274 -5.20182
-0.35088 -5.00029
-0.17853 -4.58666
-0.32598 -4.69121
-0.25509 -4.90473
-0.18012 -4.77499
-0.26651 -4.95086
-0.16518 -4.89213
-0.28722 -5.22507
-0.10343 -4.56363
-0.27868 -4.78862
-0.13983 -5.10391
-0.19209 -4.49066
-0.19344 -5.20001
-0.34822 -5.08727
-0.22174 -5.14712
-0.27914 -5.23340
-0.28357 -4.95907
-0.28970 -5.25237
-0.16416 -4.97358
-0.30457 -4.86236
-0.23958 -5.23261
-0.10413 -5.17704
-0.18616 -4.49778
-0.17121 -4.95856
-0.10954 -4.58506
-0.22630 -4.95369
-0.23604 -4.90826
-0.38369 -4.72035
-0.35274 -5.00370
-0.37349 -4.76233
-0.18045 -4.64318
-0.24246 -5.19983
-0.21709 -5.13887
-0.34801 -4.63949
-0.15019 -4.55425
-0.19506 -5.23429
-0.36729 -5.11333
-0.16090 -4.78223
-0.34673 -4.73082
-0.25226 -5.09483
-0.19534 -5.23831
-0.10340 -4.85331
-0.30952 -4.61364
-0.34838 -4.63658
-0.30931 -4.75579
-0.14944 -4.76144
-0.25473 -5.15665
-0.38910 -4.68409
-0.37226 -4.66937
-0.16769 -5.18870
-0.32219 -5.02179
-0.36487 -4.85752
-0.22862 -4.94797
-0.21103 -4.57352
-0.11914 -5.15596
-0.18497 -4.99778
-0.26501 -5.03386
-0.28383 -4.58456
-0.33635 -4.63667
-0.16172 -4.57437
-0.10029 -4.52438
-0.34220 -4.65991
-0.19770 -5.03708
-0.36667 -4.77980
-0.19191 -5.14016
-0.26125 -4.88342
-0.31937 -5.08404
-0.34496 -4.92214
-0.29116 -4.57457
-0.37899 -5.04950
-0.26829 -4.62195
-0.26109 -4.91567
-0.24851 -4.65822
-0.20614 -5.21240
-0.39016 -4.86192
-0.16564 -4.93127
-0.37796 -4.76168
-0.19026 -5.18338
-0.29772 -4.59083
-0.30093 -5.22159
-0.32969 -4.80519
-0.14441 -4.91558
-0.19323 -4.62417
-0.30365 -4.60576
-0.21824 -5.01465
-0.12626 -4.72540
-0.22629 -4.78895
-0.34315 -5.03115
-0.39986 -4.92116
-0.23269 -4.74346
-0.18895 -5.22903
-0.16543 -4.68522
-0.38909 -4.61400
-0.11678 -5.23233
-0.15638 -4.85023
-0.10429 -4.87686


0.11951 2.02533
0.09311 2.48835
0.17746 2.14372
0.14344 2.46828
0.13283 2.30888
0.14440 2.77682
0.14746 2.88727
0.13057 1.91690
0.19183 2.04943
0.22316 2.36273
0.16298 2.03667
0.13378 2.60066
0.12373 2.04392
0.22091 2.77660
0.11987 2.67583
0.10032 2.75976
0.10038 2.26477
0.11710 1.84464
0.17955 2.68446
0.22936 1.96900
0.12973 2.55695
0.17858 2.68383
0.22593 1.85956
0.19996 2.07994
0.10564 1.96335
0.19136 2.88238
0.20084 2.63457
0.19120 1.81698
0.12503 2.87602
0.18588 2.92645
0.21680 1.93609
0.12659 1.81470
0.20944 2.19926
0.21011 1.89523
0.20052 2.04787
0.21625 2.35023
0.16466 2.39151
0.18705 2.91925
0.16207 2.72611
0.14141 2.29668
0.14813 2.10511
0.10041 2.35862
0.09167 2.94961
0.11351 2.56115
0.13680 2.86058
0.20483 2.96395
0.13417 2.32187
0.12140 1.87494
0.12809 2.48297
0.23292 2.35372
0.20454 2.30194
0.22284 1.93780
0.17270 1.99754
0.14610 2.04471
0.13611 2.29917
0.16836 2.16360
0.17881 2.84854
0.15757 2.75517
0.17615 2.26226
0.10608 1.84837
0.17850 2.99455
0.22045 2.08452
0.10813 2.27783
0.13942 1.92399
0.17926 2.16703
0.23346 2.69920
0.15780 2.53478
0.15446 2.71162
0.14892 2.90074
0.22675 2.72719
0.15204 1.91455
0.10714 2.35985
0.13718 1.99132
0.17897 2.11586
0.14550 2.37874
0.13672 2.97201
0.14928 2.51900
0.21584 2.51874
0.16667 2.26654
0.19388 2.27561
0.15426 2.12640
0.12667 2.97651
0.10413 1.98620
0.20835 1.93966
0.20801 2.86409
0.12749 2.31962
0.21178 2.75227
0.22830 2.23821
0.12895 2.61817
0.23339 2.50812
0.12336 2.75981
0.16068 2.88831
0.13849 2.57608
0.10931 1.88054
0.10001 2.49954
0.18771 2.19918
0.17276 2.43135
0.12936 2.30843
0.17171 1.90662
0.21089 2.60593
0.17134 2.38972
0.14965 2.37598
0.16516 1.95016
0.14844 1.81520
0.18683 2.53407
0.14023 1.90440
0.23026 1.94417
0.19880 2.09606
0.09168 1.85872
0.16015 2.47105
0.18081 2.60376
0.21724 1.84118
0.12328 2.20395
0.19321 2.47435
0.18843 2.07574
0.09097 2.69459
0.20670 1.87993
0.18561 2.98326
0.14489 2.54643
0.15523 2.65108
0.16768 2.44854
0.19272 2.09834
0.10869 2.93908
0.20142 2.67938
0.23940 2.82182
0.21607 2.60779
0.16122 2.47557
0.17711 2.72068
0.21321 2.71558
0.21762 2.10819
0.15209 2.27211
0.19725 2.93643
0.09781 2.84784
0.20331 2.61902
0.19302 2.03484
0.09454 2.33883
0.12726 1.86125
0.20104 2.99002
0.14058 2.22305
0.18707 2.64062
0.10511 2.53202
0.14809 2.61946
0.10779 2.81256
0.18744 2.14291
0.19174 2.20601
0.12347 2.53905
0.18153 2.96214
0.11354 2.24577
0.16373 1.98342
0.22118 2.19800
0.23544 2.34791
0.21266 2.55156
0.18954 2.76732
0.20315 2.22485
0.21787 2.62870
0.22637 2.76685
0.18671 2.90067
0.16789 2.17161
0.14793 2.70214
0.14126 2.25074
0.15193 1.97963
0.23402 2.02848
0.20204 2.04476
0.12473 2.23343
0.15773 2.93065
0.23571 2.91626
0.14227 2.25336
0.20172 2.92555
0.18152 1.88724
0.09659 2.84370
0.19104 1.80616
0.15814 2.31942
0.20279 2.49343
0.13170 2.40718
0.15049 2.76361
0.09569 2.97535
0.09358 2.70279
0.09292 2.40792
0.14742 2.45357
0.20798 2.71645
0.14657 2.32498
0.23147 2.47933
0.12740 1.94959
0.14758 2.11466
0.23509 2.06678
0.22428 2.81555
0.17352 2.67864
0.18058 2.61988
0.15751 2.15369
0.18092 2.23067
0.10925 1.95133
0.17153 2.34609
0.12738 2.38183
0.09835 2.85718
0.17491 2.73984
0.21665 2.81249
0.20194 2.56255
0.20644 2.52008
0.17752 2.64312
0.15230 2.49005
