2 200 120

0.00000 1.00000
0.00000 1.00000


-0.34949 -4.91609
-0.28635 -5.12166
-0.35515 -4.59065
-0.35332 -5.09051
-0.14103 -4.71961
-0.27619 -4.93124
-0.14187 -4.84853
-0.14299 -5.04862
-0.16248 -4.90948
-0.13465 -4.59813
-0.25954 -4.88745
-0.34434 -4.51370
-0.36065 -4.83051
-0.17867 -4.79351
-0.12708 -4.77573
-0.24779 -5.06998
-0.25618 -4.74878
-0.38180 -5.20288
-0.10381 -5.23054
-0.36776 -4.92800
-0.29398 -5.04683
-0.31788 -4.96334
-0.11349 -4.98365
-0.37303 -4.69334
-0.30191 -4.72350
-0.15416 -4.72933
-0.11466 -4.65935
-0.37858 -5.17813
-0.26906 -4.49633
-0.29885 -4.97665
-0.31815 -4.67028
-0.15009 -5.08431
-0.39798 -4.50029
-0.15043 -5.03799
-0.37090 -4.60904
-0.28278 -5.24423
-0.27018 -5.17006
-0.28725 -4.63540
-0.21600 -5.11393
-0.11929 -5.22739
-0.34389 -4.85820
-0.31653 -4.95160
-0.26699 -4.59561
-0.32385 -5.15543
-0.24235 -4.80695
-0.39008 -4.65280
-0.30347 -4.86682
-0.28116 -5.10839
-0.25041 -4.83378
-0.36348 -5.12129
-0.31171 -5.22720
-0.28572 -4.63905
-0.22042 -4.93395
-0.32988 -4.74291
-0.18910 -4.94724
-0.37888 -5.00331
-0.34064 -4.59947
-0.29181 -4.65499
-0.12429 -4.66275
-0.24077 -4.74441
-0.32137 -4.61956
-0.18623 -4.98648
-0.39324 -4.52714
-0.16170 -5.19930
-0.32421 -4.63177
-0.23168 -4.63935
-0.11636 -4.84925
-0.27891 -4.64037
-0.34472 -4.66558
-0.32703 -4.50742
-0.37894 -4.72610
-0.19948 -4.57084
-0.23001 -5.22070
-0.23842 -4.76000
-0.15544 -5.26687
-0.31231 -4.67115
-0.37169 -5.08685
-0.10285 -4.49247
-0.16760 -4.57120
-0.24134 -4.75650
-0.11831 -4.83992
-0.34868 -5.02536
-0.10109 -5.15374
-0.20850 -4.88647
-0.30195 -5.10521
-0.26820 -4.74146
-0.15082 -5.11009
-0.25125 -5.01288
-0.28439 -4.73619
-0.24825 -4.50882
-0.32373 -4.77411
-0.28214 -4.64420
-0.24040 -5.19019
-0.23687 -4.61064
-0.34154 -5.10386
-0.25949 -4.57418
-0.15814 -4.63018
-0.32198 -4.50934
-0.23351 -5.01027
-0.12540 -4.87596
-0.35964 -4.85854
-0.34551 -4.80863
-0.38394 -5.24012
-0.25167 -5.10285
-0.16219 -4.70380
-0.23465 -4.78917
-0.14211 -4.68676
-0.31969 -4.50204
-0.21885 -5.19206
-0.27037 -5.06243
-0.33689 -5.14331
-0.32572 -5.07812
-0.15689 -4.50578
-0.37722 -4.89513
-0.11543 -4.77217
-0.11364 -4.74749
-0.20891 -4.52397
-0.36487 -4.80166
-0.31611 -5.21769
-0.34315 -4.94723
-0.26477 -4.86871
-0.16073 -4.83284
-0.34545 -5.13951
-0.21986 -4.86856
-0.17225 -4.91987
-0.39927 -5.02399
-0.13312 -5.15621
-0.37905 -5.26646
-0.35328 -4.65386
-0.22097 -4.98256
-0.18667 -4.54764
-0.12207 -4.59575
-0.23155 -5.13277
-0.37647 -4.73711
-0.28070 -4.57817
-0.31606 -4.82341
-0.31985 -4.72071
-0.17191 -4.51849
-0.32802 -4.81017
-0.27540 -4.61259
-0.21681 -4.60362
-0.37798 -4.71959
-0.37948 -4.63324
-0.33930 -4.73538
-0.15059 -5.12360
-0.29571 -5.13217
-0.19468 -4.62890
-0.37204 -5.10978
-0.14354 -5.19228
-0.23852 -5.10124
-0.10322 -4.80931
-0.34789 -5.19259
-0.32651 -4.62855
-0.32888 -5.03419
-0.17943 -4.66828
-0.14667 -4.78367
-0.38050 -4.61770
-0.23364 -4.68105
-0.35725 -5.02141
-0.17532 -5.00554
-0.25244 -4.99948
-0.13898 -4.77341
-0.38019 -4.68053
-0.24580 -5.23168
-0.38549 -4.64795
-0.18734 -4.55640
-0.10780 -4.67760
-0.31885 -5.24571
-0.29634 -4.76071
-0.15087 -5.15811
-0.38712 -4.64193
-0.38458 -5.09094
-0.37102 -5.25021
-0.36231 -4.63435
-0.14187 -4.65435
-0.35575 -4.58211
-0.27948 -4.81414
-0.37048 -5.24871
-0.38872 -4.58707
-0.39916 -4.52510
-0.35191 -4.54771
-0.15807 -5.22181
-0.36603 -4.90613
-0.17847 -4.70283
-0.15277 -5.21810
-0.12100 -4.77625
-0.21101 -4.88298
-0.33224 -5.02364
-0.38564 -4.68636
-0.34551 -5.00717
-0.31195 -4.54341
-0.35764 -4.94992
-0.26903 -5.10917
-0.12574 -5.03954
-0.29504 -4.76675
-0.29991 -4.72964
-0.22496 -5.14774
-0.35551 -4.67741
-0.21309 -4.54047
-0.12189 -5.00598

-0.36133 -4.80355
-0.36820 -5.18487
-0.27001 -5.13350
-0.38985 -4.92831
-0.37258 -5.23858
-0.31518 -4.90821
-0.39676 -5.20730
-0.32720 -4.49258
-0.32976 -5.18679
-0.27421 -4.57101
-0.24379 -4.95298
-0.28532 -5.25689
-0.22776 -4.75300
-0.14880 -5.03764
-0.17675 -4.81179
-0.11766 -5.19407
-0.37303 -4.60338
-0.25063 -5.00972
-0.31374 -5.03765
-0.31789 -4.55703
-0.15127 -4.72937
-0.26369 -4.55483
-0.32917 -5.12454
-0.17094 -4.80295
-0.29709 -4.73073
-0.15133 -5.25760
-0.28559 -5.05320
-0.28986 -4.94662
-0.33308 -4.53933
-0.31522 -4.95831
-0.34292 -4.91667
-0.37242 -4.71423
-0.15318 -5.12513
-0.20925 -4.84600
-0.11505 -4.91734
-0.39423 -5.13910
-0.20247 -4.71943
-0.20947 -5.17557
-0.22182 -5.10921
-0.25228 -5.00280
-0.31611 -4.63040
-0.20581 -4.67200
-0.29325 -4.99340
-0.13549 -4.70539
-0.17774 -4.55571
-0.34583 -5.01314
-0.16169 -4.90166
-0.25831 -5.16815
-0.29783 -5.24047
-0.18239 -4.59574
-0.14351 -4.71878
-0.23092 -4.70410
-0.14620 -4.63835
-0.33938 -5.23460
-0.18403 -4.71475
-0.36690 -5.13712
-0.33449 -5.08573
-0.11700 -4.73117
-0.10863 -4.83884
-0.11858 -5.08225
-0.36299 -5.16001
-0.31663 -4.82198
-0.12394 -4.89412
-0.18009 -4.50235
-0.12377 -4.66747
-0.12651 -4.77369
-0.39699 -4.61034
-0.23220 -4.56535
-0.16810 -5.15420
-0.16952 -4.80725
-0.17249 -4.56180
-0.22512 -5.10112
-0.26350 -4.67466
-0.23706 -4.80325
-0.37435 -5.18344
-0.18738 -4.90549
-0.18525 -5.19638
-0.15858 -4.55744
-0.33930 -4.81117
-0.32992 -4.77387
-0.20281 -4.75315
-0.35965 -5.22622
-0.19588 -4.84918
-0.11900 -5.11915
-0.27181 -5.14863
-0.12533 -4.71655
-0.29793 -4.65962
-0.32330 -4.85970
-0.34845 -5.23672
-0.19970 -4.70191
-0.35050 -5.09201
-0.34923 -4.77642
-0.26936 -4.84269
-0.25215 -4.53190
-0.32181 -4.76213
-0.20310 -4.73252
-0.30110 -4.55403
-0.11442 -4.91706
-0.19753 -4.63163
-0.34331 -4.48900
-0.10468 -5.23165
-0.33510 -5.01177
-0.22604 -5.01107
-0.32721 -4.97807
-0.19841 -4.95956
-0.39653 -4.72896
-0.17075 -4.73194
-0.29151 -4.98168
-0.17966 -5.13933
-0.28809 -4.64638
-0.36309 -4.84974
-0.36151 -4.67026
-0.13929 -5.14428
-0.29059 -4.67865
-0.39594 -4.94637
-0.25774 -4.69096
-0.38120 -4.63493
-0.36142 -5.21238
-0.10914 -4.53561
-0.26681 -4.50543
-0.37341 -4.83126
-0.29888 -4.54866
-0.34188 -4.76956
-0.37779 -4.94111
-0.39556 -4.67230
-0.29139 -5.15467
-0.28009 -4.79424
-0.20915 -5.16735
-0.26564 -4.94658
-0.32025 -5.05995
-0.13357 -4.73880
-0.37082 -4.77814
-0.16551 -5.25404
-0.28344 -5.06926
-0.16735 -4.61568
-0.24172 -4.96874
-0.17475 -4.57768
-0.25525 -5.13745
-0.19766 -4.89794
-0.19342 -4.60951
-0.23297 -4.75984
-0.26715 -5.03295
-0.37428 -4.70007
-0.36596 -4.57479
-0.26855 -4.82918
-0.32346 -5.05312
-0.18107 -4.53016
-0.34620 -4.68919
-0.25908 -4.68087
-0.33596 -4.94177
-0.34160 -4.84981
-0.18152 -4.59019
-0.39894 -4.60821
-0.22193 -4.68664
-0.12342 -4.81375
-0.29767 -4.52683
-0.14556 -4.71565
-0.31095 -4.65289
-0.21444 -4.89825
-0.25329 -4.99657
-0.18241 -4.94173
-0.31518 -5.17419
-0.22732 -5.04076
-0.27436 -5.09702
-0.30493 -4.99206
-0.20341 -4.52462
-0.38245 -4.74868
-0.36961 -4.72322
-0.33197 -4.60046
-0.21530 -5.21075
-0.37107 -4.99773
-0.25228 -4.64162
-0.16408 -4.50192
-0.36378 -4.60968
-0.11623 -4.87276
-0.14339 -4.96357
-0.30396 -5.16964
-0.28279 -4.74379
-0.17754 -4.50345
-0.14469 -4.57122
-0.39598 -4.88757
-0.22877 -5.17879
-0.21526 -5.16514
-0.35550 -4.92776
-0.38194 -4.49192
-0.26700 -5.18831
-0.37454 -4.86083
-0.31819 -4.78742
-0.31695 -4.59376
-0.22130 -5.16050
-0.10867 -5.09900
-0.37641 -5.19025
-0.35305 -5.25603
-0.29142 -4.85003
-0.30758 -4.82788
-0.16819 -5.10573
-0.33651 -4.69623
-0.39080 -4.54074
-0.23566 -5.05832
-0.24134 -4.63701


0.21998 2.01562
0.21012 1.93624
0.10068 2.58470
0.23110 2.24620
0.12095 2.14664
0.19508 1.90214
0.13113 2.33753
0.22837 2.61451
0.23408 2.10985
0.23378 2.90927
0.14250 2.09988
0.22905 2.53476
0.16521 2.57625
0.20987 2.37901
0.12780 2.61188
0.20532 1.87501
0.17718 2.43133
0.16090 2.05849
0.10547 2.29533
0.23033 2.75651
0.22871 2.85885
0.18907 2.39272
0.23139 2.43016
0.22621 2.27318
0.22284 2.16027
0.13920 2.27331
0.23755 2.42143
0.12981 1.94157
0.19104 2.71940
0.23986 2.82337
0.23798 2.49571
0.11699 2.73034
0.15181 2.07630
0.19360 2.30026
0.19663 2.85119
0.18005 1.92104
0.23265 2.67128
0.19678 1.82094
0.23549 2.10668
0.20056 2.31007
0.23217 2.83001
0.09288 2.80017
0.17919 2.30886
0.09204 1.88400
0.14821 2.69510
0.20443 2.22212
0.22671 2.61465
0.16508 2.87668
0.23582 2.20082
0.15310 2.64585
0.18205 1.97465
0.23318 2.10891
0.10947 2.64177
0.16896 2.96691
0.21665 2.52374
0.23085 2.85774
0.21690 2.77842
0.23972 2.52333
0.16886 2.14894
0.19432 2.62924
0.12698 2.84428
0.09563 2.62793
0.09173 2.11525
0.09766 2.46961
0.19085 2.15854
0.12306 2.70116
0.19660 1.90771
0.19854 2.90619
0.15291 2.05456
0.21276 2.69243
0.17228 2.69943
0.14209 2.61676
0.16247 1.93811
0.09546 2.40284
0.09298 2.39123
0.09563 2.00907
0.12996 2.22011
0.21549 2.05063
0.14484 2.51104
0.16081 2.32649
0.10738 2.56893
0.17777 2.32972
0.12762 2.72668
0.11949 2.03581
0.11545 2.61400
0.10677 1.91842
0.13764 1.89640
0.20455 2.94493
0.19658 2.07486
0.15127 2.02081
0.11494 2.62177
0.11578 2.57924
0.09581 2.95540
0.19604 2.59635
0.09671 2.34567
0.10788 1.86494
0.18628 2.82566
0.10451 2.22857
0.22136 2.61157
0.20197 2.95794
0.11713 2.83573
0.18860 1.80755
0.19413 2.65152
0.11891 2.94174
0.15896 1.85650
0.11921 2.10294
0.21038 2.18417
0.10660 2.22628
0.19352 1.96844
0.20332 2.98594
0.15784 2.98933
0.16543 2.32560
0.22653 2.24628
0.18354 2.52919
0.23887 2.64495
0.18497 2.96676
0.09799 2.63673
0.09527 2.44703
0.12170 2.52191
0.17851 2.32827
0.16857 2.20494
0.10282 2.99212
0.22758 2.54304
0.09795 2.45261
0.11202 2.21768
0.20044 2.66283
0.15863 2.37882
0.11240 2.87569
0.18337 2.45841
0.21634 2.79446
0.19892 2.81926
0.16594 2.34377
0.17483 2.62554
0.12339 2.84413
0.17718 2.28311
0.15823 2.60201
0.19601 2.58819
0.15347 2.88573
0.18261 1.84859
0.11914 2.92390
0.12623 2.12946
0.11568 2.54752
0.11576 2.36951
0.22404 2.49725
0.12761 2.01183
0.16259 2.45396
0.13986 1.93803
0.17936 2.10752
0.17974 2.74742
0.10633 2.41065
0.15867 2.75763
0.09527 2.49064
0.20485 2.74639
0.11924 1.83564
0.14494 2.42722
0.18657 2.44882
0.11492 2.26247
0.15606 2.39163
0.18366 2.64157
0.21626 2.92546
0.14025 2.34402
0.09202 2.35604
0.17515 2.70215
0.20256 1.84317
0.15599 2.12271
0.09195 2.33425
0.15413 2.79713
0.20274 2.51784
0.17617 2.07688
0.17989 2.16584
0.21376 2.11350
0.16520 2.26374
0.10165 2.67989
0.16564 2.06406
0.17332 2.67132
0.22257 1.83616
0.15461 2.39797
0.09511 2.53117
0.11338 2.90351
0.09420 2.40334
0.23482 2.91825
0.11091 2.53178
0.14883 2.60667
0.09535 2.18249
0.15494 2.67882
0.17617 2.39111
0.23703 1.85178
0.12881 2.55220
0.17723 2.16959
0.20874 2.99198
0.22129 1.99765
0.10532 1.93431
0.20135 2.06131
0.14629 2.80275
0.21840 2.25908
0.23850 2.54672
0.14807 2.50816
0.21209 2.61708
0.15074 2.41092
0.15751 1.85481
