2 200 120

0.00000 1.00000
0.00000 1.00000


-0.22735 -4.84349
-0.33913 -5.06325
-0.11322 -4.73320
-0.29690 -4.75571
-0.14857 -4.94498
-0.14710 -4.87000
-0.18008 -4.51371
-0.19359 -5.22495
-0.36690 -5.10370
-0.36959 -4.97665
-0.31871 -4.98316
-0.34960 -4.79259
-0.22526 -4.58261
-0.28517 -4.66180
-0.18340 -4.78334
-0.33925 -4.50174
-0.10679 -5.14305
-0.29920 -4.50717
-0.12690 -4.94404
-0.38661 -5.03813
-0.39836 -4.50014
-0.18763 -5.01034
-0.37163 -4.49983
-0.24115 -4.67699
-0.16988 -4.59959
-0.24427 -4.60034
-0.25521 -4.66118
-0.29429 -4.69934
-0.37790 -5.01847
-0.23469 -5.09146
-0.36405 -4.95750
-0.36614 -5.25539
-0.25686 -4.56665
-0.17699 -5.24663
-0.33297 -5.16575
-0.15501 -5.22416
-0.19064 -4.49162
-0.28344 -4.92875
-0.37487 -4.53212
-0.21751 -5.25613
-0.16179 -4.86256
-0.19757 -4.94342
-0.18036 -4.75748
-0.10372 -4.57890
-0.22411 -4.94398
-0.12830 -4.80361
-0.30727 -4.69325
-0.35500 -4.51618
-0.15964 -4.80999
-0.15630 -4.90196
-0.20996 -4.89793
-0.31899 -4.89973
-0.13897 -4.73458
-0.14892 -5.04931
-0.30673 -5.07662
-0.36828 -4.60845
-0.27654 -4.79440
-0.33248 -4.69738
-0.24905 -5.08477
-0.32185 -4.56471
-0.39495 -4.66814
-0.10151 -5.25848
-0.26635 -4.50775
-0.39060 -4.83048
-0.20633 -4.89159
-0.12155 -4.86604
-0.31905 -5.14053
-0.37264 -4.53227
-0.32487 -4.86484
-0.31983 -4.77640
-0.12361 -4.58603
-0.33388 -5.04108
-0.11437 -4.97841
-0.23740 -4.54730
-0.25914 -4.60641
-0.19671 -4.77282
-0.37379 -5.01513
-0.31668 -5.08470
-0.28662 -5.22168
-0.14711 -4.64218
-0.37158 -5.15888
-0.38695 -4.77902
-0.38788 -4.92718
-0.16322 -4.51606
-0.31804 -5.01001
-0.28187 -5.01161
-0.16964 -4.70670
-0.36520 -5.19619
-0.29589 -5.24641
-0.26704 -5.05324
-0.30097 -4.65338
-0.36459 -4.59510
-0.19830 -5.07729
-0.13346 -4.75100
-0.28346 -4.87830
-0.35802 -4.98451
-0.34179 -5.11226
-0.29020 -4.85100
-0.13433 -4.63754
-0.39960 -4.69396
-0.31481 -5.01210
-0.19490 -4.88135
-0.26419 -5.00789
-0.25335 -4.94152
-0.20298 -4.66504
-0.14730 -5.01599
-0.31820 -4.79114
-0.19023 -4.82698
-0.10445 -4.91547
-0.23741 -5.03130
-0.34329 -4.70282
-0.35508 -5.06083
-0.10692 -5.08428
-0.34521 -5.00061
-0.10109 -4.50302
-0.25158 -5.05556
-0.29573 -4.84881
-0.27206 -5.17583
-0.34312 -4.57362
-0.12943 -4.64841
-0.30637 -4.99278
-0.20649 -4.86795
-0.31344 -5.17276
-0.20329 -4.67516
-0.19991 -4.72109
-0.29676 -4.90360
-0.30148 -4.59751
-0.16490 -4.66720
-0.29427 -4.58739
-0.12103 -4.68564
-0.12679 -5.01887
-0.20818 -4.89203
-0.23588 -5.05914
-0.20641 -4.55052
-0.16656 -4.66313
-0.25211 -4.86507
-0.39984 -4.56004
-0.14085 -5.23645
-0.38596 -5.12843
-0.29112 -4.78208
-0.35732 -4.60982
-0.25293 -4.71632
-0.39159 -4.86903
-0.21341 -4.48713
-0.34252 -5.26690
-0.39783 -5.17679
-0.12604 -4.94629
-0.19940 -4.91455
-0.30863 -5.23626
-0.32411 -4.75803
-0.15319 -4.91855
-0.12054 -4.51901
-0.30091 -4.79917
-0.32887 -4.56031
-0.31324 -4.80078
-0.20502 -5.11492
-0.25000 -4.52231
-0.13236 -4.51255
-0.36182 -4.76183
-0.23489 -4.87455
-0.33300 -4.51602
-0.31653 -4.76595
-0.39967 -5.23072
-0.25664 -5.04580
-0.27137 -4.68914
-0.21952 -4.75901
-0.27173 -4.79255
-0.30800 -5.02158
-0.26970 -4.87302
-0.22141 -4.58058
-0.28538 -5.24569
-0.24726 -5.26015
-0.35368 -4.62236
-0.26741 -4.82305
-0.24170 -4.75582
-0.20760 -5.06042
-0.21951 -4.72050
-0.17421 -4.85468
-0.23885 -4.86490
-0.20946 -4.61220
-0.18730 -5.03729
-0.16292 -5.01720
-0.25545 -4.95447
-0.20314 -4.53198
-0.25707 -4.50711
-0.35199 -5.09928
-0.13329 -4.52179
-0.34271 -4.96074
-0.16643 -4.72314
-0.39332 -4.76152
-0.37362 -5.17411
-0.18353 -4.68719
-0.22607 -5.15181
-0.19850 -5.05879
-0.25829 -5.19028
-0.20007 -4.53844
-0.34285 -5.23986
-0.17612 -5.21962
-0.33072 -4.97111
-0.30844 -5.02144

-0.29400 -5.21885
-0.20813 -4.70774
-0.34082 -4.91632
-0.24092 -4.85823
-0.27098 -4.58971
-0.16148 -5.11697
-0.15040 -5.19197
-0.35590 -5.21890
-0.39976 -4.51188
-0.33890 -5.01937
-0.21895 -4.89683
-0.31662 -5.15238
-0.11703 -4.69550
-0.13042 -4.69965
-0.34787 -4.88350
-0.36037 -5.16767
-0.37363 -4.82447
-0.11517 -4.87089
-0.22293 -5.11679
-0.36600 -4.62249
-0.32370 -4.85684
-0.29020 -4.92824
-0.10342 -4.88946
-0.17543 -4.66634
-0.20996 -5.06926
-0.19445 -5.04561
-0.30145 -5.25557
-0.30308 -5.20145
-0.16811 -4.59922
-0.19966 -5.05385
-0.30318 -4.58166
-0.23493 -5.12050
-0.17716 -4.79462
-0.31454 -4.79146
-0.33555 -4.90039
-0.20220 -5.22179
-0.19795 -4.62367
-0.29861 -5.00112
-0.13292 -4.58630
-0.12552 -5.14863
-0.24201 -5.08622
-0.30000 -5.05983
-0.30738 -4.73183
-0.16923 -5.00869
-0.12767 -4.77839
-0.19457 -4.75191
-0.30322 -4.66513
-0.25729 -5.26505
-0.29839 -5.06638
-0.14642 -4.88556
-0.29668 -4.61279
-0.16369 -5.16011
-0.36397 -5.12980
-0.12121 -4.87146
-0.28690 -4.50643
-0.24403 -5.24763
-0.18887 -4.74641
-0.11898 -4.57451
-0.27627 -5.18651
-0.29811 -5.17510
-0.36618 -4.65048
-0.30644 -5.17076
-0.22264 -4.51619
-0.25068 -4.94392
-0.32036 -4.52661
-0.21023 -4.82979
-0.37772 -4.49248
-0.29202 -5.12482
-0.12626 -4.86855
-0.10705 -4.62383
-0.16179 -4.78717
-0.30008 -5.24010
-0.33634 -4.67216
-0.27225 -4.82509
-0.36791 -4.60160
-0.23958 -4.54503
-0.16572 -4.86998
-0.38537 -5.05782
-0.29945 -5.26406
-0.30549 -4.72189
-0.31654 -5.12442
-0.20928 -5.17034
-0.33812 -4.92363
-0.37151 -5.13109
-0.14001 -4.91660
-0.15760 -4.54655
-0.20226 -4.68509
-0.10132 -4.98020
-0.10425 -4.74123
-0.20347 -4.88045
-0.37320 -4.49665
-0.23050 -4.95442
-0.12308 -5.13865
-0.39467 -5.16825
-0.33656 -4.99418
-0.34825 -4.97696
-0.17405 -4.83342
-0.20475 -4.62463
-0.22249 -4.83975
-0.22588 -4.54619
-0.19655 -5.20031
-0.33433 -4.90476
-0.12151 -4.88015
-0.17906 -5.05355
-0.20523 -4.86721
-0.29456 -4.55640
-0.24724 -4.49807
-0.11265 -4.77061
-0.39790 -4.97226
-0.13995 -5.21526
-0.22109 -4.59794
-0.17733 -4.62547
-0.32336 -5.25550
-0.34494 -4.81351
-0.27877 -4.61997
-0.12763 -4.71497
-0.26418 -4.60816
-0.39743 -5.17059
-0.15737 -4.90856
-0.24060 -5.20623
-0.33563 -4.59298
-0.39173 -5.16693
-0.13310 -4.73667
-0.15218 -4.99581
-0.29329 -5.04357
-0.30043 -4.79099
-0.26475 -5.23927
-0.22119 -4.95071
-0.24413 -4.54140
-0.12212 -4.70025
-0.18199 -4.68147
-0.14054 -5.05488
-0.33272 -5.19665
-0.27387 -4.93240
-0.37055 -5.25961
-0.22734 -5.16419
-0.10852 -5.25433
-0.11728 -4.77132
-0.13439 -4.84612
-0.31386 -5.00656
-0.28171 -5.25289
-0.24951 -4.71598
-0.32910 -5.02632
-0.19305 -5.26111
-0.12685 -4.79661
-0.20839 -4.64963
-0.15175 -5.23687
-0.30537 -4.92457
-0.15557 -4.56322
-0.30900 -4.59931
-0.11442 -4.95467
-0.28935 -4.60594
-0.16607 -5.07459
-0.13444 -4.66640
-0.27770 -4.90452
-0.12920 -4.68005
-0.36405 -4.81791
-0.39783 -5.20784
-0.15934 -5.17021
-0.39011 -4.93855
-0.19256 -4.52836
-0.33534 -4.64221
-0.15691 -5.23308
-0.34098 -4.95026
-0.36246 -4.70250
-0.22733 -4.56293
-0.16085 -4.62011
-0.24261 -5.12619
-0.16951 -4.96141
-0.38296 -4.77308
-0.27982 -4.86814
-0.20992 -4.58663
-0.29418 -4.80114
-0.28403 -4.62069
-0.15112 -5.13817
-0.37393 -4.79173
-0.19414 -4.95688
-0.28505 -4.85852
-0.23665 -4.78375
-0.15154 -4.63049
-0.38753 -5.12200
-0.23712 -5.02684
-0.38362 -5.25000
-0.38465 -4.91083
-0.26464 -5.04793
-0.18594 -4.54479
-0.32866 -4.65739
-0.31127 -4.54620
-0.18568 -5.09942
-0.34013 -5.00439
-0.25177 -4.80902
-0.16254 -5.03031
-0.19773 -4.51361
-0.28296 -4.84053
-0.18651 -4.57801
-0.32022 -4.60794
-0.29002 -4.91344
-0.38582 -5.11307
-0.30029 -4.95568
-0.13092 -4.79861


0.19160 1.95995
0.15696 2.35878
0.12318 2.30217
0.23091 2.24182
0.11472 1.86185
0.16890 2.40631
0.23097 2.45250
0.11977 2.14890
0.19219 1.88627
0.22838 2.77691
0.12440 1.80206
0.20440 2.03897
0.09204 2.73950
0.11174 2.52102
0.19013 2.55675
0.13112 2.32969
0.19508 2.81283
0.15358 2.49619
0.22276 2.84664
0.23121 2.28059
0.18319 2.54825
0.22481 1.98755
0.14357 2.60623
0.21275 2.66867
0.18514 2.70511
0.16946 1.81060
0.21827 2.85421
0.12430 2.14879
0.15993 2.15290
0.10743 2.67141
0.13213 2.07888
0.17243 2.70459
0.16051 2.20534
0.21614 2.34202
0.16745 2.84203
0.18177 2.76073
0.20576 2.66923
0.16669 2.08757
0.13115 2.18160
0.12959 1.87870
0.10269 2.20946
0.22501 2.05938
0.12574 2.61017
0.14114 2.01513
0.13060 2.92852
0.09937 2.41459
0.23675 2.63888
0.13795 1.86102
0.12909 2.56429
0.20098 2.12786
0.14568 2.73618
0.10117 1.99399
0.11266 2.36070
0.21249 2.99078
0.11295 2.91908
0.22940 1.95614
0.12910 2.83753
0.11337 2.77588
0.13143 2.23735
0.22143 1.93760
0.12061 2.63170
0.23059 2.44463
0.22674 2.29226
0.18715 2.39834
0.15581 2.00462
0.15869 2.54205
0.21889 1.96124
0.11150 2.63836
0.22687 2.94337
0.20826 2.81941
0.17041 2.62030
0.16202 2.20281
0.18410 2.07990
0.21305 2.48220
0.20205 1.91638
0.22046 2.38786
0.11546 1.80834
0.19898 2.12759
0.15030 2.81607
0.12356 2.46775
0.14390 1.95409
0.23359 2.16602
0.23690 1.80763
0.17729 2.88747
0.12506 2.01789
0.12748 2.54170
0.21268 2.66944
0.18612 2.67514
0.09181 2.58925
0.12271 2.35647
0.11839 1.85378
0.13335 2.32593
0.22095 2.93000
0.14910 2.90397
0.12931 2.62793
0.13623 2.61629
0.12495 2.60027
0.17435 2.56100
0.22113 2.49296
0.22476 1.83780
0.09575 2.88543
0.09683 2.68143
0.21540 2.89930
0.11071 2.11239
0.21711 2.92902
0.19820 2.63658
0.12883 2.69160
0.10623 2.28579
0.23846 2.23666
0.22379 1.90315
0.22469 2.93961
0.19376 2.03351
0.17609 2.39357
0.23969 2.32533
0.13720 2.91790
0.20805 2.98387
0.16517 2.29954
0.21337 2.77387
0.11842 2.47839
0.15465 2.98834
0.10694 1.87362
0.09744 2.46627
0.10414 2.25361
0.16677 2.85383
0.15622 2.03294
0.18809 2.36813
0.12688 2.34352
0.09369 2.65353
0.18811 2.30847
0.20167 1.93067
0.18079 2.32951
0.16248 2.20979
0.22328 2.98289
0.14002 2.55054
0.09181 2.76407
0.23555 2.60090
0.09065 2.43982
0.23200 2.45361
0.21109 2.94996
0.13515 2.12803
0.18875 2.64569
0.10371 2.25501
0.15205 2.56375
0.11272 2.19651
0.16353 2.61986
0.09265 2.68284
0.23161 1.96137
0.16606 2.41878
0.20052 2.44519
0.10165 2.30675
0.15130 2.70392
0.09249 2.78767
0.10960 2.44481
0.12654 1.89909
0.23025 1.98705
0.09110 2.97837
0.14093 2.81563
0.13868 2.11020
0.21664 2.98636
0.20156 2.26488
0.23507 2.18592
0.13968 2.89820
0.13649 2.01123
0.10049 2.83811
0.10770 1.99389
0.19735 1.91119
0.09408 1.89214
0.13770 1.81469
0.13361 2.87891
0.18549 2.66965
0.17306 2.60431
0.17072 2.76213
0.23311 1.95928
0.23220 1.81066
0.17092 2.11221
0.14413 2.15666
0.21774 2.95867
0.21731 2.39370
0.13800 1.94826
0.10859 2.99180
0.15260 2.54311
0.23541 1.91021
0.17800 2.36131
0.23782 1.99283
0.11383 2.29106
0.10975 2.97574
0.17802 2.38295
0.12509 1.82962
0.22562 2.28334
0.20538 2.45337
0.13512 2.49832
0.16342 2.77951
0.20367 2.97805
0.15554 2.33731
0.12292 2.39906
0.16901 1.85184
0.11229 2.32405
0.23028 2.54739
0.21365 2.93867
0.19003 2.41307
