2 50 20

0.00000 1.00000
0.00000 1.00000


-0.19681 -3.25852
-0.27493 -3.47963
-0.19309 -3.17642
-0.39225 -3.63953
-0.30640 -3.59215
-0.34392 -3.22049
-0.25888 -3.88403
-0.34465 -3.27892
-0.15104 -3.14409
-0.13125 -3.20155
-0.30859 -3.29390
-0.24706 -3.36767
-0.38704 -3.57880
-0.10501 -3.46752
-0.19316 -3.67126
-0.37212 -3.49746
-0.29002 -3.21464
-0.38433 -3.77194
-0.23210 -3.55690
-0.12691 -3.29087
-0.30696 -3.57614
-0.15047 -3.42023
-0.11593 -3.17028
-0.29310 -3.88657
-0.20147 -3.27813
-0.19177 -3.77999
-0.26134 -3.16266
-0.30630 -3.71204
-0.35577 -3.72255
-0.12290 -3.69210
-0.15144 -3.50809
-0.35378 -3.71264
-0.18521 -3.54613
-0.10810 -3.74070
-0.10140 -3.70137
-0.17606 -3.15550
-0.15642 -3.17829
-0.29489 -3.81771
-0.33508 -3.55804
-0.27655 -3.25000
-0.30446 -3.72241
-0.17368 -3.34935
-0.39235 -3.68845
-0.22624 -3.73599
-0.21824 -3.82974
-0.30159 -3.48472
-0.29610 -3.74776
-0.19511 -3.51900
-0.30050 -3.89114
-0.11651 -3.83797

-0.29137 -3.22912
-0.17530 -3.75571
-0.13781 -3.61375
-0.33823 -3.26031
-0.33763 -3.33049
-0.22098 -3.47697
-0.25823 -3.79256
-0.33808 -3.59257
-0.11811 -3.25120
-0.30315 -3.25720
-0.28511 -3.21844
-0.26316 -3.49001
-0.33600 -3.46062
-0.14862 -3.17180
-0.23810 -3.84511
-0.30117 -3.68862
-0.36032 -3.70967
-0.28984 -3.63028
-0.29645 -3.59235
-0.11287 -3.56426
-0.26381 -3.86358
-0.27486 -3.50586
-0.19500 -3.15137
-0.20369 -3.80721
-0.13278 -3.16171
-0.21618 -3.75708
-0.12736 -3.40728
-0.35897 -3.49499
-0.21818 -3.59508
-0.24861 -3.39323
-0.13983 -3.42333
-0.35160 -3.20749
-0.38233 -3.74597
-0.19468 -3.72566
-0.15634 -3.85774
-0.39459 -3.52701
-0.27385 -3.33596
-0.39250 -3.33079
-0.10991 -3.85886
-0.35520 -3.34168
-0.14560 -3.35113
-0.24393 -3.81972
-0.17314 -3.14794
-0.10606 -3.77643
-0.20599 -3.31398
-0.11425 -3.58592
-0.29527 -3.36589
-0.17394 -3.26391
-0.25071 -3.39803
-0.23343 -3.48481


0.06644 1.77978
0.14241 1.36255
0.08174 1.50330
0.08166 1.79015
0.15600 1.53398
0.10033 1.29710
0.11419 1.68939
0.09786 1.52124
0.13182 1.54280
0.14078 1.20838
0.07338 1.66204
0.15697 1.88142
0.06071 1.48329
0.15297 1.50720
0.10815 1.56706
0.14248 1.57643
0.14216 1.98743
0.08900 1.82727
0.08790 1.97833
0.06482 1.88985
0.07786 1.54938
0.08107 1.74791
0.06469 1.49369
0.10101 1.85186
0.06905 1.94898
0.09792 1.64005
0.12331 1.34926
0.07352 1.21019
0.14728 1.94055
0.14002 1.60881
0.08927 1.80683
0.09303 1.64401
0.06300 1.85947
0.14261 1.54224
0.13395 1.56265
0.14513 1.86954
0.12633 1.20757
0.06073 1.71779
0.06570 1.55661
0.07371 1.84959
0.10542 1.24119
0.06973 1.93432
0.08698 1.91584
0.12555 1.93458
0.06447 1.39471
0.08892 1.93273
0.07209 1.64013
0.13447 1.48997
0.11427 1.92594
0.11793 1.67255
