2 50 30

0.00000 1.00000
0.00000 1.00000


-0.20371 -3.67566
-0.33903 -3.14801
-0.20026 -3.46461
-0.15644 -3.79588
-0.30464 -3.70687
-0.34510 -3.43459
-0.31526 -3.30724
-0.18030 -3.18942
-0.22481 -3.59544
-0.21332 -3.42816
-0.15516 -3.13363
-0.12621 -3.35134
-0.12077 -3.73415
-0.31686 -3.13023
-0.11895 -3.28256
-0.25144 -3.14506
-0.11748 -3.51497
-0.26352 -3.14467
-0.20154 -3.60451
-0.18473 -3.11934
-0.31208 -3.28264
-0.24092 -3.70377
-0.37409 -3.37946
-0.11383 -3.78867
-0.13261 -3.12224
-0.21479 -3.22332
-0.16503 -3.13302
-0.14136 -3.54856
-0.10324 -3.50215
-0.31260 -3.55890
-0.28074 -3.26190
-0.17599 -3.75767
-0.36781 -3.24885
-0.24939 -3.20085
-0.39530 -3.72085
-0.15853 -3.87637
-0.17391 -3.64688
-0.16952 -3.18228
-0.18953 -3.44423
-0.37816 -3.23815
-0.26101 -3.83826
-0.16116 -3.81695
-0.34708 -3.42264
-0.34929 -3.51171
-0.37205 -3.53056
-0.15515 -3.57608
-0.34272 -3.81160
-0.35247 -3.50326
-0.36897 -3.84068
-0.39976 -3.74033

-0.39072 -3.85717
-0.22562 -3.51280
-0.14302 -3.74647
-0.37638 -3.57281
-0.24229 -3.64056
-0.19362 -3.68504
-0.10433 -3.25796
-0.14479 -3.23583
-0.25754 -3.41672
-0.16183 -3.64266
-0.36509 -3.43386
-0.14153 -3.86053
-0.15762 -3.36653
-0.33349 -3.71784
-0.16045 -3.27033
-0.18071 -3.47459
-0.19220 -3.45518
-0.22209 -3.63816
-0.34170 -3.75947
-0.32295 -3.67963
-0.38086 -3.80945
-0.22794 -3.58351
-0.17645 -3.86172
-0.39798 -3.64510
-0.25919 -3.75081
-0.11678 -3.31297
-0.11552 -3.45726
-0.32607 -3.83473
-0.10353 -3.76283
-0.22499 -3.58050
-0.28595 -3.71609
-0.31721 -3.61566
-0.36207 -3.47634
-0.39657 -3.61763
-0.25035 -3.65634
-0.14256 -3.13613
-0.38133 -3.30564
-0.23948 -3.70665
-0.17215 -3.28053
-0.22624 -3.42207
-0.16285 -3.85480
-0.17732 -3.45623
-0.33479 -3.76171
-0.15583 -3.23820
-0.33546 -3.13443
-0.19893 -3.64170
-0.21345 -3.84219
-0.24702 -3.73451
-0.32903 -3.18835
-0.33707 -3.87657


0.14818 2.56203
0.20672 2.33502
0.12995 2.52882
0.19087 2.46814
0.19375 2.15328
0.17365 2.59989
0.21882 2.79647
0.17370 2.03789
0.17244 2.49908
0.18441 2.07070
0.21146 2.90671
0.13698 2.14207
0.23042 2.82326
0.15590 2.45419
0.18727 2.11443
0.15203 2.18316
0.13413 1.84741
0.10638 1.94970
0.19443 2.61550
0.11128 2.43744
0.14720 1.97096
0.14703 2.71655
0.18241 1.88138
0.10068 1.91709
0.14696 1.81179
0.21784 1.91358
0.22099 2.06196
0.22482 2.53010
0.21194 2.41280
0.11664 2.55807
0.15275 2.37412
0.17921 2.01434
0.19851 2.66736
0.14084 2.50444
0.16137 2.65855
0.17466 2.50600
0.11081 2.54833
0.20803 1.82991
0.22924 1.89998
0.09241 2.87678
0.11327 2.07777
0.09424 2.20750
0.18932 2.82823
0.10333 2.15085
0.15592 2.80693
0.13449 2.11998
0.17300 1.92260
0.13754 2.02369
0.13295 2.94034
0.18989 2.32289
