2 50 20

0.00000 1.00000
0.00000 1.00000


-0.38640 -3.25314
-0.12712 -3.42962
-0.32188 -3.85138
-0.16995 -3.18196
-0.32267 -3.57922
-0.13015 -3.55277
-0.22562 -3.48572
-0.37707 -3.25391
-0.24420 -3.24285
-0.16805 -3.14355
-0.38076 -3.45080
-0.21917 -3.74707
-0.29636 -3.45126
-0.25709 -3.81495
-0.19127 -3.31600
-0.17291 -3.44727
-0.39460 -3.54146
-0.26281 -3.67560
-0.24993 -3.27684
-0.32161 -3.52943
-0.38295 -3.41941
-0.10723 -3.39910
-0.35917 -3.88962
-0.31255 -3.24109
-0.27655 -3.40891
-0.37505 -3.74884
-0.24543 -3.59830
-0.24267 -3.17462
-0.23864 -3.15375
-0.27349 -3.51600
-0.29994 -3.43242
-0.13778 -3.51824
-0.31548 -3.68511
-0.10114 -3.43573
-0.19017 -3.18656
-0.26480 -3.16136
-0.12187 -3.36285
-0.21388 -3.44943
-0.17583 -3.32679
-0.28630 -3.87977
-0.12495 -3.36772
-0.17642 -3.73916
-0.26626 -3.54586
-0.29571 -3.27989
-0.33850 -3.78047
-0.38342 -3.21463
-0.29431 -3.15600
-0.28452 -3.68338
-0.38182 -3.62278
-0.30248 -3.55378

-0.13864 -3.49853
-0.34664 -3.22653
-0.22144 -3.20576
-0.39138 -3.49830
-0.22335 -3.53698
-0.29673 -3.46577
-0.37497 -3.76610
-0.39910 -3.42797
-0.33648 -3.18746
-0.34250 -3.21035
-0.38846 -3.78126
-0.31087 -3.50836
-0.31380 -3.47841
-0.26523 -3.34218
-0.31197 -3.57992
-0.11035 -3.41094
-0.20584 -3.36560
-0.27097 -3.33501
-0.27452 -3.84160
-0.14544 -3.65813
-0.39079 -3.69552
-0.33371 -3.41731
-0.27000 -3.38208
-0.12056 -3.75220
-0.28384 -3.72317
-0.26152 -3.37443
-0.10883 -3.73936
-0.21455 -3.39112
-0.27389 -3.64923
-0.16361 -3.38744
-0.19719 -3.43615
-0.21579 -3.69744
-0.13487 -3.31679
-0.25457 -3.84436
-0.14139 -3.34802
-0.15922 -3.14308
-0.18777 -3.85421
-0.39540 -3.37629
-0.14742 -3.21682
-0.38377 -3.22005
-0.19182 -3.72576
-0.33498 -3.17829
-0.25805 -3.82025
-0.35668 -3.76010
-0.35593 -3.14752
-0.39865 -3.79980
-0.20345 -3.37198
-0.15074 -3.36186
-0.29192 -3.34514
-0.36107 -3.17349


0.06389 1.66357
0.12078 1.78691
0.09920 1.74731
0.10078 1.28478
0.08993 1.70020
0.15873 1.50333
0.11848 1.23774
0.13192 1.24962
0.08006 1.46034
0.07507 1.73741
0.09451 1.23461
0.10055 1.33140
0.13031 1.31362
0.08504 1.60405
0.15140 1.35414
0.12495 1.91619
0.11817 1.57366
0.07120 1.94436
0.14975 1.35042
0.10893 1.67183
0.07653 1.73251
0.12273 1.65497
0.15835 1.34599
0.15877 1.40109
0.09962 1.33324
0.14163 1.24908
0.14457 1.69663
0.08923 1.99268
0.10951 1.48872
0.14836 1.26854
0.10343 1.88985
0.13311 1.64880
0.09992 1.83884
0.11732 1.58929
0.06180 1.23299
0.10181 1.96954
0.13254 1.65213
0.09145 1.57982
0.12923 1.32765
0.08951 1.89554
0.10054 1.33211
0.11360 1.76613
0.08865 1.47534
0.10093 1.22290
0.12964 1.96242
0.08308 1.33647
0.07458 1.49201
0.11564 1.43619
0.07734 1.88693
0.11944 1.34363
