2 50 30

0.00000 1.00000
0.00000 1.00000


-0.33793 -3.61546
-0.30954 -3.87936
-0.25748 -3.71354
-0.10070 -3.83662
-0.37188 -3.18529
-0.24334 -3.65274
-0.28761 -3.28132
-0.21624 -3.33831
-0.18557 -3.26795
-0.17771 -3.12777
-0.13616 -3.13789
-0.11478 -3.27984
-0.31383 -3.71781
-0.39387 -3.53954
-0.16135 -3.41726
-0.27568 -3.68246
-0.34011 -3.71905
-0.36810 -3.57423
-0.16331 -3.80901
-0.17839 -3.46459
-0.34197 -3.67383
-0.24759 -3.58312
-0.33190 -3.76818
-0.20288 -3.52511
-0.11758 -3.18072
-0.38759 -3.23835
-0.16107 -3.62539
-0.25547 -3.45434
-0.30844 -3.80827
-0.10539 -3.37880
-0.31662 -3.55033
-0.26464 -3.49163
-0.34577 -3.65610
-0.30732 -3.24360
-0.14131 -3.54076
-0.15272 -3.74088
-0.33441 -3.53146
-0.21133 -3.87540
-0.32405 -3.35769
-0.10163 -3.14540
-0.26529 -3.76860
-0.37456 -3.55972
-0.14607 -3.50624
-0.30318 -3.48943
-0.26513 -3.71705
-0.31144 -3.19290
-0.22365 -3.72485
-0.19889 -3.43577
-0.29909 -3.12764
-0.11378 -3.55608

-0.26744 -3.13587
-0.17256 -3.55555
-0.36931 -3.34833
-0.12047 -3.12490
-0.19181 -3.11371
-0.34793 -3.42954
-0.19461 -3.46310
-0.16601 -3.70153
-0.30118 -3.11806
-0.37126 -3.64020
-0.15092 -3.51333
-0.39100 -3.52074
-0.35786 -3.75201
-0.12714 -3.20428
-0.19748 -3.32654
-0.13120 -3.34530
-0.31795 -3.49554
-0.38579 -3.47747
-0.21692 -3.83784
-0.18117 -3.34705
-0.35189 -3.80632
-0.21981 -3.50616
-0.20486 -3.35228
-0.23946 -3.79143
-0.24272 -3.69508
-0.20261 -3.16780
-0.18186 -3.46088
-0.17291 -3.33359
-0.16166 -3.27322
-0.15318 -3.23759
-0.18829 -3.74365
-0.37063 -3.29157
-0.34488 -3.26449
-0.25492 -3.40901
-0.13672 -3.80209
-0.15807 -3.62897
-0.28974 -3.86450
-0.27170 -3.33964
-0.16992 -3.82395
-0.12282 -3.48930
-0.39685 -3.74143
-0.21918 -3.78861
-0.29863 -3.75563
-0.29370 -3.77958
-0.37582 -3.81330
-0.37288 -3.22621
-0.37597 -3.73266
-0.34323 -3.58552
-0.35704 -3.76922
-0.18638 -3.62619


0.20916 2.99633
0.23775 2.17536
0.16802 2.65333
0.20577 2.78779
0.19266 2.80233
0.20282 2.78839
0.15468 2.29838
0.19904 2.28576
0.20514 2.44516
0.21412 2.77393
0.12021 2.68225
0.19158 2.24527
0.16121 1.87654
0.11717 2.09057
0.16876 2.16879
0.10667 2.45810
0.22963 2.35720
0.22565 1.81061
0.09601 1.92121
0.21750 2.36006
0.20733 1.93037
0.10512 2.35963
0.15971 2.37870
0.21684 2.45988
0.15580 2.22784
0.10442 2.89025
0.16261 2.14646
0.14729 2.74585
0.14306 2.45906
0.14568 2.22623
0.14902 1.82092
0.14667 2.69838
0.17796 2.16382
0.20999 1.91613
0.19123 2.20962
0.14485 2.95745
0.11389 2.29265
0.18404 2.88134
0.20511 2.66274
0.11441 1.87228
0.17099 1.91318
0.12080 2.71220
0.15744 2.88210
0.09499 2.53539
0.18869 2.70624
0.09056 2.50116
0.12762 2.34943
0.09364 2.35636
0.09297 1.92673
0.11272 2.96965
