2 50 20

0.00000 1.00000
0.00000 1.00000


-0.30157 -3.63073
-0.26971 -3.17153
-0.13743 -3.85051
-0.23548 -3.32162
-0.39346 -3.40482
-0.20257 -3.26540
-0.24461 -3.37882
-0.32253 -3.81623
-0.15537 -3.58196
-0.12925 -3.57892
-0.21430 -3.88110
-0.15750 -3.83248
-0.32463 -3.72119
-0.15949 -3.56271
-0.29315 -3.19143
-0.10761 -3.28577
-0.27395 -3.56303
-0.25085 -3.75645
-0.32484 -3.80413
-0.39191 -3.17048
-0.26734 -3.86733
-0.27702 -3.20374
-0.24494 -3.49780
-0.18339 -3.39402
-0.14074 -3.63407
-0.11870 -3.41228
-0.32101 -3.75243
-0.22867 -3.23463
-0.33661 -3.42240
-0.18623 -3.44386
-0.38112 -3.59670
-0.20705 -3.73121
-0.22246 -3.36901
-0.39525 -3.38480
-0.38073 -3.39162
-0.30208 -3.15811
-0.38112 -3.82855
-0.32798 -3.83138
-0.11142 -3.87034
-0.24227 -3.78457
-0.29508 -3.72376
-0.20571 -3.73867
-0.34851 -3.83028
-0.11485 -3.38162
-0.21575 -3.16294
-0.17891 -3.23784
-0.34880 -3.33151
-0.14940 -3.15760
-0.16541 -3.78990
-0.20215 -3.14001

-0.13751 -3.85076
-0.29612 -3.54137
-0.21034 -3.66739
-0.25389 -3.82531
-0.25493 -3.25040
-0.22576 -3.16014
-0.38998 -3.88373
-0.19364 -3.84646
-0.37706 -3.33261
-0.32204 -3.30449
-0.33145 -3.47593
-0.28015 -3.72889
-0.23563 -3.49465
-0.24567 -3.32611
-0.10217 -3.33612
-0.32361 -3.54581
-0.30464 -3.69518
-0.32035 -3.43365
-0.33509 -3.34517
-0.37849 -3.38652
-0.23671 -3.52548
-0.26395 -3.79903
-0.32642 -3.29082
-0.29112 -3.22124
-0.15318 -3.87005
-0.15531 -3.60570
-0.19622 -3.42046
-0.32926 -3.27189
-0.30951 -3.60498
-0.13992 -3.56195
-0.32021 -3.52827
-0.29007 -3.34399
-0.24246 -3.64731
-0.26905 -3.25537
-0.14735 -3.47374
-0.27879 -3.47770
-0.11515 -3.32073
-0.12670 -3.28213
-0.23088 -3.27258
-0.28327 -3.60736
-0.20281 -3.65372
-0.10895 -3.85991
-0.10165 -3.79127
-0.29261 -3.45581
-0.29860 -3.72904
-0.15288 -3.26196
-0.16292 -3.74251
-0.14745 -3.50931
-0.18336 -3.43175
-0.24302 -3.41600


0.10992 1.91990
0.10758 1.38434
0.12311 1.86284
0.13855 1.83679
0.09676 1.79736
0.11942 1.50707
0.13201 1.40892
0.06277 1.27418
0.08796 1.46860
0.10749 1.58425
0.12431 1.71566
0.06994 1.51422
0.09197 1.91321
0.15258 1.77408
0.12499 1.95951
0.06930 1.64014
0.08078 1.65922
0.08935 1.64337
0.10928 1.48358
0.15009 1.99038
0.08712 1.33369
0.11817 1.61766
0.10069 1.83423
0.12925 1.58356
0.14199 1.91991
0.09350 1.45929
0.13643 1.50139
0.13542 1.92318
0.15924 1.47676
0.15520 1.80417
0.13909 1.23388
0.12681 1.36239
0.12549 1.90508
0.10824 1.82034
0.15781 1.38779
0.08354 1.43178
0.07816 1.86149
0.14497 1.96913
0.14757 1.80470
0.10959 1.23365
0.15305 1.93850
0.12458 1.71748
0.09763 1.47069
0.12411 1.94524
0.13027 1.22633
0.07512 1.27190
0.11095 1.77257
0.12768 1.44073
0.15731 1.46375
0.14262 1.30907
