2 50 30

0.00000 1.00000
0.00000 1.00000


-0.15750 -3.73742
-0.39444 -3.28933
-0.14766 -3.64162
-0.27616 -3.63629
-0.28864 -3.65783
-0.16358 -3.80922
-0.24617 -3.59287
-0.15073 -3.73173
-0.10050 -3.45464
-0.29848 -3.50759
-0.36508 -3.45683
-0.16079 -3.44815
-0.24220 -3.10070
-0.34602 -3.58797
-0.18453 -3.69195
-0.27466 -3.10978
-0.32566 -3.70739
-0.26049 -3.76791
-0.28316 -3.83626
-0.14859 -3.32647
-0.22076 -3.11546
-0.16741 -3.25080
-0.22710 -3.46031
-0.12744 -3.77363
-0.20022 -3.82915
-0.10152 -3.51106
-0.30301 -3.45004
-0.27085 -3.86292
-0.37989 -3.27515
-0.29668 -3.23386
-0.13286 -3.32614
-0.38572 -3.85765
-0.27752 -3.56879
-0.18619 -3.15341
-0.27290 -3.20555
-0.26762 -3.43288
-0.32062 -3.33989
-0.18211 -3.44062
-0.32598 -3.79004
-0.10131 -3.14079
-0.11025 -3.85036
-0.18594 -3.67435
-0.12744 -3.51599
-0.29866 -3.16597
-0.38861 -3.51608
-0.10427 -3.62933
-0.35809 -3.44268
-0.11130 -3.55963
-0.30211 -3.45990
-0.19230 -3.64832

-0.19326 -3.44444
-0.20319 -3.35138
-0.20345 -3.64313
-0.32064 -3.26991
-0.23331 -3.22878
-0.21059 -3.48904
-0.30918 -3.84242
-0.18241 -3.70267
-0.18003 -3.37654
-0.38208 -3.62595
-0.20509 -3.66966
-0.26497 -3.58210
-0.20255 -3.55387
-0.35642 -3.72832
-0.38713 -3.24267
-0.36975 -3.32871
-0.36616 -3.20226
-0.33682 -3.10247
-0.39570 -3.84507
-0.31267 -3.79679
-0.21642 -3.35014
-0.33417 -3.69163
-0.12497 -3.88168
-0.12753 -3.20578
-0.35071 -3.54375
-0.10652 -3.42606
-0.16094 -3.84339
-0.32325 -3.12359
-0.20844 -3.78331
-0.16344 -3.20545
-0.37361 -3.21280
-0.29321 -3.71112
-0.15809 -3.27198
-0.12848 -3.49814
-0.36171 -3.53024
-0.14918 -3.40672
-0.26512 -3.38367
-0.25541 -3.43960
-0.11837 -3.60830
-0.30020 -3.37646
-0.34461 -3.78714
-0.25032 -3.74132
-0.25708 -3.22455
-0.27571 -3.51267
-0.33178 -3.52265
-0.11891 -3.58359
-0.14048 -3.68083
-0.22720 -3.35871
-0.24758 -3.81463
-0.38964 -3.62101


0.16305 2.28455
0.20853 2.32366
0.14768 2.79789
0.16342 1.86955
0.23091 2.11458
0.10871 2.10145
0.23307 2.31964
0.16208 2.71554
0.14033 2.46574
0.18227 2.14327
0.14815 1.88903
0.10556 2.48699
0.15896 1.86085
0.21194 2.37521
0.11023 2.00333
0.23575 2.98136
0.23951 2.44277
0.18396 2.83038
0.13814 2.96539
0.14277 2.36048
0.15295 2.93344
0.22911 1.97463
0.11335 2.00509
0.15406 2.15638
0.19703 2.04724
0.12723 2.11641
0.09889 2.69008
0.20227 1.80095
0.09656 1.97093
0.22133 1.94598
0.22128 1.86970
0.22614 2.73779
0.18618 2.71578
0.14840 2.69905
0.13016 2.75896
0.14023 2.57524
0.11189 2.28385
0.23179 2.58746
0.13361 2.05144
0.21726 1.97015
0.15366 2.73687
0.17871 2.98557
0.22867 2.86784
0.16243 2.66394
0.19963 2.02486
0.14423 2.98480
0.12792 2.90626
0.20249 2.31284
0.18866 2.04073
0.20088 1.92537
