2 70 28

0.00000 1.00000
0.00000 1.00000


-0.25935 -3.73962
-0.22420 -3.82140
-0.12510 -3.72929
-0.25191 -3.49883
-0.28107 -4.17554
-0.38525 -3.65518
-0.14018 -4.20824
-0.29158 -3.70522
-0.31440 -3.64891
-0.38397 -4.01601
-0.17106 -4.18863
-0.39195 -3.65992
-0.14275 -3.59645
-0.19950 -3.59231
-0.38734 -3.85284
-0.10630 -4.15673
-0.10497 -4.16813
-0.39139 -4.18623
-0.26202 -3.96387
-0.39562 -3.48774
-0.10503 -3.86435
-0.38584 -3.61275
-0.19611 -3.60486
-0.32102 -3.81343
-0.34724 -3.94770
-0.12789 -3.93859
-0.20077 -3.47702
-0.26813 -3.64237
-0.17000 -3.70929
-0.10736 -4.14359
-0.14111 -3.50705
-0.27184 -3.72543
-0.36030 -3.88687
-0.33822 -4.03152
-0.32976 -3.49093
-0.20579 -4.18947
-0.32041 -3.90903
-0.29653 -3.97286
-0.26554 -4.19045
-0.11108 -4.08933
-0.15541 -3.95860
-0.16408 -3.71017
-0.13743 -3.69035
-0.12333 -3.68001
-0.33235 -3.87427
-0.27534 -4.08051
-0.15272 -3.89228
-0.23239 -4.02761
-0.10664 -4.21729
-0.38788 -3.56151
-0.23445 -3.93162
-0.38070 -4.19557
-0.29731 -3.70473
-0.35266 -3.67849
-0.33852 -4.04818
-0.37305 -3.82481
-0.23192 -3.63681
-0.35373 -3.53566
-0.16350 -3.69678
-0.19820 -3.58607
-0.18045 -3.61518
-0.28542 -4.00471
-0.32873 -3.62021
-0.16776 -3.78293
-0.32619 -3.53534
-0.32176 -4.11826
-0.13909 -3.66630
-0.21280 -3.86341
-0.30070 -4.03560
-0.25157 -4.01930

-0.27918 -3.66533
-0.35894 -3.89925
-0.38002 -3.58570
-0.37622 -4.15270
-0.39992 -3.69143
-0.28553 -4.01880
-0.35781 -3.92781
-0.36578 -3.70434
-0.31874 -4.01862
-0.33910 -4.07729
-0.35421 -4.16389
-0.28554 -3.96800
-0.21541 -3.89704
-0.35542 -3.65892
-0.38513 -3.62796
-0.32846 -3.83677
-0.28738 -4.17609
-0.22609 -3.59366
-0.24543 -3.95868
-0.29291 -4.19958
-0.12593 -3.72464
-0.37567 -3.64238
-0.39108 -3.69761
-0.22654 -3.66211
-0.39475 -4.09534
-0.12676 -4.21492
-0.38807 -3.48030
-0.22355 -3.50347
-0.30792 -3.92272
-0.38880 -3.93968
-0.33743 -4.02681
-0.11605 -3.70074
-0.33753 -3.97047
-0.27670 -3.97957
-0.37835 -4.12604
-0.19037 -3.92660
-0.28336 -3.54375
-0.22086 -3.71576
-0.28334 -3.86549
-0.38148 -3.59079
-0.38727 -3.50890
-0.25034 -3.58740
-0.14670 -3.60960
-0.20602 -3.58028
-0.19565 -3.54783
-0.38386 -3.54539
-0.31738 -3.49403
-0.33091 -3.90691
-0.38902 -4.17123
-0.34368 -3.71708
-0.22771 -3.74266
-0.29128 -3.72021
-0.14669 -4.17589
-0.32898 -3.86606
-0.36074 -3.90133
-0.13602 -3.83263
-0.22103 -4.15736
-0.22025 -4.12211
-0.36929 -3.56194
-0.11656 -3.78618
-0.30421 -3.90209
-0.38490 -3.74721
-0.29306 -3.78142
-0.17329 -4.09512
-0.23213 -4.17374
-0.28713 -3.71060
-0.28195 -3.71793
-0.10385 -3.50740
-0.36572 -4.00822
-0.16712 -3.94614


0.15779 1.94377
0.14967 1.87148
0.10540 1.43383
0.15428 1.98237
0.08763 1.53153
0.15524 1.77756
0.09546 1.54478
0.08694 1.37847
0.06553 1.27984
0.15669 1.85605
0.09311 1.27054
0.11807 1.66086
0.12780 1.40272
0.09937 1.24489
0.08970 1.51536
0.07288 1.37408
0.09768 1.85971
0.08863 1.44244
0.12937 1.23647
0.11614 1.52988
0.15573 1.53360
0.12919 1.36307
0.08276 1.38040
0.11877 1.91760
0.09769 1.38887
0.12730 1.22444
0.13354 1.92301
0.10525 1.43690
0.11469 1.26728
0.13685 1.90584
0.14830 1.71224
0.07066 1.27454
0.08653 1.38851
0.08896 1.51719
0.07827 1.96121
0.10311 1.62917
0.13318 1.93919
0.07141 1.77235
0.11812 1.73560
0.07881 1.25387
0.14597 1.91091
0.06139 1.93382
0.11618 1.70056
0.09974 1.35905
0.11866 1.82923
0.07614 1.45850
0.12950 1.57283
0.10329 1.83954
0.06170 1.68948
0.11028 1.79537
0.07726 1.31955
0.11115 1.89755
0.10696 1.34799
0.12804 1.93220
0.15815 1.61081
0.08479 1.81084
0.10829 1.24827
0.08098 1.59245
0.12007 1.80420
0.15795 1.21469
0.08566 1.31341
0.12151 1.57625
0.11958 1.26121
0.07517 1.89436
0.12258 1.86323
0.09485 1.77768
0.15485 1.77081
0.12331 1.58682
0.13597 1.63468
0.10981 1.70702
