2 70 42

0.00000 1.00000
0.00000 1.00000


-0.30337 -3.61118
-0.18719 -3.80381
-0.19524 -3.52896
-0.30733 -3.67085
-0.36788 -4.11479
-0.15852 -3.64243
-0.30396 -4.05246
-0.22833 -4.20054
-0.22952 -3.79983
-0.35290 -3.62004
-0.14881 -4.09597
-0.37690 -3.54667
-0.22494 -3.67913
-0.18593 -3.54627
-0.14484 -4.19733
-0.29895 -3.67387
-0.11832 -3.89264
-0.23852 -3.78109
-0.14957 -3.55360
-0.28991 -3.62619
-0.22751 -3.82160
-0.16853 -3.93159
-0.24770 -4.03574
-0.23128 -3.72864
-0.30450 -3.96115
-0.38911 -3.66517
-0.26798 -3.87416
-0.27482 -4.02222
-0.10224 -4.04875
-0.38128 -4.17923
-0.24723 -3.51092
-0.28097 -4.05422
-0.21381 -3.80720
-0.12634 -4.05382
-0.11688 -3.94162
-0.14195 -3.48722
-0.36610 -3.43767
-0.17368 -3.59678
-0.17655 -3.44081
-0.35262 -4.09810
-0.11809 -4.15743
-0.15228 -3.67325
-0.24655 -3.50142
-0.32107 -3.79417
-0.19076 -3.66004
-0.16678 -3.62629
-0.21531 -4.11883
-0.34868 -3.55104
-0.25464 -3.71741
-0.20799 -4.17578
-0.17539 -3.92411
-0.13985 -3.49179
-0.12408 -3.77837
-0.21250 -3.91423
-0.33344 -3.54273
-0.31423 -3.82908
-0.20066 -3.48119
-0.10178 -3.56223
-0.32596 -3.44776
-0.30494 -4.11845
-0.25593 -3.92887
-0.25858 -4.14828
-0.34593 -3.86871
-0.22856 -4.07790
-0.27729 -3.54491
-0.29118 -3.87669
-0.37179 -3.95479
-0.17645 -3.67133
-0.32251 -3.45224
-0.37222 -3.58898

-0.22419 -3.65006
-0.36526 -4.04893
-0.13738 -3.65688
-0.21465 -3.65142
-0.12360 -3.44479
-0.22820 -3.73713
-0.32953 -3.56467
-0.24816 -3.79410
-0.33434 -3.95091
-0.35888 -4.06942
-0.36842 -3.49562
-0.25390 -3.82377
-0.22345 -3.93546
-0.33618 -3.81051
-0.33537 -3.85574
-0.32243 -3.95883
-0.27214 -3.71619
-0.36190 -3.56024
-0.11938 -3.65751
-0.28679 -3.99931
-0.31036 -4.11574
-0.29480 -3.66180
-0.17865 -4.18057
-0.29267 -4.00355
-0.29159 -3.54344
-0.30278 -3.81427
-0.31768 -3.82199
-0.30450 -4.05588
-0.20997 -3.63701
-0.35798 -4.11763
-0.39122 -3.49484
-0.35010 -3.50889
-0.33711 -3.75044
-0.25900 -3.74789
-0.12500 -3.66338
-0.34253 -3.96996
-0.29001 -3.45570
-0.32000 -3.45261
-0.12372 -3.71866
-0.35607 -3.80567
-0.17326 -3.98913
-0.27213 -3.46690
-0.15480 -3.61410
-0.28454 -3.93201
-0.30354 -4.13070
-0.27244 -3.58248
-0.13060 -3.67866
-0.25367 -3.83803
-0.28986 -4.18278
-0.31388 -3.55788
-0.11907 -3.72405
-0.24293 -4.12264
-0.37037 -3.63873
-0.11095 -3.64567
-0.35736 -3.55771
-0.33326 -3.93183
-0.28473 -3.83098
-0.30040 -4.06290
-0.33649 -3.80615
-0.36461 -3.77332
-0.38561 -4.16262
-0.27579 -3.88207
-0.35306 -4.09936
-0.37880 -3.92602
-0.20978 -4.13307
-0.11928 -4.16648
-0.20145 -4.02283
-0.11163 -4.03267
-0.28193 -3.52986
-0.15768 -3.77661


0.14573 2.40298
0.13792 2.01359
0.22210 2.91230
0.11121 2.97054
0.19373 1.81832
0.10171 2.30826
0.12575 2.14404
0.15032 2.30134
0.17709 2.71429
0.23273 2.35841
0.15279 2.57442
0.10055 2.10745
0.15658 1.80930
0.09851 2.12199
0.09736 1.84729
0.18275 2.76857
0.21572 2.75559
0.09634 2.39813
0.16300 2.65583
0.12015 2.34196
0.22636 1.88238
0.18534 1.83044
0.12088 2.41601
0.17001 2.84157
0.13621 2.79975
0.09172 1.96724
0.22661 2.90206
0.17367 2.47948
0.13264 1.89420
0.17141 2.46602
0.21788 2.91284
0.10282 2.62222
0.16956 1.84120
0.20308 1.87310
0.17632 2.68705
0.21773 2.08419
0.15753 2.49973
0.15433 1.85347
0.11132 2.04219
0.09916 2.16336
0.09129 2.30621
0.21100 2.35640
0.12951 2.93589
0.09867 2.29060
0.13105 1.80684
0.21246 2.10912
0.16153 2.43753
0.22487 2.82323
0.09541 2.94071
0.23319 2.68158
0.15812 2.34294
0.22098 2.14194
0.17272 2.13097
0.15098 2.27335
0.09450 1.89152
0.20236 1.80142
0.17800 2.09027
0.22753 2.54856
0.15726 1.85351
0.21786 2.75529
0.11486 2.59148
0.18208 2.06558
0.13248 2.57402
0.23494 2.99598
0.21903 2.56859
0.23815 2.63426
0.17302 2.57748
0.13578 2.59350
0.21911 2.42701
0.21382 1.92058
