2 70 42

0.00000 1.00000
0.00000 1.00000


-0.32244 -3.57121
-0.10719 -3.80583
-0.15596 -3.86608
-0.16844 -3.65510
-0.15479 -3.90931
-0.37155 -4.08179
-0.30479 -3.60749
-0.23151 -4.19277
-0.32960 -3.86175
-0.32315 -3.96019
-0.10478 -4.19279
-0.20333 -3.93708
-0.14827 -3.48269
-0.27352 -3.50312
-0.13992 -3.58941
-0.19991 -3.91398
-0.28674 -3.51163
-0.20150 -3.77771
-0.25309 -3.56161
-0.21375 -3.65199
-0.10318 -3.56684
-0.15837 -4.06605
-0.18295 -3.61695
-0.21781 -3.95886
-0.21396 -3.98337
-0.39286 -3.85025
-0.22596 -4.11891
-0.30970 -3.94078
-0.19027 -3.78123
-0.14633 -4.11553
-0.10813 -3.79164
-0.14628 -4.03157
-0.36191 -3.63048
-0.14174 -3.72437
-0.23306 -3.55382
-0.35673 -3.75844
-0.13900 -3.50742
-0.12748 -3.79374
-0.11777 -3.46072
-0.11583 -3.92004
-0.17489 -3.96287
-0.12184 -3.69691
-0.24535 -3.71240
-0.11698 -4.19478
-0.14015 -3.78364
-0.21259 -4.13533
-0.39678 -3.44825
-0.29879 -4.00762
-0.21259 -4.06938
-0.26105 -4.13007
-0.30939 -4.06376
-0.31925 -4.05833
-0.11149 -3.60175
-0.34641 -3.58238
-0.10963 -3.82589
-0.26186 -4.21642
-0.17770 -3.71749
-0.29058 -4.02990
-0.37029 -3.53894
-0.20048 -4.17387
-0.33001 -4.21636
-0.11993 -4.11552
-0.38228 -3.46117
-0.34461 -3.80245
-0.31041 -3.48271
-0.16767 -3.50619
-0.35413 -3.80788
-0.33162 -4.12144
-0.20997 -4.12778
-0.10320 -4.17620

-0.10242 -3.73961
-0.35159 -3.71234
-0.13525 -3.72773
-0.34290 -3.82858
-0.18986 -3.82681
-0.21214 -3.45509
-0.35404 -4.09796
-0.11022 -3.61189
-0.23208 -4.04478
-0.21341 -3.66041
-0.19944 -3.64828
-0.12854 -3.57754
-0.16060 -4.09248
-0.19599 -3.84026
-0.18775 -3.83667
-0.16436 -4.11225
-0.39389 -3.55866
-0.26047 -3.67612
-0.37475 -3.87909
-0.24266 -3.76605
-0.21488 -3.49788
-0.20495 -3.59578
-0.21073 -3.96896
-0.19707 -3.62916
-0.27482 -4.14393
-0.25462 -3.67693
-0.21372 -3.60851
-0.29820 -3.88098
-0.29456 -3.50009
-0.14285 -4.13540
-0.14668 -4.08343
-0.14170 -3.63782
-0.23422 -4.00642
-0.24356 -3.58698
-0.11693 -4.10398
-0.19639 -4.03659
-0.20128 -3.56988
-0.32879 -3.70024
-0.20765 -3.98159
-0.34186 -4.13468
-0.15579 -3.88432
-0.34553 -3.88757
-0.35407 -3.64680
-0.12379 -3.75850
-0.19366 -4.00801
-0.18171 -3.93211
-0.33250 -4.03641
-0.20042 -3.51026
-0.30763 -4.04291
-0.27680 -4.04573
-0.23437 -3.83229
-0.33330 -3.67317
-0.29244 -3.58889
-0.18734 -3.46941
-0.23952 -4.14945
-0.31790 -3.92890
-0.10721 -3.62360
-0.31049 -3.44411
-0.30230 -3.46248
-0.13673 -3.62415
-0.20206 -3.63103
-0.20755 -4.06507
-0.15549 -3.51274
-0.24885 -4.12652
-0.12231 -3.47344
-0.28567 -4.15887
-0.39900 -4.12731
-0.32982 -3.54300
-0.31098 -3.91088
-0.29861 -3.84472


0.12268 2.62248
0.12768 2.17900
0.23975 2.08090
0.12720 2.83518
0.18673 2.97569
0.14868 2.25619
0.15557 2.84706
0.09584 2.06395
0.14179 2.56970
0.21834 2.03091
0.20387 1.95209
0.20003 2.73964
0.11683 2.39100
0.22842 2.66136
0.17251 1.91925
0.13901 2.71704
0.10918 2.81128
0.16404 2.99524
0.12796 2.08868
0.22839 2.90487
0.16242 2.15161
0.12564 2.83030
0.19935 2.35140
0.09454 2.24971
0.19573 2.06185
0.23748 2.26431
0.18223 1.88519
0.14375 2.92856
0.11899 2.88195
0.19791 2.02865
0.17536 2.03840
0.22663 2.77408
0.23500 2.99252
0.22400 1.91167
0.16552 2.54867
0.20927 2.98300
0.09069 1.84528
0.23970 2.21096
0.19846 2.50958
0.22812 1.89303
0.22268 1.82957
0.10746 2.37375
0.11985 2.66226
0.22175 2.44274
0.15768 2.13071
0.22768 2.36828
0.20913 2.78452
0.23101 2.14903
0.21777 2.05037
0.19559 2.89635
0.18982 2.10825
0.14653 2.71895
0.23220 2.80823
0.12558 2.58325
0.20606 2.54704
0.09119 1.95398
0.22511 2.35086
0.10067 2.12629
0.23059 2.37687
0.21975 2.15468
0.20746 2.76605
0.09062 1.89541
0.19562 2.77989
0.09197 2.85342
0.16562 1.95588
0.19333 2.95765
0.09272 1.90054
0.17361 1.90866
0.09763 2.03466
0.17054 2.34342
