2 70 28

0.00000 1.00000
0.00000 1.00000


-0.17355 -3.97153
-0.27151 -3.84149
-0.28251 -4.04934
-0.21052 -4.07458
-0.25795 -3.66256
-0.36914 -4.18755
-0.22685 -4.13011
-0.13720 -3.50413
-0.36573 -3.73771
-0.35478 -3.79623
-0.30948 -3.63781
-0.35556 -3.80731
-0.20051 -3.54976
-0.19766 -3.50430
-0.14199 -3.61566
-0.19461 -3.50160
-0.10914 -3.59613
-0.21399 -3.80727
-0.16500 -3.89140
-0.38762 -3.64756
-0.29056 -3.54378
-0.37687 -4.15329
-0.25362 -3.58974
-0.39306 -3.52212
-0.33108 -3.58694
-0.13803 -3.93669
-0.35112 -3.85742
-0.20225 -4.04500
-0.34827 -4.00616
-0.16714 -4.09398
-0.25657 -3.80127
-0.11681 -4.14580
-0.31005 -3.89687
-0.31393 -3.72973
-0.37152 -4.02869
-0.17785 -3.94396
-0.26849 -4.13685
-0.38583 -3.87834
-0.14573 -3.99717
-0.11453 -4.08244
-0.35813 -4.17894
-0.34263 -3.93675
-0.33636 -3.89081
-0.15132 -3.54774
-0.24864 -4.17879
-0.11901 -3.55089
-0.39607 -3.90304
-0.24636 -4.00944
-0.38595 -3.84484
-0.22386 -3.79616
-0.12226 -4.16934
-0.21229 -4.14841
-0.34858 -3.76639
-0.39995 -3.77874
-0.38837 -4.04088
-0.17852 -3.83631
-0.30339 -3.98057
-0.31192 -3.50566
-0.34187 -3.63626
-0.22286 -3.77717
-0.37296 -3.51942
-0.29524 -3.88111
-0.15065 -4.16349
-0.17976 -3.95662
-0.11676 -4.10523
-0.39945 -3.57685
-0.10065 -3.77788
-0.18526 -4.05214
-0.13720 -3.84647
-0.15393 -3.77133

-0.27678 -3.63621
-0.35084 -3.75230
-0.16842 -3.56605
-0.14681 -4.09392
-0.16812 -3.97410
-0.34394 -3.65878
-0.34017 -3.55566
-0.21320 -4.05022
-0.32768 -3.90815
-0.35606 -4.17747
-0.12423 -3.99243
-0.26769 -3.69031
-0.35223 -4.17742
-0.26816 -3.56450
-0.10311 -3.74931
-0.39515 -3.86175
-0.10854 -3.78300
-0.24495 -3.48101
-0.25466 -3.79596
-0.12973 -3.67713
-0.12936 -3.55362
-0.36517 -3.74907
-0.24219 -3.71017
-0.34891 -3.53098
-0.11668 -3.49731
-0.19301 -3.61455
-0.37944 -4.15811
-0.23153 -3.61927
-0.14139 -3.83717
-0.39007 -4.10785
-0.36925 -3.59063
-0.15182 -3.81417
-0.37586 -3.85819
-0.23216 -4.20104
-0.14902 -4.15438
-0.32223 -4.18049
-0.34262 -4.22793
-0.38345 -3.95539
-0.35586 -4.06079
-0.38078 -4.12201
-0.20112 -3.84560
-0.23779 -3.98349
-0.38590 -3.82024
-0.35327 -3.81808
-0.20382 -3.55686
-0.10371 -3.97587
-0.23003 -4.18861
-0.19664 -3.48094
-0.34412 -3.74405
-0.22904 -3.59170
-0.20968 -3.97928
-0.23723 -4.14321
-0.29126 -3.98559
-0.21146 -3.64088
-0.31388 -3.80929
-0.16797 -3.69611
-0.30165 -3.63654
-0.10129 -4.22746
-0.39983 -3.88091
-0.35406 -3.65463
-0.35971 -4.08668
-0.10788 -4.08278
-0.30760 -4.06588
-0.27037 -3.58912
-0.32924 -3.60777
-0.16049 -3.84778
-0.38039 -3.86493
-0.30188 -3.67890
-0.36243 -3.92264
-0.31506 -3.49866


0.09803 1.26775
0.13158 1.86492
0.14884 1.45934
0.13660 1.38814
0.08520 1.53996
0.07882 1.66242
0.12808 1.48039
0.10531 1.78966
0.11175 1.72684
0.12050 1.59564
0.08748 1.84457
0.13611 1.83410
0.08104 1.82439
0.10188 1.34454
0.08041 1.74980
0.06816 1.80168
0.09907 1.59962
0.07983 1.32872
0.15671 1.33355
0.09838 1.72535
0.08442 1.81508
0.10537 1.92823
0.06414 1.61969
0.09555 1.94221
0.10409 1.46862
0.06684 1.57459
0.11657 1.98028
0.06596 1.54516
0.10459 1.56724
0.07092 1.88913
0.11047 1.78251
0.08647 1.64690
0.10676 1.87987
0.13851 1.33593
0.07538 1.25065
0.07881 1.28474
0.08566 1.78113
0.14730 1.61562
0.09407 1.76597
0.13016 1.38757
0.07110 1.49269
0.15586 1.23904
0.12290 1.65803
0.09036 1.63539
0.12686 1.83416
0.14431 1.75266
0.08929 1.86014
0.13632 1.89035
0.10554 1.83345
0.14136 1.83849
0.10922 1.35152
0.11641 1.25043
0.15692 1.74503
0.06918 1.41339
0.09538 1.47717
0.10926 1.96125
0.14860 1.64877
0.11415 1.29777
0.06803 1.84243
0.06899 1.61288
0.09851 1.89963
0.14198 1.88436
0.10185 1.71831
0.15448 1.76606
0.10484 1.76502
0.09386 1.38893
0.14989 1.90482
0.08473 1.84122
0.09830 1.28950
0.12892 1.98175
