2 70 28

0.00000 1.00000
0.00000 1.00000


-0.18226 -3.85792
-0.27906 -3.95035
-0.36949 -3.97329
-0.16684 -3.72036
-0.32148 -4.04299
-0.24461 -3.57959
-0.27498 -3.80178
-0.29870 -3.58065
-0.28487 -3.65780
-0.29429 -3.62762
-0.12478 -4.05195
-0.23770 -3.51019
-0.23565 -4.02954
-0.26560 -3.75198
-0.18357 -3.82403
-0.15064 -3.89204
-0.16060 -3.50941
-0.15683 -4.02875
-0.22241 -4.05594
-0.21516 -4.12281
-0.20288 -3.48168
-0.20647 -3.70389
-0.34199 -3.86699
-0.34954 -3.82942
-0.32773 -4.00002
-0.18070 -3.74283
-0.36285 -3.85110
-0.30473 -3.70085
-0.29668 -3.73647
-0.10176 -4.14771
-0.17435 -4.16548
-0.11902 -4.06632
-0.36947 -3.64883
-0.39853 -3.89152
-0.25833 -3.70510
-0.12389 -4.04089
-0.27886 -4.10207
-0.25598 -4.18628
-0.39940 -4.18506
-0.25504 -3.62748
-0.36517 -3.95066
-0.34799 -3.64602
-0.28409 -3.70264
-0.34627 -3.76666
-0.12850 -3.88481
-0.19261 -4.00205
-0.38675 -3.74390
-0.11423 -3.80183
-0.20608 -4.22695
-0.31230 -3.92168
-0.34179 -3.75166
-0.18948 -4.06857
-0.29547 -4.18491
-0.12701 -3.57923
-0.39995 -3.63734
-0.21443 -4.03440
-0.20530 -4.01703
-0.38941 -4.04909
-0.33569 -3.61505
-0.38609 -3.83028
-0.19475 -3.90959
-0.23168 -3.82591
-0.30239 -4.10960
-0.22278 -3.65669
-0.12709 -3.89923
-0.22862 -3.68437
-0.30236 -3.91410
-0.34367 -4.14821
-0.35182 -3.47904
-0.29774 -4.04174

-0.21647 -3.78060
-0.21861 -4.21786
-0.13052 -3.93770
-0.11009 -3.57494
-0.33452 -4.08614
-0.23185 -3.76030
-0.13280 -4.08512
-0.13774 -4.19483
-0.32065 -4.15756
-0.11537 -3.82259
-0.25338 -3.91162
-0.30148 -3.95451
-0.27736 -3.69056
-0.37168 -3.56003
-0.21657 -3.98877
-0.28450 -3.86809
-0.30524 -4.04099
-0.36720 -4.02280
-0.30966 -4.02108
-0.31563 -4.21186
-0.27565 -3.81267
-0.18928 -3.87051
-0.34913 -3.80856
-0.18717 -4.09593
-0.37175 -3.92536
-0.31155 -3.81325
-0.31867 -3.55739
-0.35035 -3.78788
-0.19155 -4.17379
-0.30512 -4.00265
-0.24777 -3.60573
-0.22000 -3.55848
-0.29452 -3.94816
-0.33412 -3.58968
-0.13027 -3.76055
-0.20263 -4.15043
-0.17235 -4.12593
-0.39835 -3.86040
-0.18785 -3.85717
-0.30495 -4.21311
-0.14547 -3.96018
-0.35813 -3.93836
-0.23540 -3.69929
-0.22142 -4.00482
-0.13026 -4.00320
-0.33893 -4.07381
-0.27411 -3.57499
-0.17199 -4.13821
-0.14142 -3.75010
-0.15393 -3.72927
-0.13835 -3.77221
-0.37861 -3.69041
-0.32769 -4.13512
-0.22064 -3.48278
-0.15724 -3.67435
-0.38156 -3.98250
-0.10198 -4.17406
-0.22445 -3.86180
-0.12930 -3.72781
-0.32008 -4.01574
-0.35332 -3.98211
-0.13281 -4.08062
-0.14554 -4.07262
-0.11561 -3.79902
-0.19689 -4.21754
-0.26730 -3.89285
-0.32621 -3.81268
-0.38752 -3.70102
-0.24848 -3.99467
-0.20080 -4.11201


0.08325 1.81257
0.14056 1.75973
0.07182 1.82699
0.09655 1.76183
0.10440 1.53862
0.15279 1.56314
0.10086 1.32338
0.12157 1.44603
0.08908 1.44307
0.14061 1.83066
0.06291 1.53385
0.09205 1.38655
0.10015 1.40986
0.09593 1.93038
0.08893 1.95486
0.14973 1.37292
0.13467 1.80315
0.08553 1.54351
0.07021 1.97141
0.06599 1.92622
0.15532 1.30267
0.13471 1.39028
0.13696 1.88104
0.08956 1.99129
0.08524 1.21241
0.10863 1.95113
0.13139 1.90265
0.15265 1.86628
0.12094 1.96590
0.06493 1.37983
0.09520 1.64804
0.10012 1.84675
0.09238 1.91736
0.15511 1.96891
0.10756 1.54205
0.15614 1.91921
0.09536 1.34740
0.14917 1.76447
0.11077 1.78750
0.09747 1.77906
0.08837 1.94312
0.14411 1.63563
0.07507 1.57802
0.06911 1.49753
0.11563 1.68497
0.06939 1.82193
0.09672 1.96023
0.08134 1.27185
0.14800 1.25092
0.07223 1.48747
0.08651 1.61157
0.10539 1.63486
0.11759 1.42484
0.07642 1.22056
0.11779 1.76296
0.07600 1.21937
0.06131 1.96601
0.11831 1.71862
0.12731 1.85550
0.11630 1.45082
0.06451 1.27892
0.15063 1.38803
0.15970 1.70712
0.06320 1.99341
0.11228 1.68937
0.14769 1.72621
0.09895 1.59383
0.10972 1.64346
0.13690 1.93454
0.15134 1.88183
