2 70 42

0.00000 1.00000
0.00000 1.00000


-0.27914 -3.69002
-0.29482 -4.09939
-0.28833 -3.93411
-0.25270 -3.58020
-0.37653 -3.95394
-0.28989 -3.64037
-0.23562 -3.98821
-0.19430 -3.80381
-0.29393 -4.00897
-0.24963 -4.19492
-0.12741 -4.06229
-0.26688 -3.96520
-0.22209 -3.67112
-0.30276 -3.81993
-0.37050 -3.60882
-0.29017 -3.48007
-0.32532 -3.73672
-0.19785 -3.69251
-0.37134 -3.85607
-0.21154 -4.01794
-0.22387 -3.47016
-0.17582 -3.52869
-0.22638 -3.81760
-0.33271 -4.07971
-0.20506 -3.82890
-0.39927 -3.45079
-0.31597 -3.71002
-0.24711 -3.93683
-0.38439 -3.75751
-0.10831 -3.62969
-0.33972 -4.17060
-0.34594 -3.81898
-0.32729 -4.17059
-0.33457 -3.71821
-0.11007 -3.70418
-0.15288 -4.04778
-0.13527 -3.81096
-0.20333 -3.96482
-0.21943 -4.08085
-0.19554 -3.94948
-0.25323 -4.07517
-0.15543 -3.49616
-0.21648 -4.03847
-0.23668 -3.44257
-0.27458 -3.59162
-0.18487 -3.58554
-0.23390 -3.47119
-0.10968 -3.77019
-0.13867 -3.98448
-0.15509 -4.00591
-0.19946 -4.12021
-0.25659 -4.13669
-0.29698 -3.59181
-0.29065 -3.98650
-0.22898 -3.53260
-0.19906 -3.90088
-0.21139 -4.14420
-0.14061 -4.12837
-0.38185 -3.90565
-0.23246 -4.20071
-0.13378 -3.95507
-0.11631 -3.81547
-0.23011 -3.68703
-0.31906 -3.63885
-0.38910 -4.06119
-0.33375 -4.20614
-0.19326 -3.52334
-0.23810 -4.21469
-0.34448 -3.50297
-0.39268 -4.10588

-0.25707 -3.92688
-0.34923 -3.98209
-0.23022 -4.15279
-0.23902 -3.91246
-0.36219 -3.59220
-0.21757 -3.57756
-0.23896 -3.65332
-0.14207 -3.75429
-0.29119 -3.77817
-0.10585 -4.06468
-0.12504 -3.69223
-0.26889 -3.86835
-0.34271 -4.13274
-0.22976 -3.79322
-0.34163 -3.45172
-0.23110 -3.85753
-0.18627 -3.89410
-0.31114 -4.04767
-0.24979 -4.15498
-0.11303 -3.70680
-0.32620 -4.18515
-0.22865 -3.84242
-0.22924 -3.53700
-0.39377 -3.89438
-0.34463 -3.47339
-0.26425 -4.17153
-0.39770 -3.82131
-0.22000 -4.08634
-0.38060 -4.02370
-0.38565 -3.53374
-0.10456 -3.94842
-0.34290 -3.92278
-0.25675 -3.86288
-0.39931 -3.68226
-0.17211 -3.47926
-0.25405 -3.73284
-0.35037 -3.68130
-0.16282 -3.51159
-0.39819 -3.85999
-0.25103 -3.80701
-0.25317 -3.74020
-0.14961 -3.52026
-0.24857 -3.51432
-0.26917 -3.82830
-0.17736 -3.66027
-0.38486 -3.70336
-0.22098 -3.88808
-0.24176 -3.63389
-0.33531 -3.78814
-0.38359 -4.02230
-0.32216 -4.12915
-0.18686 -3.96251
-0.13808 -3.52719
-0.32900 -3.53496
-0.30280 -3.60862
-0.26476 -4.16088
-0.15627 -3.48966
-0.17645 -3.99305
-0.24043 -3.71834
-0.31103 -3.82032
-0.33238 -3.53190
-0.21494 -3.88968
-0.10079 -3.73371
-0.37116 -3.67116
-0.15792 -3.75259
-0.30255 -3.59114
-0.23007 -3.71065
-0.14195 -3.49943
-0.30595 -3.59362
-0.37465 -4.10188


0.13280 1.92135
0.20538 2.99312
0.17765 2.19453
0.14399 2.90001
0.09736 2.06419
0.23255 2.69978
0.15079 2.36517
0.09153 2.24144
0.18012 2.12807
0.12396 2.35704
0.11915 1.91157
0.23564 2.10177
0.19522 2.56297
0.21541 2.09861
0.18124 2.37162
0.11632 2.49376
0.10787 2.73156
0.12200 2.80695
0.14783 2.76804
0.15541 2.07289
0.10699 2.46230
0.20455 2.78703
0.11570 1.95451
0.14378 1.94291
0.15848 2.19449
0.17072 2.86435
0.14544 2.35768
0.14771 2.45614
0.13487 2.69833
0.12444 2.34785
0.10798 2.14365
0.09920 2.55407
0.14285 2.11904
0.17045 2.13680
0.18461 2.13867
0.18403 2.16851
0.23057 2.86688
0.21824 1.95247
0.10147 2.91898
0.09869 2.87422
0.14639 2.89756
0.21398 2.38579
0.10071 2.18567
0.11447 2.20892
0.14357 2.43496
0.22844 2.74794
0.12024 2.15906
0.15855 1.80628
0.22069 2.14969
0.09499 2.40286
0.18214 2.43036
0.09679 1.83357
0.15761 2.97767
0.12115 1.84189
0.18078 1.83358
0.22006 2.43910
0.15003 2.18106
0.14685 1.98326
0.14770 1.94119
0.11364 2.36419
0.11206 2.89881
0.18059 2.91887
0.21327 2.65890
0.13455 2.36930
0.14172 2.33710
0.12108 2.61175
0.22550 2.42307
0.12699 2.62521
0.12869 2.56912
0.11774 2.21272
