50 10 6

0 1
0 1
0 1
0 1
0 1
0 1
0 1
0 1
0 1
0 1
0 1
0 1
0 1
0 1
0 1
0 1
0 1
0 1
0 1
0 1
0 1
0 1
0 1
0 1
0 1
0 1
0 1
0 1
0 1
0 1
0 1
0 1
0 1
0 1
0 1
0 1
0 1
0 1
0 1
0 1
0 1
0 1
0 1
0 1
0 1
0 1
0 1
0 1
0 1
0 1

-0.2097660897819704 -1.91859763674809
-0.35992715915220663 -1.7309253038767012
-0.2517840331742444 -1.5282824803608146
-0.1874048583074378 -2.1486378266221857
-0.24117113873858623 -2.222493103816991
-0.3257589403352502 -1.548354663264535
-0.2944588937299295 -1.5256627170941304
-0.2698129913226778 -1.5103131347853531
-0.2005815686589236 -2.0863554312477812
-0.2835230993466272 -2.2715512721204942

-0.10750037797125828 -1.7367102588902128
-0.39640096256171686 -2.226991598983456
-0.38123020497065696 -2.2466272255616775
-0.33272431231843097 -1.5102722061739695
-0.16575026116492253 -1.9061945736558759
-0.2175980768545259 -2.143289609224049
-0.14711745993111364 -1.685673547432411
-0.29997673231258304 -1.7979260146854183
-0.3663808658250675 -2.0120158377539807
-0.22558618081532286 -2.18422004903108

-0.3183831123328838 -1.7727920215524198
-0.3408921662421759 -2.1008054432145684
-0.10355488334404744 -1.7577332224570874
-0.2957164153228258 -1.9013512793880234
-0.19736588490147422 -2.050438297215998
-0.25388553852420803 -1.8910831901554435
-0.2614502206679883 -1.7603413326742594
-0.32895047413053524 -1.6303436288426831
-0.165233391632247 -1.947466082981468
-0.12090188531251961 -1.5895352123968185

-0.3469439046781283 -2.1684056317956752
-0.1454547454128553 -1.681937060878226
-0.15376598557428364 -2.1446235638438385
-0.1231338265312788 -1.6736433767678343
-0.22719675273513315 -2.1280444369703866
-0.3821710773465762 -1.9466939105254963
-0.31470629211639056 -2.173999937131602
-0.2150278041469342 -2.2049850459921765
-0.23236385845312887 -2.05391330389392
-0.13924381089272336 -2.144469750092917

-0.24376215691221087 -1.83431010434092
-0.20069020900813375 -1.97212347644376
-0.14646449521715538 -1.8165569827388015
-0.14474150013948645 -2.103133236005303
-0.23560629539344577 -2.1199175558520857
-0.3898681005756264 -2.2525131438243036
-0.37437035927386286 -1.5647119653661892
-0.13514468059290224 -1.7135431581384166
-0.19474336412384038 -2.1463611320611706
-0.32273457689033425 -1.8451672979055833

-0.20877778488034596 -1.5204895951089124
-0.2211051354766058 -1.8465973409116754
-0.18474675369744098 -1.537591141430403
-0.18783354471454436 -2.2601021809400703
-0.16405947332709864 -1.786748875530576
-0.3336670823594963 -1.54650684100667
-0.19388693310108995 -1.860738714074158
-0.20884305254418997 -2.07723238035857
-0.3990425663723719 -1.6693046829430531
-0.11754781710552925 -1.9385266603622422

-0.17320999125750688 -1.9338478953623404
-0.10240865724994047 -1.942956762593973
-0.30634665815429263 -2.2122059110706784
-0.2942932938915702 -2.041405888309877
-0.27213732476401575 -1.6363792007687454
-0.29818884014350644 -1.9718454184628924
-0.28005019007475224 -1.7930801439286703
-0.3010902415212278 -2.11083388311242
-0.21625563876599785 -1.5603087735570487
-0.18538369712335123 -1.8516387767323004

-0.15885303885257715 -2.128523436534746
-0.3103510737015977 -1.8756463964744667
-0.2259233436367819 -1.87074557506369
-0.19393817539685018 -1.6701993481551491
-0.33363098630961846 -1.5698814453459682
-0.2514676905452412 -1.868460311429281
-0.2495507666132318 -1.7558468676487726
-0.20922567754670499 -1.7186732967924794
-0.29871207765830854 -1.5213584492287886
-0.23568831939116494 -2.1291064398041084

-0.2498410152060572 -1.8388430144346755
-0.1402321260258252 -2.019850233407787
-0.31509038652507587 -1.7271394228239174
-0.1744328013649523 -1.995688341441696
-0.15016765640365612 -2.183880727176515
-0.37092853117698815 -1.7443044844576892
-0.35457781705055413 -1.6952662688165945
-0.2573377901868154 -1.9842942109054067
-0.16218633360478107 -1.7942911767021341
-0.36695272404816237 -1.52838164610506

-0.23709099733265454 -2.0883085236688372
-0.3297450140469567 -2.1548350518129915
-0.24844287624128053 -1.603073259935308
-0.3853328187671414 -1.735008690662971
-0.28912055237523804 -2.2476365086134096
-0.3513082807175267 -2.061347952957411
-0.36691994470837896 -1.7681945619904975
-0.317787152451864 -2.1583940690662415
-0.16793133821691356 -1.5341068810180785
-0.2595182676410258 -2.0914561132271716

-0.10319250000284236 -1.9593387370348743
-0.24838319524747435 -1.8579611713186184
-0.24882352833649202 -2.2072785998778754
-0.27887465096822495 -1.761556095750222
-0.28891622949930473 -1.6373453714463542
-0.3818054338405605 -1.6488581997643321
-0.20403054276379037 -1.9902838920034114
-0.21256952999355666 -1.6493318852857137
-0.18654367181237763 -2.1192170420066083
-0.2340439975877502 -1.513991753869346

-0.3706320239950776 -1.6936265574356117
-0.37223619567217886 -1.964591041619517
-0.20016670443319756 -2.0343233649071237
-0.2839269934034728 -1.9950905398962098
-0.26409278531952873 -1.9253572819442735
-0.39088696175692494 -2.007492867675995
-0.26434573752646495 -1.811666808945574
-0.26122386713197066 -1.811927176774197
-0.11427458748090547 -2.2170833759735347
-0.24698304095728532 -1.786516524878577

-0.1183327474112012 -2.1897595370788285
-0.25598333841421944 -1.8472539787310425
-0.15283007537454993 -1.5146603916600458
-0.31021570844058405 -1.9955209184302074
-0.30670486328297586 -2.055230403090659
-0.15827844760721851 -1.5233882179387526
-0.19845222950423383 -2.1393911494207796
-0.13585316257811458 -2.241501322272551
-0.3878842143491639 -1.781015891187694
-0.3792235628132406 -1.664048649758365

-0.29239490540275154 -1.583893131254837
-0.31517768767896115 -1.8678310421211477
-0.2792432708932616 -1.5865780894756467
-0.1029218914378664 -1.5439319135429337
-0.14099660108068135 -2.0541764569486327
-0.2232926870714146 -1.7312120318162385
-0.3097221153572711 -1.830479558072462
-0.19623998627398523 -1.9110505446089365
-0.3865266137823302 -2.0484311359858
-0.12388537317018888 -1.9941650695626916

-0.31750580090406444 -2.1348487573289607
-0.2314936980155906 -1.8981539641724297
-0.19552041569836892 -1.755224061732522
-0.37331223069010194 -1.6502353485171
-0.3826851388525963 -1.5617449393565876
-0.11025491227326656 -1.6381023784801818
-0.21451893855759804 -1.5195005499799064
-0.13323496015313335 -1.9204234419577026
-0.3357051664672385 -1.661089344650397
-0.3005633938207521 -2.2576006310152605

-0.271316124983594 -1.7282934582837801
-0.372606803146061 -1.5494855185720258
-0.3992755194368716 -2.246482156037612
-0.3007347126657463 -2.137510323893043
-0.2234789908358675 -2.207242007605294
-0.1560592992372517 -1.5840402347836675
-0.23800246254201549 -2.2428262057466943
-0.3271555433276885 -2.114752162284059
-0.10471522417738899 -2.026370022789048
-0.18427898793448347 -1.5950168749914917

-0.316817695253342 -1.7729145861384452
-0.2235207339789209 -2.0690480231034565
-0.29801545911078264 -1.712173302051959
-0.1952584107257085 -2.0623815511711086
-0.24120504776450102 -1.7307799774420354
-0.3151974144501744 -2.2527103918198166
-0.17649184608929122 -1.7783876559607403
-0.3985167020062983 -1.51402615162329
-0.12466522967384125 -2.039705124575983
-0.16053248025514255 -1.8948863820384585

-0.13864238540875434 -2.2000340147401034
-0.19625835806223355 -2.0045185078994776
-0.22456128884363807 -1.5875666575068226
-0.2878105056684855 -1.9590598025932535
-0.39886416585106826 -2.1487680683559347
-0.20508040846738987 -2.0081329878239456
-0.1370275965077568 -1.5583816795534138
-0.33879838271093354 -1.9298706653462734
-0.3348184773956686 -1.9167252041611176
-0.24376521622719183 -1.9552797375265674

-0.2232091218886075 -1.7725043681409964
-0.28508790031843223 -2.1112360206043332
-0.11036562941896916 -1.6023915484065816
-0.15382052962132126 -2.0955972658984443
-0.2580571248008685 -1.6507674788575424
-0.2140068074805046 -1.9303234499923037
-0.17508561038120307 -2.2040294670950504
-0.21843299597009275 -1.7792493006167547
-0.2505959949821026 -1.6456314917660868
-0.16394639214486073 -1.5605662015262625

-0.21555813393063347 -1.5825861239660424
-0.1807129954012323 -1.6440292216688226
-0.3774142472505015 -1.591694615584559
-0.11710868884779613 -2.1629686435727966
-0.2942838912382396 -1.971987518444656
-0.20857288812184094 -2.019871403499459
-0.2830196036856899 -1.995834954064518
-0.29441344629364774 -1.6455388619313627
-0.21750702146312514 -1.565389691087592
-0.24451958104721114 -1.9880904385613074

-0.25016325649872073 -1.6366752122123451
-0.2586010528227991 -2.066935959519601
-0.336361373228041 -2.179535103967326
-0.2338302623632015 -2.271635245928504
-0.15642968779143496 -2.2025783170228634
-0.20688433409071635 -2.2004605043467067
-0.18649943121132154 -2.2071746859215793
-0.11574384597190573 -2.103278647670994
-0.2561195932151522 -1.7347971696014546
-0.3574569491317991 -1.7330277707238217

-0.3559845798112322 -1.7494739874411178
-0.19174866142329078 -1.6491271164807972
-0.12334107457234172 -2.1761854127956557
-0.14912602325990792 -1.9591288901600854
-0.11698534521821896 -1.871363960758321
-0.13451546125660913 -1.7888819677189625
-0.28614470063841363 -2.2647007729477884
-0.19031867895158933 -1.891303637081162
-0.2135127266027269 -1.7713957507446751
-0.12163020844146993 -1.7755315175074275

-0.21291613031912737 -1.988966675004253
-0.3282408343943259 -1.5363088705889285
-0.2544951837217068 -1.759437284318282
-0.26419854254039254 -1.9381836037801383
-0.2641836124320925 -1.5900069190071355
-0.38551134853045127 -1.55083836134523
-0.24881327464455236 -1.674311509520043
-0.1518361552910441 -1.8735952743446465
-0.3870942216647699 -1.9563321222677843
-0.3916211359426378 -1.9443471362015265

-0.28312452710059977 -2.1755143398952344
-0.12080551032500592 -2.0571736615464644
-0.24383502750162173 -1.9115218530248543
-0.3895617811150609 -1.6630118768882862
-0.25266378579696713 -1.638081603396255
-0.211141120736781 -1.9590477483279316
-0.3921334663830807 -1.9497433217332574
-0.26298309971375533 -1.718692021621906
-0.3368640220505315 -1.793751188790958
-0.3214229854212448 -1.6925840387184152

-0.3638199908397115 -2.0524728677216615
-0.1988614805131247 -2.229990553822245
-0.38594530458710097 -1.8128612435052451
-0.13457381083969427 -1.5645704312127666
-0.25133006975170197 -2.1341689624285376
-0.12956995814206523 -2.2672616793422695
-0.13405778079295333 -1.9033085856686967
-0.3449114413912114 -1.8920016156924053
-0.18367423343360165 -1.8956447396832712
-0.39888986464725157 -2.272599141249953

-0.2759551981124703 -1.9113089988345993
-0.3900594956687941 -2.106319547567844
-0.3625514543022104 -1.6686227244928036
-0.34189012620416154 -1.9638383802687034
-0.3846054349416114 -2.0852242227810396
-0.13090376422238448 -2.266996106615249
-0.2599753251245779 -1.5640327852315372
-0.3524451533274589 -1.6030341377914106
-0.24252195088912687 -1.8233095704767297
-0.2594878680719588 -1.7534350095317408

-0.13117895891901643 -1.577414465276962
-0.33202700726071055 -1.5548698656348499
-0.11930090377125174 -1.7842384043825623
-0.3666363744088545 -1.5256633260787686
-0.39967881037920594 -1.8802687048093034
-0.39922582856402394 -1.613447929044475
-0.21116551372417908 -1.835291861645473
-0.18019479246836997 -1.5101183854390512
-0.38710582693911605 -1.860020621792851
-0.1996780852314187 -1.7409103550473506

-0.19961324821222215 -1.8575166449065328
-0.34904602823842396 -2.265709008168656
-0.33961284677508496 -1.9317558736629343
-0.3602769183575292 -1.5939791419328428
-0.16838820413624675 -2.2681566870335437
-0.3381791450213041 -1.5234587133550455
-0.15666559808199865 -1.817701056638145
-0.15388562980397022 -1.5114102816238821
-0.3502041115310997 -2.1896685608499338
-0.23956993787503628 -1.519462927045248

-0.1949609077328345 -1.5836324913461914
-0.38782552050305186 -1.5289491853241726
-0.2742390401565302 -2.0017592004393565
-0.23590316321834565 -1.5262398878483783
-0.29332298777613974 -1.5543454545994755
-0.3621349466647342 -1.6038178480776253
-0.307850302921576 -1.8345160176450845
-0.34257436579762324 -2.127833593166196
-0.3729137186481867 -2.0457657508962246
-0.39264687944467497 -2.2519817566367393

-0.3150646701406915 -2.2015919428743125
-0.22130477482720415 -1.8639488200983505
-0.26448413476774274 -1.7423061532246784
-0.318093194065917 -1.81429668943543
-0.1295007120498181 -1.9495790540353561
-0.2407747462290608 -2.2440433016959465
-0.13976543523092566 -1.986152987585323
-0.32457789324127406 -1.5426429739371148
-0.11020317705167387 -1.7612718130845875
-0.18111796181865156 -1.9082629001107678

-0.3970245245383612 -1.7585513381879947
-0.14517435780517002 -2.182280735864461
-0.33200814906015075 -1.9309467118969144
-0.32108928224117994 -1.602961729537861
-0.21500729129508825 -2.006423538678014
-0.12440246196861354 -1.9420572117530739
-0.1597624248308057 -1.7780144453096147
-0.10617967735670913 -1.6613584241027168
-0.1558809509964347 -2.0618294118289224
-0.21142621697702021 -1.8185927322017315

-0.2193385455273514 -1.8389814716101252
-0.2212349285687387 -1.8779131316413837
-0.25248494717998504 -2.1566341087204277
-0.13919492303495623 -1.5920295060039225
-0.3725112061829939 -2.052171546121117
-0.15826948822494963 -1.8176971026929347
-0.23409099894577326 -1.7526203397493703
-0.12418787889708904 -2.2062970120119134
-0.36673338608738154 -2.014652399637407
-0.1454365237541611 -2.075862818169847

-0.32137714210856255 -1.9825510643082047
-0.36315646234454246 -1.9748726856431769
-0.15862596597712444 -1.597578936379291
-0.3910916074828448 -1.7547675133333223
-0.1890391157566147 -1.9596580094076117
-0.2227303301886617 -2.1413673731415375
-0.13897498477209586 -2.19418806547575
-0.172517648711669 -1.9757372815729177
-0.21167056540722037 -1.7703336696827647
-0.23159649178605687 -2.104117535757432

-0.2561855056068333 -2.0754709083348177
-0.38578049369099965 -1.5204222806693846
-0.3671718262256948 -1.6649142553299745
-0.3683436445951039 -2.086938355320183
-0.32412609856124774 -2.160640948997048
-0.11450349155555778 -2.01991761846506
-0.1690978141256882 -1.7295770955990362
-0.2808361585806582 -1.515985666259863
-0.3841156377386054 -1.7060676319342403
-0.32369282196336724 -1.571094567673636

-0.13924526416728894 -1.5968143851184844
-0.25247735373107805 -1.8942688773690488
-0.3026520134292549 -1.8099793638118997
-0.18001209340489083 -2.1481467172736814
-0.24076168400567738 -1.962765887129183
-0.3822861706618317 -1.942534099020401
-0.17968822459928968 -1.6333439688706086
-0.2812407042368043 -2.152329235185296
-0.2064983660791747 -1.5664152907475106
-0.23578141819915935 -1.5231992797171772

-0.2926466713023291 -1.8774842299861512
-0.3533927473641792 -2.1173946130136003
-0.16935650590803986 -1.7233423915585249
-0.23970523369112862 -2.1062358919995443
-0.312859998608221 -1.6999415974830372
-0.18272664939913896 -1.756162650042787
-0.13943244907483215 -1.8333197968205404
-0.3397732200726451 -1.698925962781919
-0.3492852162420832 -2.0225192672217625
-0.15647083403539247 -1.826356839803609

-0.34897661167748656 -2.1488765284531373
-0.13777599686093717 -2.027516514059142
-0.1639887596354881 -1.5127086543965018
-0.1944148573893579 -1.576591980622863
-0.33311456721437305 -1.6238945744124096
-0.38496363261074107 -1.7015380581900807
-0.11917241234206 -1.796476802989817
-0.3786246945405038 -2.0105219742303513
-0.12012016648454166 -1.9050696443943644
-0.16743223309672062 -1.623375699991678

-0.3336220244707431 -1.9611018225807073
-0.33586196651644873 -2.022231659725494
-0.20412866995164433 -1.8618702873934678
-0.23716714760710977 -1.5959951072515235
-0.17643457459717948 -1.9837177643073278
-0.18467948898736186 -1.7083826817608805
-0.3373559156863186 -1.7834164255226013
-0.18145818209218087 -2.135917417417104
-0.13096711501299924 -2.275482967314897
-0.15892465307012912 -1.7930233550296728

-0.20674510356162717 -1.8141713517593159
-0.30690611577339233 -1.7155731122937041
-0.19862002152158337 -1.6124018314344757
-0.3810512633874304 -2.181265086823013
-0.24459448448816729 -2.1287456161273375
-0.36273217673193564 -1.9906608035626754
-0.17466909494432514 -1.9404383053412588
-0.31706054352676305 -2.2752020916390103
-0.202044352686658 -2.008924086419875
-0.24349503258608682 -2.255407066457083

-0.11298385247930365 -1.8677519999212409
-0.3689387387753794 -1.8660580686256873
-0.2984195288673726 -1.9286118573009887
-0.2940286575517144 -1.7526717643614136
-0.18831709698723764 -2.1818780928902735
-0.19293412616261096 -2.2348732517812917
-0.28204548146352704 -1.6818282872832573
-0.38341341607703994 -1.9336134179786055
-0.3377441567481708 -1.806284716116203
-0.20745122900572543 -2.1005131510000274

-0.19073428842350887 -2.2078456646049376
-0.2290329687112934 -2.1955608539937916
-0.2578055819325864 -2.154001029326005
-0.3584457187574903 -1.9534558741602848
-0.3103563770570247 -1.6012054207859148
-0.34505807822959245 -1.9997705609225511
-0.3154165348403527 -1.867232016250884
-0.3096713519408071 -1.944197271383694
-0.24123158786839294 -1.8243373619545116
-0.23414025245369285 -1.9518051368649154

-0.3400995970482874 -1.7038317675447425
-0.36444351029923994 -1.9684642966364676
-0.2836534330645725 -1.6821504481578415
-0.3904906104449416 -1.7884922507324985
-0.3603920608984361 -2.147771182844161
-0.29615912761180807 -2.205275009482148
-0.16205623086873785 -2.227580631246868
-0.32241024563909854 -2.128983001716411
-0.26578229803778386 -1.949184499945081
-0.32789727918160017 -1.8631117298080162

-0.36791095128853735 -1.7036370644464216
-0.25686900730056406 -1.8973775188472835
-0.25583197365459714 -1.7677849599169648
-0.11406372120931274 -1.5508339954668773
-0.24305458924926343 -2.1528003157551
-0.16930643498403494 -1.953001991429964
-0.10486069111448354 -1.9012524219807354
-0.10917005760208637 -1.7084615668490089
-0.1481734465777405 -1.879831917881931
-0.3603379268811213 -2.1935791090146415

-0.1627487077544729 -1.6536387678977569
-0.35373488072466597 -1.5099732967311124
-0.32313486820275317 -1.516050110534859
-0.2586827137745493 -1.7333640606181697
-0.2952045451363587 -1.7288516573286101
-0.22882547774885303 -2.273161100050474
-0.29007388230592823 -2.1503071420249626
-0.3360937456281801 -1.650686927910784
-0.15514013400604473 -1.5190781930677508
-0.2027949314407815 -1.6907977674929466

-0.10149754183936077 -2.053302220199005
-0.3082735443405034 -2.003064994631192
-0.3751064623027739 -2.1599935817645264
-0.23927160486953308 -1.5759760100934215
-0.3853924837371672 -1.9020851794967775
-0.2514139318240703 -1.7181251730521052
-0.3930737114428995 -1.8865410095275177
-0.3683397832872009 -1.6059928060355158
-0.2021541882264354 -1.7252043637529653
-0.27268111834338915 -2.1265629551259506

-0.27799538600149615 -1.6970140196582877
-0.20113833579193136 -2.2288383517929944
-0.25490217978616503 -1.6743457516444171
-0.15617057208965757 -1.8217515978965708
-0.19218303966634548 -2.034525779542729
-0.18198400840175488 -2.0359919038067567
-0.19417751432158895 -1.8845864230798055
-0.31209691245099264 -2.139316221685429
-0.1619487857385819 -2.064298802223268
-0.13271838950104575 -2.0121780328788255

-0.36174051091891757 -1.9462351305503633
-0.17415342826569993 -1.52304946296811
-0.24199622452681901 -1.7020446094313804
-0.14657111509675075 -1.799623557661211
-0.17764404421563315 -1.8754966739502525
-0.28368415584180295 -2.029722524317807
-0.3946020594407247 -2.011420233437657
-0.3652665439554567 -1.5600715175552935
-0.254844746687843 -2.2400821914560525
-0.285995292375831 -2.204935188593532

-0.33261550120196015 -1.814018678219996
-0.11943741771034061 -1.8345620804004081
-0.17463039131609695 -2.1912154957790033
-0.2467442202416621 -1.639055701738207
-0.2093327137572573 -1.9690736264414428
-0.3257859940209587 -1.896373915870844
-0.3187301817239454 -2.272676675394053
-0.2246183771231037 -1.9430322993833664
-0.16506735215708845 -1.9898396189823593
-0.37187149925828034 -1.8081187033497939

-0.13045363041961422 -1.9331602335735438
-0.10191621189306693 -1.877287471984546
-0.3260346404933664 -1.719217909190761
-0.2760527295515026 -1.6639856801148016
-0.1515927654383865 -2.210679079641323
-0.37268156023149274 -1.9784937456665057
-0.14610585325796566 -2.164928794126307
-0.2574288250337434 -2.1544876069966663
-0.2929113408691622 -2.07250413476966
-0.10326175516536679 -2.21278844754121

-0.3109176584062997 -1.9792303057943514
-0.25423888167022335 -2.184918883023893
-0.1762592709201572 -2.2636712042184897
-0.36181131729671023 -1.7133970203726638
-0.2481831404732771 -2.2323678811209295
-0.12865309371933586 -2.1748024968002855
-0.1841507965285069 -2.2112255681842456
-0.22798230974188213 -2.254720704739575
-0.2844323740685713 -1.8156396216781374
-0.18221031978259367 -2.261094477888216


0.1522710878144909 1.899671658246298
0.0813371809403786 2.3654645689921616
0.1491668484718691 2.2505231300142943
0.12463631017013481 1.966091926381814
0.24630588945884319 1.6965179504698273
0.24089810212594975 1.5287569137000983
0.07934391626443349 2.005622684116939
0.12590947038099448 2.236833086474838
0.1425928110202449 2.101801470744923
0.1587494764457072 2.211786108353375
