50 10 6

0 1
0 1
0 1
0 1
0 1
0 1
0 1
0 1
0 1
0 1
0 1
0 1
0 1
0 1
0 1
0 1
0 1
0 1
0 1
0 1
0 1
0 1
0 1
0 1
0 1
0 1
0 1
0 1
0 1
0 1
0 1
0 1
0 1
0 1
0 1
0 1
0 1
0 1
0 1
0 1
0 1
0 1
0 1
0 1
0 1
0 1
0 1
0 1
0 1
0 1

-0.3684008977326893 -2.1559960741414104
-0.38542617376763477 -2.0933686414746546
-0.2966391548660581 -1.9371161300542994
-0.11433301546679175 -1.512312525476342
-0.17832411887463706 -2.2775710478397966
-0.3695880905313885 -1.7467480063876044
-0.3920252688552113 -2.0710015048075108
-0.15086092270457388 -1.7819704964015803
-0.19491468156046174 -2.090102209895888
-0.3816669699678129 -2.2008663508020425

-0.23980142759873918 -1.5688011390860186
-0.17171054111667686 -1.688764612129158
-0.10940000596166438 -1.811485437240719
-0.16994255648732437 -2.17657126890671
-0.22325358590890668 -1.799318102718689
-0.2985206005907982 -1.7214222720832373
-0.3200595301352912 -1.6989027524594995
-0.30930014678769713 -1.615985231357376
-0.3969191827056161 -2.067541347239919
-0.23851093419326796 -1.8390925147219168

-0.16110173128025349 -1.7742365381738052
-0.22312224978461756 -1.8344453281667141
-0.29598623817791936 -1.71791921858647
-0.1843075762465412 -1.9703667645132612
-0.17033193998084997 -2.051401919119005
-0.2916548147697366 -1.539472520413248
-0.17951277551856837 -1.7398692970120062
-0.2813955380500469 -2.0911209745347645
-0.24262705457124248 -1.7469815184019613
-0.21848403034680422 -2.092601404786943

-0.32233771864083294 -2.0873076506048744
-0.18260151218138793 -1.6596065743553732
-0.36487311977149983 -1.881225683117261
-0.31266197529421735 -2.1043096388431564
-0.23447035622211254 -2.047184691633145
-0.32300200221899156 -1.9192247621757068
-0.35215308418465596 -1.5506597267952085
-0.209295071334036 -1.6175122492633323
-0.14743621334669027 -1.6788292822957933
-0.3900144004413089 -1.5581783214006815

-0.3222467104128623 -1.6825392271383375
-0.3954061844308729 -2.1250591977786284
-0.23007653479149007 -1.6473630064989302
-0.2138387758053378 -1.8215215174779562
-0.30468454657656857 -2.2171548211439385
-0.27127533751824984 -1.9954785094486454
-0.2807431688613944 -2.0979801997822207
-0.19218711406120456 -1.9238714374043921
-0.19965949629764781 -2.088753992793285
-0.3756124959783071 -1.5590003594554367

-0.17968845631343927 -1.6803908977619164
-0.173577870304322 -1.9591074816871286
-0.12429072723850304 -1.5626644702795254
-0.3747684844244028 -1.909310987020795
-0.11818409773020955 -2.0208580935926705
-0.224914986926501 -1.7739281595771512
-0.26168255046873895 -2.1160354406769106
-0.22998962487975663 -1.5516347195978493
-0.24824644683118133 -1.809222481614882
-0.12686082384450842 -2.2616791160915564

-0.12244418115099526 -1.715499850644759
-0.3103391728664167 -2.0771848557586514
-0.20231087150786536 -2.0840437120743154
-0.2576092052791671 -1.6886312595324577
-0.2586197971796112 -2.252183816431826
-0.21274520523350077 -1.6605035388407239
-0.19883802651689417 -1.6622343040078853
-0.2884285644552128 -2.2640849289551217
-0.12887937122291998 -2.2593322448157998
-0.15267967508702096 -2.16892910578827

-0.3688153941596542 -1.7299516331222
-0.36759130137457957 -1.762928266986115
-0.25271232385600884 -2.0494732397688487
-0.3918471685546076 -2.150303169940165
-0.26632319366729273 -1.9792515534948896
-0.12271340548214421 -1.639503236652351
-0.2699159049961829 -1.6878961483062644
-0.22250848976072254 -1.7686169130851992
-0.3098136890175264 -2.0788646258704193
-0.2867773486771425 -1.6701406819933586

-0.2191814623543611 -1.5604147845947538
-0.15254238564257697 -1.7119153224586934
-0.19671150379290267 -2.2472621335475216
-0.18701210363635587 -2.1367112643513266
-0.22502745826097828 -1.5766966378018688
-0.18811039555429257 -1.5403338659755554
-0.3712861511805579 -1.6963606045976256
-0.25461138439772374 -2.1468429673590768
-0.11722397619806635 -2.1520062838604375
-0.33641796013455016 -2.0792262974621543

-0.3205964073860536 -2.2106087811475894
-0.10978868316473567 -1.8981792626666014
-0.2894655584422009 -1.5254171934526726
-0.26822277974845576 -2.0769075209077044
-0.2344226030786147 -2.20037169511472
-0.36711516926814725 -1.8523418385269328
-0.37779463062716495 -1.8662167340480909
-0.34443355973877604 -2.1509222852958416
-0.2980556705131563 -1.7936131281552172
-0.37951570568313625 -2.076260851131857

-0.36510704816660466 -1.7592881483762257
-0.23064297657447663 -1.8389034624162068
-0.216294399260407 -1.6559422223307547
-0.17065605030944425 -2.094950299885332
-0.25782152311442363 -2.154820344873913
-0.15151800622797004 -1.6427924873131303
-0.25982466073983596 -1.5729130421140884
-0.14532708605890987 -2.2085354474820247
-0.3510208212621308 -1.7816723721813363
-0.2929007953944832 -1.5677275040162288

-0.20087222927974357 -1.649603309341367
-0.3010201730892696 -2.1693997762406374
-0.26692915067116074 -1.7509953694594165
-0.1417776868872616 -1.985151176284019
-0.3829014980163356 -1.5628025412988777
-0.3834219800568767 -2.2472224417799467
-0.14798298564696877 -1.7986517738504089
-0.1780609817691375 -2.0407238366697418
-0.15376410103633464 -1.6661233874100012
-0.24947695292193717 -2.200420062838548

-0.11123594601029219 -1.7684598930805415
-0.2334167658731943 -1.70028470739806
-0.23840129191037301 -1.8980665179582943
-0.13302108865939238 -1.9393733339249875
-0.2715208351900172 -1.600401159675509
-0.2734256539958249 -1.912448298453962
-0.1439337625473303 -2.2690279150154886
-0.3364575904868055 -1.6154374587398235
-0.20449133730711702 -2.0809350950306738
-0.142759089685556 -1.6520455082151608

-0.2505349686904759 -1.752894140453595
-0.2906037491326481 -1.8009878411506044
-0.3558515330269892 -1.7428788242907607
-0.11336280927361775 -1.8934251088723182
-0.3610348218472572 -1.828379386600757
-0.30025824882385077 -1.7918432418994084
-0.1881402993071277 -2.0824750220250374
-0.22669838157610764 -1.9069046641074623
-0.35184228968145054 -2.1348674476755236
-0.18821666845326024 -2.14284948951384

-0.315920152744348 -2.0456123699407254
-0.25179046576243547 -1.513819004204152
-0.22569329320832346 -1.5346071400476173
-0.25970165216576035 -1.5148704624211167
-0.2240961737663549 -1.56109505636327
-0.33972101313819814 -2.007724730426866
-0.13390991391519608 -2.213086609605684
-0.1121992164608 -1.6409076732728582
-0.24149689769161523 -2.1365965821963755
-0.21105269543376337 -1.5210234987559563

-0.22453749644417545 -1.853903420516991
-0.2982111074014983 -1.7226206258910257
-0.3674624227708469 -2.2018962374879396
-0.19373923890307315 -1.8425889605811503
-0.15570277521568696 -2.03066693076983
-0.3986136359122182 -1.9675983757059545
-0.239416081723171 -2.216251439486597
-0.1687778211996821 -2.126021298626452
-0.3159714780771341 -1.6530832547560768
-0.2893745260681231 -1.9543224099229217

-0.19971247725685268 -1.6170109360260638
-0.10233711295363279 -1.62834378103478
-0.2585837695962787 -1.5438197274443568
-0.355828699998198 -2.0615315153463536
-0.37911900508335566 -2.276796707613378
-0.13597419692892831 -1.6769530367481056
-0.2528518059052537 -1.8872932284421333
-0.3017064131790185 -1.5450275169084184
-0.31412873695095916 -2.051582863492252
-0.3153591637107667 -1.8646445400646288

-0.16692285990041822 -2.1045348771809027
-0.11411896069534 -2.0012370290939385
-0.28280784647471874 -1.5915948307736882
-0.12585773347217588 -2.2760306421032497
-0.2608545610515216 -1.6810954817181445
-0.2990128839020482 -1.9638482083546067
-0.2508676318740627 -1.9564675836169347
-0.37657833043391264 -1.7734775653271941
-0.25225068295712044 -1.871532115817899
-0.2779645030059988 -1.595364597099897

-0.12078742262012371 -1.73672043731665
-0.14768742688262437 -1.6439619750716101
-0.27929460988276666 -2.1303893282639086
-0.3716064118938971 -1.9418455346370236
-0.17473179397436447 -1.6294455089345399
-0.31946467503706144 -1.729966589374508
-0.3153147675145982 -1.754630234950549
-0.3448519052204695 -2.20141100518196
-0.37714656103947486 -1.547573198440453
-0.3523945681050201 -1.9469091303187014

-0.24239836547601537 -1.596144995328833
-0.18636061577751095 -2.042151382727198
-0.23535432978311097 -1.9459034951545984
-0.15085454650312566 -1.6199439047217241
-0.25115226316728256 -2.190496490744181
-0.29879218511762456 -1.5899064573515802
-0.19608233935485364 -2.2131247300469976
-0.1449897637445074 -1.5884702996400144
-0.13129279040929898 -1.647834218375457
-0.21533803817265407 -2.1780784871434773

-0.19054217926300365 -1.8013327583905545
-0.19236846047850323 -1.5697635444032871
-0.2532313013699783 -2.161919028653225
-0.281055606464087 -2.114034602298677
-0.15166527383122205 -1.6708791104131628
-0.29567509511292145 -1.7508778591447305
-0.39138110940749404 -1.983053726025304
-0.3454310222986552 -2.0460004591288548
-0.17253034297003803 -2.002027596790847
-0.34139868123781153 -1.7615517100979845

-0.12022640772237098 -2.129968081451135
-0.17266879908700083 -1.6100347535585366
-0.17628449595065018 -1.7937798149061612
-0.22262669640506694 -2.088647054912107
-0.2542289763322575 -2.2497333762744223
-0.14998751736012272 -2.275946756654937
-0.10779085970209046 -2.214058713817072
-0.2287349917005591 -2.1883019779501436
-0.1805862703827026 -1.818800852086702
-0.37086769432962813 -2.066058249531884

-0.11930748135206165 -1.529008538190228
-0.2570130269468181 -2.108028759595851
-0.1781770950727023 -2.1428072165671814
-0.2379862710027478 -1.6714349093237788
-0.3847936872247793 -2.25558552164096
-0.2759846187721444 -2.1541176763774605
-0.3968969992301254 -1.7976219510279063
-0.2723173416644721 -2.1203502609671854
-0.30842376146034317 -2.0281624011991077
-0.2706451870375657 -2.1608507887146664

-0.11921532807441948 -1.714869506819766
-0.29137795474016576 -1.7220628595818361
-0.1870286261085492 -1.8104042422445918
-0.31481039593839966 -1.6416542297716497
-0.33076237283054855 -2.002664286631902
-0.22054721762720947 -1.8346468635559499
-0.39114081345738944 -1.6190235826706871
-0.24754128986165497 -1.51846566098836
-0.155609543098623 -1.6575091199696028
-0.17937888201207053 -1.8432364162085988

-0.23633553571973528 -1.997371250124766
-0.1768494208798793 -1.5984960407445479
-0.3764805974088047 -2.183628699896211
-0.30147686250684497 -1.9340190442048684
-0.38394627720220814 -2.233498019399964
-0.36958356827052785 -2.1653745823450463
-0.16300417863148314 -2.116322013474328
-0.37399155899412 -2.0349853791153727
-0.16259076410077541 -1.961636502073016
-0.27597994844681556 -1.710726026243601

-0.3155611774670693 -1.7992394343062146
-0.17058810054441212 -1.9990336708109129
-0.28325551348097866 -1.976077194296788
-0.25718423027725323 -2.0711376758550224
-0.21689899276801608 -1.6206838004421926
-0.3139126367402523 -2.1550555932570505
-0.22164105505915213 -1.8494165617359388
-0.3943352248398356 -1.852734015469069
-0.22849633355239735 -1.8613433008024844
-0.18673974326165327 -1.5612805057557024

-0.35153281088788757 -1.79368168418991
-0.2175557898600897 -2.178840245421573
-0.1997651649460896 -2.1517913994161617
-0.23785435181875375 -2.100735187452813
-0.3531606650981995 -2.084971844188492
-0.2013370416897641 -2.1448553835222555
-0.12962151280412265 -1.5502155765304297
-0.23445943177068854 -1.814439935540857
-0.23398329867015064 -1.9614634292947928
-0.1964541939668959 -2.072460430476699

-0.3132774682317398 -2.028009673808691
-0.22282992156822912 -1.5512966540779103
-0.21545546109935645 -1.7853781694341895
-0.15360299919012396 -1.5162340594328874
-0.37479033047514354 -2.248389778654197
-0.3947765584494528 -1.6344520198834176
-0.14066800261490137 -2.1874290132242518
-0.3858895917627216 -1.778731486819658
-0.3210998289094606 -1.5600608499683664
-0.10355695673984566 -1.923922377083435

-0.39856166735475757 -1.9801232632262018
-0.28796180817139017 -2.238259581523393
-0.18230957943389858 -1.586121216746033
-0.1659516222370403 -1.924549918064296
-0.151490138481285 -1.8748493739242729
-0.2797314366411573 -1.9586027176973262
-0.2935230512936506 -2.1178541404813758
-0.3888819933081272 -1.932428633302308
-0.16313928338419434 -2.0111227381394694
-0.16488485886721024 -2.206400436703757

-0.1975943854464183 -1.7705564479893288
-0.1326313833727884 -1.5472996683761244
-0.33918317901927636 -2.247456722209536
-0.3028780116595784 -1.6815371676086932
-0.2687805771658681 -2.0704963188598104
-0.3148792105373705 -1.6406177131364441
-0.12414724312829206 -1.7552086940018476
-0.3460005878137223 -1.8053252392251742
-0.17009432353258536 -1.591285152387897
-0.13873385191060178 -1.9414527823847179

-0.13297804138007951 -1.8967528883189138
-0.17919950201875345 -2.0245829760154037
-0.16099070765364643 -1.663522896644297
-0.14534126680012005 -2.0236850563830515
-0.331369830343116 -1.9899617527848696
-0.39607697431630096 -2.0537769410938638
-0.3048154207743981 -2.207773874332088
-0.38492791520002906 -2.074470801294601
-0.2817227427023372 -1.9602352453860288
-0.346142382226596 -2.120715208905745

-0.31186436128913514 -2.0242078176648053
-0.10839079593189227 -1.8840098969616756
-0.3371826200774274 -1.9361194014724328
-0.17427103359283816 -1.9792090013974202
-0.12805122616225245 -1.7409218589310633
-0.3289383966543205 -1.8032575683672267
-0.17444914706915673 -1.8055591087303187
-0.2646793350840726 -2.1597875011200123
-0.13867213691194774 -1.8558027284245533
-0.3117326417769596 -2.0311129318716645

-0.23729016904737643 -1.6767787726093455
-0.3236664796872104 -2.0598894924510676
-0.22936418495882896 -1.8829022651427039
-0.36159991376358447 -1.9542211395046696
-0.19010330683673873 -1.5289358287897055
-0.10957514127065171 -2.081865070014617
-0.3175411413636028 -1.51662610473349
-0.37466858092798416 -1.9003909352188002
-0.16309369022845333 -1.9677897004522211
-0.11472873962702534 -2.268649199428186

-0.17623541365532672 -1.6433617484247227
-0.17768312136468964 -1.662424000105402
-0.1539921574526814 -2.0297490904568805
-0.2628380609811858 -1.9247554489561887
-0.3531111705338172 -1.5835505252189015
-0.3467663556447936 -1.761007355397153
-0.3741949442728106 -2.116882149860566
-0.1543248822403215 -1.521797425567933
-0.3648798726158034 -2.261366157582493
-0.1254174312163916 -1.7100801800176053

-0.11686062373436917 -2.008994773772847
-0.32120183312378336 -2.2244963451438267
-0.15395678109048602 -1.7067947273777797
-0.3406448288096702 -1.5296080940896597
-0.2073088648648577 -2.0661072628115003
-0.21999809052208694 -1.558341150020409
-0.32078105121479006 -2.0904977497047836
-0.18656445368124208 -2.158121583842752
-0.3024413608531379 -1.6146527679668923
-0.21007318519927357 -1.9479717636063216

-0.21092509121371542 -2.0306471056897286
-0.3508257862752805 -1.652338908601197
-0.3804298192379303 -2.127339969697389
-0.1905969834954859 -1.8799387459725663
-0.22249610772518297 -1.7598790608433792
-0.26851223072803687 -2.1481231678022064
-0.35058984292157536 -1.6259471874460103
-0.3749244133058027 -2.093018532963251
-0.17325774304237324 -1.5751067717748362
-0.34673191055710917 -2.202846968361472

-0.24906806630769368 -2.1663770358039653
-0.1584653544791365 -2.0607176141820767
-0.24808279149771903 -1.596497106473846
-0.14130874737027577 -1.5256617582372072
-0.16220360473070347 -2.012084752868035
-0.25940823919931794 -1.5792929648007916
-0.34177350737078527 -1.733367592770888
-0.3428064267742127 -2.1420660345263243
-0.3228674834338602 -1.6635099403431446
-0.17252834392576977 -1.6743601173904366

-0.29350461770743275 -1.5136780904616753
-0.28805245137271 -2.179449798551147
-0.11047526033606209 -1.6357501245373813
-0.2853800668395882 -1.626394832142459
-0.27689276728600565 -1.9294252599159378
-0.189596510416189 -1.9103223628095
-0.2040351698863348 -1.784202954393285
-0.2712096398840099 -1.886613879982785
-0.16835902299259212 -1.6864497892206707
-0.10320874360385585 -1.6446790802741136

-0.11413333926108898 -2.053283482319502
-0.2743590137344456 -1.9086328477830126
-0.35362777546498936 -2.0002938217561614
-0.27205149915611343 -1.9152817152245072
-0.1650100184073626 -1.989432414307857
-0.1467646346283752 -2.195634176058507
-0.28837353560197354 -2.044418599385241
-0.32017896443593474 -1.8743775734899297
-0.23082319348032826 -2.2247407312247374
-0.35317003583475803 -1.6527951384679738

-0.31434923052380603 -1.9908808007477388
-0.1396702587213436 -1.9059014398525669
-0.33091040792608545 -1.7313010344484026
-0.2892857123940269 -2.073958725784463
-0.10608216254433456 -2.198917856133051
-0.22494318519150416 -1.8129278744746844
-0.3466784772263831 -1.5812455441992836
-0.1735101043212227 -1.6486050214987875
-0.2654702812007761 -1.9003338854777403
-0.14107457334694506 -2.004806971161614

-0.23786768334100114 -2.0114440210041487
-0.12953793222866122 -1.6002035280311382
-0.39796958024024404 -2.165743801661284
-0.3362485104711877 -2.0773015442679976
-0.12905806047104296 -1.9183150460522136
-0.2473964930814348 -2.0671163088869537
-0.3704191638884271 -2.1458293839035054
-0.3963407175960557 -1.567745698167357
-0.35252251647099037 -1.9761835945497634
-0.2721532021900096 -2.175521032583825

-0.3460482300167018 -2.042999085915535
-0.26285361389587025 -2.119062691677928
-0.293059748161418 -1.71013543577273
-0.22095889060232887 -1.5181473654216786
-0.13208127226300742 -1.7388441826059922
-0.20307774862095793 -2.0196704536608534
-0.2426308751800781 -2.2174245971239497
-0.18470815427134285 -1.6015331856530162
-0.17862063350437596 -2.0031751956708397
-0.3535531455741074 -1.6983272224506472

-0.18744847698937703 -2.148650859641439
-0.13190452770107158 -2.0104833782500227
-0.3883275210254106 -1.5382956303006683
-0.1963609784244994 -1.667398631544654
-0.1237448132682692 -1.5600020615357848
-0.2727681469868333 -2.137744183845936
-0.2717903577770229 -2.1251790432138282
-0.21261219690842278 -1.8924038925102649
-0.39719152023290694 -2.2534812401712876
-0.24315099438173132 -2.2740947340049895

-0.11390032664380573 -2.2304480902753383
-0.37416168354190776 -2.1584739116076452
-0.31133308775563795 -1.7374785502464967
-0.20896064098699554 -1.636940658361366
-0.2028903138572136 -1.5884667931294958
-0.19104711046076087 -1.952627865007307
-0.3507169764973396 -1.8144691354537104
-0.33580106179754465 -1.957438668480454
-0.218334894783785 -1.6423625875375154
-0.3724962501691868 -1.779222077968463

-0.384639565841188 -1.9073119462434864
-0.260124394040462 -1.691149024185711
-0.26069620370295765 -1.7436978440766477
-0.3474493400633327 -1.7158626306643527
-0.3126555611309166 -1.7439647197903738
-0.10378970941036025 -1.6217933857661975
-0.2075877810720483 -1.6834463915314983
-0.27421593732740346 -1.837412925460455
-0.24733410906529432 -2.0156667887342836
-0.37205023047805685 -2.1261400323962305

-0.2990407882815377 -1.9836725977429799
-0.3135411275263856 -2.1718557894671164
-0.3739029006419657 -2.006498615416522
-0.22076872957930135 -1.6013789817773518
-0.10505022298774125 -1.9873879787076796
-0.23162446748053386 -2.1053897066063905
-0.34166774419950685 -1.9176831620579446
-0.2764811935212019 -2.1799687482242422
-0.19176438202818769 -2.195452085035742
-0.16183441983287747 -1.537845112991774

-0.24121011172141452 -1.5948890159205185
-0.10600835526481689 -1.9588251253476958
-0.32340632139879205 -1.5461434980329312
-0.27903769678208346 -1.8067698342306158
-0.26530124619664985 -1.994484718925252
-0.3770214209210744 -1.6574242811034963
-0.1747459759010643 -1.6817596628823068
-0.34533103511425955 -1.9115648190431767
-0.14568504266930954 -2.156273056075612
-0.14522954094679752 -1.6435337883895342

-0.3268468768664209 -1.6892192489313755
-0.3887126810855571 -2.0566855879049264
-0.28666769118716096 -2.155681162003754
-0.23818831194418916 -1.7082451462370503
-0.28036824956786466 -1.8447285874769013
-0.3563558597269337 -2.203537378590694
-0.16335425236867826 -1.6592552830970169
-0.27391912461290957 -1.7227384726728665
-0.339175094464054 -1.613685596565693
-0.28995987395010014 -1.9182597073385617

-0.31558939311909623 -1.5683839504607098
-0.2779519128082667 -1.937097981799662
-0.250171070112606 -1.712325417589716
-0.13586126351439243 -2.083180349434738
-0.2555364465072878 -1.6001724673809434
-0.2540027157207218 -2.1386043531623966
-0.20452068245812 -1.601939053236645
-0.2542869203874699 -1.5328402078003887
-0.37918445014585844 -1.910340219178702
-0.2832842548979444 -2.244741236980059

-0.2905329683649722 -1.544485106322119
-0.37557112560002026 -1.9612500227682863
-0.18078710503191506 -1.7709535770479163
-0.24416723153206768 -1.5113704016427998
-0.12384883400961039 -2.1418284540071473
-0.1819998331304051 -1.8437608210615068
-0.3380468762647778 -2.242420900865189
-0.12265035267674468 -1.5845495793001638
-0.39914257380865015 -1.9771696099954965
-0.23784988029067144 -1.7477042316333047


0.13489439912468504 2.437685011112811
0.23692518821685382 2.271780473380982
0.10410023009051789 2.1682802363675604
0.0757996055830813 2.2093059802125783
0.1753027851108115 1.5320667851947003
0.13676019509684362 2.1930360130141735
0.1239706478251577 2.2566913203558836
0.23129707422471857 1.7936482407299978
0.22280051205789342 1.673686657426261
0.11767040243733888 2.489547731162521
