50 10 6

0 1
0 1
0 1
0 1
0 1
0 1
0 1
0 1
0 1
0 1
0 1
0 1
0 1
0 1
0 1
0 1
0 1
0 1
0 1
0 1
0 1
0 1
0 1
0 1
0 1
0 1
0 1
0 1
0 1
0 1
0 1
0 1
0 1
0 1
0 1
0 1
0 1
0 1
0 1
0 1
0 1
0 1
0 1
0 1
0 1
0 1
0 1
0 1
0 1
0 1

-0.26478991347172043 -1.667509364609809
-0.3023189340877203 -1.6532796669177938
-0.32460216199170777 -1.8908733622406868
-0.31657823089552006 -2.139174322188204
-0.2982377094616764 -1.8592264525471502
-0.25143810737346506 -1.8356315263513026
-0.30124216438890483 -2.097494048225468
-0.1931260223698851 -1.8610956437320616
-0.11462885886417878 -1.7131923463415508
-0.10207268085275162 -1.7501857864219288

-0.39777090131566906 -2.067137440645277
-0.22124476215462377 -1.9426101181423052
-0.39656083260101854 -1.657330478837213
-0.13311956685029358 -1.9128514429949954
-0.21072313856935573 -1.6997428351365094
-0.13884045352419566 -1.9665701226530796
-0.3710757983243894 -2.130752542151114
-0.36640858462478615 -2.0596634367038984
-0.39219546894998686 -2.176858299682561
-0.28038919657301115 -1.9770563343580587

-0.18857477285524235 -2.2162042150927816
-0.3405071453893074 -2.1320036615781537
-0.3167774632368139 -2.247271149873762
-0.10620563456959359 -1.9698246289713846
-0.3739512581254062 -2.258737934950673
-0.3311448709725696 -2.1134009456988756
-0.10346470319919682 -1.8994229365685404
-0.31188106345174904 -2.1805292070078592
-0.3944051370879312 -1.6869550274273062
-0.3359016640636302 -1.9375780956059072

-0.3607269160356792 -1.6138355616456517
-0.31560944533457924 -2.1253709025243466
-0.3403185195922709 -2.210889610202373
-0.26993202568127117 -1.9093953774840624
-0.3419655323779375 -2.1166223255838688
-0.2059727560584593 -1.7187937474086041
-0.15062792659239368 -1.5175026454175788
-0.27940826795438767 -1.9778895908828686
-0.10095459939649815 -1.6695790353253508
-0.2815121958802553 -1.5950641852524583

-0.23091260241205216 -2.1468304352207292
-0.17172603890574972 -2.1027334459184557
-0.3611235601788621 -2.223026589662996
-0.24154987127158287 -1.7341810176241985
-0.2842350189242467 -1.927373442435278
-0.21247579053257495 -1.9067332362929874
-0.24723470287077604 -1.7695654175803002
-0.10860077346449548 -1.6637558181396837
-0.3429083864296852 -1.8407883387402142
-0.12743015600008895 -1.7753867955651987

-0.32693089017381505 -2.0809686518666726
-0.35928738954875605 -2.237723080864147
-0.19776506853935472 -2.1975337511416293
-0.11017390536609944 -1.9232176829789953
-0.15959795533711174 -2.192156427776844
-0.30284219058218387 -1.9594891905739282
-0.3421983118378059 -1.6970360377369498
-0.10382860379438974 -2.0091372748066076
-0.2949268930838733 -1.845270390127031
-0.3909224304044617 -2.116295800239978

-0.36032292074850253 -1.5723729428282511
-0.2754062772215084 -1.6884072860663817
-0.16906268517400383 -1.575119879797176
-0.33573380086168086 -1.760163068523179
-0.2105290464278435 -2.182176893132698
-0.3170968088327061 -2.2545423110094425
-0.16573760318544323 -1.5195460708804274
-0.19660739886940642 -1.630947254649822
-0.23764156376464277 -1.620945208268985
-0.28453273906271065 -2.1782599387136776

-0.2970859114961482 -1.9967208815863973
-0.3164836654217662 -1.530238155831214
-0.31762372718854703 -1.5228130730692888
-0.3994449360236432 -1.8466649450559869
-0.16748218642136012 -2.2488992689191285
-0.3583236734247437 -2.183059261127052
-0.10539991029717866 -1.9712394600886407
-0.3746438802708378 -2.1842204870445396
-0.21808634892750214 -2.040272216539411
-0.3254450107359043 -2.125725877724929

-0.3884379630605406 -1.8585642005994638
-0.2689141480635443 -1.8543289657566115
-0.37305717300730706 -1.6817677156782855
-0.10219367390934586 -1.5951882518344511
-0.1834971188249587 -1.6233200891386788
-0.32619881105988247 -1.8277344185484183
-0.20566851028998656 -1.5513812471462411
-0.3222053466498231 -1.9651375990357192
-0.1438884652976764 -1.6433505377245279
-0.2690812655883412 -1.8227419280067865

-0.13501859453305998 -1.7695734442790487
-0.17579791299274175 -1.7700901990293771
-0.22476448837479104 -1.6833658315320048
-0.35835051371730586 -2.2441321903054368
-0.29640478777478235 -2.175399225778636
-0.13583175219312377 -1.535406111323416
-0.33837549741591844 -1.6351357506318667
-0.15609415103358834 -2.2629925727514424
-0.33045037992475595 -2.117490834977031
-0.1822442779847263 -2.1097070235873288

-0.1659270918231308 -2.0825361587666262
-0.24792524971160249 -1.802113386723329
-0.19124712708790795 -1.5370052627992443
-0.35496639777005473 -2.237257744490046
-0.2307368384804263 -1.8918376497343403
-0.28246458922756185 -1.8474104674614318
-0.2901537650238763 -2.1587587482948445
-0.266113765410242 -1.558786849803594
-0.27557607519796756 -1.535312680582301
-0.3537164101678563 -2.0038177662048375

-0.29968464451915183 -1.9727916499312146
-0.2716053128982786 -1.7151780456548948
-0.2754245227772909 -2.1228462097676917
-0.3140363748095702 -2.239796735844393
-0.100013511179608 -1.8855500201906985
-0.3539587602241664 -2.107083379529857
-0.28158006187118195 -1.9415796206319744
-0.2829516605566644 -1.628968988132638
-0.34138991830101895 -2.09354655706658
-0.390344282754544 -1.5700526580180048

-0.39838894893599974 -1.9972253089121113
-0.22336742118861153 -1.6010847664558145
-0.258178502619452 -1.5280940539362065
-0.22410779732069283 -1.9512829177257744
-0.2854331051883423 -2.080159630896695
-0.2844538508811597 -2.0941756791212995
-0.20617872146227154 -1.9139519645573413
-0.2526605276409183 -1.8829222880237748
-0.1846947474138689 -1.5282111091203174
-0.27628173316557847 -1.5737736723215239

-0.17789067142383427 -2.247154809836967
-0.3925954421085128 -1.7877318225763736
-0.2598427734750765 -1.621419510213479
-0.20804704433547158 -1.5381534229494194
-0.30939072267633216 -1.9589959395934446
-0.1025569309872908 -1.6419057055733108
-0.23980639602432893 -1.8941727945083964
-0.21642654043039097 -1.6939519473756932
-0.2934394173856668 -1.6883815628809171
-0.11826129936093288 -2.0703391849416772

-0.2915454599093307 -2.2423824990263372
-0.1054643784797425 -2.1276853195036765
-0.22604857784188673 -2.173636881583129
-0.24037837383037636 -1.891072129792542
-0.10724976621955234 -1.6878757453562074
-0.3159728649351138 -2.258290842544575
-0.10067093621491946 -1.9118192131240925
-0.12613924572125268 -1.8116274359971254
-0.21821892487846234 -1.8148772955776182
-0.15477340801300438 -1.8850608984893449

-0.38613181172505145 -1.6613521209521336
-0.15163651725845656 -1.8027134004946461
-0.10317077186008106 -1.9052567479983562
-0.30023732115508345 -2.257932709880168
-0.12573338826807734 -2.224689737738996
-0.3068077184837089 -1.707191926383072
-0.24082614551892143 -1.8050794944711224
-0.13031858583597344 -1.8994695883953014
-0.1490707764567233 -2.1907395465859203
-0.17145147816318468 -1.9545671455988431

-0.2948283087400414 -2.1794137518391086
-0.37822800309998605 -1.913685372501419
-0.18111927789277854 -2.1936962704759484
-0.1335689019700948 -2.059541170489168
-0.22786276102695116 -2.1823601168256777
-0.29343409445383506 -1.7566677378794218
-0.3969902794190569 -1.9817336627800826
-0.14814748819855672 -2.2663883100106
-0.25388761261633275 -2.089812689933009
-0.2821326620799507 -1.9491304757874892

-0.17976270133112782 -2.1621256937394713
-0.23600624983673857 -1.5968457165031738
-0.16722486422144506 -2.162249019922942
-0.32337447789057117 -1.5175089941121782
-0.308783160227229 -2.2763897866861837
-0.3195149331220943 -1.9481886399285422
-0.36089170789591324 -2.1717937901803017
-0.22522151762931308 -2.1849580313742694
-0.31633731637163787 -2.1660894604241947
-0.3283966749473077 -2.2356762418253404

-0.24047827096744329 -1.6017654098869105
-0.12426423984416052 -1.6462901068762128
-0.17126522697072635 -1.8929842584830836
-0.1630302128279874 -1.8237297541517783
-0.14915829740170283 -2.249454162510077
-0.30426504791234044 -1.7667486698636887
-0.21542600544442506 -1.8943192168114398
-0.25123728647857335 -2.1668382930481442
-0.10797327000555162 -1.6606764295479226
-0.14567885834792776 -1.5118924069970117

-0.1843458086544486 -1.5567049649750286
-0.29966651318736875 -1.5501454928207932
-0.23731985426913715 -2.1821606426224487
-0.1529885131408964 -1.9317732466432445
-0.1812610640789019 -2.194673858975026
-0.3355211778178966 -1.5921183453519108
-0.3282058296870917 -2.2344783477879813
-0.3568399522656414 -2.217356467365976
-0.25002268248428183 -1.9102829494004077
-0.34975229350082576 -1.852236967713743

-0.17364523525890566 -1.8396345326206076
-0.20793853340096427 -1.9774723002491856
-0.35214670360019124 -1.6584653316943982
-0.1271911674941334 -2.2134601508975518
-0.1724163762827044 -1.7470010445774804
-0.26897590162412977 -1.669500572658714
-0.39001771647042216 -1.632998123040827
-0.14201149999838764 -1.7802388750644293
-0.2613629681976727 -1.827305195834051
-0.1618805134064692 -1.670651631321003

-0.38021060291197484 -1.5852215911601444
-0.10621263132868741 -2.111065030164594
-0.10736011422323904 -1.839917892716834
-0.31657630901677203 -1.7844347794857016
-0.358170240349947 -1.6197665546075162
-0.12864847995790601 -2.07404471948126
-0.3588275581010194 -2.1144942321185787
-0.19616108232275895 -2.0904566242866
-0.383939417961597 -2.190601056115844
-0.18176178793360953 -1.8824374948804103

-0.3318570989536448 -1.861809274674036
-0.22530751013413067 -2.0495090555295223
-0.3986452418352191 -2.0111044485926795
-0.17128268525253929 -2.1594374178216
-0.3562335385730963 -1.9120966741231897
-0.1318336466160226 -2.0020284665305224
-0.13734104300195366 -1.6670733686028845
-0.21250102319012107 -1.9918159942583402
-0.22045627308695867 -1.7787970460490752
-0.19740394229839167 -2.1746583398963573

-0.18503168845829512 -2.275261423172777
-0.15531771120159737 -2.029928369868795
-0.3582968548456983 -1.684675428566752
-0.16366030859456887 -1.5897533726997786
-0.323004750834449 -1.711753080948283
-0.12780903711412112 -2.2343726707905374
-0.2591339004652725 -2.114965188102711
-0.3083002501861161 -2.1972979425160357
-0.19728225074365588 -2.136324228492746
-0.10365605843768044 -1.5514743550322696

-0.2888629454861045 -1.966969048444856
-0.20541284562769668 -1.524585495135806
-0.11183565642220061 -1.561268591787956
-0.12679110298554425 -1.6939461721878832
-0.36582379501514567 -1.5697897778044254
-0.29184006990372663 -1.8228910772011184
-0.3815954100304504 -1.6343307602729795
-0.124652828014508 -1.8594765694700595
-0.3457089868651853 -2.066172470531346
-0.2546242320240595 -1.536853097082651

-0.19188041499124514 -1.9700053114184193
-0.38486650849315573 -1.9754327444753697
-0.3412534486145816 -1.9167834895262796
-0.21958493069749008 -1.9971629281491414
-0.3181601269496894 -2.1380451228529127
-0.318239803630162 -1.596059142752691
-0.3045023419089428 -1.6417649804228005
-0.26088500575077084 -2.0685702611412196
-0.33969712477110364 -1.5305050310754509
-0.2853144232655437 -1.6490572154105796

-0.32795825501705106 -1.8787874360013668
-0.1252948396450832 -2.101362933210362
-0.3875392177920045 -1.5122853232277262
-0.11758452758280802 -2.004772435750295
-0.10395715390192906 -2.1602102432044785
-0.22902756130286264 -2.0645760081121876
-0.2900435635291385 -1.9232678069335185
-0.15403594717672384 -2.2112059394705037
-0.1789021011733787 -2.096365763457554
-0.2947183042956763 -1.9359436567295196

-0.1570404507621392 -1.5189005871037635
-0.2612848325682446 -1.6029700098918989
-0.3525751023414024 -1.8712576616220868
-0.313770672923215 -1.7112026874214583
-0.1828827465584926 -2.0410699516896473
-0.1997483132653301 -2.129656494710049
-0.16974683581832 -1.8525050091012323
-0.36228557869042344 -1.6071783151487846
-0.3774104485338153 -2.1253417974402566
-0.3632133222559611 -1.7587375459049466

-0.3778132170348403 -1.7151402678521486
-0.15996322534123197 -1.6206440470853747
-0.21845861371593506 -2.234643557121718
-0.19354031785720704 -1.7500730632183972
-0.2069656398937344 -2.1607600970847707
-0.296368288563607 -1.5256033692837803
-0.3580289585975287 -1.6761576708798214
-0.17499356307344668 -1.9424950823475933
-0.16046226449837392 -2.0959007711861046
-0.3501614784043392 -1.545711800092341

-0.2567307184409053 -2.2374579112660795
-0.14456847875583512 -1.905267586850305
-0.23050471475098044 -2.0119696674203165
-0.17538177075914982 -1.8224538403170447
-0.1301030882968514 -2.0764658081101035
-0.3754889840894911 -1.6810599631549885
-0.29925694335722175 -1.8015428701887717
-0.14806764721758298 -1.7068992355436745
-0.32891939922709773 -2.1920737798685734
-0.19432991676946904 -2.268118749517901

-0.3489197500956285 -1.6007917978558073
-0.14894871045875502 -2.2501024680997928
-0.1837128687851272 -2.1258876074198882
-0.2712198020429087 -1.9958008997060341
-0.18429447620005288 -1.766952487955482
-0.31882319847080753 -2.1656566496034104
-0.12698264654554564 -1.9397530853079836
-0.1268302072399473 -1.5707901956874455
-0.30339803311665503 -2.1420943806380937
-0.19609358064799873 -1.630961340515244

-0.38762481930178955 -1.9519370605832302
-0.28205476859771905 -1.6247051608508967
-0.11237126102749778 -1.6625847190224814
-0.2624478777689963 -1.9117941074446305
-0.3908475848579109 -2.041936313002073
-0.2906005191936933 -1.5493786360199417
-0.2123037523075825 -1.8451698678086932
-0.3947004188668617 -1.8039063082341347
-0.2048452693917189 -1.9698775758967881
-0.13854972013544764 -1.937951850602074

-0.1867092499486922 -1.9733447120886531
-0.32894309695552515 -1.915207555954297
-0.18173187672685065 -1.5340564204582727
-0.11480536961039606 -1.6400312729880961
-0.10810701426223124 -1.8099689042398341
-0.19634413688769164 -1.6678955501628274
-0.2709715050133684 -2.1925389596266363
-0.297820381430884 -2.1449006387208387
-0.22744181746939257 -1.998428658020431
-0.1894863413591419 -1.6751444034292589

-0.18238056623170718 -1.6952951330199078
-0.2599989451995891 -1.5587784878089295
-0.3142435227914371 -1.5579539860354874
-0.2888048893119683 -1.8589246905693584
-0.38972303594136914 -1.8977314872706632
-0.22588529984638814 -1.9221979368895987
-0.29770454316049183 -1.8818260877067177
-0.28881613599879763 -1.5109574108258772
-0.285173516664974 -1.7554974133384325
-0.3228377065578958 -2.054811961939295

-0.26981327839248304 -1.697813770407718
-0.3947804264261149 -1.9472316672807184
-0.3764841545512907 -1.5958371520008305
-0.162288632914737 -1.692518509465823
-0.1670441827541751 -2.1213138997441394
-0.12222322306625916 -2.0398312386665816
-0.2216260963608346 -1.678717462607205
-0.17171890735735362 -1.5959692701126107
-0.1968088079536006 -1.5650382031432974
-0.18014761628501072 -1.738859593552656

-0.24286516561297294 -2.231914920088489
-0.3431686721996561 -1.7910654329186735
-0.17059799204235515 -2.092223117805385
-0.14744427082376532 -2.172237458653101
-0.3148994096248265 -1.7548360179366176
-0.3551860919636087 -2.077813164734982
-0.3136035880777954 -1.8599528838255526
-0.38326329849582025 -1.9799036702946267
-0.11321791732098851 -1.9642281472120795
-0.20399514724138038 -2.108119635713869

-0.2875603386095483 -1.9350462471854657
-0.172064445674341 -1.7500272660351124
-0.11143939476785797 -1.7187699887970278
-0.22263860583137138 -1.6124929470985405
-0.1540118417278041 -2.045767596114479
-0.3030804081147554 -2.2140170949570366
-0.18424747435221137 -1.659989644085157
-0.20271597980205613 -2.0395214374185806
-0.2830742220779162 -2.1103956238037975
-0.11827532714791195 -1.9399772933933663

-0.28666008696344075 -2.18473596856018
-0.16226793515028817 -1.8023089517976878
-0.36571647550605735 -2.0974946192225916
-0.19405283606774631 -1.8296384206541538
-0.24670099283942024 -1.7830153063533283
-0.3338642043805097 -2.0431566505469716
-0.21160432220762104 -1.8838185745689922
-0.12006008922936029 -1.872079849680614
-0.3197731700795418 -1.5409832198990423
-0.38888342484734095 -1.5657260089675369

-0.31250100190578883 -1.5610859232445833
-0.14488786761179784 -1.545233931204348
-0.2847085892376197 -1.7089307219623555
-0.30628498999715503 -1.902374771115798
-0.37168589059003704 -2.2610710144872717
-0.28420745632219124 -2.2360468783195184
-0.33666293198455616 -2.2748264907345948
-0.315478543077141 -1.7544543878260495
-0.24592936426186707 -1.9664501751741026
-0.2464079018590034 -1.9864502857192385

-0.32784286448635724 -2.1037671088055463
-0.19353315537232094 -1.8529653203196907
-0.30301080245540507 -2.1335146410739942
-0.15541867429484899 -1.7662760934291124
-0.38759860261014195 -1.7794597002698374
-0.19088194508368686 -1.9314323047473834
-0.3386445950998513 -2.0110021045822384
-0.2771153628544228 -1.6927672535261231
-0.2820155820513774 -2.2374994802006793
-0.3818590534662455 -1.5302907177021567

-0.27129160305187694 -1.8576382379847765
-0.3544453831761044 -1.9109130999242212
  -0.3184932197146079 -1.809038633729791
-0.2816825264829666 -1.7229261537943432
-0.1493568761938513 -2.011407634867714
-0.2608079075325237 -1.6335256772785522
-0.3320563711147052 -1.8363866962605797
-0.38601038402327953 -1.6995870119241414
-0.306439034724918 -1.9856328738758569

-0.38792282949886026 -1.6135760592913737
-0.20328243841949914 -1.9733561512474636
-0.2803025328756756 -2.089804555803812
-0.21311523044454314 -1.594322251509639
-0.3765377916487513 -2.224603831813136
-0.14436981389827402 -2.1300837106208603
-0.15162594983720354 -1.620762706329201
-0.27810664493179155 -2.2177499297811996
-0.17664340518854554 -1.992419972375219
-0.24355438639948246 -1.8178153718484746

-0.24324439754724836 -2.0745528839911445
-0.24716146790080723 -1.942275815606739
-0.24019680317445877 -1.6645805342942244
-0.3781880316994633 -2.0297182638042752
-0.11352573076704281 -1.9066163159130562
-0.2463707679420406 -1.89162987936301
-0.10087096435033127 -1.7688547408416713
-0.12420287548855335 -1.728920131155999
-0.37354990540548205 -2.1402572840459184
-0.3816373685225343 -1.956965481227962

-0.13771189758311708 -2.2394019528846876
-0.18278886706239447 -1.6811869530562547
-0.23959869715719953 -2.1899234042044617
-0.2728243385675376 -2.0123662462911605
-0.3684858698601859 -1.8954851441586555
-0.19779273349126608 -1.904200434652406
-0.2856655840109792 -2.184066844496001
-0.3946839477163864 -2.2103082964254104
-0.13434267564768415 -1.5536048267676148
-0.1107071720203579 -1.994033579086163

-0.24403993751621308 -2.0889470215712214
-0.27935605933562174 -1.9841167152692094
-0.23206974069843345 -1.8733777728007968
-0.12128230665966899 -1.748307199051821
-0.2928984936974445 -1.8563295514290583
-0.2755017684511782 -2.0713287126520354
-0.23850839599604598 -1.8262102882249966
-0.16080300870193595 -2.120314286836635
-0.3821550213564806 -1.9324988622754535
-0.11766801893724727 -1.6627235095556663

-0.26527569522965344 -1.7717333138316924
-0.10981468193604527 -2.0889037377587854
-0.3597574086559735 -2.0292195407138087
-0.10702841210644742 -1.594437170310635
-0.22433727957550695 -1.840662092694474
-0.2830095255665676 -2.025543186663289
-0.337784595219776 -2.1729433024958498
-0.33198328226746593 -1.6681518872687309
-0.3235736992327236 -2.0543254367228694
-0.3816867135263902 -2.178891140359593

-0.14111804570374653 -1.8243309967957024
-0.29206343977712734 -1.6348940782736543
-0.3567741650349064 -2.1597762437216854
-0.22280758510078172 -2.2548821654687172
-0.17207858984237304 -2.246268909799878
-0.36898435540284125 -1.737387571398819
-0.3482725898589765 -1.6177945453466536
-0.24088914628865182 -2.0099470630521523
-0.33160686305160736 -2.205568373323031
-0.16394615309650332 -1.8119420820190333

-0.28827040412830574 -1.992528846543653
-0.29805419363777463 -1.9151927387183454
-0.38510557465021283 -2.0431832033291304
-0.29077150818165304 -1.8945362642885786
-0.15987476555389168 -1.5537766208484096
-0.20487366643206226 -1.5204593453535336
-0.20245091762471248 -2.109698709862618
-0.39826390266858214 -1.5252779840217863
-0.2036825608810713 -2.1736772095768195
-0.36695255617817674 -1.9910393392606578

-0.12650307975768238 -1.8433227165041968
-0.3646027308501888 -1.629990251455183
-0.3601627075432471 -2.1800922958969084
-0.2746174687450984 -1.8345219302207445
-0.12308034814329788 -1.73929634027472
-0.2974624870201822 -1.5281460952729198
-0.37651360979007265 -1.6222001796409458
-0.38795287875339124 -2.262970369649255
-0.28299770904867116 -1.5443770953063343
-0.30012551528119064 -1.7464774340534102

-0.2017896230862171 -1.9413566877340664
-0.23948353343153292 -2.203812397283225
-0.3190740048246552 -1.7673437405708985
-0.20323942441208823 -1.788859066986495
-0.3696338647754712 -1.8560354701479973
-0.2956532665023739 -2.158805490814876
-0.3739946963986637 -1.6514108818362396
-0.11159591194078045 -1.6900922846338966
-0.23316372666282162 -1.7108783084161503
-0.3112357335752838 -2.2251001576014073

0.16378038842576714 2.0932487104105286
0.19686512344100188 2.048657755464254
0.2393325968484601 1.7220412588738843
0.11374977478435974 2.4035021734240383
0.2187247018367412 2.1459467339972376
0.21587339267449607 1.590207451731868
0.13317544137202117 1.7205340026520846
0.14572272706912337 1.5186051302105668
0.13097370485617713 1.7071616390823223
0.15353913791409124 1.5048564057524854