50 10 4

0 1
0 1
0 1
0 1
0 1
0 1
0 1
0 1
0 1
0 1
0 1
0 1
0 1
0 1
0 1
0 1
0 1
0 1
0 1
0 1
0 1
0 1
0 1
0 1
0 1
0 1
0 1
0 1
0 1
0 1
0 1
0 1
0 1
0 1
0 1
0 1
0 1
0 1
0 1
0 1
0 1
0 1
0 1
0 1
0 1
0 1
0 1
0 1
0 1
0 1

-0.1551270736499802 -1.6638486058142459
-0.373827221282836 -2.1308967396374228
-0.2012700257029813 -2.2089880178819685
-0.33779044650752454 -1.8254335576768077
-0.1445364100917294 -1.9051877808583813
-0.31000248042321676 -2.030061109116272
-0.365805676066777 -1.5903068896839336
-0.28318152172873645 -2.101736717723771
-0.3326215590158861 -1.7868162882807626
-0.3453940336643079 -1.7397751504089327

-0.38718900695546893 -1.850707870326894
-0.36531094205631676 -1.7769078349294634
-0.298307398417752 -2.2029239864896017
-0.19484834846491053 -1.8663253800972277
-0.3514142206483865 -1.975406057774181
-0.1286061831766212 -1.9408750572153295
-0.3310189392123848 -1.6736039220280163
-0.2920080194854606 -2.192801539604899
-0.21016421216783399 -1.838134560480567
-0.29667560953968963 -1.6396739037934642

-0.1607590273665079 -1.839361442323194
-0.3101730215997154 -1.7602039016284299
-0.30918819543909504 -1.8093678178339396
-0.35703673776338846 -1.5459290727518242
-0.3085786163724342 -2.2442333501378773
-0.26958546909518255 -1.862047844008177
-0.20647316066369878 -1.9025712596941935
-0.15378150485581102 -1.7288588715944684
-0.210703222619209 -1.6153240848488482
-0.15600239854248477 -1.9162147819625552

-0.22529324637790904 -1.6231514783561787
-0.3943988821401772 -2.1302438081359396
-0.1467866586334522 -1.8597101907688367
-0.15290318015779436 -1.593245254197725
-0.2525164290272861 -1.936355246325904
-0.352923451186436 -2.274390221484273
-0.16808525158147467 -2.040485463188485
-0.3990471158812967 -1.7068616515542652
-0.23859749286435517 -2.0432366066635606
-0.2962415153436838 -1.943913159055151

-0.2842198272988752 -1.9042072011646212
-0.1864696473898599 -1.7454824939626168
-0.17564989826300378 -1.8538512629800312
-0.2911566988455072 -1.9441503277865946
-0.3319463207455054 -1.5214767062707812
-0.1628717960087077 -1.8332388484422064
-0.22670194158865198 -1.6807347300758098
-0.18370984133397608 -2.2477173639277344
-0.1494072474179079 -1.529682866212918
-0.18523043149850799 -2.0661713622518243

-0.2050582115242184 -2.0976954107816033
-0.28887381796752587 -1.9073903778813388
-0.2272495330234483 -1.5922931093881227
-0.29650177827189905 -1.784989126987342
-0.32542072264352306 -1.627130360038227
-0.1763807438223927 -2.0185927993906736
-0.2242569045432162 -1.7088411772359995
-0.3068961999114334 -1.8621954307678037
-0.2741303087013247 -1.9476229195826116
-0.2760015911234465 -2.2514510740193816

-0.14223461837828633 -1.5517918336571528
-0.23586032767914958 -2.0807842518952278
-0.21592281264783245 -1.589982662138753
-0.24314396855465198 -2.010803750795457
-0.1950121737492333 -2.1681855161110257
-0.23106798534742226 -1.7062175074149462
-0.2595176772137351 -1.7051043047689545
-0.36532059361171015 -2.0584093832247676
-0.2743842606288665 -2.1235817963321297
-0.3826766907561947 -2.1194956761037838

-0.10881996370585195 -2.1105049559623206
-0.13546810310053992 -1.9678640373776148
-0.3826811312658608 -1.6448516602774845
-0.3265036192143571 -1.5113231568610406
-0.3486566465417583 -1.5401929919991058
-0.20134321532806845 -2.0990422200687044
-0.3080967693861113 -2.069473809282643
-0.39812273419373506 -2.10243160477152
-0.3461363655694266 -2.1606584766212276
-0.10985699861124265 -2.2672257929734996

-0.2531143704005824 -1.8228878636627264
-0.30562084735970685 -2.213314265259993
-0.3903356909806111 -1.7879356802377373
-0.12927793166621582 -2.1149947333216144
-0.2814157116971952 -1.8559932057207327
-0.3349270911630105 -1.52384851524892
-0.22957839582120482 -1.9674242598705987
-0.11460340768841126 -1.7058618404955528
-0.3584579880065264 -1.8281999120625096
-0.20987132972020717 -1.7194625881057857

-0.3470430277330072 -1.719149914769997
-0.3500012159904775 -1.9673997250055932
-0.3599179445407368 -1.686667690368826
-0.31162703695913935 -2.1684348487270886
-0.2621852322591178 -1.710029525071929
-0.14530888951211818 -2.1509666954380178
-0.32600511849846014 -2.2652318016910216
-0.3398891766433556 -2.0920914150424665
-0.36301179474679157 -1.954274469170044
-0.16073685004008825 -2.0829151759004865

-0.2746412548107492 -1.756158303318253
-0.1720050802445782 -2.149583430730021
-0.1161154371065129 -1.9340601725792979
-0.2097532846622995 -2.2338087331553385
-0.31000071213444247 -2.015039601431527
-0.255095611109987 -1.7340028768364415
-0.24735511434415813 -1.7023376241946069
-0.38054625872354936 -2.056467910535583
-0.22524941431654885 -1.861575992906928
-0.13886023352677257 -2.2491347856181796

-0.14664470795546225 -2.016071399206857
-0.26900729041811644 -1.6257733014700761
-0.17855783626745592 -2.194194911185839
-0.13508539132036107 -1.7965346904606867
-0.1608010000579766 -2.198424254003187
-0.28409276411169454 -1.7617190674224426
-0.37354750924834235 -2.1061870672519927
-0.12044557979079634 -2.128230586992778
-0.1685565002676463 -1.5598853922096387
-0.1366250190092811 -2.0339403315913214

-0.23808010276095448 -2.274361126290305
-0.3090300984595561 -2.1832720689380904
-0.26475403573304424 -2.120101132630587
-0.16596916106749218 -2.24842914039372
-0.30749617570970994 -2.232775062348806
-0.23692010489460144 -1.6176376726586126
-0.1527124629379896 -1.9259314640260627
-0.2857884911552915 -2.035542846761299
-0.19119908578361822 -1.5698817562721326
-0.36029315345142054 -1.5625926886524018

-0.32963832421686745 -1.7392381180741052
-0.13139998335596953 -2.1612283455008754
-0.13468652088325905 -1.862761282790859
-0.11258957378165246 -1.6352318509088906
-0.10922159936830905 -2.0804508872490044
-0.14023755486223471 -1.634452598749435
-0.25489168576330645 -2.121448805858644
-0.32316736470001683 -2.1472558986221757
-0.26776526633139736 -2.190793340174639
-0.34964478175030117 -2.230197291384373

-0.3075547146253092 -1.9792283678033695
-0.27526454743999823 -2.0419772429328242
-0.2148647775597606 -1.6659281490867728
-0.28831590839275884 -1.70546455690954
-0.21848268132644236 -2.1610105038433978
-0.3457858849615202 -2.196544021176042
-0.10361492246172904 -2.2558342279918326
-0.26735113197151267 -2.1492890355696295
-0.159649764714566 -2.158372922266994
-0.1139999845556241 -2.24149781611774

-0.2513995328559755 -1.9267038921803108
-0.320311879747565 -1.6455858327814796
-0.17595061587690447 -1.5308985391782088
-0.3130417254857539 -1.8185927616472994
-0.15503209387030337 -1.9448437989526057
-0.24812898094220515 -2.176949494431578
-0.3931464174600868 -1.7305421847637608
-0.2531092114201473 -1.9566315310049043
-0.38318544805994037 -1.8552089319882938
-0.11646232149459473 -1.596594055363666

-0.12958493301317542 -1.7653435801713702
-0.22356162248952954 -1.7230715978970954
-0.20783587023537123 -1.5406852043065578
-0.3239109269115864 -1.547927315531877
-0.15424024820688811 -1.9070505340030517
-0.1356327173792794 -2.187328226012323
-0.271573605742059 -2.0759971773775927
-0.2485450223399345 -1.745153052486942
-0.18704782119928784 -1.611241937892884
-0.30947639714549824 -1.7718493954541872

-0.15820904057285384 -2.0089591384176635
-0.3377479120744506 -2.1011312796242967
-0.2511330106994588 -2.245829792495851
-0.2790382531631585 -2.1814267754432732
-0.3304935663264745 -2.1898912972842344
-0.2432123612422789 -2.2195106699877982
-0.12607568013528409 -1.9818730642824742
-0.12424860734744281 -1.9931251124089653
-0.14773600414546445 -2.2717162184404294
-0.13002733307330916 -1.566657273353479

-0.10609246668909833 -2.2161472281375727
-0.32520728153829304 -1.6282342800926617
-0.14859793504174473 -2.035232774037265
-0.333214052527385 -2.0202258930288997
-0.3204106356885214 -2.1771885096080767
-0.22989503821237653 -1.840524826277935
-0.22174198866572667 -1.5313851094471413
-0.11113129718364467 -2.193106818170549
-0.10333439695292262 -1.9274942680862408
-0.32697683021308466 -1.5320167021696052

-0.20978726129369343 -2.0283883720138793
-0.2944820753669869 -1.7982929876660867
-0.16413026634222755 -1.8636277873995075
-0.2530701541397616 -1.7233670069046885
-0.23395304040014872 -1.9302034886543862
-0.2775497263417719 -1.7618138942183856
-0.10993304423095557 -1.8634670960309807
-0.26375268411974695 -2.264800048869096
-0.34529384511718575 -1.8285466642577155
-0.10594602868333836 -1.8620320225712137

-0.24033871520250993 -1.6008611573359546
-0.1722493671789398 -1.9919730806368254
-0.19780682132005412 -1.9940546410810398
-0.37854464336744026 -1.662300734762205
-0.22658627878074317 -1.9430652106716424
-0.34091771681777205 -2.039205830278159
-0.2852925030010146 -1.5277350897303603
-0.20627944727989947 -1.7157202242860015
-0.28909796658331877 -1.802218545120327
-0.17118423190006626 -2.2329509963200707

-0.11316845791067931 -2.155962324906152
-0.17134353149887438 -1.8883986416767797
-0.12605501572913858 -2.236831137607898
-0.3433166984881795 -1.9662078445193267
-0.14511266499050557 -1.8255129040576374
-0.10104344376577618 -2.0403829284418267
-0.19445281526177202 -1.5229251590789574
-0.24512351189016274 -1.7139203241940124
-0.3209640778536955 -2.24478606467922
-0.19034334385159937 -1.8732464591488953

-0.36258585690710465 -2.1743466569459264
-0.36822205286813076 -1.9613941579249392
-0.2090748710066447 -2.0961297676681103
-0.3142890128695804 -1.522146111214015
-0.263491007491973 -1.6069929038887447
-0.10005647698993336 -1.7305360618242793
-0.20884979521979688 -1.7044774254560808
-0.10699697790167662 -1.8495693243106772
-0.1948367870042942 -1.9432233456759755
-0.3574461626957715 -2.2418594696986367

-0.14447683674799372 -1.8593062314856776
-0.18849972431302295 -1.8576594185439315
-0.24490289438989063 -1.9214155516382236
-0.2481997970347784 -1.530862658228368
-0.19657369702716707 -1.6966682902070644
-0.3186214828379228 -2.065705224607944
-0.39268261730099 -1.5419446394591474
-0.31877339708254054 -2.17268287329754
-0.20177357454620903 -1.9293609796498163
-0.38946493237072505 -1.561050453429604

-0.3331571475446013 -2.0519627293784803
-0.2928404945738875 -2.2232356930391526
-0.3691815674422489 -2.0681271740151987
-0.2554988266682934 -1.9934999019651567
-0.3744666208301378 -2.0669821833060613
-0.27086416754890064 -1.8673710420268015
-0.1690223372146652 -1.8432684382482512
-0.19528262055619283 -1.9811268060827194
-0.3991428667602588 -1.639319268880603
-0.16035152967497776 -1.6222279069872265

-0.3444476058661315 -1.519625942578526
-0.21276513770390812 -1.51338470431343
-0.36919990912388273 -1.6285790585976658
-0.13442893721946586 -2.153331128958108
-0.11637837507733778 -1.942420490733618
-0.1269557386359197 -1.8890109274884153
-0.138151180344045 -1.7675629260146344
-0.25038507037969193 -1.983159465753354
-0.1337268976115084 -1.889904389416905
-0.26532329290572754 -1.7556659840650084

-0.2702804628828835 -1.8997802009584446
-0.3843562107062168 -1.772760935991891
-0.15863570126007923 -1.9101691596408428
-0.127968609218449 -2.0955840840096633
-0.3469176640321512 -2.1525933195594074
-0.21467473572906742 -1.7248156065978972
-0.2602867294332773 -1.5774465049818667
-0.26821016942273224 -1.8331834195503653
-0.3544980407092099 -2.167665557628032
-0.22673385441822136 -1.6299252988343365

-0.3922179740575421 -1.9851401678461584
-0.24996248562140744 -1.8408204493965936
-0.3321186986116807 -1.8263334521240668
-0.21608602388032633 -2.107553613510896
-0.2855568133626926 -2.1003468637029377
-0.37635903823276606 -2.2272152972169876
-0.16016494866440445 -2.1492853354031562
-0.3306095285067898 -2.036300788998837
-0.1946958521917809 -1.7503115315011903
-0.20576875800240926 -1.9272626377519593

-0.24390319492038687 -1.9466502843090816
-0.30880970605757624 -2.2419154931856817
-0.37716455015955663 -2.081756179642901
-0.3402269050346376 -1.931362401637792
-0.1420000455284256 -1.6294523560978367
-0.11296945272906639 -1.8644668951628445
-0.1659941061295872 -1.6867359010239726
-0.3027202329890116 -1.8160299999205813
-0.16686318595957622 -2.186157773697795
-0.34238768265496083 -1.5529553536526173

-0.28629271360773767 -2.2302753395470827
-0.32031277114081275 -1.6998071105096826
-0.2343058116183133 -2.205959272842244
-0.3072373524321264 -2.0312216729372246
-0.3864053143804558 -2.173902481889323
-0.1423098182037611 -2.070076244672878
-0.35644515257673925 -2.074457900786513
-0.21569921648014334 -2.0516138754983966
-0.12061303861818706 -1.9057243568727078
-0.3381066209930783 -1.7615883623775799

-0.25239931080355416 -1.7307354212416741
-0.3669683238494824 -1.6390637813541113
-0.33118353491099617 -2.0337574067333555
-0.34030500306485567 -1.7774997916991817
-0.12178003401842441 -1.515350196772454
-0.11277487691747828 -2.1333269954964176
-0.18923959946264485 -2.1339836495849966
-0.3256080067656024 -2.0060780166233263
-0.2471959999294871 -1.6765101161079858
-0.13554962274494298 -1.9358670050412363

-0.22951745116868807 -1.7468724910257076
-0.37487809931687865 -1.5193207795680994
-0.36642869002152617 -1.5130352822777566
-0.10582616947216539 -1.738586992649924
-0.2046730847579646 -2.2355286196070168
-0.18366529828196565 -2.064000307248894
-0.22845152799274313 -2.1478315603792018
-0.34150767499662266 -2.1671779917540253
-0.34879082151784463 -1.62073662027948
-0.32020933477677677 -2.236154861965448

-0.13315855200017107 -2.2273725168774487
-0.36632615821832204 -1.837492502182542
-0.3410182565820857 -1.8743883996605062
-0.11798550161326143 -1.7363862353756994
-0.2581497789179066 -1.8221937339451826
-0.2715009386245905 -2.2131065630650744
-0.1351508523899465 -1.7093631042504267
-0.10832138444533962 -1.9281871004324502
-0.12633781378818065 -1.779842083427458
-0.3385319851199622 -2.207372977162631

-0.21907649654757236 -1.882724307813033
-0.1763800322081588 -1.9605264102516784
-0.32795838010679795 -1.8965791203309188
-0.31695859307762464 -1.839636310076011
-0.1985282587945955 -1.5540446171271447
-0.35690179520116194 -1.9543577117820243
-0.15344410803116354 -1.9786677329891331
-0.1974613699785428 -1.5786206895625963
-0.278638085527035 -1.981050699958869
-0.22246412781667899 -1.777169431914639

-0.35206057314958017 -2.078138723696279
-0.2452000234451239 -2.1134155738978815
-0.2745204708134313 -1.864812995400666
-0.19038824411727587 -1.8341670620077137
-0.3822054539120927 -2.1493625302673465
-0.3954700165252956 -2.2554408920793634
-0.3852311402204603 -1.937523917672718
-0.31573382985036547 -2.0612549991977427
-0.1921743245547832 -1.6399587831044258
-0.1550810260900299 -1.7705059042822113

-0.3684871194777758 -2.123467122549714
-0.11052271960686855 -1.860150597907206
-0.2979556331626733 -1.9697964911839374
-0.2989874348616862 -2.137958791921899
-0.35839693577609033 -2.0830961607321394
-0.1971422827939189 -1.9034190491710545
-0.10652599951321118 -1.6600764470421148
-0.32527791904443415 -1.953782793527108
-0.21889605116098446 -2.197449643227435
-0.3996228948858886 -2.067134598907636

-0.1991448566221766 -1.8458137629657752
-0.17299786523899235 -1.8133242625199717
-0.1756452943617883 -2.221723723521721
-0.26861433938384005 -2.129179433486079
-0.34135045982541024 -1.819197660544704
-0.31363848634278996 -2.0952762076808895
-0.3574420162776369 -1.9452800413077
-0.24871996831951707 -1.6210189547406633
-0.21118163906724807 -1.7014174288726664
-0.17602703576540044 -1.868879014996365

-0.37682818293540826 -1.6952994207521206
-0.13740368938097525 -1.9437330240160549
-0.19211962381082293 -2.1276305566861513
-0.2771830453763919 -1.5968044272450936
-0.37836218045686587 -1.8264805605064836
-0.1353335314497054 -1.690628059758017
-0.33913344139511614 -1.5237395424487965
-0.10365223147667424 -2.15612931646734
-0.38353265644948403 -1.8400275769318273
-0.19963360767755947 -1.998342899170869

-0.2530180248239672 -1.8320379196535501
-0.2461849668282723 -2.1270098176674828
-0.30688999337515294 -1.6344113556405562
-0.27127337226013526 -1.5352540514471067
-0.17093643235991524 -1.9641685396969788
-0.10808647096792018 -1.6159036353175225
-0.20877661183547086 -1.7782050313229179
-0.23985728477475424 -1.576503056179709
-0.22310435545549986 -2.2344379831410164
-0.33736504827955754 -1.626589300432085

-0.29636969508545147 -2.217662858878394
-0.3978397877099601 -2.2515483608740414
-0.31415747859628346 -1.5472538199090926
-0.22767759074759145 -1.5748562285598822
-0.15596125873145897 -2.2410413168418435
-0.10279685782611464 -1.8130836054892767
-0.22932017448473296 -1.9723378886665044
-0.3458812943042525 -2.07457669143888
-0.20597475702388088 -1.6359846357105816
-0.20776549137543013 -2.219279590665223

-0.12914551701264904 -2.1383355577613345
-0.23302790030989015 -1.9311932623461674
-0.1037658493488266 -1.6941746268560345
-0.32371916475755724 -1.6852610548984854
-0.24487747297394524 -1.8771952134821555
-0.22385172504085885 -1.669063158248072
-0.3967904433612597 -2.164161540196809
-0.25891927145585103 -1.9307842100663843
-0.12974647066831774 -1.781261037375381
-0.22021601479182182 -1.9527896115916734

-0.10810758780455382 -2.0975937228029475
-0.39531049499067444 -1.8011287181216655
-0.31969013894499326 -2.1114817033983364
-0.2244724611745241 -1.6504015465874717
-0.11978387182185302 -1.6903088263408443
-0.1444450354006515 -1.6949335474871399
-0.36746401808341417 -1.5949199911852736
-0.35990175442795563 -2.2684188482677734
-0.15337035032817103 -2.0555667002224203
-0.3035943111390277 -1.6131988432529938

-0.17555871546625776 -1.562402610159574
-0.10792662013633414 -2.110799834089065
-0.1947809662101765 -1.8485277569477168
-0.27559522161806405 -1.7752089315980089
-0.29998549122653007 -1.9532898619999983
-0.39146157829412 -2.075814980429428
-0.18462096602707223 -1.5149051169045338
-0.28504281940002474 -1.7758465284937583
-0.11722509825834637 -2.1858233347229556
-0.3027816664240147 -2.17528255716271

-0.3813913944063662 -1.672607047579072
-0.127720830338585 -2.1300054886051063
-0.22122998971187133 -1.8558493476548052
-0.2862708165733238 -1.7250049011475408
-0.2902459690504441 -2.079728030377869
-0.24140513446135634 -1.5572225933399264
-0.12877708956673373 -2.2303511936679215
-0.3559671329985247 -2.0376204972471985
-0.3362875486793765 -1.6435554576701972
-0.11371694290154344 -1.956197552646045

-0.1027015746578529 -2.1971502093240405
-0.18869905869949524 -2.181905080323136
-0.38792379332976107 -2.157502005578058
-0.1369040595799097 -1.7683244579050141
-0.27473805531959294 -2.161588187697033
-0.1684167511756129 -1.7652941253593846
-0.25905083424243647 -1.962734812030047
-0.11179496522236643 -1.6928755628040593
-0.33287908656899623 -2.126643212379702
-0.19194242644717913 -2.135726269340766

-0.12182632403066662 -2.0128850582953706
-0.2579814094171392 -1.9779432628197586
-0.16484304388591953 -1.6156483903072423
-0.2587261170916214 -2.179897089647062
-0.24687907387898628 -1.9658090274426425
-0.318006976325817 -1.6175125170895561
-0.2981501094090011 -2.1530408345998002
-0.3704995146068708 -1.8307854971589494
-0.10075764471114007 -2.003246243190275
-0.2989851704710095 -1.8921947984631033

-0.3108050404848208 -2.028681214275453
-0.3781675881666625 -1.6227389273062194
-0.17228161625545746 -1.8238326890316854
-0.30068216697112365 -1.9122085400034037
-0.39942669080495113 -1.9062010336536266
-0.335347900368619 -2.104536551966551
-0.19264812335915585 -2.261423298993489
-0.11764636132987993 -2.00463882859873
-0.20957697736311556 -2.167419222508369
-0.24275718308862718 -1.8666539076113948

-0.2958160347119002 -2.1525095308916087
-0.3173041302858223 -2.0689412240765295
-0.2977384468576424 -1.5147897131940655
-0.1913661336263194 -2.204437377272235
-0.18365707046633906 -2.022912345536689
-0.3383857703514775 -1.6263683020664295
-0.21147001518478517 -1.898580827026495
-0.21652343297618606 -1.6385469897381377
-0.20629973497998413 -2.2126933690094512
-0.3019319335478624 -2.0716666268117274

-0.2687916124474879 -2.198571087007211
-0.2596212099907587 -2.1101359357295384
-0.11335349074660422 -1.7926788567331733
-0.35925642783698414 -2.0857887129193204
-0.3335090508544415 -2.0230659089773484
-0.11559384978908066 -2.2156152732532495
-0.17905539720486893 -2.1332813302873928
-0.16341984338450863 -2.191377530291607
-0.14471145428622173 -2.1815721742804692
-0.341303789676691 -1.6389841759024697

-0.3938700929033405 -1.8700602525507173
-0.14211435098565672 -1.7061270584873003
-0.37715867165977196 -2.1994586524698536
-0.13359943244746258 -2.2174600593695457
-0.2445979043472079 -2.038391988565425
-0.2855494452969839 -2.233946386596205
-0.13361992838527414 -1.899932884662347
-0.3352424612435859 -1.9716389843138884
-0.10587591579680411 -2.1353038813053575
-0.2926089798599376 -1.9469828609394608


0.17035459642693185 1.7159889021991979
0.17560807032881864 2.2964812997553206
0.0865011964221611 2.2081499472605834
0.07868931384014625 2.0384326946026343
0.12958308436704957 1.8292918733159973
0.2335333714356992 1.826353565438301
0.14583092106973047 2.4841026567195374
0.0918587859944961 1.9840322744308119
0.11125961827335482 1.9762634400274939
0.112069774500143 2.1932215202861096
