50 10 4

0 1
0 1
0 1
0 1
0 1
0 1
0 1
0 1
0 1
0 1
0 1
0 1
0 1
0 1
0 1
0 1
0 1
0 1
0 1
0 1
0 1
0 1
0 1
0 1
0 1
0 1
0 1
0 1
0 1
0 1
0 1
0 1
0 1
0 1
0 1
0 1
0 1
0 1
0 1
0 1
0 1
0 1
0 1
0 1
0 1
0 1
0 1
0 1
0 1
0 1

-0.38726854948472256 -1.8793195996682126
-0.29595632921076737 -1.9141718775892982
-0.21590585546307642 -1.7212460077584475
-0.15657599143028428 -1.8191543658671798
-0.2629700038636884 -1.8354817343339542
-0.33531100153273635 -1.5999655128130263
-0.10569901423223632 -1.9885525169206568
-0.37872776648143275 -1.837497271148517
-0.3586131226304053 -2.2559288538359596
-0.233879151455141 -2.133358950588704

-0.2538834996471201 -2.0495990230765804
-0.280619430925013 -1.6213690755949024
-0.2424014443953758 -1.9011698127694248
-0.11016870064530138 -2.2267591761861554
-0.3464137762102506 -1.8084958464522423
-0.3647840540573938 -2.2372638016291395
-0.2839596640628524 -1.7515677859960566
-0.11874016688354705 -1.5579916795761921
-0.3105926786403675 -2.2482247635738926
-0.3575962695539868 -1.745378995315638

-0.127157187574846 -1.9808046398251362
-0.3564504763600735 -1.5220178439062746
-0.3674241666036705 -1.9082773308489294
-0.2637599380134672 -2.086069738006036
-0.14507120382962596 -1.7178788733451527
-0.2172492798973375 -1.690062002366996
-0.22093072704686478 -2.1121649053639437
-0.329818374388856 -1.9755889085303835
-0.3550087661528101 -1.514812733225789
-0.3340627128554425 -2.1131971917183825

-0.1090689121835498 -2.2761032861019097
-0.1201779932858294 -2.0341405842989735
-0.15025181001946586 -1.8687356987863952
-0.29376077215435176 -1.6084435564159214
-0.15590668777681158 -1.5738831531892004
-0.38474179394382846 -2.132201142511724
-0.16525369627644412 -2.068573224007932
-0.18656530374284466 -1.5996241692269648
-0.20155833291837588 -1.5502979308140854
-0.3758273612338947 -2.1827110768367155

-0.11212508810054644 -1.982935684749061
-0.2964853956725123 -1.6368816342842352
-0.29942255720503547 -1.9738936910266291
-0.2022863385884478 -1.8160377363249527
-0.39572728634147886 -1.52849031375911
-0.37310405318773177 -1.6544189226231527
-0.2757079459592293 -1.8321828059286185
-0.34631591040439874 -2.0956462128248363
-0.10410973872447105 -2.1444794149755557
-0.3129186086744592 -2.1795968191755786

-0.2804093966251807 -1.9446057072454996
-0.3736879317554806 -2.064337489475134
-0.36710434166374567 -1.6314954072876307
-0.2044392959918925 -1.788451141430695
-0.32402686052410035 -1.7617519390176546
-0.21151878407782085 -1.738308116628052
-0.34499410451431933 -1.6847738230856333
-0.3851884069374435 -2.021058027404542
-0.1748419073149404 -1.5961950432438998
-0.19834414333466596 -2.020450178054301

-0.3732082102870645 -2.0767729621550153
-0.2891730671373508 -1.6040356706669612
-0.3556676679463986 -2.1366128482220272
-0.20075457035882752 -1.6747382691912454
-0.15674863755079219 -1.5399065888442913
-0.1454797044424017 -2.084091569104284
-0.3129111582720893 -1.5252255278191402
-0.3043984732537196 -2.090001278391922
-0.37853728427079114 -2.0406574498408134
-0.15142630956409273 -1.8026590093272195

-0.30308647288066587 -1.7782765793513102
-0.15575691659916083 -1.997635943388977
-0.24776654220317137 -1.6085056524752854
-0.3807534295696099 -1.7198097020670877
-0.1419859170901545 -1.88075242674183
-0.15893280363582146 -2.151964314515764
-0.3435110434988418 -2.212462974676108
-0.23956410403302658 -2.173501675713055
-0.2670970900566035 -1.906468021289904
-0.3768262941648553 -2.0946174921388456

-0.3499352265895497 -2.1124484598098383
-0.20856287769067786 -2.0798560722281256
-0.19725346626377063 -1.8073003097401796
-0.38496039199556764 -2.169896708619973
-0.37629837485666917 -2.1081619588556837
-0.2421045364155972 -2.2367428541986563
-0.18173349452160983 -1.8694673387516727
-0.3122989640813909 -2.211838083297322
-0.30541868315260323 -1.84238271690384
-0.39036297972109885 -1.7545680894322717

-0.31531800805508986 -2.100515534777394
-0.35574301743731496 -1.6356747039177384
-0.15002886682574793 -2.1186730135598677
-0.10926299407360796 -2.2608262880990107
-0.24894233956126155 -1.8664158161645008
-0.3193958575212582 -1.9816522121697604
-0.2120644402776588 -1.6511021079998986
-0.3873055921432073 -1.849249113222069
-0.1745880489645574 -1.7999192398161756
-0.2418267679165868 -2.0866214226673985

-0.15355801761437513 -1.6583500120594887
-0.39322781303053306 -1.6820879511881088
-0.10926875632062888 -2.110467080837459
-0.32427980767324177 -1.9199932853492139
-0.28768353922163153 -1.8449543345045527
-0.30234154092067766 -1.9247082991450444
-0.2570806931344841 -1.677140938214363
-0.3868631030117604 -2.157040088476996
-0.21196376648494186 -1.657568135509778
-0.3412085170399883 -1.6418348167242138

-0.39673380422776844 -1.6609913190968941
-0.29236939772018833 -2.2123875648415012
-0.32838007135818026 -2.120329305589361
-0.22810363658034177 -1.866427222393411
-0.2858365945418796 -1.6711067470796521
-0.11805513040220816 -1.5998510629911236
-0.10452741945447241 -1.7170961294718703
-0.32715499774867696 -2.1911760047952904
-0.2313071233470243 -1.6110754067488209
-0.16055164911250033 -1.669621918960928

-0.2141662090531937 -1.8532938476363712
-0.36233363099891625 -1.682221556644544
-0.3714021901337286 -2.0584100857580667
-0.2903832357140976 -2.049331765020327
-0.27302058732930035 -1.5120273981740147
-0.2414021480039323 -2.205299306834437
-0.3495806417544967 -1.6929657461871193
-0.22164541356776904 -2.1813442272436205
-0.1673609935004648 -2.0332114537219548
-0.3079801967977833 -1.8706871900493585

-0.38577463466861933 -2.2061998857640868
-0.1273179917316969 -2.223984588794132
-0.21861505471730958 -2.176243253629415
-0.35680329621125206 -2.1430399009287857
-0.21528134116375278 -2.2122544889515257
-0.28982433418095904 -1.5386835759821587
-0.3798075569181546 -1.6322873463454968
-0.36737124884968053 -1.5601109484882265
-0.292089237400128 -1.540638891750974
-0.15990483345677917 -1.790031249901842

-0.18873939461736994 -1.7966285899067498
-0.17175579366763785 -1.5991333076579752
-0.31822321553283334 -2.2035031230104702
-0.3654610121409795 -1.733766709645479
-0.14040289348696328 -1.9027765389788724
-0.29199615639773124 -2.085771849376769
-0.37851209411572906 -2.1447854254052516
-0.36757140210295036 -2.068699833827654
-0.26262051906604267 -1.7353490238016271
-0.13834389972820604 -2.0984458829823445

-0.21332380759723824 -2.184136040548311
-0.25751301214747613 -2.2560692132594635
-0.2958606647102817 -1.8181959678180037
-0.3357744871219871 -2.194714809436111
-0.28368956663650297 -2.103794653492388
-0.3627520469139971 -1.6112768184775708
-0.3654649379545173 -1.7537720406456625
-0.15651762055378876 -1.7218167692552657
-0.22088174915084957 -1.81855600662632
-0.38737306714525993 -2.097792240725152

-0.20619554172923074 -2.1190915660723473
-0.3294863382923626 -1.8623218399537982
-0.2274708869947446 -2.09018867535913
-0.3739993507011648 -1.5295816029948712
-0.2444118140447319 -1.9583133158990969
-0.24671609677803003 -1.5954663370954316
-0.2717063455414608 -2.0411590398843837
-0.3183738886516424 -2.229332581525689
-0.25311477397775056 -1.9345629803565711
-0.3528836109934005 -1.510498912746928

-0.22185702209954017 -1.7677670300523336
-0.22460945066343438 -1.8605359990554997
-0.2861674154614425 -1.730625164039636
-0.1527147217597849 -1.588145909294239
-0.3175699667306212 -2.270943075323614
-0.37220909237413097 -1.9179706286579146
-0.23428944299981755 -2.154237283924363
-0.10029918092377582 -2.068423422747065
-0.3914620471214441 -1.7272009032862816
-0.15159868854985814 -2.196436893864872

-0.2105012557383714 -2.0308932109099187
-0.2192895708564503 -1.8589319231010946
-0.24109896128843838 -1.9487384753565995
-0.12034109527669157 -1.9146883052119983
-0.13713802103983125 -1.8271484104638303
-0.2667207960486849 -1.9740964387133826
-0.11335864868799267 -1.983791471233277
-0.11645499628543143 -2.017037703572144
-0.1351464504581837 -1.7996161208641748
-0.24693271166918587 -1.8356750560293753

-0.2816924536005573 -1.5263176547270079
-0.36786159667483187 -1.7491578002920272
-0.20180728572550136 -1.661948039329666
-0.15630117791307943 -1.6315380930690677
-0.26147211975534784 -2.065515408683187
-0.3767875451106267 -1.5784567630050703
-0.3870135109180824 -1.9836138381519792
-0.17727921698183965 -1.871460905240478
-0.25014410746257576 -1.5261427567542305
-0.2776968302447191 -2.1350375159648123

-0.11927814293046463 -2.1050738447446777
-0.14504983050871006 -2.0373267228834395
-0.1579741702626909 -1.7474496257324068
-0.39015237698429944 -1.5167279141817076
-0.24579852445402442 -1.6927595446614787
-0.20406680590964268 -1.6771898625596862
-0.2705279351569918 -2.0831108254641344
-0.14620821050471222 -2.07842717259277
-0.143368787598545 -2.059037819957715
-0.12975142795403882 -2.0003284168919313

-0.18057860586312208 -1.5915911713061368
-0.1689771908149401 -2.1513218925311084
-0.1142286124864802 -2.057517036515592
-0.3590874910509583 -1.8431049978239598
-0.11544207322886008 -1.7944921269144218
-0.18231008881391564 -1.752259735125341
-0.3707111128824701 -1.5678268834234168
-0.24303838642256823 -2.0798904189920626
-0.20958768711224388 -1.6239203711962737
-0.3775381515444835 -1.9253080705192431

-0.17833128405173662 -1.7764710342903238
-0.368102879543588 -1.6967816753561997
-0.2231770712337587 -1.6870286251890305
-0.14829148296543693 -2.0647153962202482
-0.1545482390821689 -1.8566812887268882
-0.3450435727410004 -1.7187252008880423
-0.28936093146071895 -1.8654616090331149
-0.253751676316336 -1.527758698326508
-0.2474943840004404 -2.057848937324002
-0.24716997110538552 -2.0541207587710955

-0.37136037235609287 -2.0271311194480335
-0.3221456880913973 -2.1215538375155654
-0.22380794809273302 -1.7158303624252056
-0.3201035969209155 -1.82497103547277
-0.20008691791963007 -2.1381427277740634
-0.36533403623109445 -1.886748792893107
-0.20767330771406803 -1.6237049730480209
-0.1994473101631643 -1.5995674072891615
-0.35702362478045924 -2.076255649693284
-0.27544197097669443 -1.5980155633503026

-0.3097867410833735 -1.607470186276287
-0.2543748056105908 -1.617244831477341
-0.14648622595019833 -1.7823861569459933
-0.18918226554787954 -1.7515673184231493
-0.3200350236318894 -1.9973449563848162
-0.3570252880928555 -1.676309619335437
-0.17122963172023695 -1.6014667344200482
-0.2290990971694943 -2.049442168017824
-0.10589221308725494 -2.2638031215688836
-0.16577489379713237 -2.2278330114698814

-0.3893087337958823 -2.118430941768002
-0.38875239226429215 -1.8529498989440638
-0.23340312666689558 -2.162656639258223
-0.34306589548401073 -1.9410597984343319
-0.1980360794463195 -1.8045576004635182
-0.3329751216068602 -1.690480851569761
-0.31974670409589956 -2.1086586647639627
-0.38520435415224064 -1.679066433154723
-0.3316253382934444 -2.0083136361734586
-0.1559573559809756 -2.0899363164217517

-0.3454063337044562 -2.0795940444700456
-0.10323514122547156 -2.1790043311255984
-0.36071668755553626 -2.24892972841522
-0.37283309700077166 -1.5731029142527946
-0.2070329619392071 -1.7795172247987925
-0.3599116522569254 -1.5151937758214462
-0.14104455067956828 -2.1093619713241916
-0.3089541485276506 -1.5999267636421743
-0.2500074857779346 -2.214099298728829
-0.3066308446807284 -1.5595368789385544

-0.26381343504460736 -1.541927526030085
-0.2163624604991582 -1.708345038675764
-0.31107407266173115 -1.7003517345854406
-0.21305766686148006 -1.6467468134163514
-0.3319710044732721 -1.9123751040039243
-0.24858515203035172 -2.144952677440197
-0.3598929305014459 -2.174155459728494
-0.24369325138130649 -1.8953010560274453
-0.24308418770648815 -1.8861461235397554
-0.2338366596007283 -2.079180757412765

-0.2620843010262621 -2.000888677776426
-0.14127322660834746 -1.6490356498455276
-0.24748470777598014 -1.562624993005105
-0.2574096269482879 -2.000082998534429
-0.2892462728791131 -2.0953915138789494
-0.22350234776217925 -2.0450182858550705
-0.3718368804203773 -2.0697998394035677
-0.21437140365714571 -1.7983003509626354
-0.22663029977502355 -1.985436010500282
-0.3881431882949299 -1.8928476707946318

-0.22217279951485594 -1.918665693666707
-0.3122357416408692 -1.8621237691420283
-0.15116375069878524 -1.5780813456724334
-0.3570946841703908 -2.2038116815525055
-0.33805709789603533 -2.0195751008884035
-0.3355158971710636 -1.5418782042733516
-0.24870603935266827 -1.726706490967578
-0.33674497204018705 -2.0931667637155407
-0.13880979819228034 -2.1517791760417015
-0.3075893970568404 -1.986146534120027

-0.23268592537610436 -1.9464914944402252
-0.260443924192397 -1.9666220947529087
-0.23792396949666267 -2.2424737795023795
-0.39844049889470207 -1.8856027429932576
-0.34359675661220745 -1.7740300337881287
-0.1981242068120544 -1.7644548826069175
-0.13373928633953247 -2.1575243180491364
-0.3989673346935483 -2.0603840946220346
-0.1374996114336497 -2.072910223763813
-0.13984782373608518 -2.236645793488314

-0.12051335525922169 -1.5940066940743969
-0.20333952189466378 -1.9492216351075178
-0.30660169157153 -1.8035186983571008
-0.29020015189283926 -2.2397979473191034
-0.3098052848626767 -2.0836654654206246
-0.2900340115366027 -2.245983336505051
-0.12181756525463017 -2.114093036566883
-0.3461975899043044 -2.0871396654937326
-0.1248160787238799 -1.5865273802644915
-0.2808804376643915 -2.258591125334774

-0.26300597789036195 -2.263553996196507
-0.35718769149865637 -2.2264588702687234
-0.3169429799372254 -1.7667043318531563
-0.2935240074148277 -1.6295738803506676
-0.3908003818084054 -2.1510829017126145
-0.2691929973714883 -1.7347439222460175
-0.15725105445137405 -1.5970128133972685
-0.2598107707006655 -2.092813884990461
-0.14335275336223996 -2.150243320125913
-0.13148663577500197 -1.778950250760552

-0.26980295436357593 -2.2763916204527104
-0.34007280898156744 -1.6287725082084517
-0.38273303345156084 -1.6689874250898078
-0.30130313045069473 -1.9371429547692334
-0.30127389290378254 -2.0819568094594487
-0.1068254836907544 -1.8471389732113552
-0.21823244057239757 -1.7837195957794045
-0.23537025047082885 -1.897960980072132
-0.304030542427763 -1.5824184017549356
-0.1301690638556287 -1.9692042736322926

-0.1138386675187672 -2.1511457181314118
-0.2778726041751606 -1.6982176555000152
-0.23011791948162824 -1.6970262527901672
-0.16874234353325354 -1.7656506930111313
-0.3489292396464079 -2.032045144186991
-0.12350912766219058 -1.8868686563899908
-0.1752660929370724 -1.6934265593798106
-0.16393993358937675 -2.2079021122801255
-0.2677747986803457 -2.2501295047544896
-0.17408826215233578 -2.072595959423678

-0.2841831238593514 -1.733017893717895
-0.22203132149784083 -1.5795466838435428
-0.21592477161202908 -2.2164288812056463
-0.3327221552690914 -2.151079788060453
-0.302394222825233 -2.0256676408279133
-0.20459795588907256 -1.9269806435669854
-0.1697659056643238 -1.9865517744522088
-0.14452394161971382 -1.5518381515391912
-0.2057734709119948 -1.9568227100718898
-0.11599786397209921 -1.5273614907574893

-0.37981184604504503 -2.18403134632061
-0.21093587472230585 -2.2076067975456914
-0.20676195814271764 -1.8597165269990787
-0.1538964253101461 -2.164671367324453
-0.35148561865164785 -1.77581864429951
-0.204005678231762 -1.9080979638126234
-0.39703883207892504 -1.6510634020511739
-0.25856596522949415 -1.6697785439084725
-0.38763577330732957 -1.7811856980144667
-0.2902116916599069 -1.5493982266238961

-0.318819050368364 -2.2456866585859254
-0.14311828168515334 -2.1899306395021854
-0.20874731273702463 -2.073698688274124
-0.22677426943473297 -1.668391953225529
-0.15760060427322972 -1.8227954136865412
-0.25750636130029725 -1.798514660986528
-0.21529624703213915 -1.5296894517406898
-0.23778740683132749 -1.9542975037208645
-0.2884496444894049 -1.5794042482904571
-0.38394287433783664 -1.608165604545716

-0.22602002284011147 -1.6116230803864242
-0.3855864023494796 -2.177263249572275
-0.2695240629940895 -2.273248914282475
-0.36863174769655327 -1.701748160719041
-0.36477643297034174 -2.1108502515939396
-0.38137847864433366 -2.023439489975578
-0.185661607971957 -2.093350436764671
-0.36751804817248507 -2.1460405511784875
-0.2967417405390177 -1.9100419984720003
-0.271453781056317 -1.7563279183430276

-0.2914195810240737 -1.9701304885745548
-0.16747138307584153 -1.6833603346783483
-0.16825724930158886 -2.116816541648349
-0.36209189471567127 -1.8684623409766996
-0.11776050838961843 -1.8554900016516593
-0.23496178339490326 -1.9567726035653183
-0.24162262106998866 -1.8755990517380243
-0.13301635966593273 -2.198081362013837
-0.31098049442066367 -1.8341796469924712
-0.18011971809317467 -2.189362077133403

-0.11151194154255656 -1.7944582880321458
-0.3167265555447337 -1.5232580057555223
-0.1869918890699088 -2.0217948628892626
-0.3466843661330558 -2.0914043045760624
-0.1705655320110694 -1.8366457781606225
-0.26706962090932707 -1.9407357883132206
-0.15840532215617598 -2.207261091029679
-0.14883312483732525 -1.77188154024041
-0.30807171349974405 -1.6407204432586349
-0.25745233752905083 -1.827413742573202

-0.15711989804215415 -1.5340943760921557
-0.12077096834740858 -1.5224485917343316
-0.30625812838826866 -1.8099318276222753
-0.33122688228205827 -2.00767837803815
-0.1570779196936421 -1.880147432847897
-0.28609750836314096 -1.5377117223456702
-0.2602504508314496 -1.8819711982081917
-0.2271162615740777 -1.6620397354778778
-0.1764120412286871 -2.052998274978134
-0.26142218076164825 -2.2588578658007363

-0.28124738073699845 -1.9322001532573572
-0.1764449971291644 -1.7286770528096733
-0.28350016560223024 -2.0450441395947676
-0.2276795021158225 -2.0599409375986455
-0.13138883757537212 -1.7630410759883315
-0.24989850342868833 -2.136537775194321
-0.3695059288256037 -1.7681681954107846
-0.23629046313143154 -1.9496058901431763
-0.347060384020362 -1.6499171443833252
-0.3317999566442353 -1.826529938178878

-0.28770877941401196 -1.6927258959975244
-0.35986207029320844 -2.1699542994892154
-0.15722138354844511 -2.0515684260793394
-0.2854396484871947 -2.2558713534077057
-0.3825683802060304 -1.9123489649800773
-0.34699001702889576 -1.8251558615786712
-0.3593889714789402 -1.6040927455081337
-0.3100010787842878 -2.187884233246333
-0.2525968282551962 -1.7329419047640706
-0.22076924198074455 -2.0339240787308492

-0.1039132738077368 -1.9073608264881194
-0.24402002509689913 -2.0119365125267503
-0.21233111770287227 -1.9850545467899106
-0.34093998476231224 -2.0836329495537256
-0.20508385785695737 -1.7372314369889739
-0.2880888159028689 -1.8035455071686306
-0.17527742090962975 -1.905517907723845
-0.3968500344761475 -2.156536349355612
-0.3119457287863451 -1.7720652241417074
-0.2813577568556354 -1.7889046676566307

-0.16613621382549532 -2.1694282953446953
-0.2799165683302152 -2.0301361112621685
-0.25513140360797043 -1.5103281736208174
-0.3947453315412461 -1.7352890857882985
-0.3984059467697687 -2.030613742370563
-0.24083518901206877 -1.742204296255676
-0.3672094673655186 -2.2136534170029427
-0.27047163899362864 -1.7535998797849262
-0.18833470744881353 -2.008254455289199
-0.37851391888455244 -1.9454273867110363

-0.33838271536441966 -1.8260248098664904
-0.26495281410435456 -2.108894329632988
-0.17768701103524828 -2.145482885936442
-0.38088651613505525 -1.7983962671607878
-0.12989553812756016 -2.035653952870232
-0.2924688477333086 -1.6537713931119284
-0.11154550349029124 -2.1387384001783
-0.10561029144104794 -1.8070802183976495
-0.3985255764507277 -2.1500333189159817
-0.1863372071055488 -2.1205891237522274

-0.30526035352918307 -1.5549103954877785
-0.2769059719576242 -1.7444550046117495
-0.15048658420523456 -1.899496289906893
-0.37991739271710084 -1.6495318828304826
-0.2743204557097795 -1.7776970317236351
-0.24075197118305713 -1.5645495578556798
-0.11105652063312843 -2.2279393027715324
-0.2753342810055694 -2.238014413696911
-0.39927818807862814 -1.8397021172305073
-0.12563668030873643 -1.8598933102588564

-0.2232654173409317 -1.6722560546269054
-0.26006208303533085 -1.8758260288089326
-0.3821876526578733 -2.244106479127002
-0.36948939790499097 -2.23429297868654
-0.16257779616291435 -2.2167605101099235
-0.20411857759767127 -2.2451592888899974
-0.3382889852603151 -1.6307441539356364
-0.16640960422524814 -2.117324039326776
-0.18694903255263914 -1.5751281830772834
-0.37356048761865246 -2.030841158361843

-0.22474029012407798 -1.8930289197240786
-0.2440940557223172 -1.7122794106001171
-0.27177126711271915 -1.837956771499436
-0.2935505019040682 -2.2406134766688943
-0.3397184964061709 -1.6207094995007956
-0.3654098825711829 -2.1454769199027917
-0.3273132763422517 -2.1648422238374865
-0.2819468022178528 -1.776812653482554
-0.13215565596937368 -1.9534381933564025
-0.1117925021646149 -1.9632602307621352


0.2019983367269233 1.9414180828192136
0.09783553510119863 1.7866196701251438
0.14397340758169125 2.336975502980844
0.17668134136749736 2.44562708900727
0.09443501887681612 2.0090104535645326
0.12600369808181827 1.9603258753783392
0.08830344824475742 2.082114836826979
0.24649424728154357 1.8315909143420663
0.21337787974727096 1.7206732324784029
0.1258222413702637 1.5093564622861095
