50 10 4

0 1
0 1
0 1
0 1
0 1
0 1
0 1
0 1
0 1
0 1
0 1
0 1
0 1
0 1
0 1
0 1
0 1
0 1
0 1
0 1
0 1
0 1
0 1
0 1
0 1
0 1
0 1
0 1
0 1
0 1
0 1
0 1
0 1
0 1
0 1
0 1
0 1
0 1
0 1
0 1
0 1
0 1
0 1
0 1
0 1
0 1
0 1
0 1
0 1
0 1

-0.26795342225127683 -1.5539274096132079
-0.3143292208440652 -1.6713839472102725
-0.11778620490983438 -1.8887186308983173
-0.24427939773649363 -1.7098781814054713
-0.3929955901848681 -1.9647833858299746
-0.28687197862836944 -1.9761550035334505
-0.20608724275777338 -2.196852632911953
-0.2332122582425991 -1.5120131485827621
-0.10834155610842555 -1.5134747592730102
-0.19735475386587856 -2.034766686399492

-0.23948014262920092 -2.2770743417663555
-0.29343860183772524 -2.0263418029048106
-0.32127674898505865 -1.533232385188386
-0.1832806171931574 -1.6284006242624107
-0.1470819098834264 -2.0115461346795254
-0.3148429702842754 -1.9825105170473853
-0.11957934654807195 -1.9782695074779761
-0.16449617944272113 -1.545719471968502
-0.38703220023661783 -2.1822154892665027
-0.3590284330194786 -2.2456529549176976

-0.21590630613394435 -1.5675596806249703
-0.25077340144292337 -1.7296583021353804
-0.2119148292863366 -2.177168135359162
-0.10659654402516272 -2.097741046993952
-0.21115418979757708 -1.6337307009203128
-0.2609607554464117 -1.5480059500453098
-0.17664453562576585 -2.0299735482603403
-0.35818258894583266 -2.1579746748478077
-0.16075312529030414 -1.7674122624902395
-0.10802301597722591 -1.660192629056346

-0.28760372450250526 -2.0913082751714054
-0.14001447758429547 -1.663212705600624
-0.3806856232796182 -1.7237942088003533
-0.2970677632336116 -1.5896126954881757
-0.21957032038978286 -2.0387138269803544
-0.2810260005186226 -1.6613352992510868
-0.14841187571332876 -2.00455554949782
-0.20823151556751565 -2.079028927156582
-0.319438918388599 -2.1145439233165004
-0.31602523239947 -2.147332484961092

-0.16679012795879258 -2.0736227092816826
-0.2544095989552967 -1.9029283718395678
-0.2980469086405252 -1.7858738556856601
-0.36033932480847713 -1.6542441212697683
-0.25094912936546676 -2.159409292473407
-0.28856542137225943 -1.613612411881331
-0.18565103677639716 -1.880765310600369
-0.3023832781300745 -1.5405896837956794
-0.3731339841980499 -2.233005972272926
-0.27431665489045287 -1.6944376093605107

-0.39309200913093206 -2.0519522626416666
-0.10385624106286223 -1.9230845053135006
-0.20614429961011155 -2.2022944001014175
-0.23889962881130797 -2.099914428753577
-0.15689560303404781 -2.1345952506193573
-0.16797828843248125 -1.625655876049883
-0.13741068867595857 -2.0458606770351615
-0.36809133981670566 -1.7826047768898332
-0.3617361952097758 -2.0672710274385717
-0.35190608988909355 -1.9238620723436832

-0.29486132047659763 -2.090667971290692
-0.3096568169201921 -1.7114883858344032
-0.34691067914415047 -1.9191019312207056
-0.18360345976421028 -1.988443990951204
-0.32051448940753136 -2.1054533203656804
-0.13316815273517996 -2.2691392079666803
-0.3742308038135019 -1.9741666799923427
-0.3305563093431313 -1.6390429836041709
-0.276110542034081 -1.512950835924301
-0.22318750925098998 -1.694803344673888

-0.25251286382907456 -1.5101133442142167
-0.24580851325818476 -2.0962857391815137
-0.1699010104751075 -1.6753386831885018
-0.20548994979131546 -2.219829894003832
-0.14612701612185985 -1.6181952978719203
-0.1566685431685677 -2.0121815355199346
-0.3230457603602144 -1.6285683021732948
-0.32794341445797603 -1.9795510692307454
-0.3574126595198127 -2.1759461781840272
-0.29296525669439605 -2.2593764906756886

-0.3899608610286005 -1.5464813752062772
-0.2452692285295968 -1.54504690911027
-0.20528389420982615 -1.8810163428459292
-0.10612337874614397 -1.8279493097341875
-0.14824550389611502 -2.0497606055960675
-0.14161228096081802 -1.5640450748881434
-0.3934934134983029 -1.519877564416002
-0.2483748864588468 -1.9050527788686176
-0.17918276880405695 -2.012309590927005
-0.3774043963984279 -2.1040630103965268

-0.24772665392053134 -1.797494048541114
-0.2823614331379082 -1.8845934816373633
-0.34319954195537694 -2.2510962119271
-0.1525672005285739 -1.906961162873734
-0.37737054493531874 -1.8276466863194598
-0.1044380539500745 -1.627952366670224
-0.12092469262470551 -2.096727824647008
-0.14867934452695214 -2.144597745179257
-0.332666367471832 -1.7755450429888995
-0.3359991751441061 -1.6465372225978865

-0.16855215568938853 -1.6759476250341656
-0.35691569207023416 -2.2004024195079803
-0.39136084321934783 -2.2017931839079
-0.23334175005563937 -2.008311229310259
-0.3257545621520132 -1.7308823398826063
-0.1980603175020959 -1.5743082791171648
-0.3454028834722021 -1.653413765042568
-0.2526840081810854 -2.259357132100766
-0.19729686158172377 -1.6282657971397
-0.39495277133113793 -1.5590694257094029

-0.30994268668915065 -1.5113074448447148
-0.10280225300728563 -1.7165597568101956
-0.24368326422231054 -1.5402000594829255
-0.20899920188276738 -1.7339870545590887
-0.1241246259059472 -2.162195105339842
-0.19475700262143655 -2.022032988155953
-0.28263160136577786 -1.8228842263180636
-0.32944501994814557 -2.1162853925431553
-0.10503861918840363 -2.059582472047521
-0.33219858751782305 -1.6089534844352968

-0.16099269154967208 -2.2519330939413744
-0.2608738164576022 -1.5712368324305381
-0.166950510866455 -2.2162758074931337
-0.2850791930740859 -2.13761509011054
-0.24584784400765308 -2.181609707832253
-0.11952988050915625 -1.6400055504356126
-0.2869335562288353 -1.516003068844041
-0.23122716538507065 -1.6810950311268493
-0.21669593031119225 -1.7096112873334226
-0.2184440149677299 -2.100544102257459

-0.1594135328146812 -1.6582965808583774
-0.2816801670022237 -1.7305187342433699
-0.10722493623382318 -1.6415326574605804
-0.32562861677416544 -2.1110115337644944
-0.21046277043482936 -2.1147931147868166
-0.1779578527556103 -2.2587881435854675
-0.38682978767100706 -1.6264993928007838
-0.35122120701714693 -1.822619550012906
-0.37268276207016116 -1.808841562124265
-0.38747251182075637 -2.2772482357052914

-0.39607878123810336 -1.8741870159717482
-0.1299477216022203 -1.9475866252458855
-0.2109625415297822 -2.214181138848616
-0.32548671036677207 -1.7736015550722335
-0.293998133867912 -1.5741017210740296
-0.13895268862108096 -2.2211124574930823
-0.12321369041967484 -1.5642477807051105
-0.23146001229697657 -2.2230488143801836
-0.2754295914079759 -1.7129022253798083
-0.1491064789693634 -2.1248723011311306

-0.2851441846110606 -1.5652274920806093
-0.23738551115561468 -2.1646093395308554
-0.39998807791762664 -1.8673686281803605
-0.18853406032529846 -1.7691236347200605
-0.32887814457183495 -1.9691264202845395
-0.12493815510785306 -1.6989830251098592
-0.24893828340022356 -1.5816856051483925
-0.26775712980745103 -1.7901071952254681
-0.34115182587210374 -1.8375166847434965
-0.211780822103202 -2.1396652326528

-0.13206230665644492 -1.812779928472076
-0.39752298815950954 -2.252003565532794
-0.3786970805753744 -1.5445676112448299
-0.3740526018801157 -2.0329201387824734
-0.2651986450241589 -1.8560636665730839
-0.24066389882548966 -1.9322342933800472
-0.2905204743695787 -1.6330778986199066
-0.37502460286647693 -1.9091989000337297
-0.2907649956766737 -2.0888318432149076
-0.24601528759481067 -2.0580318409310605

-0.24051317829930746 -2.0343836085334255
-0.1447952017778506 -1.9600165579476583
-0.3333078239672098 -1.9412063316275616
-0.15754363615602293 -1.7969533844987458
-0.24616072278382908 -1.526291926166354
-0.15324062132297936 -1.6339681708297142
-0.26332978110147676 -1.5274097106721187
-0.32880161944240954 -1.7178081094585596
-0.1429096267840057 -1.961858012150139
-0.2560141247219132 -1.949783615297522

-0.25906044455150046 -1.776680327309057
-0.1705548487765259 -1.9387025524989805
-0.18602121038630814 -1.984822916091298
-0.17772272194933642 -1.8508750948870647
-0.2898882113566858 -1.9926079789655486
-0.2352668525854874 -1.942958944344853
-0.1800502682696603 -1.7539893037533698
-0.2280486225949793 -1.9470312366153075
-0.14796505868916154 -1.6014214771956956
-0.11522206719302924 -1.7153545119244094

-0.1475102557665685 -1.9833088812449065
-0.19185740119486824 -2.2327672234894944
-0.2739568850910778 -2.2535000229343956
-0.1054431727051009 -1.5668206461331797
-0.18057771739278414 -2.2440450363940068
-0.1310861511860475 -2.1123893289901785
-0.1598850340453469 -2.136117610926027
-0.2912371341943235 -1.6499384815796465
-0.14711063405216723 -2.082171907177357
-0.25153738957405114 -2.2110665998505863

-0.20390802870344796 -1.6866624718988978
-0.27412013425025394 -2.136718941826604
-0.2737121370917099 -1.5956947523087468
-0.3099466722993099 -1.82923449260025
-0.2883119914440114 -1.7961908540166276
-0.351881794551099 -1.891432207585967
-0.33246048391864086 -1.8561510193946098
-0.1591551897776523 -1.9451734384608388
-0.3699645451816542 -1.6907579652850508
-0.11481314780051788 -1.549644002334881

-0.35947490089263545 -1.811012778166207
-0.16721378138799933 -2.255338172831771
-0.3263433846062965 -1.9072786946037978
-0.1047166002781646 -1.7684675827452072
-0.17915456136473215 -2.150757991473176
-0.3916504284780728 -1.8576319794525555
-0.2902830214351361 -2.052771047166731
-0.3135468302322093 -1.8981526277958096
-0.2957344171123953 -1.8981956821453507
-0.25101788577932493 -1.6480265198591573

-0.11492198297453482 -2.1415193201471427
-0.2962870832780426 -2.246693247085164
-0.1751451459272096 -1.6918341311468166
-0.27611795668880573 -2.075421671104976
-0.17807702714398188 -1.8252233795779946
-0.37765524424009217 -2.1597596547088496
-0.22817821507736977 -1.7574685951190525
-0.16889741611989814 -1.9262613432237015
-0.2546061834380109 -1.8852422436056686
-0.18406615538886698 -2.0242769427353133

-0.2064259181109336 -1.5216555139531782
-0.32453448433188015 -1.968685891860671
-0.22236528799176197 -1.6820353928117875
-0.2716039690986532 -1.5269936722515092
-0.3955262439184672 -1.592211916119166
-0.24107089107139706 -1.7859982887461228
-0.2457507304435578 -2.154897000340869
-0.34022817123919485 -2.1027787608805237
-0.3385189402663064 -1.5223486519885867
-0.29254187893606526 -1.8223373393747173

-0.1813388166059935 -1.6520937822780404
-0.174267462346734 -1.5260218268174846
-0.24265150618708464 -1.5590015182627126
-0.1404818655095431 -2.189841308392661
-0.3659267287128707 -1.828361357401954
-0.3659545527489156 -2.1115552859646973
-0.30768609935577607 -2.189115389633155
-0.21719982783596142 -1.8011737114249953
-0.16300279918688923 -2.143086875121826
-0.32874148472525944 -1.69753821650378

-0.25725718656925833 -1.6079371420794057
-0.3392740584084132 -1.6090933000162135
-0.3523319861202232 -1.6821929874970634
-0.3736821116635146 -1.851556483330655
-0.3118247521096833 -1.5289544189676354
-0.3283532707734621 -2.1799786667933736
-0.31665551362159294 -1.6511578869576353
-0.2538484196518832 -1.898234767464866
-0.21903445924516513 -1.699170300114143
-0.3662488527325495 -2.1409253140023954

-0.30789082477826746 -2.05238782539364
-0.1798152950477123 -1.7772085431647318
-0.1221085934484098 -1.723800347631025
-0.2733467256265155 -2.1549726592383482
-0.295577927931831 -2.096723853689347
-0.2748152165454805 -1.7623979208401348
-0.28979493101642806 -2.0495977685844826
-0.14669319028378103 -2.0561533799226366
-0.30112335759635855 -1.817854039156126
-0.1011872909696076 -1.7052620082473402

-0.19256761737017145 -1.5914426054483437
-0.24977004435742295 -2.057285333158953
-0.37157678287877555 -1.858254383991172
-0.3603335174730566 -2.027750486046631
-0.3245109623238797 -2.06382384591935
-0.31457445412998963 -2.1097854846998243
-0.20115975508608847 -2.2352803433496806
-0.19611769171864624 -2.1258307468672895
-0.18283662040473495 -1.7208604079322487
-0.3659423498801322 -1.9760197417735412

-0.12748864339988153 -1.8085592155624242
-0.3450296399489948 -1.7217851750257962
-0.2466065126220809 -1.5778684340531055
-0.14271353444484908 -1.808279107720344
-0.3072076530089853 -1.8822836080234515
-0.285078085559653 -1.6240926720700668
-0.3517096876999495 -1.6557979893250803
-0.20889441403410478 -1.7019789256546578
-0.2259694523863349 -1.6117729464099222
-0.10298896064196517 -1.840252780290319

-0.3590666128224474 -2.011931045938058
-0.3844455749531267 -1.7567094732963122
-0.15649773759868996 -1.9311111802547705
-0.14122789988163592 -2.170707901865119
-0.12831464688990168 -1.853490330684063
-0.13464442470162508 -1.7170457096308236
-0.2623028199623256 -2.0006458080202454
-0.31908555638303127 -1.7412742875121119
-0.20240644488120188 -1.895343774300269
-0.18193397243956427 -2.1091087537674884

-0.21053457943980788 -1.6008718377295723
-0.33872963386136723 -2.0513189721796494
-0.1628556765052691 -2.1268482181066934
-0.39234827598452054 -1.5743916144912145
-0.15286697772475347 -1.8458692959365806
-0.16481710034969935 -1.9347126110242097
-0.26502658786680133 -2.250994559979934
-0.2485155726562014 -2.1124074203593723
-0.15400878766704817 -1.7339233814761719
-0.3749110563367045 -2.014319235570891

-0.28573609253416654 -1.8614742122459802
-0.15550682875388383 -1.8102064646859204
-0.3615650600511088 -1.9177608803911115
-0.3025102103481742 -1.882697873405076
-0.3867164286858551 -1.6096650812464728
-0.13868573312971738 -1.5638493705646392
-0.3749847105944378 -1.6612610143267097
-0.20877263871131682 -1.5257915155936295
-0.12166621331665228 -2.181508823767609
-0.26694125238429556 -2.1631611887357898

-0.20765542161360848 -1.6702986872149728
-0.26303162171601535 -2.2157982633267155
-0.10789775881969105 -1.9929694225667496
-0.13387224492767902 -1.7649217448760606
-0.31832153359067783 -2.2541210253405506
-0.10172268281740643 -1.8848550444340786
-0.11459224740099638 -2.1661283090091135
-0.39402935756085555 -1.9069180088726894
-0.19697933321907357 -2.249793811154571
-0.3398771325457982 -2.0590460198850273

-0.3643913931795118 -1.928766499101134
-0.31915089540766073 -1.809849413679959
-0.22365401341543556 -1.777920323149836
-0.3091351149024036 -1.9397053365642374
-0.28312048719462146 -2.270194491443173
-0.1456012833875261 -1.9944237621091028
-0.2455043497060518 -1.9898772967969407
-0.38984831393441804 -1.9392368915383829
-0.3348009019169969 -1.6723653345469751
-0.21673509331637844 -2.078550624580401

-0.28724946177540334 -2.045076577196575
-0.28468178232092217 -1.7542211632718026
-0.3792577486097887 -1.5254347705633462
-0.2049816571364786 -1.9448779939353884
-0.25417366440885414 -1.5914069266302584
-0.3203094533253345 -1.7530217575629221
-0.3594973571671413 -2.234011591463937
-0.2688122874823588 -1.9525629361788184
-0.13007336059627245 -1.7472712389969387
-0.3684375841022491 -1.6912567344721432

-0.288905834627158 -1.8715297481447029
-0.31414578500048024 -1.8782030414645328
-0.1450818093937919 -2.0432594043590364
-0.2085783116100516 -1.6012096818903272
-0.34637427448612446 -1.7302311144306484
-0.1682168133699047 -1.5358578473114957
-0.122475341437288 -1.9491845782028863
-0.2802888945050778 -2.2301766078694105
-0.20523195414700587 -1.6579230966733927
-0.18985001594731402 -2.2149577689828472

-0.1630395950937389 -1.9115024721693188
-0.1362692232906152 -2.0531709283960584
-0.2810794331187424 -1.9666292012614677
-0.38194095003749157 -2.2288714225745183
-0.39990350199524094 -2.026158514803559
-0.2565646627633098 -1.861639170571697
-0.10094816938150886 -2.2721015139061356
-0.3777020541357312 -1.6135475805119834
-0.25379502599606757 -1.764933799851573
-0.2700696001913767 -1.7933046104479065

-0.2979186369394898 -2.2761053448760524
-0.16125543959622074 -1.6272754316395206
-0.3783569640603191 -1.7483579041966648
-0.19153907101669754 -2.2396610435638764
-0.17182410668488976 -1.9401175586322956
-0.30784086941205957 -1.8633379853897027
-0.30141394433462093 -2.2383384684900847
-0.2532277133807934 -1.896883162761836
-0.10897460238339252 -2.160638529489372
-0.29589489301163513 -2.24574317066858

-0.2961083122456668 -2.2009899322089526
-0.2898680756285261 -1.6149881871395362
-0.10144991441608026 -2.0929454726028367
-0.14231372263225717 -1.7441311285177328
-0.26024664132709846 -1.663731266774414
-0.24589527099362585 -2.1685780933135583
-0.277631787309865 -1.9455102611216526
-0.3237399441865075 -1.9206522551371976
-0.27609352310844215 -2.04885546285432
-0.2002910065325882 -1.8397419241820092

-0.2323829536970168 -1.6394516884710033
-0.13125280510906123 -1.812237500639225
-0.37041462868385105 -1.8178669602327335
-0.14793101166810996 -1.595482900821064
-0.21300412551831072 -1.8194524206365708
-0.14651118959227033 -1.9330662958323266
-0.218246618105131 -2.0689072867162346
-0.32663751025387905 -2.118444750572198
-0.33488849699067474 -1.5619847206266884
-0.2745821942411091 -1.6375929191143275

-0.1305596872940918 -2.081480388040682
-0.24004573356338416 -1.9748501944385801
-0.2711548410146972 -1.705970201440226
-0.11541929900857317 -1.5362649834310815
-0.1768036322644178 -1.8969298316017922
-0.14600233147746794 -2.274103981329668
-0.24823083799624865 -2.1603775986859306
-0.15403613318093376 -2.09731921289627
-0.11375791113854544 -1.5754902827054962
-0.3444384500048847 -2.237909212834343

-0.20452248416691984 -1.6378830108902138
-0.18905606414723583 -1.9354305048028988
-0.28294284724805974 -2.2763334581013095
-0.29434727437156644 -1.6068861464892126
-0.23863746541266306 -2.068831779040992
-0.3451874895798901 -2.2618819638357506
-0.2555441008697679 -1.6976138391514453
-0.27861862686931027 -2.236864014513469
-0.160962289766532 -2.056342377782172
-0.265728424044044 -1.8318222094394572

-0.24958225185152885 -1.553384455571233
-0.14156864024488863 -2.1301291604823187
-0.38153586267137335 -2.1250421887876287
-0.18929832847094324 -1.7562616973123406
-0.30791269190004883 -2.263813954774464
-0.33662331236808557 -1.613394018466383
-0.20038904004579644 -2.0893780075304504
-0.15822276931977353 -1.8814361826568302
-0.30598006646959347 -2.006220152673673
-0.24568342175198082 -2.0293034607818576

-0.35032557675302767 -1.932826413817584
-0.23718668634220416 -1.974406761141083
-0.38184096335435097 -1.6173343314997215
-0.24250613277044433 -2.2412027108015313
-0.11660962944653502 -1.698283859201132
-0.11550572172749185 -2.2147704996511566
-0.2653597448447358 -2.2555680819854675
-0.3200815245055585 -2.098302589956841
-0.1194777850725891 -1.746688438602576
-0.39084342897330254 -1.5754187408952118

-0.10237692931747738 -1.615678732638285
-0.10786130947017175 -1.5162064602623317
-0.3899221450824034 -1.773901849001867
-0.20897765284561212 -1.8556637905320774
-0.11707573134667393 -1.8751330115736484
-0.3372937670204302 -1.9321711954592093
-0.2551444893283542 -2.129707691675036
-0.28045605408462526 -2.2048559655803137
-0.11771941568967137 -2.276033302798506
-0.3270248645289059 -1.88409555106891

-0.17669471109678087 -2.0975397526378794
-0.2676817313493516 -1.7606418095731475
-0.33879243528255515 -1.8460952542435882
-0.24084802868240895 -1.5808225631412252
-0.39049286279876777 -2.189387517488343
-0.30415289507796284 -2.0391052197834383
-0.3810552569158831 -2.276459242285708
-0.17103604273932643 -2.0493228014454488
-0.1158198767149301 -2.1613559143104664
-0.2093201903019328 -1.777669915179802

-0.2854941288357369 -2.0304197760114318
-0.3661881426807258 -1.8536909878886856
-0.30317293751052937 -1.5652342640016397
-0.36253954871270605 -1.534793464694133
-0.1954307968330067 -2.057132625913537
-0.3166640575351234 -2.1831388491032153
-0.1675245860478031 -2.2464902756312077
-0.2657380267995192 -1.6748637950339564
-0.3515745772865484 -1.7440956809534822
-0.259483408038247 -1.7412958520193693

-0.30282997378242327 -2.217976732616256
-0.31883537374414156 -1.8715940110919276
-0.23904575101840309 -2.0320645260079346
-0.19912097507669319 -2.099903511426932
-0.3865184519518396 -1.77365594638851
-0.21387305144436733 -1.783182588019849
-0.34990894028264635 -1.5351137087454285
-0.2390456349328985 -1.658793386340946
-0.19064779667840712 -2.2014227466133836
-0.2555010400950255 -1.5395984290049949

-0.33835876349467703 -2.1555018853657155
-0.3362814003993298 -1.8548056199002254
-0.2818509444449832 -2.0274554770284
-0.13556222291335862 -2.1619929991585036
-0.25276565464354844 -2.2408665497509164
-0.3975625947947505 -2.2494328342083074
-0.2735137383281038 -1.5515658659234979
-0.37474975801939436 -1.7054183693102254
-0.3795101513096511 -1.9053810108320217
-0.19664896720212605 -2.2624452044021424

-0.37271931762085386 -2.265841617644686
-0.23369109515696712 -2.2529511408565304
-0.10384459602153034 -1.9235828904633197
-0.20951776473145256 -2.1059378863136904
-0.12730906003878056 -2.155501476332801
-0.10809508213011121 -1.9407054372800099
-0.3312814923342948 -1.6032198330124725
-0.23911537335456856 -1.8258270977428581
-0.25747286569142297 -1.8652996966901108
-0.3213196559789426 -2.113858112137827


0.11781105588367433 1.6236068288031273
0.17361139109775914 2.1325572934055845
0.22632486568935262 2.15951335448375
0.23765434931867263 1.7017349905450179
0.14309462647095217 2.072033229822818
0.16948816174557052 1.772780089421323
0.10274952707281715 1.775248353486235
0.2468115217758376 2.1808066674802875
0.16138572867306583 2.1896521748313593
0.2207419599689749 1.8259875120441762
