50 20 8

0 1
0 1
0 1
0 1
0 1
0 1
0 1
0 1
0 1
0 1
0 1
0 1
0 1
0 1
0 1
0 1
0 1
0 1
0 1
0 1
0 1
0 1
0 1
0 1
0 1
0 1
0 1
0 1
0 1
0 1
0 1
0 1
0 1
0 1
0 1
0 1
0 1
0 1
0 1
0 1
0 1
0 1
0 1
0 1
0 1
0 1
0 1
0 1
0 1
0 1

-0.10219416731851272 -2.3971874490624154
-0.26832641558172915 -2.8796708682558645
-0.20184207763618053 -2.776490761084122
-0.19951122420115266 -2.598174992916489
-0.19665790492574767 -2.484900945784575
-0.32068279239701925 -2.2451278377596693
-0.12840029698391336 -2.322491764161738
-0.25466330466049536 -2.293270448915366
-0.30819428413399225 -2.422684649867673
-0.27074541937526886 -2.6562521286298817
-0.1887540965803496 -2.667236760753415
-0.34586656100119106 -2.820404673037502
-0.273022232170244 -2.4686281232581
-0.2120256478005129 -2.9272275656081024
-0.3815775935387507 -2.712403884378955
-0.2218274626421901 -2.292678568733499
-0.24979395002567262 -2.4443286377039484
-0.2762693874403057 -2.6116929346282243
-0.29529938715533155 -2.4789318962994598
-0.3685463637496682 -2.5325961013440415

-0.30851774950128213 -2.4281550148622655
-0.35901644957104784 -2.6916524569246594
-0.14754100851315666 -2.860449674816264
-0.15686958684727328 -2.922040169242877
-0.1871274144935542 -2.9576167552898487
-0.34161491646714925 -2.8808349656653065
-0.22682358485493112 -2.9404121157527596
-0.2226954514310186 -2.928500751360066
-0.3606963299430254 -2.8708089766351677
-0.2950477974807548 -2.929936546926421
-0.36079105770828235 -2.9204475858481502
-0.170177184988901 -2.7651415684721137
-0.3127417691055526 -2.4379527788804487
-0.11052119717343689 -2.2944911296550736
-0.2629292298563214 -2.57349604751585
-0.21552050477836351 -2.5835915437776653
-0.23320073725455082 -2.367863940174079
-0.31539392065884553 -2.218344005203261
-0.32519933049543837 -2.9550362394988277
-0.12764486664037095 -2.534137071525365

-0.2843631305531927 -2.7252358581857905
-0.3476812914656151 -2.303430177797342
-0.16289856482528578 -2.4029145127516265
-0.12394356637872084 -2.7627095671618176
-0.2911341897487437 -2.6028326952324137
-0.36475291730893833 -2.799177086603351
-0.19858826347973324 -2.738092548321063
-0.2796790919891361 -2.65776818508708
-0.15231959475777226 -2.529338405107568
-0.29613141317739033 -2.9152624782978913
-0.2183075110507622 -2.926837144318844
-0.10436891156094569 -2.5183103188951916
-0.18021620056064602 -2.5198015714731525
-0.32958193730505425 -2.409243887365883
-0.3009584228635752 -2.3676667754184977
-0.12945015810205807 -2.2184548253173806
-0.3184282088523578 -2.8408910518052948
-0.31435790050313067 -2.890231015030174
-0.2960033250449372 -2.2414021844369576
-0.1478326407434155 -2.8017041755992613

-0.2053264044019885 -2.959771648329448
-0.129436295129155 -2.833623225483647
-0.308250501103479 -2.917524494791506
-0.2730758955509077 -2.230099896114683
-0.19330714329588014 -2.892660759412935
-0.1093799605929518 -2.6388364670738658
-0.3248406985791381 -2.8252409739640374
-0.36437663479250393 -2.5429516974846136
-0.30005174740132 -2.277043959984703
-0.36143284193509007 -2.627460307196152
-0.35322553551480396 -2.428155155743535
-0.17852871786054555 -2.936872938223404
-0.24011024062781938 -2.2491271416118708
-0.16789458822645098 -2.6920661217187742
-0.3001114965179026 -2.7851863423370173
-0.23155500041020094 -2.627607225010473
-0.20915395135716544 -2.9141244284859873
-0.23193247324941627 -2.5743712655752002
-0.13224004680491735 -2.4903686806755467
-0.24910040727260097 -2.7032751163087814

-0.35595109530193014 -2.4285825239600505
-0.2637260241938964 -2.2482879352155307
-0.21339647526902059 -2.2192825175977644
-0.30574244810919055 -2.7831863720376218
-0.3483835588558834 -2.206774096340115
-0.2872048821335716 -2.7759982030841
-0.3406513419573281 -2.8839313034404253
-0.16776839749622904 -2.550592573862357
-0.18268705130699667 -2.8271710510875065
-0.31075906635341066 -2.913752112217157
-0.2630509148588057 -2.6836304571006857
-0.2791561159314058 -2.8536696052322643
-0.1645061651096301 -2.384182330542196
-0.27528237277882656 -2.545305225412836
-0.17925954251072967 -2.962614358159021
-0.3304898357622269 -2.316243383859143
-0.3145510122055495 -2.4122940044764762
-0.3175031144607786 -2.9275350896911188
-0.1970608682041831 -2.599301547481658
-0.3347106170032002 -2.9150116938711697

-0.38064210919098135 -2.5842161328896665
-0.22869602248483487 -2.3477718837747172
-0.3709471254528539 -2.959854512257116
-0.1977607300112708 -2.2512717718894
-0.1676207378544466 -2.3204233911003644
-0.13307907551640158 -2.648022081251135
-0.13011643758751168 -2.551819747133407
-0.2083313017207387 -2.2818406425450397
-0.15347674168310108 -2.446365833532595
-0.11047018255893121 -2.6869753121806523
-0.15461343737722447 -2.570653652746026
-0.14821767333909963 -2.962559246546857
-0.1870861219787873 -2.5533498150008302
-0.36733193334711284 -2.595971062308737
-0.1515397825260405 -2.6613618716810765
-0.1712283283531552 -2.2301354090326893
-0.19141096821724476 -2.6553226818923386
-0.11542066957725716 -2.5290748261288485
-0.143455392650723 -2.623280199986948
-0.21346078850444392 -2.2596854388598335

-0.19332459271477997 -2.2096612283166692
-0.15488800197376035 -2.4113104234145646
-0.2878387082154968 -2.865377585820519
-0.15717581881078868 -2.2134452076276183
-0.30553700104756265 -2.8191007868285394
-0.1563772123286045 -2.348340298220612
-0.12821107709595658 -2.4076912116540963
-0.12159482767836483 -2.774703227329353
-0.2785511271541446 -2.6225568911545216
-0.17696727262773407 -2.5807934184935126
-0.17934529705758387 -2.540467821153922
-0.3228333273632911 -2.505599248192221
-0.2359578322567928 -2.3158575190240396
-0.3227860634193932 -2.8257394595812984
-0.31411854211880574 -2.9219814895496534
-0.26731951583405916 -2.4673583590215173
-0.3151905201397843 -2.274095060260139
-0.23100366441355324 -2.359162407019553
-0.3564770386440037 -2.3270606989085616
-0.12480234759748426 -2.7671205627564097

-0.32866115719267835 -2.9441347914032825
-0.33733054725056894 -2.294796283591282
-0.3704933567249919 -2.5751866135604935
-0.23072221655094396 -2.7274157495522897
-0.16295985958712536 -2.5765142971767094
-0.18570875276559023 -2.8240838937135564
-0.3068525195300627 -2.7792482253401642
-0.2812712514478254 -2.8339749040494784
-0.256920578536391 -2.277656784264723
-0.20457855114992793 -2.5120555509276636
-0.17982457675262953 -2.22264345931292
-0.12926598252800575 -2.860655826486798
-0.19097910905225235 -2.9128836400581344
-0.2802284891517381 -2.2919967171452136
-0.27202306448266234 -2.8235652484164495
-0.17408811715103578 -2.6078103769153653
-0.19411608723907767 -2.4915555397785956
-0.32290670835736135 -2.211644234972558
-0.2657312748096591 -2.4892493409537986
-0.3985292653091128 -2.2293612488405294

-0.31232684386193793 -2.601679404657659
-0.21296176519920132 -2.6484564215871282
-0.3744979934018509 -2.677397424693851
-0.20971700589964293 -2.6636068371860007
-0.3773173507577906 -2.2923366642334004
-0.2523613914066648 -2.522670949208505
-0.1687583992180036 -2.472560697952938
-0.17527937221033094 -2.264708591652005
-0.11065497745952535 -2.968157814615884
-0.15451913059944647 -2.66040742713672
-0.2803751945439561 -2.2082596462100432
-0.32851086475473035 -2.2602551155018746
-0.2606467814039687 -2.4064816224660377
-0.12183850575934818 -2.6997060990566304
-0.13172702575656958 -2.3791224642925854
-0.25728620214961745 -2.241693698154391
-0.1955561551240921 -2.4898359188837764
-0.37919079737245387 -2.7726069259056927
-0.1606651458109693 -2.5014093751303754
-0.16103004993442338 -2.572278757974179

-0.39230047737302554 -2.527986325955011
-0.14587681283155152 -2.6410611392199277
-0.28161531767512593 -2.6630483307362027
-0.20432045695893872 -2.6276693690635335
-0.16038820558242362 -2.3665294625720925
-0.17938849104556226 -2.8497888307768644
-0.2543670055500975 -2.7783762030221295
-0.12295537781593613 -2.4624463019744884
-0.258177086810495 -2.828707658059561
-0.3136232766620081 -2.883969202719595
-0.16376397627588485 -2.652664630207714
-0.18319180250991568 -2.414169075547341
-0.2863540462571248 -2.491492076795816
-0.1922562222282512 -2.740588624422442
-0.15137735301729457 -2.6043946454444677
-0.24804778908567698 -2.568161019281651
-0.3653071958013476 -2.2176559163952
-0.14958953911567163 -2.6158716808246107
-0.20832231444017313 -2.5775541086904177
-0.29191624221136997 -2.303029288574768

-0.3650900162823347 -2.9371429133540663
-0.254018186375578 -2.5196133569055412
-0.3156878207559084 -2.696143208345108
-0.12663988645167673 -2.592947192260167
-0.13396803950616304 -2.630382588623196
-0.22451252754928994 -2.9261271429226445
-0.15746055886083943 -2.3930493759009144
-0.2934486814222802 -2.703832709395275
-0.31319796839712716 -2.873063571296028
-0.18904963521780188 -2.8418300413051383
-0.2632805187980012 -2.4526780176433824
-0.31789456074210276 -2.5908021948419293
-0.29479187644750043 -2.7878001118090565
-0.1292127943882181 -2.5097723108554115
-0.2086320888801756 -2.831172007762749
-0.3407602590210566 -2.392992489407992
-0.31396462865191443 -2.368183346530896
-0.30356841453345007 -2.8959780633810768
-0.35765350636080784 -2.9402188591746774
-0.3049476055458593 -2.892289441548408

-0.10721662276107152 -2.727888649160714
-0.16819055711176856 -2.921839295457808
-0.3791544957939727 -2.77066569180378
-0.27905881438099067 -2.3499843215208966
-0.3107270414591451 -2.8697097378510525
-0.23297098196480814 -2.878132258357243
-0.21198770588667779 -2.3022253153694803
-0.37376552335704316 -2.7337966683186843
-0.3451808662732286 -2.6650847794177848
-0.3139303386515923 -2.5943232733860704
-0.2712212978447344 -2.7452431198066605
-0.3740553991142556 -2.9479663582507434
-0.1405274424130477 -2.348210620043776
-0.33488219477239684 -2.663931700904953
-0.1407195268160572 -2.718639008424103
-0.1347615157137651 -2.5942860607306186
-0.2481360941819184 -2.735999575604877
-0.3383559158831275 -2.3173426932006507
-0.13420514461774374 -2.213793550089636
-0.27381774647970325 -2.6788540612382894

-0.3501170183922335 -2.824539729102134
-0.10749630877833394 -2.8647741362386174
-0.14461982808685836 -2.6713974811079404
-0.1714349830383465 -2.533188732681915
-0.28606229292717655 -2.9266688046835654
-0.15739104598214596 -2.559641080534571
-0.3673948969164894 -2.5822262144025268
-0.3714310625595864 -2.743275138119873
-0.22517378867268412 -2.2729351418521313
-0.32921355352887366 -2.683593860389645
-0.3966417744860192 -2.4697874890143905
-0.16764589767529164 -2.5375920313353184
-0.24791685978031255 -2.784001176772927
-0.15594830864850162 -2.4763577156701815
-0.13367335273527853 -2.6805192756220952
-0.350381162847645 -2.9130127995222566
-0.20836364199380855 -2.2987983523110964
-0.2907244578782473 -2.5448192903055915
-0.28732533728537324 -2.6967732897174272
-0.15985989449091423 -2.2209818028827817

-0.23275987462545072 -2.5735845802152566
-0.33820013204972 -2.821928675723695
-0.11642310509175408 -2.4025806010385415
-0.20558168391829656 -2.884734538758543
-0.191592645364125 -2.574097117175615
-0.16521343929207646 -2.2528730186201935
-0.32539592352615726 -2.8035884205252355
-0.2081494594706822 -2.8774781118541566
-0.24145766136629318 -2.7777136175951567
-0.3422968602281637 -2.2117630156315964
-0.19871004155543245 -2.6187704198620496
-0.31156650762106314 -2.2693692802492444
-0.20554300321619154 -2.8587313119526954
-0.2903777579597622 -2.6698051038665227
-0.2921257046367796 -2.7077265543116127
-0.29984127628501567 -2.279277838560743
-0.3086041889407612 -2.850597389189184
-0.36230617665530007 -2.6292194790116836
-0.20241902793068536 -2.942813949777127
-0.1156892325028126 -2.5949412117288575

-0.3656331977609218 -2.7678461520871647
-0.3478046130325362 -2.335619401107211
-0.16683312893924163 -2.4971632403631334
-0.1817466934990563 -2.3856117197945608
-0.1924937146841041 -2.3090500241404777
-0.23182781568408234 -2.65283694094456
-0.20016747170226382 -2.7469116537783096
-0.1945902877563768 -2.9663830679550376
-0.2744257013241602 -2.3915555680220217
-0.12644792872894894 -2.7473693623507938
-0.13142285977986862 -2.747251776179055
-0.35365991346142484 -2.567981954889371
-0.18019128772156504 -2.792629117612862
-0.39516651046483975 -2.3475712974452887
-0.20289102244287505 -2.806533173075007
-0.34916631917317076 -2.6023618631174648
-0.29404360621638165 -2.2861014822767016
-0.36442781812755415 -2.303814396022383
-0.28377369811275815 -2.76199169754669
-0.3682309602285287 -2.418227758788147

-0.3400865399597533 -2.4452196899224936
-0.11835213106463832 -2.6593298489774595
-0.1284022763471261 -2.4333710897705334
-0.395026993553056 -2.631615227927739
-0.16342473701855964 -2.6002440210721427
-0.19832778463315667 -2.663477404960054
-0.2913275610640798 -2.933127942770002
-0.3630144677265069 -2.4708734923739453
-0.33067085851447076 -2.6995714566266367
-0.23181956821065192 -2.246930348621894
-0.3050700995443069 -2.4306864699625277
-0.34170834277236545 -2.3054101051171196
-0.1658913995596324 -2.8399231489982903
-0.22714320299656007 -2.7846388898012044
-0.16558379851841257 -2.2075100144806568
-0.17116846972764468 -2.582416478772084
-0.15692639189726157 -2.3740849078339434
-0.19972252806316299 -2.8453917240666753
-0.3161012384502147 -2.523600746366357
-0.23728575399059437 -2.2554973603688815

-0.3023308829049564 -2.3737926944096697
-0.17793523383167273 -2.56479169825301
-0.19303788684068388 -2.790738803517139
-0.3369526334363316 -2.8080873218154707
-0.1849440289009065 -2.5823724814510784
-0.20900020792724103 -2.7461731475492845
-0.3177703929552217 -2.4447284439386774
-0.15825966622430293 -2.721138886740686
-0.21573672681020792 -2.7224703075402146
-0.3987238303671353 -2.9545173986139455
-0.39776987292942556 -2.6019623202600095
-0.13437840992952743 -2.884254738989799
-0.12512791626957231 -2.746494446120807
-0.3511951959919637 -2.572326144732358
-0.11982843475787863 -2.9016785096261906
-0.21099213498517594 -2.2950082944638472
-0.2765601636969624 -2.289151448336313
-0.12880680070853073 -2.6704526988968156
-0.20778224395385844 -2.5520353755633987
-0.10241324954447872 -2.899889920782497

-0.2718038325741845 -2.3282881726444264
-0.25601552671249733 -2.4871831177927315
-0.19661319756615148 -2.736873338785448
-0.1739517247630733 -2.734726465215945
-0.15711047419253293 -2.3705667727936017
-0.1708528370287446 -2.247035836607647
-0.1642254922848163 -2.3770247684510917
-0.30941282115604896 -2.8946931518330703
-0.22726951689937422 -2.4238344345388896
-0.19303173634531356 -2.458591561954952
-0.15614825623696107 -2.8270262763098435
-0.27637346077439595 -2.302383810039929
-0.33554867225316987 -2.3611492746881835
-0.38455410618495256 -2.3401916290362927
-0.26094603869247834 -2.553394474484709
-0.3833625605557043 -2.9228608170208026
-0.3115311279314243 -2.6204933749643042
-0.31226537150041467 -2.5556909449627634
-0.15563297362027217 -2.8600631735656346
-0.2042896256888373 -2.7581354743488844

-0.3490900952012648 -2.2606980204399765
-0.15512916593743067 -2.8634894456653672
-0.33700440220545336 -2.498374088409023
-0.15435534475280968 -2.706315227363023
-0.3916136512740122 -2.8933628552702815
-0.32551833551957443 -2.769355303616474
-0.30715414296402765 -2.770457812308046
-0.14955575333035254 -2.3003053306942913
-0.3269492808926376 -2.9057572803216916
-0.3739417194826382 -2.665651670435142
-0.2692180299598471 -2.54084190343916
-0.3903581310805592 -2.832975157397918
-0.3638926631999302 -2.3826086539256512
-0.29816415308614796 -2.875870825543777
-0.1637850601962524 -2.4511646156741715
-0.30753349449555745 -2.346006025671607
-0.39579274740472076 -2.6324695793579527
-0.11295503566699056 -2.452315739633857
-0.2823817842349264 -2.451701490009966
-0.3453755013787126 -2.9674077347476224

-0.16913512731872732 -2.7753285190749857
-0.26062991665033136 -2.512891470034319
-0.1225572311763059 -2.833576564253622
-0.2150877745390598 -2.7819152602777906
-0.3751692355608618 -2.2246690885861202
-0.2741624904428641 -2.926557657763275
-0.1662213844491443 -2.2205844370621195
-0.15288018281254928 -2.7736408780485453
-0.21298583963295678 -2.8145259941936116
-0.23841519451791454 -2.6710457922863284
-0.21306911078282073 -2.4594034010273167
-0.15546472958452753 -2.477245112853355
-0.31523227452391644 -2.4458354307556025
-0.15481818031986336 -2.7519823648772035
-0.11528574879025 -2.272862936700117
-0.3372024896182324 -2.797210629615547
-0.33611838728117727 -2.711667177068613
-0.11248401537413638 -2.8174753587956953
-0.12081591016712917 -2.4295230452025582
-0.34901277413765247 -2.3606794868809673

-0.11888912482545855 -2.8031936097526584
-0.20046865308726164 -2.4722518147450057
-0.20578662961748279 -2.8727570211014535
-0.38920934569650273 -2.510833650521251
-0.1448454513859892 -2.87189088215318
-0.20254535196846707 -2.463786515602875
-0.1496537738747532 -2.2692307670186973
-0.20444331947109318 -2.4478796374678615
-0.17680779410421094 -2.9300325449454694
-0.11370293147900012 -2.480718097544253
-0.18519676722064135 -2.9125706619276595
-0.1121103250463748 -2.7202462104081673
-0.3042498818745789 -2.7477272758487707
-0.19125269923666186 -2.3834937436089896
-0.24347778932179379 -2.2188452455112975
-0.10240464412872058 -2.8721564596792484
-0.39124494375191154 -2.7582295521257447
-0.31231018273859046 -2.367774343724383
-0.2496036409284177 -2.5467216265346657
-0.28258377421180836 -2.4103142095542864

-0.256082229440858 -2.9479385745777282
-0.2697480792444005 -2.2569297083971174
-0.32441044326650004 -2.5968577208283783
-0.3615549119825809 -2.657965616463157
-0.3312450420067141 -2.4519565951307634
-0.26681386490944653 -2.8356462719769646
-0.22846575158989788 -2.525277316982127
-0.28058646185901504 -2.4329925408979465
-0.268678501100751 -2.4857220118555436
-0.3892638636421106 -2.2695406651578587
-0.1599847591637475 -2.5948768701852614
-0.26985096059263625 -2.8336366173382204
-0.20019045414181325 -2.529498002765423
-0.3026494752971574 -2.8085633965057375
-0.33571641622476656 -2.467296155899232
-0.323465530659239 -2.3035932055074757
-0.1303307023430036 -2.2107633695661555
-0.25339297802782956 -2.269362887102757
-0.3280289577172199 -2.6171800971062726
-0.3063708110449788 -2.919805032486164

-0.3006529596849978 -2.480353145210022
-0.24013548292749579 -2.2209676703436787
-0.38494466477907757 -2.259609136565865
-0.11143742953287927 -2.313434069021299
-0.3129641516590777 -2.5175679996631137
-0.2863661144396566 -2.3668791755940606
-0.12083553757623683 -2.7528132970591748
-0.25524852201423565 -2.6680202328692806
-0.3707558780144631 -2.22690661946559
-0.2753573599767614 -2.5502282132258283
-0.359164422110441 -2.2714251060012187
-0.29276303696622047 -2.7068860785407076
-0.3155846501737555 -2.7101219878637934
-0.35866153393942796 -2.912352070436159
-0.3953553868843152 -2.625046076138181
-0.37429020377233674 -2.391196899535062
-0.1669684238105576 -2.240616392690831
-0.3496928770933455 -2.92397611678651
-0.37492760105809875 -2.9516702800351555
-0.2929378696592105 -2.227653049942994

-0.1592781092065456 -2.4840496475071703
-0.11761760163669532 -2.466473793771411
-0.35054324800977776 -2.455226801914754
-0.22915593913915078 -2.4017771789931905
-0.3536011961047474 -2.794704679204134
-0.22500843444920632 -2.474098066857496
-0.25317518454843735 -2.236165599667575
-0.1897137743205037 -2.567410910005539
-0.17879989904428098 -2.268584263535903
-0.1351398523836979 -2.5724606910604386
-0.3791430726707188 -2.541790603985041
-0.25218517187796663 -2.3274263593957105
-0.20519121696416168 -2.6178100179054367
-0.2893303119329406 -2.6279540940940667
-0.17119218210186085 -2.809869222596184
-0.14752308030234246 -2.3147860073460085
-0.1366164902983052 -2.25736237060019
-0.3133556460901522 -2.9424002389523953
-0.22249410789818339 -2.7190602734553853
-0.39580291856272076 -2.7585687573984967

-0.19326828768494272 -2.605272656185151
-0.35030167629771425 -2.598321172023092
-0.15655567658659947 -2.845827224701241
-0.25791551539665436 -2.4571496461423687
-0.38887308419000194 -2.7305268794167032
-0.29921867651684836 -2.9392248936482415
-0.2952820503039913 -2.9143752939955054
-0.3291974059471222 -2.347516488565112
-0.28420488345840156 -2.5654219765588424
-0.3764246837589219 -2.4128663855472845
-0.33248077420146854 -2.497155628497145
-0.2502462187331589 -2.48936275178836
-0.35762361781212026 -2.730926433783072
-0.38484017880057725 -2.746548223626388
-0.22041770106423048 -2.3571116092533444
-0.26385612176747375 -2.705216975460246
-0.14013653785505192 -2.9559656728120727
-0.15979383056365937 -2.420949738381144
-0.23652334241339704 -2.624640747847553
-0.20520699092554845 -2.6398065567567444

-0.23106804481896595 -2.783812448717402
-0.2363663550640179 -2.3122950036501555
-0.3891732922007083 -2.654999902867291
-0.3699050451726239 -2.7167960699012057
-0.15573659567380413 -2.753908245072935
-0.2591228375493668 -2.75337808273173
-0.27682959363418064 -2.7619688947349603
-0.3992898572168796 -2.2054389970965134
-0.28260458377232384 -2.2752694088806305
-0.17305186213206072 -2.4802932141050307
-0.34046393226285326 -2.9045468067957945
-0.2188465240931453 -2.4052562589227193
-0.3576664354321516 -2.9163357283465103
-0.205462785605199 -2.9496910884550647
-0.33286668803190694 -2.691803243579792
-0.3438444840492202 -2.950746225566367
-0.304752396057443 -2.263097987985382
-0.14503177081261048 -2.3574169440601747
-0.1030480015897301 -2.4718488240330987
-0.3628296122519969 -2.4402345811300314

-0.2621190145661645 -2.504796360865607
-0.19814840532491407 -2.9229240224378845
-0.12898357670765914 -2.6788097799188
-0.2497135804512306 -2.677404923266064
-0.16115602885780986 -2.2484391667647605
-0.3982471580532707 -2.470954583024349
-0.18459907744230114 -2.8715324807415015
-0.36104635750460784 -2.584909437893673
-0.11092292821468835 -2.782178501971195
-0.32397329162938854 -2.284399130232817
-0.3346825335706599 -2.342116532953378
-0.316335189832188 -2.3821338419101052
-0.20873464964206978 -2.6186169046971526
-0.1870384215963973 -2.5874737027646306
-0.2682724031648074 -2.6392359384163475
-0.30745308661780535 -2.9426682463688993
-0.31304397880340973 -2.6489794882276225
-0.11596793205017825 -2.486842458955615
-0.12186759486565663 -2.531782600142728
-0.3746478363964696 -2.9100648372081417

-0.29190001602468263 -2.339256424508006
-0.27715055702305763 -2.5861102279594252
-0.2945431341689086 -2.5010842649504372
-0.36844269387552325 -2.5913811150149106
-0.1299251037432742 -2.539642354769594
-0.25322389760311875 -2.2719855500982784
-0.24825763472279222 -2.350368833192964
-0.13815329022151773 -2.4417907208951015
-0.2509685014467138 -2.9628926721866895
-0.15832133034538037 -2.2923122976264247
-0.1326492242337483 -2.268102674714814
-0.38594049978550354 -2.41026975652212
-0.2862851606678242 -2.8562251188186836
-0.2799845434862803 -2.7897934809395823
-0.2759546627809219 -2.5679003291416382
-0.33084790236535866 -2.9657046695680815
-0.33370964601113184 -2.6324533065581868
-0.3674504186025335 -2.359861842580365
-0.25447268411209545 -2.7225973595363233
-0.17687535339345464 -2.245429583043004

-0.18070128942693725 -2.431063639709582
-0.2519767351336957 -2.9506388836221404
-0.33791485872642546 -2.44958427816002
-0.3561647211802837 -2.480851674459257
-0.21869733176314113 -2.8064593622768625
-0.38723358158942944 -2.4707494423564844
-0.337920113340186 -2.8346207479608037
-0.38042487373823364 -2.5709931350046493
-0.2052833038248455 -2.516507729387332
-0.10845486704929541 -2.423799408101017
-0.3927101651174067 -2.4246944174145058
-0.19074810592788324 -2.5501742691648395
-0.20405700313335096 -2.9109190456758496
-0.3532534898057559 -2.648566317389595
-0.1815877132896593 -2.6453589963190454
-0.32088545325223483 -2.7739672017697976
-0.34146674282493905 -2.626912656450182
-0.38633620764923127 -2.9008427320716113
-0.24398502771939884 -2.434339219887251
-0.3697578142481617 -2.9068874469160475

-0.37997868417301395 -2.851199389829845
-0.11249315852998248 -2.6360369914835013
-0.3557724377512186 -2.872921178344838
-0.3058255606359187 -2.458842745432217
-0.3331358397077445 -2.665293998132685
-0.12770904347684464 -2.5615662908711103
-0.284278584164989 -2.2239758256273676
-0.3241017632312906 -2.3159840166401535
-0.19353791099141543 -2.3211620879032817
-0.3247424200565507 -2.7719790821558834
-0.1346134367451634 -2.390308846731435
-0.21307310363102944 -2.213577294192815
-0.3175029953950742 -2.862152391652105
-0.3072836701135767 -2.8271401995948966
-0.23328953035235095 -2.5931843616392296
-0.37510286559988837 -2.2733713735041525
-0.20414073832535626 -2.287506798234411
-0.3592631350062223 -2.523764876986699
-0.3039798698540368 -2.4632342976249144
-0.20429159839753352 -2.256957437288794

-0.12086325797648823 -2.439156279099164
-0.38354066510762364 -2.873723500390539
-0.30408369066732566 -2.954446750970968
-0.38913879899844545 -2.518021139543974
-0.10496494088824138 -2.346835343127592
-0.17899213206239256 -2.5489929436782024
-0.20792096278209757 -2.810725427596712
-0.31772769335047074 -2.417233183591029
-0.33658082724172034 -2.5708241772938614
-0.2656173157704078 -2.885991154960711
-0.3054484118648736 -2.4995220302018355
-0.14849517533039386 -2.4013698001000847
-0.2909259289293714 -2.8915911447231006
-0.27911766918097347 -2.7616798670582194
-0.19198210087163992 -2.7223806156317147
-0.21379114786608636 -2.343184754119008
-0.20494168320154904 -2.824896868736521
-0.35593947629996237 -2.8321096527467366
-0.2914902990346388 -2.9109921660237266
-0.34211532088765195 -2.804903328743206

-0.3685272603418897 -2.6386678216414827
-0.19413493206678115 -2.280341104601794
-0.1181962040492015 -2.7757710295770437
-0.12355548170593544 -2.6320262513040813
-0.24424868931473379 -2.955413785781394
-0.22183845310293265 -2.552039615662629
-0.17248811833882335 -2.9291496537229817
-0.2371291699834176 -2.4383800197010785
-0.16946669757060934 -2.6907655247210114
-0.31374216927508264 -2.936670480771674
-0.37657264167446797 -2.9177605777674147
-0.2862622409048698 -2.9568380745364236
-0.3536147486737834 -2.3127502523568193
-0.12545306146361607 -2.6973976940013817
-0.22774125292793962 -2.4997769805055983
-0.175376533624561 -2.7608363725769203
-0.39245003920129234 -2.7475784183207392
-0.21997119583804695 -2.7405459374250625
-0.19756366260084296 -2.5916432231411757
-0.13910639365278654 -2.5598417976728722

-0.3796551857435333 -2.9515531777495063
-0.23149684272212487 -2.6963686321253
-0.10193537852139922 -2.5819373313938265
-0.17509259445245368 -2.777022035758726
-0.20636299308934727 -2.21583485295712
-0.15662772052003482 -2.9253600653612057
-0.22510468959754962 -2.3346345433586335
-0.13601057950738854 -2.247612280021558
-0.3064138734289649 -2.542624432012843
-0.23659088678962448 -2.630879540761075
-0.1995190437308575 -2.8972201358124496
-0.19917972665584716 -2.689826319359589
-0.39922778901362976 -2.3279126048873056
-0.17050848426716386 -2.3086950072474366
-0.24747415327826192 -2.248501497051989
-0.2724239217330949 -2.57063793742365
-0.2960103190665428 -2.568547320083522
-0.2447283041493777 -2.7750446592005087
-0.21770899050189815 -2.3806732917978923
-0.1656847526109673 -2.6162058799977554

-0.20059949716707565 -2.509602677525982
-0.18992178604084314 -2.2832139317478353
-0.336150618013966 -2.9680086915233455
-0.31722575306615475 -2.5092641553986903
-0.2713601437557345 -2.3548713200936886
-0.30870750048011797 -2.712969694167376
-0.20949863591915976 -2.5142410668205004
-0.2864452488350121 -2.5621740007859333
-0.3919883109085337 -2.694579822641202
-0.24238848173459304 -2.4331727471610187
-0.21271140651677659 -2.967323905829512
-0.20149740982902162 -2.648947338918438
-0.1791928066249267 -2.604827096762326
-0.39453158933501303 -2.6371600782395377
-0.24837041909108293 -2.912948717209614
-0.29895167204409023 -2.2797563195529804
-0.2472627078826522 -2.2101335844040366
-0.20900751677421392 -2.4723657634406444
-0.3899056109462446 -2.411340330497951
-0.14452162766529564 -2.948104146403944

-0.2763719137863294 -2.66735160535946
-0.13240377601024123 -2.485215905904387
-0.20576435375986063 -2.356226305808261
-0.24632947000391936 -2.405415571646044
-0.1864094304914687 -2.967900011680648
-0.3628084797989481 -2.8359673244590065
-0.23516570755530555 -2.642095487366797
-0.37177103916186305 -2.9331859866368064
-0.22814038677654383 -2.4347040515713068
-0.2476151408895888 -2.3465338583421804
-0.30580219262858066 -2.7367799764132386
-0.2562921932206693 -2.4540707729467326
-0.14131472353089397 -2.9394831457141914
-0.23539784579149564 -2.5872307323910295
-0.3756727847465299 -2.5008342923691025
-0.217581501300805 -2.8969952129879704
-0.2048595859290242 -2.87769362426308
-0.1429586629484622 -2.5512895189963563
-0.328615232756467 -2.3924483367729033
-0.24838744093688125 -2.355880799468171

-0.11592031799662661 -2.926406309860378
-0.13426123955176522 -2.313392646931403
-0.11159258208371875 -2.8160940710722953
-0.154711133198614 -2.4043450717384727
-0.18916132322590068 -2.5460254929791217
-0.13197801334128317 -2.3881653464662334
-0.23646158683084142 -2.3355834628276315
-0.3767353823442068 -2.270496564967104
-0.3932279784734766 -2.946039303672783
-0.11585325927901036 -2.569940188120757
-0.2337937359568461 -2.530113549115435
-0.18824770014390566 -2.3976033395921066
-0.2229884445313272 -2.225725600817534
-0.24636462720069222 -2.5149357711347458
-0.3139074995514314 -2.437427909045836
-0.3775695041351831 -2.288530334920308
-0.2627307602824343 -2.6699885349799386
-0.3953456752430857 -2.486007342863591
-0.25780003032047993 -2.291081967574157
-0.2789905350179313 -2.768166922990573

-0.3579848103021043 -2.9597329383356437
-0.39780932873387653 -2.4237358760287826
-0.14997131471393566 -2.56444883040841
-0.33020784461371533 -2.571943923953058
-0.3532620283721231 -2.9346007746682092
-0.37309105288843797 -2.7693958111134824
-0.17097724401528674 -2.5920735911560073
-0.3006744131004928 -2.7764633154332183
-0.29803540730585365 -2.412305838733995
-0.17211528525717848 -2.4453921309054425
-0.26994526336997804 -2.520004317465855
-0.26834382767097986 -2.6316485053755323
-0.31665088583616174 -2.5201043235424647
-0.23203169595850553 -2.3324765063142863
-0.2536343045342487 -2.581482848705504
-0.11481024078070834 -2.7886110671750384
-0.1812070796122577 -2.27666943873853
-0.1673459723988596 -2.749008569965502
-0.3198659437342278 -2.8452906079121227
-0.25732597824760806 -2.447012481896794

-0.2684781064790963 -2.8719821016965
-0.10009565384673974 -2.955045675707966
-0.10874145968303234 -2.378999496190283
-0.14686390109899972 -2.9696799765413067
-0.10458528344833962 -2.5560502287269813
-0.3237178334882478 -2.877550581275785
-0.1789658390124154 -2.6882971018220236
-0.21736028135106333 -2.70605547471499
-0.20385175372673942 -2.6260454974193568
-0.25169348246183926 -2.363720012643215
-0.3009248653199096 -2.700040141397535
-0.25497345674541294 -2.5689828337193736
-0.17054008408346977 -2.595399960857021
-0.2863722710120291 -2.899455547569114
-0.17543769017429994 -2.520698037056696
-0.3191105499468371 -2.7103984491674744
-0.3325158888541509 -2.658061280790829
-0.2903927199951185 -2.6918957643498844
-0.2199445697738956 -2.2549258298438777
-0.16384207288480965 -2.6999797282665003

-0.1822910144379303 -2.898114879937301
-0.2038848833132263 -2.55225537259097
-0.11467484186009086 -2.538198146025228
-0.2917204738732419 -2.7477111560903675
-0.3178981025172328 -2.801447626043306
-0.18712107140842632 -2.4736249495491887
-0.2950003327933219 -2.800353719756492
-0.39427067469041693 -2.605737960666422
-0.21582986599776324 -2.254222825497192
-0.22623847262873342 -2.4259832884970107
-0.13172183373113616 -2.311801077201098
-0.10310650449391484 -2.729468130341774
-0.3363449116258916 -2.968024753727895
-0.1326316860350636 -2.620419935864155
-0.2770798436735594 -2.967153079696503
-0.3631478633156265 -2.341503553257428
-0.3156171139369434 -2.2229617672395525
-0.19304037768931478 -2.684621000968384
-0.2966216091753309 -2.7368359214562767
-0.11573631663099598 -2.414571055539917

-0.1053458919331825 -2.521369613247975
-0.13712506287594362 -2.353568050218488
-0.12873959977399368 -2.5600119837369886
-0.2843986229631104 -2.59423990758111
-0.3398212307713396 -2.2944903335426927
-0.14052291313745413 -2.6199275919726612
-0.24367739459164045 -2.8770625699452115
-0.1807009675860171 -2.9635194094803463
-0.2522786322174009 -2.2043786640007306
-0.1777773277402367 -2.633133633008801
-0.3947958248082047 -2.692383437000301
-0.2850595805508137 -2.452364865627374
-0.17685411813554888 -2.8366640469379276
-0.30932905550205764 -2.7534953763865047
-0.2678592444245577 -2.442558596384587
-0.10956605981192236 -2.6182536216012386
-0.20892201724816442 -2.3475448635153544
-0.2025831354453551 -2.573216387400089
-0.19351161408307055 -2.626632961317335
-0.2944346941349191 -2.2777279947186564

-0.2921129241271402 -2.6025535768185963
-0.11903890954761764 -2.688548616217358
-0.12011262121933425 -2.8840808425779896
-0.37128604933270914 -2.3051890124836807
-0.34292069711901074 -2.6526258458267415
-0.18572991454487425 -2.4492819401778125
-0.3029553954305216 -2.527172469156522
-0.16950269017710878 -2.951316362250414
-0.2926521832180817 -2.477341183804799
-0.23374234408315944 -2.952041289745982
-0.30312589743578977 -2.8707203469416274
-0.3902400008093098 -2.620871407444148
-0.14758662566258757 -2.2325748863323547
-0.18781424206552255 -2.2858931119134995
-0.3606655999080772 -2.8073412492505945
-0.11410460511655901 -2.8068178724725863
-0.35632888096635623 -2.89570837091026
-0.219782766093053 -2.9693875797246774
-0.25983214693641854 -2.400406872572375
-0.15982523697186016 -2.937196539840422

-0.3732972682238114 -2.796681480481033
-0.18380390359013482 -2.779931865125099
-0.1969342262467032 -2.770568476998811
-0.23316100398874676 -2.493086050366222
-0.14822797996021464 -2.265786057439861
-0.3005145965040312 -2.4181999732116797
-0.19814374487468392 -2.209467200030721
-0.16032772035468615 -2.9005945591336104
-0.3742833625469534 -2.585270839027323
-0.12871249340082946 -2.5208563793238583
-0.238546667966475 -2.9328049608057976
-0.12753836652213985 -2.9382649934220253
-0.1356058597278989 -2.8380876549984833
-0.1116424764936978 -2.2396145733087103
-0.2804770352820732 -2.5873679920674686
-0.3125479133429513 -2.6952651093353337
-0.30697892881255506 -2.3293407068430048
-0.32050031228872056 -2.348559896178567
-0.32956856530452683 -2.9664052504993554
-0.28157690887342296 -2.781670171663887

-0.30921952050601464 -2.5485863520312115
-0.3984254409127542 -2.47297778579878
-0.12162227382210422 -2.8925280464941574
-0.32188639209601344 -2.3172994821825132
-0.20032844043122977 -2.3485994069742295
-0.24368723752680965 -2.7018189515622337
-0.20331894680890367 -2.673240346970734
-0.12523874863189827 -2.9518280640652432
-0.25712601418173486 -2.935464012556578
-0.2958920937506556 -2.4307273492016486
-0.3952206885278004 -2.54878006026587
-0.3802941472210773 -2.2794081057325997
-0.10100872109917713 -2.511016822453694
-0.3191597954251191 -2.634827106120177
-0.2646428402609723 -2.3069436354608546
-0.38207608035056884 -2.4969550068605013
-0.27603932506546625 -2.4001955793867524
-0.2042085155495912 -2.3163411982091135
-0.34968396624981407 -2.44397605541134
-0.2930546122530829 -2.953524504639023

-0.30625758084724986 -2.348609345772617
-0.3777314694298041 -2.5396504561612376
-0.24613645201297818 -2.6970100005654776
-0.3930705518646606 -2.260975475232355
-0.3450452847657105 -2.527060588759407
-0.15980530085678357 -2.405348603618019
-0.11529318149832962 -2.5172867281571443
-0.26708740110745066 -2.4119047206136517
-0.15828051139758928 -2.72171099023938
-0.2534197853851935 -2.928675243072119
-0.2728225654378146 -2.4948124668375096
-0.19347423357087465 -2.6821073256407284
-0.1832553046133911 -2.472525464278874
-0.299991429577616 -2.4498691168139146
-0.17988571112224494 -2.48326622114756
-0.349637328851611 -2.6384547268672263
-0.1684990379109595 -2.4173232880267794
-0.21194600528997784 -2.5997118773838173
-0.17862972595863902 -2.6168923105736006
-0.20943926633170926 -2.67492840388446

-0.1082988551188378 -2.490335984298877
-0.39550399054697155 -2.9172705639541907
-0.3348010873834738 -2.7080971591969774
-0.33655189941033703 -2.4622295510165717
-0.3241113072238222 -2.4445256367932577
-0.16362682231753045 -2.6230816696631925
-0.2541310423284135 -2.2954223912433354
-0.24295537554184674 -2.368277564914223
-0.10002550622637879 -2.643207412445939
-0.1390298784448401 -2.4908989256769196
-0.3903132922906434 -2.317233556387872
-0.32832867792577264 -2.4603850565364502
-0.22873092197338768 -2.6548078159153334
-0.17182908944970857 -2.7363590696653453
-0.19340215964805005 -2.7211977097598767
-0.35879661892474213 -2.5090552265710175
-0.15090091159753186 -2.5698022079981007
-0.21309344643775383 -2.292945021124
-0.3995699966608686 -2.2476232660694637
-0.3374747426219146 -2.792139190384648

-0.2421119212659956 -2.753235710228176
-0.38344003994242004 -2.357218522756992
-0.20256837210320663 -2.7452132823605004
-0.3578334652054223 -2.2951679767053608
-0.30640999414694287 -2.570937099510267
-0.16537977553607353 -2.8851798935252946
-0.36664621028736283 -2.647225076743245
-0.19243573414472853 -2.2809893797053364
-0.39446165624285084 -2.7863959722957636
-0.32506928460723794 -2.2065939477599934
-0.21198361918861774 -2.748687071976322
-0.10433914381837472 -2.414355453987639
-0.32313669845092435 -2.6238519090220107
-0.33723937181107705 -2.218683476894089
-0.11587505127133435 -2.224987469697483
-0.3738513604989463 -2.348742669909715
-0.2824773282973963 -2.567870745872826
-0.3762828640058685 -2.751615159177174
-0.22608925929061294 -2.8431555502468675
-0.19907701982896478 -2.4640945295363244

-0.21910539127560988 -2.3920746852039416
-0.1669827877093141 -2.462928650456456
-0.29652120767297124 -2.600353998697906
-0.3192918443832821 -2.4395695245038187
-0.3328620140548749 -2.701512353277705
-0.20865358986661475 -2.714050426663262
-0.10631919908284959 -2.6789179945142
-0.30063003314709497 -2.2668922265872
-0.1975440072284663 -2.7928003725651656
-0.3162382341454505 -2.7106567252851854
-0.36684327290394847 -2.6191257258557705
-0.39125553803156776 -2.371401583219937
-0.113822360534718 -2.869497634602052
-0.3581461327131733 -2.2590658538281523
-0.3452470301986815 -2.9585676714957025
-0.20444211412036525 -2.2620919011110514
-0.2834560481837059 -2.9438644421096605
-0.3252989773481213 -2.438814190752733
-0.18487900820999653 -2.3324581417245396
-0.13913639695674124 -2.492458245754584

-0.36579562748875666 -2.965592844140889
-0.30136216503825186 -2.9036982100762785
-0.1336881430828612 -2.2519002386373645
-0.19154348924956416 -2.5944667733171842
-0.39499799402172137 -2.698543328023336
-0.3780610743630127 -2.220903425593869
-0.16356080213974258 -2.7131542542401417
-0.30560589351585177 -2.896177742193474
-0.2413218337843792 -2.2302563111826963
-0.3005936027980428 -2.625667923007727
-0.3550500914467897 -2.85038990392047
-0.3517072458453204 -2.6127218792109645
-0.3527600026576417 -2.3464209620177523
-0.1401674622887491 -2.7940461802386176
-0.3540668663252656 -2.2975748769409177
-0.38825204043256184 -2.442074178218924
-0.33489697182579514 -2.482677780434438
-0.3345386841576844 -2.9527752183477904
-0.26637310960278093 -2.63571705822305
-0.2557616697619829 -2.2293913761185022

-0.11215946490686202 -2.279326713949354
-0.16108616197134437 -2.7905599066223132
-0.39660279043668195 -2.6286109344017627
-0.33376704694320175 -2.7205483932879146
-0.11973657011821903 -2.959469673885505
-0.10198978732536862 -2.3689983130844916
-0.3218816499007508 -2.4638227508736668
-0.3679145914243301 -2.6630341595392477
-0.3549017073137598 -2.399171235145605
-0.10893545342198796 -2.331028820755621
-0.1861446046445442 -2.841669408557423
-0.362182683841029 -2.512335825408741
-0.1949362157705001 -2.669026162688205
-0.2011144469808709 -2.662405752850121
-0.3835614165161079 -2.726481466894938
-0.22334782971301112 -2.799516850243964
-0.36108625005378564 -2.820446275340698
-0.1749221457821886 -2.3400924578225557
-0.3203171403291019 -2.5012757866954125
-0.1249741338538945 -2.760757434644593

-0.3794991468591843 -2.583881080264769
-0.2949390673371682 -2.3768220617247104
-0.18674734416773536 -2.695934244549301
-0.3117720847063862 -2.6295589945993068
-0.21108272609618992 -2.6842525892443536
-0.39647192156889266 -2.4984092405227756
-0.30926370792089986 -2.752140500410412
-0.2226199196118702 -2.685756184612377
-0.3717509021519546 -2.3144875511626393
-0.11045470296302545 -2.647079812177644
-0.21094596537393343 -2.8759151623959047
-0.17022194803628396 -2.5643107815926647
-0.3146083577694841 -2.968525844201106
-0.35627131381009347 -2.4420249540488013
-0.2074648083494601 -2.865162702234779
-0.2583424491099823 -2.625424184462256
-0.19888683021545286 -2.2539978597689134
-0.29531046098537855 -2.365364250709128
-0.27841295254344045 -2.2421701022044096
-0.36194406131154155 -2.8249141405927873


0.13574020684119947 1.8645432407596592
0.17941728759997383 1.6640975960109194
0.1148431767044393 1.6410800672184456
0.17041756261407526 1.7812146488342724
0.10970591523081526 1.5404249564259855
0.23858723400695975 1.63912883845368
0.20075703033925318 1.8062165026904724
0.17339047714115527 1.5906999733040807
0.15545791900236464 1.6470570904604978
0.11360587849670445 1.785448398126981
0.12406446565088616 1.7706234051177185
0.1241394288734987 1.7345234448147608
0.08260790733724171 2.2996159306154476
0.07898150659680239 1.6754610767822615
0.22394376485280487 2.070191805567092
0.21624171494417788 1.9779702834143538
0.17212575615222564 1.7412521019472194
0.20678085926174167 1.7179150568880797
0.20587840433209853 2.189078845462659
0.13376348878312327 1.668287640791044
