50 20 8

0 1
0 1
0 1
0 1
0 1
0 1
0 1
0 1
0 1
0 1
0 1
0 1
0 1
0 1
0 1
0 1
0 1
0 1
0 1
0 1
0 1
0 1
0 1
0 1
0 1
0 1
0 1
0 1
0 1
0 1
0 1
0 1
0 1
0 1
0 1
0 1
0 1
0 1
0 1
0 1
0 1
0 1
0 1
0 1
0 1
0 1
0 1
0 1
0 1
0 1

-0.2004371927639378 -2.864796163012429
-0.37968595137989547 -2.7875011182422456
-0.19456208021427285 -2.8894431759313175
-0.2969822432848213 -2.7475893851108477
-0.17924479283109493 -2.263275446870376
-0.39568198635304963 -2.377564611284728
-0.11391067045112274 -2.799701133542992
-0.31102757973072354 -2.7242783208004684
-0.33372598036355605 -2.4817337403864346
-0.20566584170596575 -2.3435941563331193
-0.353486162204667 -2.4250978615412864
-0.26190894046249735 -2.30586044356808
-0.2804285392544193 -2.455975914263189
-0.3638809044312064 -2.417151443724979
-0.3218552303054065 -2.861098181959632
-0.2379476325897796 -2.3432019028933038
-0.24632404094845187 -2.4215477268031633
-0.3350771893634368 -2.4571854641718596
-0.11556454631076601 -2.2478446690587695
-0.21359072358681583 -2.7746532228523852

-0.3861037417960603 -2.76779843900568
-0.2975917559990363 -2.9591170867154464
-0.18401492810015002 -2.415502467995874
-0.35161762152120196 -2.721630404441367
-0.1057057421259448 -2.222767437537847
-0.23378573290295068 -2.957863013925137
-0.29460939096579164 -2.287110387594913
-0.2715619181206375 -2.2261994963876286
-0.34451877001492937 -2.8780412073468042
-0.3486850467515997 -2.467970989072807
-0.3741827084728635 -2.566854885420693
-0.3775501567081347 -2.4026130940713806
-0.34778448290052555 -2.3896366955825172
-0.10130231893933311 -2.293814832306982
-0.11202488763795104 -2.2619012588569665
-0.3557096576920466 -2.8022772622316974
-0.15891307469055288 -2.603934350342456
-0.3907699578484221 -2.6436862007600404
-0.35361564554326824 -2.284938742599945
-0.12107710916888936 -2.616420135675877

-0.3115887540814549 -2.385566653056904
-0.10317424237706146 -2.4844169903162396
-0.16491796273279766 -2.9082147260557942
-0.24056019959878372 -2.8531632657479937
-0.326790628616144 -2.4108978060264343
-0.33064772708777446 -2.6891302253315486
-0.3758522645696158 -2.3841744058202248
-0.19122993995700222 -2.355628833673672
-0.385600454674332 -2.2251442185501498
-0.17388681042325216 -2.2047237679806493
-0.39421952003337 -2.8900604967868007
-0.14981254361735802 -2.486072871180737
-0.38688870489594773 -2.679089129674192
-0.13637469690755777 -2.8606984420057664
-0.3554203312836913 -2.6868738171867803
-0.38175395148663666 -2.275383159650211
-0.10894450327180716 -2.6165033628607706
-0.10570509879575118 -2.7535223624589094
-0.11628628949959258 -2.8913540156444113
-0.2685219008406102 -2.843664391439539

-0.1896513890029784 -2.5198175656096122
-0.3370059025849462 -2.670011551090834
-0.13403042264693504 -2.343467270246249
-0.33220306558931745 -2.3609381946524968
-0.13158864677210774 -2.800690919020288
-0.38656590787882394 -2.539214660701781
-0.3234845983518103 -2.320224183528112
-0.17501200798307084 -2.5356058815242823
-0.32458183165564136 -2.243397867217797
-0.2520555704657266 -2.910489170500924
-0.1076199071713369 -2.7048505583545044
-0.23857598723482545 -2.3800349833866274
-0.21165508092975088 -2.6585891536554844
-0.3349017087375302 -2.661308593109603
-0.22039165734346552 -2.4201564826571396
-0.3268744020419523 -2.8366516798472405
-0.14411909826558406 -2.582790976768079
-0.27779199303223634 -2.7702717264554524
-0.11543579656074332 -2.9295038602494525
-0.2015432957887336 -2.5716977603879565

-0.16404929570658397 -2.3989269586828366
-0.3943763185900885 -2.2156345737750764
-0.2918260976715543 -2.5115843188420173
-0.230610357344555 -2.2870078505896316
-0.1662290123020641 -2.5512495905075534
-0.11342923064799487 -2.6354650627422074
-0.14758378627661178 -2.8738418112192097
-0.1079625220647023 -2.634100506083194
-0.3235433119422957 -2.8589584735882534
-0.24199908702018585 -2.4602998957157185
-0.3116728876972985 -2.6512477606801808
-0.3963809072518022 -2.4084199981643755
-0.18719406377187978 -2.511843533014657
-0.13940517699732824 -2.89177426906954
-0.2417657632591446 -2.4884517788260765
-0.11443286460977736 -2.2430753371092593
-0.11151598936960394 -2.6077983700896477
-0.2304523756948012 -2.4593209478284033
-0.1898300459623316 -2.6162732450622257
-0.13774923692773483 -2.529383134190023

-0.2232714648685518 -2.5262847908536594
-0.16862781744762995 -2.3054745652350492
-0.1271743523366396 -2.876588437437976
-0.2133004844677528 -2.346568164880897
-0.14368949416472726 -2.287359796435339
-0.1822107917268838 -2.905083702872587
-0.2671892145381602 -2.4411718516790115
-0.3057155755876632 -2.4347629859239373
-0.12904941553418364 -2.3396422432897914
-0.3873979502131751 -2.430108772282424
-0.2912674570221744 -2.7395322009938936
-0.1372829455934455 -2.7089327417896456
-0.12550138920062842 -2.648585262543982
-0.1693838974812822 -2.623546290537753
-0.39028162171287534 -2.2272809024268008
-0.13984705256395047 -2.6076509601739737
-0.21244587835779602 -2.8322835145765626
-0.32916869897166945 -2.8501975540052498
-0.2584017724891142 -2.5019677412575243
-0.1854401657308522 -2.8511729395201213

-0.26962513761064966 -2.2600036983408436
-0.3231903881356032 -2.7476953777203263
-0.32463793003471664 -2.886315750975503
-0.1083812614927872 -2.867123408346387
-0.32717433692286957 -2.892195435949803
-0.3509126132584195 -2.746859889690795
-0.22964411037096574 -2.682864748342845
-0.2417039811988703 -2.6452546280114904
-0.23303586413648994 -2.658365952315146
-0.1869943397974263 -2.322000268846228
-0.3096610296946939 -2.2221119783369643
-0.15476467156811646 -2.9476526394841827
-0.1309409788580334 -2.824692966156203
-0.1803016799805126 -2.4976596638325175
-0.2992435252927038 -2.74664543462044
-0.37002134081793764 -2.829505929256753
-0.24183621817032808 -2.8483543367118593
-0.3162874133049616 -2.8190636473168564
-0.30844881897894433 -2.7292430642700922
-0.2483999462231847 -2.3966508584492465

-0.11501787092862131 -2.803558447233555
-0.35119129136212873 -2.2184855023933734
-0.2042159854554468 -2.456423436024354
-0.28493881038382285 -2.4299448019390355
-0.3439855222353948 -2.3687261214934185
-0.13808484659828135 -2.873286494307533
-0.24728382125962456 -2.7774083299936185
-0.22481380396289127 -2.290928746095948
-0.3271372139863308 -2.9614184400577264
-0.24501026600024112 -2.451521414510455
-0.3248757214624237 -2.8448359916163097
-0.27924263656657355 -2.9273361933651727
-0.1652415314095951 -2.55009876714124
-0.3710857814235963 -2.3836104215326426
-0.3674842419093889 -2.8806256230313645
-0.27486093393490324 -2.5025879197400998
-0.3794457376025137 -2.856461448136533
-0.3909018979784477 -2.952357154502803
-0.3403135433591798 -2.339524174921441
-0.182444769412988 -2.404892019655629

-0.2761545777660454 -2.7488726681551405
-0.3561515636449354 -2.4501958734251454
-0.38100785834787215 -2.832863472754912
-0.15547777534919202 -2.441164183723962
-0.2530789831753554 -2.912712934717016
-0.37746080494650597 -2.247674468573228
-0.2455196251692051 -2.227341540475847
-0.18730801228135854 -2.564417994341094
-0.18816577763093725 -2.47812997364222
-0.11933689115053958 -2.43941517728389
-0.20752111509961896 -2.2340801173262617
-0.15271955881375063 -2.587226506499163
-0.16883026734369538 -2.354857879702575
-0.1731209557194369 -2.387543905474325
-0.36154363354817215 -2.714825448525219
-0.15192670435849967 -2.722532849811621
-0.1152633122574373 -2.802269877941714
-0.24384669062399084 -2.7508866243374697
-0.21042476757667936 -2.7360293467379204
-0.16733370836783695 -2.7856013018173407

-0.24834001753495108 -2.807701876071324
-0.13394378359575465 -2.7379386512078625
-0.29443827867373884 -2.6542424701919565
-0.19776770723364365 -2.264401247291726
-0.2750134973416465 -2.314174934628214
-0.3753051439541282 -2.63197280465554
-0.32976084033106395 -2.88770150732177
-0.38135479885543955 -2.8078899832835114
-0.39363619765353225 -2.6303016877828913
-0.3080118424543613 -2.2245221372056427
-0.10814907868077656 -2.2793074474883817
-0.21711267055847364 -2.524543868765014
-0.1302878975341371 -2.3215275162595055
-0.1457393433535506 -2.370888125724051
-0.25772390758792263 -2.3832243450837116
-0.33601902963620134 -2.2879481995903763
-0.3885617854001333 -2.3680963007442015
-0.24731853514719823 -2.2150602974364038
-0.17690754021805533 -2.414914504083665
-0.10959549330450202 -2.7321023394140336

-0.3027337508066692 -2.282419728026108
-0.28603158278531354 -2.4151760675154508
-0.2805005863947071 -2.5580411162123204
-0.238630050750545 -2.965301030219405
-0.18142903841371077 -2.870920040511905
-0.25636704713024056 -2.399408936919171
-0.1495123972731045 -2.96770069044374
-0.3956074835069337 -2.8650367397848906
-0.27996904487187724 -2.959296985448162
-0.3533049843535761 -2.653958129879505
-0.2705316461076578 -2.7387407565032547
-0.21449018695239222 -2.7776701482359827
-0.32987859617700965 -2.7432277704918744
-0.28048410499233845 -2.670756951224231
-0.3704194208063185 -2.8192514883440634
-0.2469044527844362 -2.4373655302319
-0.12011708121374853 -2.6570192023408916
-0.1120876008959612 -2.6243134833743094
-0.1821480330408794 -2.2743695248922493
-0.34677091816000133 -2.8065177561898196

-0.289317027012077 -2.5345730587406257
-0.33592054191797077 -2.9582182612073313
-0.2285947188128025 -2.504433440601264
-0.12973240118517437 -2.7975738621608346
-0.2166540277748817 -2.9117251882482877
-0.1814593110953231 -2.7450103077623784
-0.3369869351627021 -2.7653399382527435
-0.32733142731980247 -2.832856734234461
-0.35724098967492746 -2.6650580973455558
-0.10461751095424682 -2.9314276025739088
-0.2693928361466495 -2.83105254066371
-0.38530427621199276 -2.2652197741083624
-0.3572834444350288 -2.4005176180650283
-0.153659841339168 -2.7329992642188876
-0.2878270174887364 -2.8782061343163594
-0.17815596071937304 -2.919971129710775
-0.1417906268327067 -2.3564482130507587
-0.3245454233278051 -2.8482183992655896
-0.10559856313263155 -2.2895212415806174
-0.15449608052987684 -2.3736084330694114

-0.222889466810588 -2.4257145825744852
-0.3938662726879265 -2.402509362520184
-0.25775494970838564 -2.8094246001292977
-0.28113137590136855 -2.949997462596124
-0.11011512305248011 -2.808906438104888
-0.357097035386611 -2.875543435507906
-0.1908592380887161 -2.700936255500664
-0.34166440295193956 -2.4550854423835333
-0.1485976926925327 -2.3285900419882126
-0.15828334045516765 -2.4818865577988607
-0.38573038949297794 -2.6709387393740864
-0.3571687664755452 -2.500918345845689
-0.20638018077849493 -2.465724894657188
-0.28174697015066613 -2.4426793771006814
-0.367629978946412 -2.5957952177345818
-0.13571842025623287 -2.9575048793827423
-0.13115207218104852 -2.4946461153268658
-0.2701560513375988 -2.846037249060864
-0.11243407469285066 -2.8445670887543266
-0.31863336917682383 -2.90381137976984

-0.19069617286100907 -2.7175087641124693
-0.14917946943202826 -2.6774724298463592
-0.2019665552364752 -2.555343339636676
-0.18884693220722212 -2.646389630540873
-0.28268968794905863 -2.9050758257919984
-0.3425744535669033 -2.4398116345377496
-0.3825746476210643 -2.7731019933566543
-0.11956498262747972 -2.9010534726962964
-0.3471227576250152 -2.3097845445952707
-0.18155105447480874 -2.781078280971255
-0.2204657892105486 -2.2114074058066953
-0.12830661036626034 -2.4774715490816606
-0.1567197902176391 -2.85415006191034
-0.28727437679182233 -2.4590745733229697
-0.241366623058683 -2.242111320080492
-0.31187020452227443 -2.8823912108952126
-0.18922721758499478 -2.4239190812230142
-0.23339471623899527 -2.7789322496297384
-0.29965476667458407 -2.861349622371193
-0.22865524782083732 -2.705711917582871

-0.1558702987971313 -2.865963551720669
-0.12142412480115244 -2.6486077558271113
-0.10827450921068582 -2.519368026533935
-0.10421452752564381 -2.2570689395946295
-0.1296322801169903 -2.80645155717276
-0.1505046628812793 -2.2919176646223987
-0.3220394435912982 -2.5296919750089755
-0.13712555883365884 -2.2867753353741227
-0.12149064414527799 -2.756440079389838
-0.24081285493305565 -2.67906955087418
-0.13621380813220735 -2.5257470842268495
-0.29020377230571714 -2.9442512077672385
-0.2849132565311684 -2.346891000686507
-0.3904303707332756 -2.754604427458447
-0.3910283352664272 -2.3938166286301934
-0.3819210861210871 -2.4633670256433953
-0.27472450463651743 -2.691600705337773
-0.39008894913753756 -2.430615655944649
-0.3043813916827789 -2.859457993722856
-0.2851377019994606 -2.4638790837750566

-0.3844562936137895 -2.914068425185684
-0.18773018604103367 -2.2944487001476195
-0.36815923922072497 -2.8724568022273456
-0.2946631388603522 -2.318706793223049
-0.19027456470285914 -2.8554060317330485
-0.16792208592948898 -2.371583136628452
-0.3047261865122752 -2.3107008706717176
-0.1602786814826299 -2.5336436311034913
-0.3206212481093077 -2.683422636372022
-0.24605665673206303 -2.3192977951067797
-0.30673958341824115 -2.8696323552331826
-0.1704230242071535 -2.610616819771505
-0.18571801540540098 -2.2152495094365596
-0.38950957764614735 -2.8826903713524255
-0.29454723979863473 -2.565655887199261
-0.3492921780070254 -2.319346062567197
-0.1475426233165687 -2.765151473027013
-0.2539602513987812 -2.604620999484899
-0.12901358502529586 -2.6242392567642385
-0.2585512520059078 -2.7445246515962474

-0.36773731481489746 -2.4405909056476274
-0.24982645713401652 -2.9172009830723007
-0.26242046895667215 -2.955398809855101
-0.24799230432940225 -2.7750060325026857
-0.2783079940133611 -2.8860263523244933
-0.3468978251565478 -2.4148412084086894
-0.28585202243917535 -2.2228217958416665
-0.2746060549858128 -2.7409099291368464
-0.3663298891611817 -2.5958335054776067
-0.3796476308756152 -2.777791130824162
-0.33425533480559827 -2.492459832447749
-0.3226043104298535 -2.640736392519759
-0.34663112038769656 -2.718269754467561
-0.13473512973212975 -2.8415253395437565
-0.3331065649678715 -2.768440231526759
-0.17875238754078449 -2.3666234838388065
-0.13048473003830946 -2.4813592873684494
-0.118521258497852 -2.633079974929407
-0.19032691106805208 -2.40650658361285
-0.2903545808338108 -2.935151598337803

-0.12989828994281 -2.2619389686794085
-0.19449231358311903 -2.3500831819128933
-0.1344320023673251 -2.476967808824917
-0.36164998622453615 -2.661598672177737
-0.3189515867505278 -2.893030925921149
-0.11587494846240759 -2.412759024089042
-0.2872189380786957 -2.8064950839139606
-0.20860585424234337 -2.5907009214734256
-0.20139151775427452 -2.51830632644899
-0.35025072184066336 -2.917241758110036
-0.23168676406554736 -2.4570264970084703
-0.22136420630073686 -2.399011644183439
-0.26948534121900947 -2.871579978524181
-0.1669372446461003 -2.9620830171558064
-0.39422699437549596 -2.563324825430938
-0.2255824486395828 -2.3109639575348857
-0.32424656563821763 -2.6292382720522522
-0.37375913770753 -2.2253018759316934
-0.38488399511446414 -2.9535219282485627
-0.15826938839859866 -2.2099236035792087

-0.20255985572089216 -2.4259152180141847
-0.25168929834356635 -2.915079210932717
-0.15786628555539658 -2.4466573250102996
-0.3739685954029074 -2.272919640957872
-0.24453238808500477 -2.688611438078608
-0.15150126797253902 -2.519816682137498
-0.2133548387171943 -2.7283477791559
-0.3991012658326407 -2.322234282948098
-0.11355758478412165 -2.7533141925569957
-0.2584137446138492 -2.921067554568114
-0.2493705006232382 -2.371897756273226
-0.29669086155472124 -2.405807463389217
-0.3298631860845057 -2.30598656583191
-0.2220972119725122 -2.530777488719611
-0.3457240306971451 -2.8318411370555876
-0.32494641273550223 -2.495169161461172
-0.3609881786756164 -2.403778767901031
-0.3148044587103462 -2.6133315156679995
-0.30176851858178444 -2.8891456422426733
-0.13045528393949696 -2.676580389813844

-0.28560475331581264 -2.6199803283356866
-0.17314544555679146 -2.489280807645687
-0.12146020878848007 -2.91730240435977
-0.26446743513935755 -2.373221638815521
-0.15052904227683778 -2.550058677022519
-0.17607798654698925 -2.243458375173889
-0.12625222377919648 -2.7194138419635876
-0.12916298914402646 -2.361822718268964
-0.33013820504710967 -2.5625719269022165
-0.3562485965381436 -2.6945263249757447
-0.22276318804086356 -2.7756628020231915
-0.37648916078367134 -2.5461383965863993
-0.3592250512789564 -2.397170044620187
-0.2680167666512352 -2.4070509347605133
-0.37259584320305494 -2.7044761359604763
-0.3479557291173981 -2.210361147619999
-0.34177798829572836 -2.3632097271546657
-0.3481808922948249 -2.318578530948717
-0.2695325036912996 -2.660008946659986
-0.3866598750752208 -2.931532249898377

-0.3790076390706007 -2.43253395950982
-0.23495001157331297 -2.509332335828679
-0.32680179752131855 -2.346488512944856
-0.12582830653930582 -2.2292044807103624
-0.1789746413198225 -2.420237156106654
-0.1323616731837028 -2.2912108040065537
-0.24885704775546366 -2.3201630141106993
-0.3365235437517837 -2.5126976937110856
-0.14340736405942994 -2.493149357256974
-0.3677408767673236 -2.833756475779947
-0.12612104742369645 -2.9430507704646693
-0.2522772230248717 -2.335717159394287
-0.22335925283796085 -2.9443412751614293
-0.14761406908769947 -2.858367667447307
-0.14824719599092806 -2.6711245165766084
-0.23553080277280417 -2.295176107812843
-0.2758816570258593 -2.871150810337803
-0.1991368549513344 -2.9132182061443306
-0.2759603613973186 -2.4199473565092218
-0.294534322724302 -2.39743820009423

-0.3900807118929992 -2.319594752318206
-0.19830705226158757 -2.308734065902168
-0.3727339342835868 -2.4460548758023455
-0.12243148451438429 -2.674400483538027
-0.2515162686097836 -2.304205788811365
-0.3238064934895286 -2.895877222846079
-0.23150377237962405 -2.5961958121744235
-0.35289803476305037 -2.2878298889117517
-0.29919565501326767 -2.3862425432183056
-0.3720922329106571 -2.95047730429081
-0.3272941566142339 -2.836813847370167
-0.2032599532429654 -2.6524576940340676
-0.1640081730647443 -2.781306680632624
-0.207321713022814 -2.506926565802725
-0.3810746168381891 -2.25064359369022
-0.3465723987678993 -2.6109778355047686
-0.39283042359485015 -2.4475257670014434
-0.2736174199686446 -2.76163297995598
-0.3564608776808591 -2.417191596819632
-0.3822693177173342 -2.9604178266567813

-0.29354556540288196 -2.76294998290422
-0.3688015420273759 -2.568530258321748
-0.38049692685944386 -2.607710121448933
-0.11956375063906777 -2.4394584440275775
-0.32409195068199903 -2.546432761705007
-0.13675564799159406 -2.3232596212772973
-0.3789548035804599 -2.5865851748635915
-0.1258775022960124 -2.757018494128777
-0.341886529639829 -2.4354812381426876
-0.18539944602470915 -2.3648565981061243
-0.3800173231547333 -2.373948910478818
-0.27546495955921946 -2.869253072657336
-0.2860898006362823 -2.399729351670918
-0.20345303914733473 -2.733664751721815
-0.29262549960855005 -2.9171840298636518
-0.2740254062449452 -2.495348471534543
-0.337470841566802 -2.342537355551953
-0.22251654657849596 -2.8904611834198306
-0.3201446686848385 -2.7990923153829406
-0.31827416593035773 -2.732217967210975

-0.24696156426152457 -2.3092359064701293
-0.195979609119542 -2.494326530051879
-0.1452475242506115 -2.207423831489163
-0.3302339559233666 -2.6261823097595522
-0.2102071141433084 -2.6978325943482755
-0.15604958496591095 -2.621974155292781
-0.33449041669948193 -2.785151982516134
-0.2538595446104744 -2.691307374590766
-0.19787310864872132 -2.805105454116382
-0.27647751796777886 -2.8160183201778723
-0.15619490919825704 -2.812058993654209
-0.3072779609041459 -2.9395914701983057
-0.2808855741621915 -2.36357064193722
-0.2659914934480763 -2.9673451760534
-0.3079487884423963 -2.868021794051662
-0.3407985498662768 -2.934841400079205
-0.29831717727013785 -2.8322781667640093
-0.372835611314057 -2.7906770295126857
-0.1385516317782658 -2.796206640592748
-0.22917344621496033 -2.5339153456083485

-0.25575013686398895 -2.875946617634876
-0.22755639437928546 -2.9316168287641875
-0.15831573257231793 -2.436168119445543
-0.32700708315544713 -2.6841094123779916
-0.27959354663872404 -2.6894834830375745
-0.2160812465947122 -2.232014844349454
-0.13636119951490927 -2.4834794836074976
-0.2332598129861133 -2.3870603104631716
-0.3616152794554097 -2.295250011127737
-0.3825520372972858 -2.615224048022327
-0.1976266321561416 -2.4011011805073688
-0.10004938708181083 -2.703338117919742
-0.18181559724007737 -2.483217180168253
-0.3849813246498148 -2.5961734080142316
-0.2797907576962031 -2.6828217051698466
-0.3207154734469686 -2.6770023270099856
-0.3009012562852404 -2.336836716281088
-0.28312934442489673 -2.9291801322672373
-0.21477072585964282 -2.917828839796487
-0.3712057361380446 -2.2632471473522973

-0.27532646143329353 -2.865053894609707
-0.19300815990923217 -2.816708835174432
-0.3829229880722384 -2.5344587806519803
-0.3840868642939473 -2.8324074375204193
-0.34205622705534766 -2.418740964710272
-0.3405675918687708 -2.432113971716596
-0.32876238081271164 -2.815015927878051
-0.2790182875049183 -2.494304198304667
-0.1951231966318361 -2.8706942120246772
-0.23648139834813697 -2.332144575706175
-0.1466765115666791 -2.6974262743781865
-0.36545228224191306 -2.965764831454148
-0.30879806938815646 -2.221775474563019
-0.24635295753778103 -2.9214775209331454
-0.33945675472710896 -2.550066271224006
-0.37003886869279984 -2.8787476290678975
-0.28506620295242907 -2.8848191381100503
-0.3898516455906886 -2.641466120343429
-0.16485823839839225 -2.7423890004193616
-0.1602488278910376 -2.530054286407946

-0.22968135790475913 -2.6366010577707213
-0.35553602482447516 -2.683206710140289
-0.3658859064272238 -2.6728648606495846
-0.3033085369659851 -2.6262425044150683
-0.12985163815624579 -2.93892235426942
-0.12441035463545547 -2.4478873794500426
-0.11568833373448001 -2.528898183177592
-0.29208768059961826 -2.2091538046690613
-0.34529964128521795 -2.3046659764579203
-0.22811431908900523 -2.903866887396966
-0.38223877450952304 -2.5914232901728402
-0.21845484841907134 -2.8741092116298304
-0.261874200197053 -2.710032074467139
-0.39366135236104277 -2.503575354095955
-0.21152112727040145 -2.855727805350317
-0.27355579745398445 -2.8622662049362777
-0.21878577969369203 -2.639484854284331
-0.3073941453770979 -2.5299108661725698
-0.24382838513170385 -2.5240130985286973
-0.37556042252221805 -2.9251500013692158

-0.28685175610617725 -2.7543370843104036
-0.10724552204050536 -2.7044154178417914
-0.11062398555971859 -2.670471254904945
-0.13640538206695413 -2.350772550497818
-0.39770203193201825 -2.768985271554798
-0.22126301628764988 -2.32176333674632
-0.1150370835440846 -2.372928999628109
-0.2580420736161746 -2.2091996917869716
-0.2525985413392031 -2.839990199746892
-0.3491371922413995 -2.75502870211217
-0.203886670037202 -2.513867871255167
-0.20424466610554412 -2.9400304260721626
-0.13845733262319693 -2.4597962178153625
-0.23995304378206656 -2.4726270916489446
-0.11918160220049778 -2.5286984514184354
-0.252953152481261 -2.9515170242782527
-0.2992564847741941 -2.686944937609069
-0.15639750208358635 -2.673386331005674
-0.32624461814393724 -2.5354656534330786
-0.30947997655979287 -2.3596696842748766

-0.1889502000570759 -2.335153658173
-0.2908204885348868 -2.683396761917731
-0.13110208670122253 -2.6643135469362824
-0.10120744303664353 -2.6570173533348904
-0.3981791769669759 -2.85262874218417
-0.3045112590806928 -2.7403087900081724
-0.1899018961681683 -2.3614782882657996
-0.16288046748122142 -2.8848709796616423
-0.175242007512947 -2.4393541474012315
-0.280466572810544 -2.5486194297435074
-0.17367198384658483 -2.38574881791464
-0.3028984178725348 -2.3624787199501114
-0.3072057744634242 -2.7850287663746394
-0.32494728327243044 -2.2395075819024575
-0.1060930636951472 -2.807879372242242
-0.14815096681903517 -2.8231940025940934
-0.3269276497810767 -2.778789052993398
-0.2760348802541134 -2.3871863223193506
-0.18117280725870943 -2.3559022550166544
-0.1677448402211431 -2.7353456855911435

-0.1610050056428586 -2.578623807157444
-0.384762926757127 -2.6220746296673183
-0.2695853893198256 -2.65173984056564
-0.14501649963567897 -2.818299126668483
-0.14709750728737903 -2.3617793856899247
-0.15804359085603942 -2.5090001428729076
-0.22798428554902683 -2.4444272174677133
-0.17375588054707813 -2.2965774332286477
-0.20256530670055053 -2.967367327562441
-0.1275954363831861 -2.469938469321427
-0.30982789425534907 -2.3571787942247373
-0.10727298125800239 -2.453695260858165
-0.2787925261861267 -2.8396573777086163
-0.16566153061006683 -2.899360790105982
-0.11378226131421593 -2.4816911894725178
-0.2005271043433944 -2.593473477480101
-0.13259527455137904 -2.769797549589251
-0.27151739281533727 -2.5494133210769263
-0.11428545991038797 -2.523859324831033
-0.38197385141410234 -2.4312167510157323

-0.15297118828247983 -2.5011644522282093
-0.2771628672470709 -2.281430821782571
-0.160458291168198 -2.793938489986511
-0.2610296562159644 -2.6656337270923713
-0.24627194636630856 -2.4932888610515183
-0.2852056672255718 -2.3544860275121224
-0.17039423698394496 -2.328047228272144
-0.18422859424092103 -2.434865207945137
-0.16959113350546978 -2.9271353489397662
-0.3469104356904642 -2.5950519974780404
-0.38457448314050297 -2.458597584800589
-0.2460507422719086 -2.635962019570929
-0.20933577832516345 -2.391438364516941
-0.24068339677039768 -2.6087357441749757
-0.35545733207741526 -2.3350795814383245
-0.381721092828597 -2.300955408258644
-0.28170569018817593 -2.3155794893957915
-0.32046740518121314 -2.842249965877027
-0.3802095496666376 -2.612602129977349
-0.17499972381936174 -2.7827290323300633

-0.39202167756870154 -2.421365148582158
-0.20637851758358108 -2.7345430222844564
-0.1640767096572619 -2.6522262123733644
-0.3078448991200981 -2.949833504587362
-0.30575135806995124 -2.853111406447567
-0.3460850490347288 -2.6799885282803078
-0.1333059932895419 -2.7929653379606263
-0.2294152093496875 -2.3258997675392137
-0.3541180784532881 -2.4966230944573025
-0.2552006181149219 -2.3328882846897674
-0.125668335652944 -2.553422502382708
-0.26334173561506996 -2.8030746555059354
-0.34897092038731714 -2.2103722448333594
-0.3601402109815274 -2.815891206005069
-0.16789283662216398 -2.303832646185633
-0.3274718282974221 -2.917832333103048
-0.3982925103313864 -2.3516725581293807
-0.34572021387852 -2.9073848161940994
-0.10345377996951177 -2.2135619577992935
-0.16063863057122482 -2.397635966727133

-0.30389337133367844 -2.3125603064929776
-0.23290654233944888 -2.892517363255755
-0.2057458900659811 -2.530765832339132
-0.14599228937181247 -2.6788235873676123
-0.34249773943866174 -2.286092168247548
-0.1649944140020041 -2.257958660237761
-0.19722477684596015 -2.3800752850913556
-0.1216236758751319 -2.7458165356574216
-0.3657828734680225 -2.58087608987919
-0.2601065859275528 -2.9513139141460365
-0.3995877659525047 -2.400971250011758
-0.19024372454003136 -2.645897376286173
-0.16249287465144455 -2.8386552520333126
-0.36800875195679955 -2.4777957026641224
-0.21399739485596703 -2.9551871464118964
-0.1331118963833708 -2.308822102283382
-0.19786265287008992 -2.2957599213722037
-0.3223491788274309 -2.453682311586007
-0.37788819178835165 -2.946300022232124
-0.3596327111228081 -2.5495470039466026

-0.22639560876834902 -2.7898097144739995
-0.3767712295415686 -2.2997112121817267
-0.1224878639917854 -2.402341085762993
-0.10954258493665009 -2.8317132261634654
-0.3614972840952332 -2.437459198167602
-0.10193424576096016 -2.238146324642052
-0.3454629311829157 -2.9633210719008267
-0.3673193050181136 -2.9694223011913423
-0.3595936474026842 -2.705189472958547
-0.24145141961427158 -2.7791714045367093
-0.3701722446180061 -2.518980601660434
-0.3959751658663246 -2.622169874579923
-0.23019791321755667 -2.7758358659779825
-0.2366425249633467 -2.5094906125791656
-0.3747117184742525 -2.5485013901497187
-0.3123448231214598 -2.3948875445205458
-0.3712288571436984 -2.310645488225565
-0.34811876920101065 -2.4483582179497168
-0.10174700830788053 -2.5046428152805373
-0.13746568114578567 -2.365040691171589

-0.3288323400648257 -2.9508732892778986
-0.2885454221236215 -2.9244425581405173
-0.13833265601149503 -2.2309665565815293
-0.3403342650607657 -2.483205024085808
-0.3970613405514866 -2.287642330373453
-0.29720063543587605 -2.4285871411468034
-0.2513888667545357 -2.526579169999283
-0.1703957389868748 -2.896333459546793
-0.37802307792412093 -2.3410871629839094
-0.2635033031761588 -2.678655462049305
-0.1490609766416947 -2.4873646807211482
-0.36701910986362707 -2.6551381900398368
-0.364686681691388 -2.68296682616001
-0.17460782023450933 -2.3947185649783185
-0.1276874548572 -2.2966636941704524
-0.23415502840060795 -2.4551646715673074
-0.16589167277545952 -2.7161799520934875
-0.3106701117641426 -2.381879531679525
-0.1713612416415347 -2.2044936127327164
-0.36069215032826485 -2.3080144906541715

-0.3615936304797593 -2.537800193309099
-0.29771331863439215 -2.3792574541241915
-0.277811831832771 -2.2087482709459363
-0.31406982738930883 -2.892083457225442
-0.2519060796481527 -2.7302182201176435
-0.30137355971917157 -2.383542668443102
-0.1354102479318236 -2.507912474459838
-0.2612684631934481 -2.4332483188708176
-0.25726671728988815 -2.779547218421787
-0.31024723879048155 -2.574316604495544
-0.21575768515956403 -2.3908686271732877
-0.27665454495971037 -2.932099204412189
-0.3603921887661314 -2.7469523176745647
-0.11192442021343335 -2.2960109843836682
-0.11676985853702843 -2.6532643219111627
-0.3213556821624004 -2.55020900951437
-0.15158723307649716 -2.289351549769896
-0.2092105986540692 -2.7430581812287813
-0.32155401537166883 -2.5419411705190202
-0.1887647277033236 -2.7439315094476853

-0.12937910490969878 -2.2383594325134486
-0.38030688897719234 -2.512690181287588
-0.2204827862048645 -2.8663820229391743
-0.13951782590492268 -2.2935907671921587
-0.2712271200603317 -2.448308638795578
-0.22841714236754765 -2.325475319116955
-0.22552304807169107 -2.3476730626901983
-0.23911504526321034 -2.4376051820787614
-0.3646970852496979 -2.2628163082822885
-0.17212818549934897 -2.898194651648976
-0.11638205724611267 -2.9491432545456737
-0.24410877492404442 -2.770825847198347
-0.35087943566119406 -2.453727600042304
-0.14244679118005105 -2.8525086496999417
-0.2641537156735462 -2.9648761166200335
-0.37304951434299666 -2.946486160849356
-0.27675178756271795 -2.417274210385558
-0.32119382033767235 -2.3567190134150535
-0.33830706117858816 -2.8169836934513723
-0.20811439445306526 -2.5505994955726354

-0.3973033000850237 -2.5969832949120097
-0.34872030195385195 -2.864446324187927
-0.25998677928452757 -2.206134568701037
-0.30019226201294796 -2.746943278423382
-0.2514170461369767 -2.80927151580891
-0.1549841578409418 -2.852560849837874
-0.19442541258491453 -2.2061314735707356
-0.1457194267445025 -2.4134854878765415
-0.2265400505933284 -2.729144641118142
-0.39500627295262963 -2.2333207010466767
-0.1323597469416159 -2.3652095604829606
-0.35082432812988434 -2.870591031883092
-0.2836480191647439 -2.803759976668979
-0.19112507231668702 -2.770745211656181
-0.10457111430236221 -2.5380487752118817
-0.38331328308924284 -2.618322733308956
-0.2585935227531325 -2.316756933434447
-0.1376087880137004 -2.2278901495309533
-0.2481481729014136 -2.3159283939190134
-0.3416048516609556 -2.3100941931678642

-0.3422432016332358 -2.9293896077226407
-0.20233548010777544 -2.5591915865727457
-0.3256900345710615 -2.782791757060098
-0.15980101729712817 -2.7582870262903167
-0.10706679952962217 -2.7648807756567715
-0.13064151054296808 -2.2627901289367225
-0.34495352819157454 -2.4892803101131165
-0.1220798830313286 -2.7948652433949097
-0.3102333595344686 -2.516484936158066
-0.1639028695980587 -2.8586719281336577
-0.32588130772503043 -2.810988517504743
-0.377706254997213 -2.2485201808133812
-0.10526806907539654 -2.5012448785060672
-0.2860274265732522 -2.2875965989414286
-0.22003528084098517 -2.9003433560647114
-0.28273039566954467 -2.330030684970321
-0.35358083975721555 -2.688008579481461
-0.15998602583055185 -2.791057363381966
-0.11748459446970533 -2.7308501893554133
-0.2661567845218399 -2.7774068438704784

-0.19151773733582092 -2.351978496095456
-0.38629125011416343 -2.85754059472524
-0.35158737458046696 -2.657853886369772
-0.24164611716505982 -2.916578740029328
-0.15024655602572895 -2.6605416463416085
-0.2752194517538972 -2.6268536961328244
-0.25616326077782525 -2.4758891073279092
-0.20384772391637954 -2.481390358951394
-0.35130993776488467 -2.7998334027746443
-0.34216160836399223 -2.914432492856532
-0.22750695757329636 -2.5506060843519305
-0.19320474307745347 -2.852080909512294
-0.1364195805780184 -2.7194161053646217
-0.16043914705261114 -2.8418728544830865
-0.2494137694475919 -2.7225097049720315
-0.1842029844873607 -2.932296187660815
-0.2531153680010527 -2.796204331748284
-0.13267112643143691 -2.6636335738938453
-0.3716911484823626 -2.639625035132112
-0.373598168874715 -2.704134476291575

-0.29093610083028165 -2.3664700282479645
-0.35736478517121434 -2.7302758248851693
-0.2944266648103998 -2.3948413761862852
-0.1928633554213035 -2.5472178389493254
-0.34609647370903796 -2.632097675888981
-0.19702251764673806 -2.478203926940017
-0.18492012855631923 -2.458372328389351
-0.10087113081448229 -2.208984162965111
-0.37613464595410545 -2.689846000145495
-0.16505251638461957 -2.5508812357238284
-0.37505935943406393 -2.947586530650681
-0.3470111293480053 -2.6684912915258177
-0.21957277428909733 -2.419349922484994
-0.21570086138149971 -2.9541268801132468
-0.21578440391612672 -2.5433019935861556
-0.28300208195293647 -2.5373260923732626
-0.30300737847148723 -2.537755748680244
-0.16078233509088513 -2.4810986009431053
-0.2813113861241932 -2.629197839976837
-0.2410201580408054 -2.722906488511211

-0.2654034087948097 -2.5691183389442904
-0.1746991858159888 -2.7987520777104584
-0.38590613836733983 -2.7944802261844313
-0.349046947852734 -2.8402351820834446
-0.1614399271645791 -2.3394487427082473
-0.14626493383054623 -2.791898880034314
-0.24001470626614213 -2.661879611925726
-0.3811098676990186 -2.810355481923887
-0.13676849236850286 -2.681491948932895
-0.18745634584042564 -2.2201371653022672
-0.23574485167475512 -2.8143459731192264
-0.2613212163478551 -2.951471263266156
-0.3133533343055004 -2.3229331520537104
-0.26220763090283095 -2.6721231269711523
-0.14049075920422177 -2.8386405730007644
-0.2733394321421429 -2.918290883133049
-0.2560506777179268 -2.3554656346142027
-0.21260958661914353 -2.714047682823172
-0.20963586513356788 -2.690136582679502
-0.12492313550479728 -2.6438848796231365

-0.2864454593840272 -2.5068087966054535
-0.39447489968967664 -2.5975893308431797
-0.2583081773214478 -2.857584964842485
-0.399737579673839 -2.5121921633882023
-0.29699295390956715 -2.440982653971412
-0.2689396508282347 -2.808111539408758
-0.3975107320361831 -2.881552114782736
-0.31523455307236015 -2.9383443016459614
-0.19074752780796572 -2.254459532562956
-0.30041415279050393 -2.7758102281103993
-0.2582330235770018 -2.701216201123369
-0.35314890976252167 -2.5118060573311896
-0.16941981647144408 -2.7654314882196105
-0.33369677454210217 -2.3952090891341697
-0.27705056278526413 -2.9160326423808067
-0.12294949779098913 -2.209339489097929
-0.23013574736542655 -2.4404245261522464
-0.36344097699124067 -2.5828514285414554
-0.33788893133905407 -2.5004475967899515
-0.3990095359569501 -2.254934895178387

-0.3907576782374839 -2.5227142352777654
-0.33071630338026353 -2.2567518539302425
-0.1448085418688725 -2.8246686567305135
-0.23085193991104733 -2.2167927551476527
-0.289142635891285 -2.239187012871536
-0.3973232069516939 -2.4257734239128066
-0.291652376196315 -2.7631545303479026
-0.2979387421964 -2.3755284943820643
-0.21586781684870132 -2.597608378333769
-0.2877878490964168 -2.730164951142169
-0.26093456351178246 -2.3513252236762683
-0.10931657200806144 -2.2727319088465037
-0.19458084408718201 -2.265264787398892
-0.16844742629662865 -2.411179621331697
-0.12437317704166723 -2.4733096614413745
-0.2212225680852077 -2.283648450648056
-0.2134526860217512 -2.440361244388593
-0.374533328759044 -2.925864858517295
-0.15136962269270154 -2.8128492252562043
-0.1717773299932707 -2.8665418153190996

-0.2663971376729791 -2.907414184755103
-0.30118027032127204 -2.690924569795137
-0.3281902151289552 -2.5011583242237876
-0.2177583909377697 -2.2316489351289417
-0.26493038415265185 -2.587249510777903
-0.2628201408996083 -2.909228893109494
-0.19484427850139976 -2.912738665506928
-0.23183590728435252 -2.7835162481582456
-0.35586901819710837 -2.4051610762398723
-0.3581551637573649 -2.9451511013616836
-0.36131369351515735 -2.418864626106992
-0.1357184793401544 -2.9115146291139857
-0.2523279707556092 -2.6087547770792825
-0.23369308539799866 -2.397664539504276
-0.2460173165792723 -2.8602063999393614
-0.22514220427056164 -2.9622225958352892
-0.13787318947447402 -2.7036615909466972
-0.27081546288708375 -2.922391272493006
-0.1500331633978273 -2.472132120469319
-0.23054483398410855 -2.3485134757350936

-0.18270920813735123 -2.237987208904776
-0.29943660866566785 -2.5274511810496074
-0.2521882891787288 -2.219824254393529
-0.22334247039625207 -2.690089850211743
-0.2864194725001488 -2.431190359599685
-0.36529398672504754 -2.2936677029878205
-0.38012349424843916 -2.737686088416631
-0.29692916212008197 -2.868939520682844
-0.19255804080146324 -2.884242717496441
-0.3914060613966525 -2.791100044143489
-0.22439049508688297 -2.932173866415278
-0.328745719075981 -2.577097152753663
-0.25144456465015064 -2.5166249969858123
-0.13517317557906078 -2.833587802167491
-0.3478609157017752 -2.529758792829859
-0.34588805382603854 -2.2292691733902883
-0.329504121069984 -2.7501310963227503
-0.3018121334715071 -2.7477709452973533
-0.1498300168636882 -2.5916969640350342
-0.34601593757073046 -2.5517589003448853

-0.22705373338925294 -2.7153936508567442
-0.38231202461917985 -2.26920951052844
-0.2356976720636048 -2.460837557317008
-0.22114335353859813 -2.2360535617715454
-0.11687390986693019 -2.398812503604945
-0.2098791833212412 -2.333244494688641
-0.1137362398844805 -2.592304960217686
-0.39854093053060013 -2.8975666918579353
-0.2965828428638262 -2.395346961130148
-0.1725282949707915 -2.6906949593039644
-0.2018357525770658 -2.324833183589697
-0.28411280670772227 -2.6925502154730094
-0.15627085887696957 -2.2074476560540255
-0.16203610348576153 -2.2654791865508868
-0.22303263517060815 -2.628853525681237
-0.31465734205989787 -2.642134598391081
-0.25959485731714127 -2.6079466188154488
-0.289997886740029 -2.222246777753515
-0.20026122029449464 -2.4020512035176607
-0.18323603574399933 -2.769270424092312

-0.2260629120085926 -2.3189503939919347
-0.33873241747955823 -2.835054574517795
-0.38597889087830556 -2.6994881956034202
-0.20904425362706153 -2.884467180717511
-0.14107762220410103 -2.701718076958009
-0.13495697474263268 -2.6626040935085014
-0.12773826788744075 -2.6338141917180224
-0.1787501779599109 -2.756231061744076
-0.18498184494367423 -2.8009203912226526
-0.2740140398497398 -2.5729024965004545
-0.16865253599352997 -2.2142958725750828
-0.20990597377411205 -2.234096544654961
-0.1555002180204054 -2.3248505751394153
-0.1825598161462207 -2.5025460614089474
-0.2837284704661624 -2.6453701017968547
-0.13911444903270864 -2.4950966015612486
-0.293506568166259 -2.9013168532874762
-0.39446382014704484 -2.5944401609414762
-0.19838069243845063 -2.783500163194222
-0.23021155820026862 -2.3735929426983318

-0.23219224104354325 -2.3694470832335086
-0.34457289139638486 -2.4544155064548003
-0.3163585802816343 -2.679899884544893
-0.38492757082727386 -2.858264186632247
-0.18264039065459958 -2.9134712195194044
-0.13739060244324136 -2.450197291212564
-0.2766678574059954 -2.764796281445672
-0.3567638948680029 -2.9183280055412935
-0.1339656729649749 -2.383118665280963
-0.19005023299241142 -2.3640958114668797
-0.38162125385799756 -2.935050147922403
-0.13203024790043355 -2.671322890819356
-0.3223229520704137 -2.7509582578661322
-0.27426535549975795 -2.271213218037612
-0.21883734468198676 -2.7086954186294503
-0.11643389039678848 -2.8612981395288393
-0.26019229029030805 -2.529239826625983
-0.11272848284423176 -2.56466556687823
-0.29558619706745093 -2.9410818075248972
-0.17869881831407217 -2.4900348209660708

-0.22247931171993465 -2.4469735286623115
-0.34094481351129147 -2.3488366147942767
-0.25487321337698854 -2.4651525913421626
-0.2975846033717623 -2.8445991494609455
-0.2502118361694111 -2.7898512383681036
-0.13805276746014528 -2.6763205511929544
-0.1405246404644837 -2.7741907891552073
-0.2563015722414518 -2.780523702848665
-0.37397691284002826 -2.7538982334858595
-0.306950212911817 -2.4908591873757073
-0.102957024938237 -2.223697565367767
-0.16292994882814887 -2.5654199101339827
-0.17591793091601254 -2.2942825782677594
-0.34920583703240937 -2.8791873223648126
-0.24068745979473752 -2.663287252912684
-0.22808776047110138 -2.8101178584102664
-0.1679656045745609 -2.889656694508938
-0.11512804504788027 -2.2262607975830777
-0.36415102113293946 -2.3600526210687707
-0.1621725911058959 -2.3168993614461226


0.1464559201506676 2.030996924535676
0.11241176797717208 2.4085937036160576
0.09018136757794884 1.8953758001971188
0.20301027633407143 2.09986200317896
0.2059865004584096 2.277608612162102
0.2403452454642207 1.6692263136640444
0.18644041515093562 1.5518136413372252
0.23942167570496853 2.4518999031002213
0.16305446707335658 2.0386698717853635
0.12604115543781816 2.1961315334908402
0.2369737637738885 1.5751575570174416
0.11962459036994971 1.824121979362546
0.11330253962675614 2.4008421879307194
0.10895424917693763 2.1365656036206637
0.15792601620021898 2.4115429101983024
0.172330178478168 1.6835922319892989
0.11112157656607434 2.0434230880906927
0.21312645704345246 2.4624235709447975
0.08587623967521166 1.516156990640102
0.19635081976440175 1.5042497498025629
