50 20 12

0 1
0 1
0 1
0 1
0 1
0 1
0 1
0 1
0 1
0 1
0 1
0 1
0 1
0 1
0 1
0 1
0 1
0 1
0 1
0 1
0 1
0 1
0 1
0 1
0 1
0 1
0 1
0 1
0 1
0 1
0 1
0 1
0 1
0 1
0 1
0 1
0 1
0 1
0 1
0 1
0 1
0 1
0 1
0 1
0 1
0 1
0 1
0 1
0 1
0 1

-0.3396512077582431 -2.4445117519873416
-0.17031511961175377 -2.5339025878599193
-0.2370666126896565 -2.807146924560432
-0.30086220598833113 -2.693293224060854
-0.1463323735748578 -2.5402541800113863
-0.3704976211603805 -2.3090439640642737
-0.21870225817115405 -2.9307248243556985
-0.2082221066222907 -2.5159610257121336
-0.31250991314952814 -2.372016700436614
-0.3922466441615323 -2.2220846249495585
-0.19938929309983536 -2.737805766293432
-0.2320451362762039 -2.9254601901445536
-0.1474113232655923 -2.3551880716777727
-0.21937904812879144 -2.408452191242387
-0.34469065794969145 -2.9588289213825085
-0.2305848577931772 -2.7238522510275183
-0.11884741963941475 -2.6797296434088764
-0.29456346710515074 -2.4328547976569097
-0.12821927614394085 -2.6618655525849433
-0.2852063352932719 -2.452917659362754

-0.16181214903908955 -2.8424992025300444
-0.1404636020187039 -2.930845389108528
-0.10116717192154456 -2.236437453502368
-0.10160484048079493 -2.703955172763088
-0.15440772077335896 -2.9602368340561367
-0.3753546707537026 -2.492995836213266
-0.1731325658280381 -2.453984838988568
-0.10267438436767168 -2.50266030406001
-0.2340672993162862 -2.4151569343527903
-0.38174485906303096 -2.6364071982595823
-0.185392812592856 -2.4903562587923154
-0.28951442357521356 -2.781812901484849
-0.3231915506843459 -2.9557097897724414
-0.2526166046930939 -2.754674866095226
-0.29340440003812 -2.8411088659244275
-0.13064953919544792 -2.442294574799944
-0.35268543762187743 -2.5572075700042025
-0.21934335477366204 -2.245110463025323
-0.3417951504509561 -2.697703606697705
-0.1619532983985256 -2.4734051335065343

-0.2919269000990927 -2.5406867295086406
-0.33519549825018674 -2.4927603434102905
-0.12885210280588244 -2.4645903919482226
-0.3893281316868603 -2.5976613928565793
-0.2533432615694164 -2.235322445433164
-0.10001894691274071 -2.6801346967483517
-0.1836981535579657 -2.8566666193702472
-0.11749008838848524 -2.2216587541560697
-0.2273825510191186 -2.4090236945432815
-0.13551961865555645 -2.6793257065463467
-0.16352491378790296 -2.2342196470401743
-0.39412571982509575 -2.907829743531236
-0.36464930515964233 -2.7095440492511895
-0.3146742674514048 -2.81189225330344
-0.3272409082096658 -2.4547002001485123
-0.3342986008400324 -2.208543999782777
-0.28972085988719226 -2.3841970534390917
-0.23967625666600806 -2.475346557025428
-0.22039881695637428 -2.6746071385049763
-0.1767019118444301 -2.4715895048394145

-0.212975115289759 -2.698406376126614
-0.3681408171197336 -2.564155231479905
-0.22135655998843382 -2.22422644682858
-0.2547196765136947 -2.5379756328920005
-0.17647803114456623 -2.6090248403735026
-0.32107023510918853 -2.79925123779628
-0.210286818607435 -2.5375750620983397
-0.2318346219243356 -2.7394786165365357
-0.28111465556567394 -2.8241982907824554
-0.15223296673665407 -2.213502782115523
-0.17752985666215046 -2.6500657551549773
-0.394997609634499 -2.591796523778084
-0.38701319253416866 -2.6697945855107674
-0.24597665607206923 -2.4299413521732522
-0.19368039141444934 -2.8067677415517736
-0.3920999733845659 -2.441056318540492
-0.3069244250141838 -2.3135779723196217
-0.34666639309612124 -2.9632957002256193
-0.34874401403596517 -2.6974859646979246
-0.33634770133571423 -2.783818858389071

-0.15117328325492382 -2.6834751757829935
-0.37867823287997926 -2.4116430172831085
-0.15202800015534917 -2.8950230367234298
-0.150677224861516 -2.6879962767060173
-0.16910768429623366 -2.2297868813227693
-0.31576084524081616 -2.880353683135957
-0.19931306475248886 -2.896349285542641
-0.32999153166536044 -2.5061129649849634
-0.14545751434452403 -2.500430552949064
-0.28530934405188657 -2.4963516186235895
-0.3968332006825359 -2.286060683879163
-0.3596811666133409 -2.433682499738634
-0.10063137401764005 -2.859952404897999
-0.30713667264963707 -2.2871289044069942
-0.2698321267059961 -2.8820607501923208
-0.16396664450480852 -2.6859309248791408
-0.3942900877812611 -2.779359401489009
-0.3476379583476984 -2.6472531984554135
-0.2638254985863355 -2.205647262942442
-0.26532329125457865 -2.8503925056918793

-0.31579003316932347 -2.525577555240236
-0.3054540669465291 -2.7447367749723854
-0.24938063904647903 -2.8824095027162744
-0.3810906981555508 -2.6572833116349184
-0.31280005208764083 -2.591623611399039
-0.23247956708444545 -2.9201119157109483
-0.13154018480502871 -2.548820179719
-0.31956967352872506 -2.2623054056658893
-0.316277973256555 -2.7086621280360217
-0.14571384588002773 -2.325442517432282
-0.39366780247965566 -2.9450707001741363
-0.33619028334915846 -2.327773813709402
-0.2196075119163558 -2.246739667001844
-0.213577424697612 -2.8108789772935365
-0.2555711429102442 -2.956637947668248
-0.29339806176155014 -2.3390780931574735
-0.22398447371872024 -2.958359308130806
-0.31607447153772816 -2.3587383267402084
-0.3283397998411366 -2.61249041730097
-0.1769049978832097 -2.937783946114728

-0.13855540827582358 -2.5319228639369795
-0.1462030843147491 -2.4711081694498502
-0.23327816977683266 -2.7244696968229287
-0.36204344393052257 -2.6954037373785624
-0.35185481586616874 -2.4650893034682255
-0.3272999187067476 -2.3701176451567747
-0.35968879005643517 -2.8522076672223506
-0.16667980961571813 -2.223256795339542
-0.2797246908826836 -2.3012926204923456
-0.17969912386576747 -2.8673134476278945
-0.10485105742384093 -2.8898723313819565
-0.35082818250273795 -2.5640429455566065
-0.3893377779492402 -2.381309405207632
-0.2308969288479068 -2.239613839734943
-0.2062466296212987 -2.9182636160689848
-0.29287364340966654 -2.3657678006492393
-0.2974158781855767 -2.5430293165273214
-0.2922275605964678 -2.956825958725983
-0.251451229475422 -2.6129895770752776
-0.3176535199167756 -2.393244858057943

-0.1469317577659186 -2.640555697075464
-0.28757916455427224 -2.6096054517006926
-0.28210929964484005 -2.5962330882805396
-0.3886573880730002 -2.730914173990678
-0.2087099496294439 -2.6685080015990184
-0.16274116918002762 -2.6959422028960054
-0.1470137109618263 -2.314305114591778
-0.20191932246887181 -2.257758621312285
-0.11711473090328967 -2.6174277167257376
-0.34173247918700056 -2.642241519329341
-0.22333653846483523 -2.3510029030198862
-0.10708845421883484 -2.284558348957025
-0.30716586552203257 -2.492574510775347
-0.3692802678007815 -2.2644911974042348
-0.16156063683066735 -2.7619198514037318
-0.35298234701860487 -2.3589992953029366
-0.2759978416939898 -2.6277593020076564
-0.1440089590124372 -2.741852734387999
-0.19706937715065623 -2.513972852052869
-0.35314626913618985 -2.2276010513792013

-0.25577104455545246 -2.2962829810355103
-0.15706882832477986 -2.2087452327109305
-0.2896891946473534 -2.7191848272443577
-0.19630193974375051 -2.636108451000465
-0.2750065641348708 -2.756852962807899
-0.2071305439126116 -2.4345481613788658
-0.38875037920396344 -2.7559995031771742
-0.374850367311872 -2.358662940231492
-0.22986155368611041 -2.251619647670239
-0.39537470030905875 -2.6597101728253674
-0.1402193804190487 -2.907003105353422
-0.20980516101500235 -2.230010694075454
-0.3252925180618681 -2.600914594957604
-0.20982418208198036 -2.9348417983128794
-0.1843509794598833 -2.683642867512329
-0.1843054564063062 -2.729270650035115
-0.11233995202000291 -2.8383698333505136
-0.22322238142617806 -2.4762937579175257
-0.3195368038160267 -2.374426759447922
-0.3470454152023516 -2.919766380232062

-0.2782980736314841 -2.379415097264356
-0.3845668333992885 -2.9673430228089073
-0.31634741230001073 -2.7385886629018303
-0.1356139412598753 -2.4483498380889204
-0.247151673920893 -2.8327494142131804
-0.20892158734711716 -2.4480073594806226
-0.11803574213677015 -2.3060467541978786
-0.39265204650073837 -2.8084315653852348
-0.37086681104241553 -2.244188070314589
-0.17780371993014593 -2.575308892800154
-0.19402974497794082 -2.211903843868427
-0.17741563824830964 -2.2763084103475095
-0.3252512414954241 -2.7280241212961114
-0.1534810166048456 -2.243834537595028
-0.3833392865878932 -2.4331234150719894
-0.31582061526630334 -2.252710509118499
-0.13322902805610204 -2.86457214949635
-0.1420860365653736 -2.8226946045566046
-0.1106660776840333 -2.725721865021371
-0.16678908228695072 -2.445464873454105

-0.23320104883093667 -2.7088401535617033
-0.16103665602784115 -2.732285107877226
-0.3529618685046119 -2.425556933146972
-0.210473381641583 -2.4703260141834527
-0.1847171070007831 -2.3257676574671278
-0.15791753955354462 -2.6380971634956394
-0.3866943764558146 -2.614749663586682
-0.35024431562960556 -2.96950106904454
-0.17327876411786378 -2.644990736589917
-0.20858577313111742 -2.573519315430269
-0.35270563531118415 -2.4787145094064362
-0.2520599638657579 -2.556871245518545
-0.30712471872465563 -2.2542173884599084
-0.29837455415246317 -2.9506051503503983
-0.36005061132309557 -2.3364007667226923
-0.3100788482107055 -2.4720735153674616
-0.24602267823607527 -2.9478592055349546
-0.1894712200714725 -2.5387700704361267
-0.20845029556992203 -2.4970162317729985
-0.16404093850827192 -2.4249642737855797

-0.19573318626832492 -2.7247079981538285
-0.1543059847545363 -2.83202674465924
-0.3394586653722087 -2.955256797181797
-0.32165183424690047 -2.7486794647633954
-0.20526375022319474 -2.304700667782614
-0.16183300774668954 -2.768286064884382
-0.10763588581180933 -2.714561479736242
-0.22163260618218444 -2.7427707861375583
-0.23617558859576943 -2.8172687177902893
-0.10831124569035627 -2.567406989046999
-0.10191179720471749 -2.270442972755431
-0.26992829266771357 -2.9387157282782828
-0.3791319103719246 -2.322026967178847
-0.22343855808322063 -2.806403060989436
-0.23493032045900342 -2.4915292498976926
-0.3379532146646624 -2.4412370867958866
-0.26571401053073 -2.6611718584404787
-0.1768474246280218 -2.9198848668220823
-0.3794906523375048 -2.328870125856857
-0.220446494381937 -2.7529911090398507

-0.3892890074013724 -2.336421792399771
-0.3059351771157258 -2.6720720673445038
-0.3977756864873391 -2.4425921320967325
-0.13820529672853604 -2.689447921872099
-0.24287040004865565 -2.6790911351784037
-0.2060171208474514 -2.5120827722519605
-0.11687455125444934 -2.8049686620795944
-0.3113288575486346 -2.752569507527828
-0.25369825006504676 -2.8472416776317884
-0.3619431101132999 -2.8624855808048375
-0.11658994902464698 -2.2762955761534975
-0.3020702856890691 -2.9480358850391903
-0.23953637783937815 -2.6897629819313913
-0.17819578060837385 -2.525659544012907
-0.29592386571473284 -2.2328917257992567
-0.31121064947188615 -2.3724550192394847
-0.34365211244511074 -2.709039033174662
-0.11604991804876674 -2.5967085561080783
-0.2561876260629235 -2.2653435199964957
-0.299422595176281 -2.6727384859807812

-0.17200836305986675 -2.3339581772948916
-0.31858177354781714 -2.3752623530566153
-0.35316341284817154 -2.272297602346882
-0.14978274702450411 -2.74945273254914
-0.27260776186332514 -2.387205127500882
-0.3591265353166501 -2.43248664965423
-0.16941259666541772 -2.612508916188369
-0.2689283346770923 -2.3480006196133947
-0.34146252749065265 -2.616102619152382
-0.26337927674236233 -2.2181104760521393
-0.23993408925297577 -2.848569248408336
-0.2666882488184615 -2.4172060897423697
-0.10325492802229874 -2.4265861136479963
-0.22342857637676408 -2.6757264837323578
-0.376939612384045 -2.3161112777341017
-0.18222886696711965 -2.281023210104111
-0.24247070690407163 -2.841335652223521
-0.3165329160924295 -2.7250685844834996
-0.11843988550049594 -2.4001350464638587
-0.39094499943859606 -2.3995094597202797

-0.362365923957182 -2.9625237449988515
-0.18827805822646282 -2.4872956684753382
-0.35662005847958694 -2.218477256302988
-0.15595687515102638 -2.637800781724984
-0.14765157957739383 -2.859332046343184
-0.12392285564772532 -2.3208604917864326
-0.19952380623589097 -2.846979851543733
-0.3047795637842625 -2.7448022021305483
-0.1600036895091504 -2.5167680985169127
-0.235226969376473 -2.7956006598943564
-0.205227322275486 -2.2272778242652445
-0.37056651408475216 -2.737667941584247
-0.19459651668871986 -2.671272124303414
-0.17589840009569896 -2.2363809791412828
-0.33842684796135547 -2.711849888321127
-0.30788396392618916 -2.7873587951126972
-0.2871752110487919 -2.515376829880187
-0.3324347135319523 -2.308881010243323
-0.3441777822795394 -2.8660440019630116
-0.11337584468897416 -2.956211846924103

-0.24013107837771014 -2.6686415857544716
-0.18454893641050524 -2.4197948579393915
-0.1147130569510994 -2.6051411354740894
-0.37792024026933557 -2.82638751027393
-0.3272328537055177 -2.432503358176021
-0.35909823258434526 -2.5370697441045595
-0.37499007246749533 -2.50326837320138
-0.10725583630376206 -2.432311780311464
-0.3177040855475373 -2.788502647318885
-0.12141158414393693 -2.9636987523112794
-0.17232106731943359 -2.6624003840504233
-0.32581776948955454 -2.2657137416288946
-0.20072114402993116 -2.665402440350645
-0.3699699339117132 -2.921483656883811
-0.25538794763801265 -2.8512930635543716
-0.13291900352965047 -2.4127878328045016
-0.33614286874532784 -2.7168175398303824
-0.3943066801149315 -2.8099877605630033
-0.2997287241814308 -2.872393243854056
-0.10184574994464451 -2.8512903072084628

-0.11198844454359169 -2.7942711471236916
-0.36803772902669174 -2.928675544143604
-0.2827644835439956 -2.240500249066331
-0.10045578958174473 -2.3726606082434634
-0.1867551105105869 -2.449831311677221
-0.2380839700549544 -2.350711898737255
-0.1083731811029785 -2.3055795774106285
-0.31443039545042556 -2.876416336146893
-0.22562739792083342 -2.548777476865867
-0.21781951728520507 -2.4476038889055234
-0.14978763758445157 -2.2611327559942547
-0.24130898093749253 -2.7887258832886244
-0.12967575711939833 -2.47358474221031
-0.10160179002585873 -2.63654707789472
-0.18002443704126692 -2.397335264793399
-0.3874064660606631 -2.460562551644039
-0.2599367413935779 -2.4241043072877972
-0.3979014174932856 -2.7364354576404706
-0.15513427265284813 -2.5323540303393997
-0.38818892281700546 -2.498892409464193

-0.2681571526608042 -2.5801916766403092
-0.30945802517416987 -2.399537990028789
-0.12115282789280896 -2.787785615870663
-0.32789493184093527 -2.9173293662342212
-0.21094758919212322 -2.6929692572726793
-0.11350560009641197 -2.6500814926768226
-0.10195203936764613 -2.7185482509457968
-0.24771785132458718 -2.4333589163568754
-0.3676015908636336 -2.3610507151876856
-0.23875170780198238 -2.858711686187247
-0.12921666694876754 -2.32609010830678
-0.10494566150371115 -2.5339776848321436
-0.17218960717901488 -2.318099970094945
-0.29799499940224883 -2.318924658940965
-0.3512018979756009 -2.544900171841662
-0.21838551655788294 -2.5032108968619755
-0.18083030067832892 -2.653183807834636
-0.16936093163597238 -2.5430756207297667
-0.1986232591439902 -2.8715123229412347
-0.21410020363539203 -2.8461292570008423

-0.2412910849985084 -2.4443786703911052
-0.31147785570987585 -2.5354702244104517
-0.25090463012911646 -2.889700549845279
-0.32495137695399656 -2.906615753577862
-0.16110119622993893 -2.4530102429894822
-0.13121693080462815 -2.9592186876349937
-0.11528828130608532 -2.745790804263403
-0.22493633976429617 -2.824444826983716
-0.20226143666401297 -2.6458529381930798
-0.30514697777110916 -2.858574527427078
-0.10872650921021287 -2.849074793124903
-0.3717494675717829 -2.8667102900736356
-0.11700882637064958 -2.439576897424536
-0.12882056063981362 -2.31967311203075
-0.3829156422950512 -2.4811841387347573
-0.2952324975392433 -2.7034297745679305
-0.2262729897640409 -2.312888887685508
-0.11366803377598822 -2.7735560152682086
-0.39771267370547636 -2.332073517978171
-0.19049599179107016 -2.5931766092302264

-0.25180412115906947 -2.8195534694516358
-0.10801672474629681 -2.733708083364333
-0.2450396725559544 -2.6790863132436735
-0.3788078152902624 -2.875147932706816
-0.25923458605896976 -2.6880533877918658
-0.24375297254932693 -2.9596166992354256
-0.18851440844449233 -2.5835283101132274
-0.33555413819306856 -2.708248655039159
-0.2881213600976037 -2.7079332032003003
-0.1710749352191729 -2.7603548941977856
-0.20182176029021992 -2.2193123462509377
-0.25960603497137513 -2.9273578908124254
-0.28298539854758176 -2.7022201337881118
-0.20077964823611508 -2.904238127152807
-0.31571524846435484 -2.938575530472445
-0.23150005356034503 -2.341528861474634
-0.3579240121221889 -2.4624559766598852
-0.12728078998085346 -2.8326095806029534
-0.398992267747997 -2.238302024234083
-0.11481647228669634 -2.579454506378388

-0.3676795215071028 -2.3799772952896947
-0.3552695875806944 -2.481711042255136
-0.14402594786436917 -2.4953483823951315
-0.2833667619678813 -2.2512568692137567
-0.3674946031986401 -2.384879901485502
-0.32026809098915776 -2.4416166343507006
-0.344499515128334 -2.9429873248540543
-0.2782277901316844 -2.660813699843944
-0.3932415283670281 -2.471196066975518
-0.32227835821709006 -2.4198511449804787
-0.20930163768921853 -2.9668138574645786
-0.2234795414102148 -2.70835573675893
-0.30995655982511583 -2.278432308439884
-0.39109601757243284 -2.503470666239559
-0.2182182747142591 -2.370569055884733
-0.39214433450203096 -2.2626203208517843
-0.2735610429626767 -2.9425715156414776
-0.3858513426053568 -2.3167325774837426
-0.12406073089629593 -2.9517015950942374
-0.154373868198482 -2.935039386427837

-0.18809403633128935 -2.3586664674124282
-0.1255492001833819 -2.8139003911998817
-0.3644396138226147 -2.8804935846290185
-0.10964164662522619 -2.338423663428311
-0.3909569922017772 -2.76087048885781
-0.10571566103734992 -2.70096034522389
-0.2534002626653779 -2.4652549212541235
-0.22228802769823464 -2.5878453997967372
-0.14217062408776115 -2.925008634700224
-0.1211449483379975 -2.487609329061744
-0.37168901899640866 -2.663247971429007
-0.2502757456074506 -2.4188582779490693
-0.2360379096903583 -2.806490880936026
-0.3839194353477274 -2.2927450498682758
-0.3284596727444345 -2.6114015493765597
-0.17990959165429163 -2.8798309223046856
-0.13824810169353868 -2.398776486096752
-0.15684635771852104 -2.521741666902698
-0.3195413509905848 -2.5497925782850106
-0.32752698923721957 -2.5123910517768957

-0.3247591449740368 -2.334833035207896
-0.181783056005405 -2.6074082942964587
-0.31923629259844566 -2.214305700612967
-0.21884515604839536 -2.253043308269223
-0.3003476448109263 -2.7880263665319407
-0.31516351583582747 -2.9175468506968194
-0.3665869748522656 -2.9296670805520715
-0.1308042898511303 -2.587762576031243
-0.11115450675105881 -2.237180296911778
-0.2224232270784444 -2.40180178259088
-0.1983090097935221 -2.8725172326813317
-0.2098464104400265 -2.33452182578094
-0.1259710903337417 -2.2094144868943557
-0.3165824063681294 -2.818731122238748
-0.29855167000389793 -2.4148080635300957
-0.1508035383760397 -2.888736407211259
-0.3304642627556563 -2.3607601608195177
-0.2263266529175763 -2.4075082303879785
-0.2847626136130711 -2.8147561274773327
-0.39692635611297206 -2.660867372316526

-0.10203857362202806 -2.816363842654928
-0.3268859280113673 -2.788454322882185
-0.2747591707558027 -2.567291846310164
-0.16051764318831624 -2.2715122441106015
-0.3077009572948335 -2.953260362400919
-0.24010097071583084 -2.5171324461314057
-0.1411155127017315 -2.331104622817078
-0.13485798075076055 -2.5616943902298743
-0.2754449461054703 -2.9483260267953035
-0.37498559024168115 -2.213253508469786
-0.24857606056004666 -2.8000987540934728
-0.24775137263027064 -2.418120610384289
-0.2091119769684116 -2.316973157786369
-0.37366946405082047 -2.7947730575490413
-0.17176603422459755 -2.4090582541450107
-0.11117941503322071 -2.931954829046676
-0.23680256867881427 -2.3940067511039906
-0.3730843740370503 -2.396154547843454
-0.12131919466436253 -2.649038231153799
-0.32933068037999097 -2.6352936327744243

-0.2802565804671464 -2.668777156396665
-0.3353759325057384 -2.275987052105262
-0.214440125735951 -2.302734883613125
-0.33093659933308506 -2.8616439917422585
-0.289132029343286 -2.8196526650352567
-0.22753585802327797 -2.522775845823933
-0.19865559629349416 -2.967837919225599
-0.24516131598101304 -2.359324894481739
-0.2043635308329596 -2.880719829861036
-0.2853990853430805 -2.8337100453783988
-0.1603348715132453 -2.9217420480988308
-0.3677115576851254 -2.5159274497121027
-0.2516028699127969 -2.799144528937465
-0.213252860914091 -2.55109787802184
-0.33909449304359707 -2.6437511494233927
-0.29816540630844746 -2.2518740702773425
-0.38318214814911505 -2.3672051391370745
-0.19822661065817054 -2.8037045745397857
-0.21116857884707693 -2.927962891513012
-0.3335617483148888 -2.5008323296214936

-0.14950911678130957 -2.4096783601962564
-0.2876150320941849 -2.787589012621785
-0.21879462998741486 -2.8612908941432282
-0.31142414530777496 -2.9209922784180398
-0.19124451578882903 -2.2259247114545886
-0.38865456379995666 -2.7255227064782863
-0.38611893520642265 -2.596097342985556
-0.1359230055602289 -2.800263552373602
-0.21472442692152438 -2.4079539211147374
-0.22237774792163342 -2.397497996884785
-0.36729800878716523 -2.380475393919948
-0.10632681231671304 -2.6312558757058513
-0.1413804811827135 -2.5834650864355857
-0.2735770181679853 -2.7448935811519855
-0.23316520320672604 -2.9304964354467806
-0.39481924487280773 -2.600873424331499
-0.14796458652040306 -2.7797393555880934
-0.1582902997882803 -2.4081717885233966
-0.14169311851095395 -2.3829447458090143
-0.2771866075272683 -2.5529635364821943

-0.18151918306920858 -2.5152942644645093
-0.38234073948958397 -2.85861913177853
-0.31093772436351785 -2.526174960927303
-0.24261131891352572 -2.741775110958243
-0.20504569587248297 -2.9679421227043012
-0.36578678457536973 -2.7806276419164377
-0.1672139124828594 -2.688745650609864
-0.2343173458043591 -2.8373606152673196
-0.3336956843433634 -2.55833086384518
-0.28635810364370357 -2.735813731896488
-0.22861806925545758 -2.8510686186437084
-0.3008591073993103 -2.2236978192077776
-0.3151840695930409 -2.797170332953712
-0.38964292383721416 -2.639361171905173
-0.12526631573337044 -2.8492048590418286
-0.185749943162387 -2.7885373105146067
-0.29607741412486877 -2.556374033646894
-0.1804938871857301 -2.863484244279686
-0.1308702439228005 -2.3564884337303154
-0.36299750448026064 -2.6259193738691975

-0.3646805079255658 -2.23060848059042
-0.3623308754089813 -2.600114727983713
-0.3084373176455748 -2.9481090173008586
-0.35382552481123875 -2.330790880026374
-0.36734849068864317 -2.2987756433089137
-0.32200971024650094 -2.9243816929985216
-0.1137867868563186 -2.434270476117612
-0.30608048769487595 -2.7244950984587173
-0.32786634494931866 -2.3101703392906936
-0.362772145785384 -2.485715508222593
-0.29475496136623325 -2.2919946799375794
-0.3479245612947992 -2.2571530608360257
-0.1356384344791774 -2.772180253468934
-0.3873361348998354 -2.4594857460908632
-0.24333379574640118 -2.6462629770524715
-0.2931988774291372 -2.476049171016418
-0.12709276969067068 -2.380110990161208
-0.1317144836536085 -2.4780431028437238
-0.15916263591832358 -2.540021866522857
-0.22112305935640533 -2.5671905081195536

-0.19622506560066516 -2.7187405568069036
-0.12257426659855397 -2.3052043104717908
-0.174065169785601 -2.5069003202621882
-0.2074908168251498 -2.231387299725104
-0.36073704994419536 -2.2079991505084733
-0.3031957197826076 -2.9168353322115004
-0.1645931330306376 -2.742191686022625
-0.12013223536345458 -2.5095740113136284
-0.29569979681728176 -2.671167730305334
-0.3615511391556799 -2.957704448959205
-0.2858975854021624 -2.2585956346508436
-0.322972228582199 -2.5547623606253156
-0.11170286801358353 -2.2589103850342145
-0.37595241474515506 -2.9346935962665195
-0.31887373071573527 -2.30218294665465
-0.20709881367773866 -2.2384161638520528
-0.2446129714908319 -2.6255445996884426
-0.3257746095077994 -2.944899113221517
-0.19424229365719348 -2.8213010520988964
-0.15485007079521262 -2.413081648544736

-0.3592155205575003 -2.6010642371592168
-0.22787050028332606 -2.276519314506298
-0.3935907894775147 -2.88667718204695
-0.16950385277654295 -2.668077552638366
-0.35673807194950713 -2.883850761721353
-0.1470649552108813 -2.5058489058328677
-0.2277916205377541 -2.911022504490849
-0.23240367886607788 -2.4898927426311457
-0.33028629944866994 -2.9530272126859503
-0.1320895424553336 -2.2441956403828436
-0.39861394021513 -2.2696750358724707
-0.22484306358642447 -2.5548856485112736
-0.2677117391957032 -2.587876367127924
-0.19998749332811525 -2.4395830552359343
-0.35019859002817716 -2.889080464392806
-0.1953870084239379 -2.780999381348438
-0.18157306075792798 -2.304941583055464
-0.3807230822781044 -2.6211886683617216
-0.37421517826448414 -2.8868360051014528
-0.3528318180330578 -2.327956095225458

-0.11910846691855892 -2.928927313370263
-0.336140653571402 -2.4459626561731036
-0.3917196732898897 -2.4194019788829455
-0.39801938961817124 -2.494541477047525
-0.24452321420922174 -2.7871334431761823
-0.3546844773066981 -2.9668224427867926
-0.37089869757495475 -2.3553000359324154
-0.1006235119542977 -2.9103651729229507
-0.11079923842656308 -2.509837348214247
-0.204886207608057 -2.407790531835939
-0.24199618919785765 -2.7950371537864904
-0.24060935299982614 -2.6623027284635388
-0.2809180029025312 -2.478462880920337
-0.3278932032155609 -2.252805760760629
-0.14206095443900768 -2.9484278098240364
-0.3118307023812879 -2.264070151260475
-0.32638470387883184 -2.6447143088807215
-0.17886485907932165 -2.8787683965165924
-0.3600222127796185 -2.8261302855529054
-0.17189664354722167 -2.8185829738876635

-0.3562893341888177 -2.5673454326008436
-0.3457354669724396 -2.2565652606363455
-0.1422016428629594 -2.472363377226006
-0.2545058888273778 -2.761008065736853
-0.37314251064564247 -2.5331034078236607
-0.3978053416331743 -2.6735998155860385
-0.2942355857942793 -2.683497541583137
-0.3449933168984357 -2.8462698946115044
-0.3913017854581649 -2.3597096678390703
-0.19348730482524362 -2.253845672308274
-0.18658844090627472 -2.617186872949089
-0.29236359124658867 -2.5913798171181734
-0.11313026627772138 -2.6061986654201084
-0.3033908694313223 -2.8239279046033
-0.13814934975257914 -2.4883728544674497
-0.13883004701369334 -2.6599231594982546
-0.3861798396841826 -2.60971696065995
-0.2999448159697886 -2.3457095235256546
-0.11812643177091658 -2.944671562224374
-0.31890260508984947 -2.438827761348119

-0.13983204999149002 -2.3063095106557308
-0.36405986894964737 -2.6622560807728783
-0.16096665421009068 -2.8992009588764858
-0.3402380066426197 -2.9009540867087305
-0.10151275967050377 -2.625661057016297
-0.2036362424640127 -2.2675023004005253
-0.1931361428544216 -2.4570777989090877
-0.30028794019668503 -2.5622956121637186
-0.3547124583224479 -2.3669925615231318
-0.2240558150806734 -2.2401362140802217
-0.20829011858878796 -2.5618319526629323
-0.29011463875361676 -2.473364955945745
-0.264476107322437 -2.93415579486429
-0.2521834486009787 -2.4198419307460055
-0.156044214507127 -2.9216350010191667
-0.3982473828215316 -2.824035888282664
-0.1635523216860575 -2.7443628855243367
-0.32918628353381774 -2.300953127277222
-0.28187662071371367 -2.544544860040834
-0.10949471746370026 -2.796623215531277

-0.2110078409593201 -2.5681083620713543
-0.2695424719466517 -2.5459160330722366
-0.1753845823046849 -2.3542364804250884
-0.2730205561605834 -2.6369947608961617
-0.2918259559924863 -2.766579994435347
-0.12888121599710062 -2.822167030867989
-0.18262155803783192 -2.7022720631331483
-0.12537449830371444 -2.888077707246664
-0.38573086404653606 -2.8635247561878616
-0.34925732408081545 -2.23614353658484
-0.1507331848931569 -2.6869428024390123
-0.38161108689536255 -2.224446444238958
-0.3611442275092765 -2.212892645298055
-0.2279303257976921 -2.491122070576382
-0.2969024592954251 -2.83037366835942
-0.12136791975425304 -2.489579114485199
-0.10533745464575961 -2.613442544054787
-0.3522430051736358 -2.922805586476349
-0.2663320640961715 -2.23679311962362
-0.21578024128997403 -2.448367493024202

-0.16881386734232692 -2.4556288376272457
-0.13341078938094714 -2.2905605049658164
-0.24014071432726786 -2.9017753765821555
-0.23035071446717148 -2.8177692998915718
-0.20312506150034668 -2.9110370142550237
-0.14359377515084326 -2.4978848691141122
-0.19051590105950286 -2.56437272132107
-0.22415283521013044 -2.3054964848393937
-0.3836688583603179 -2.6768527189956672
-0.2136344659904658 -2.8253066636811734
-0.17970467749285962 -2.8472798653982916
-0.22029295301928783 -2.413042381793054
-0.29355982279661264 -2.3529694711493985
-0.1792724544332658 -2.8285390895721165
-0.12275059426849483 -2.6495865687648896
-0.2690215499186165 -2.376535852039975
-0.2467023303969826 -2.7380724138873407
-0.2931136611804554 -2.4367594848034724
-0.3954570899389433 -2.8157619781559378
-0.29439162679211733 -2.3188151379284374

-0.31620513894815966 -2.612350455352308
-0.3360411796571065 -2.667134245472629
-0.35687983730608763 -2.4109307543636067
-0.34098991510196497 -2.586297180965191
-0.3816257048256348 -2.2387198386203373
-0.23985465043427592 -2.5798533192713005
-0.3609071212702091 -2.9213271203504902
-0.36638154420224966 -2.7638194991952667
-0.3455249702104688 -2.458018573413794
-0.2762004196233008 -2.7688177700629115
-0.379761783875608 -2.2299914058915484
-0.17101109479261717 -2.5493951454424972
-0.2937941688158782 -2.4943982069230604
-0.3984836091778207 -2.8852775507562427
-0.2751456538172445 -2.6954642634265236
-0.28073298173624256 -2.817772403927112
-0.37458660943096705 -2.646081298847762
-0.15863716171470496 -2.440825687400939
-0.3343198659849962 -2.3164395247534606
-0.2890515094883238 -2.371989738818977

-0.33217067351345864 -2.8616908007802033
-0.38858922767371334 -2.461682319226693
-0.17401205361387245 -2.362257216331564
-0.3228984243609412 -2.717685157451085
-0.3948786056036848 -2.816182082116845
-0.3645765079965734 -2.47088952150733
-0.3683832871289274 -2.6454786266078765
-0.3752351463458305 -2.627991617733792
-0.25801743223845125 -2.765957515887797
-0.38077448812507325 -2.302191732022136
-0.16588426143295135 -2.4592990044513017
-0.1374561943702648 -2.819908472066481
-0.11790583680286532 -2.347301439737744
-0.12144748582608589 -2.266885999192238
-0.27969282189833244 -2.907132009168451
-0.2006928811609627 -2.359808299020474
-0.28185696734492627 -2.5080107346894303
-0.33739667435040227 -2.480581387076797
-0.3369630613853355 -2.723047278599147
-0.20759348330726465 -2.5829926596401824

-0.370377160308896 -2.6212244767120585
-0.208441480485362 -2.9388599247668856
-0.14287701304369782 -2.4928541056937417
-0.2710462757499621 -2.359330639659472
-0.28121117134000506 -2.4045652076596005
-0.1984306253616269 -2.8201593909338922
-0.12881552156738757 -2.6604377947794142
-0.29948558667330505 -2.825013826839862
-0.20989474745858647 -2.437870011555711
-0.22006427965127506 -2.964822084925512
-0.19180722183131163 -2.5337078234337644
-0.31111850800429314 -2.469858851491278
-0.3597891108034914 -2.805085870717996
-0.1691432262574451 -2.5741887856980874
-0.2198523083174464 -2.7193064571812573
-0.1919346175634074 -2.8048642300519493
-0.16698645259513417 -2.3197030315081886
-0.2964958532909473 -2.6378285805886277
-0.3274570686861443 -2.548439080278828
-0.1033540070168002 -2.280184858901011

-0.22507821415925613 -2.461587404136303
-0.33745370473474867 -2.8251082374729566
-0.26378000675978547 -2.28267203891484
-0.365134233602328 -2.844903746764109
-0.11930739672036283 -2.915894626363711
-0.27167728668175695 -2.8877089508676366
-0.1559417804941818 -2.896189558803009
-0.39997666398273946 -2.7335849069690696
-0.29631939899834936 -2.7797358264666276
-0.2534557549163234 -2.655708162642178
-0.3348455570192477 -2.2665771776989403
-0.24725152833578912 -2.305598630836415
-0.23102575422774843 -2.918677910807709
-0.19840857881116222 -2.489358522082747
-0.378241554508441 -2.264195143461813
-0.38721720947623095 -2.6595844035814014
-0.3686036642530687 -2.488402663662039
-0.1694775105084166 -2.796945170737614
-0.2961215231156262 -2.2275401999512434
-0.3647170133938537 -2.9217195519366523

-0.3402885207374402 -2.690833052593936
-0.10354910403528672 -2.716832431503265
-0.14211090342535165 -2.4320065024461095
-0.28161738913053214 -2.511673942350458
-0.13676712986018402 -2.5870868901889588
-0.2537414264496222 -2.776886901102719
-0.354527728064681 -2.45659182009208
-0.3032612892155659 -2.6680718598359454
-0.11831641208721011 -2.680779961794101
-0.10562322341573716 -2.775258118179641
-0.11327229832923097 -2.332723089315227
-0.36517413601356563 -2.3347041793796266
-0.31679736802039427 -2.9527229279729736
-0.21119170137084584 -2.8773073964622733
-0.26611865207525187 -2.903014016655348
-0.1079662177488322 -2.542942576688039
-0.3499827650716557 -2.7913026961392173
-0.24891511410295575 -2.952353666968997
-0.13955260143303294 -2.7068328642238884
-0.18909582338412612 -2.5101083499072816

-0.11767405157094285 -2.3889947162088703
-0.38299945773755284 -2.9607336768959693
-0.11108734038576396 -2.8085355922052684
-0.19861700296857607 -2.260841884438442
-0.39574144931832134 -2.7863362841285233
-0.16538154300007074 -2.766617752382752
-0.35717641154723806 -2.5221896124099743
-0.2058947270183822 -2.6782763040581283
-0.3469451034313706 -2.5619340474895975
-0.12096599147567505 -2.2285547374888264
-0.13726654557586854 -2.6320156808335673
-0.3909161295806794 -2.323856438439503
-0.3172005951584056 -2.637858435377455
-0.23007790353484356 -2.6130878230372545
-0.114334202449758 -2.5202649239578228
-0.14767033681895825 -2.8731657202084318
-0.23167295752215603 -2.6578445592147686
-0.33012955703356606 -2.929545110289263
-0.3168499901280487 -2.735477832041896
-0.26778251478212206 -2.77358419724329

-0.38223732479422284 -2.2189993179846534
-0.3314011571388 -2.567432847416353
-0.225648057760015 -2.205502747048567
-0.2693046070027921 -2.9126305772521883
-0.3193362643434906 -2.8966863177053415
-0.10673093042976306 -2.3629488077397034
-0.30592848410769563 -2.5436401495818637
-0.30637663750057653 -2.7486731022252853
-0.249271862887604 -2.217385314845469
-0.12690346580111384 -2.4471395719575795
-0.34195242855283364 -2.3984373092296805
-0.285676555769541 -2.454144141376357
-0.24593558998502998 -2.363219667401857
-0.3267422307705795 -2.792810724696387
-0.1117810125226183 -2.9424513191416515
-0.13870395696827176 -2.8653703431348245
-0.15677052410722547 -2.6831301590218066
-0.25459226807321295 -2.6367708592370165
-0.2963719450168457 -2.5166972249817245
-0.22746177681810442 -2.237367931636906

-0.34340427499229903 -2.6674443841213114
-0.24889207960291407 -2.7212600243020963
-0.14658307625549893 -2.6835483001773492
-0.22895859490370596 -2.3313093841814205
-0.24675872918517172 -2.5678987886902918
-0.2813299297325483 -2.311682475371922
-0.37624043573683613 -2.5011201098789
-0.3978400846821632 -2.960497218232283
-0.38039619513764444 -2.3811590898449224
-0.3258736831543815 -2.3732726464572194
-0.15691385708640618 -2.607004681239958
-0.1749983937107978 -2.2374114781219263
-0.373338730986277 -2.290923031031668
-0.17392199014922105 -2.318833042257382
-0.23867433160144744 -2.704809893882109
-0.34163363458635454 -2.23749412039464
-0.15321619484343543 -2.827176939338225
-0.32757118881336567 -2.661738667399082
-0.36865230630463497 -2.390423921137584
-0.3231067656803382 -2.8688847294241966

-0.2930822841192472 -2.833634779266575
-0.29829618910879996 -2.347127002614881
-0.32040124040472184 -2.551599142975058
-0.28472856840418875 -2.3992542379504296
-0.21544732242883538 -2.6905241078471875
-0.2620008260968806 -2.709193770130724
-0.3639303868049654 -2.8240258325565373
-0.252292708735237 -2.497878851191986
-0.36325355630076755 -2.2203097910356626
-0.25716660047660367 -2.224855558712689
-0.1496927650121726 -2.848214126921306
-0.3545910395461611 -2.2387686063778993
-0.38975963205887015 -2.524180218531155
-0.3448554060300339 -2.883117459644033
-0.37263720119869803 -2.3394646946614124
-0.1907899359286635 -2.6051897792066745
-0.13345275088752884 -2.2241720578683983
-0.11454765304949921 -2.4702295001713734
-0.2491650909907625 -2.3046721667595076
-0.16700963172870908 -2.396209301332033

-0.19934372587221802 -2.627365227861839
-0.20874885751998387 -2.5277241499376717
-0.17003106622699124 -2.8818213160180575
-0.23619664792452622 -2.5586666688621165
-0.24708943230166938 -2.817604959617807
-0.14466648074881966 -2.9686899100490782
-0.25766849996385366 -2.6980282831356197
-0.2833028835904794 -2.7238215991587356
-0.36755665460621245 -2.875707995041667
-0.33997020652128085 -2.3003736653431712
-0.13458680630224795 -2.571967140564186
-0.29728446348959536 -2.595244204257911
-0.2734950376092087 -2.5884262645681684
-0.26184657810074197 -2.4140328834453673
-0.3646794978965128 -2.329222339321367
-0.13734017885317518 -2.2691530759669254
-0.2253098149592136 -2.8739020971466553
-0.20373027271225527 -2.7892234560610514
-0.20072384381066072 -2.5126067256510907
-0.3728290783011695 -2.2832589425679455

-0.270200286588041 -2.309929248176688
-0.14294161518664467 -2.4525455772067133
-0.2475680081517782 -2.220005262887648
-0.12527955688408599 -2.8105954084069236
-0.1505241547720825 -2.9700443783575494
-0.1986021578253572 -2.3850587737380913
-0.1163927888678733 -2.8710915694641934
-0.3504962829613016 -2.3118850584657684
-0.28886054091399677 -2.2987597341557655
-0.1596832354946714 -2.6430637095389513
-0.32453856109512125 -2.735545557017021
-0.37267514494865234 -2.4124370066606713
-0.39634144857552 -2.351728720130093
-0.18927049650656202 -2.507473256966976
-0.13174815713200083 -2.25252909994007
-0.24759340976868094 -2.864848727050549
-0.2429237244810581 -2.522433242596802
-0.3969742432457554 -2.846817267089989
-0.13672059682953858 -2.794338073633102
-0.2905127594285667 -2.3682103172471267

-0.10555245330912844 -2.621635552469655
-0.10937755181206826 -2.4900936724637153
-0.3966013106226955 -2.4441734085363516
-0.2203687051069575 -2.7829265097886906
-0.14154494686736874 -2.4178952818887636
-0.15305987539687455 -2.7240486533359745
-0.3459654038417494 -2.6761199332939607
-0.38271093554751967 -2.538497845382658
-0.24685295182828182 -2.8266179088241064
-0.3583315094073704 -2.290577610929201
-0.24778815585671446 -2.7646433023780843
-0.21746817846107322 -2.2990569716508475
-0.12364951629062743 -2.89013377545361
-0.2531953700706342 -2.4687471377843657
-0.2022060548503124 -2.2532635213992673
-0.36994986340441843 -2.6231031078857914
-0.34565215375166775 -2.2177667319457934
-0.28639020354840167 -2.746826209404273
-0.20407666000487715 -2.4572745035240935
-0.20172392991420574 -2.689126487863829

-0.39145614139579243 -2.203179138960805
-0.16383480948071624 -2.2546027476343484
-0.3628723637440133 -2.960892210750674
-0.12979310871926586 -2.9096718629291485
-0.3840964310454453 -2.8771812930926184
-0.2874804315078947 -2.5440256517910433
-0.12461318165208574 -2.833896295777446
-0.16022591012739423 -2.250980400526463
-0.18901187331966676 -2.293361105953376
-0.3775394951723565 -2.615291912902239
-0.2727753660700454 -2.849548219059669
-0.2485847726225921 -2.2731597127113847
-0.39831651061713624 -2.747985449549946
-0.27951943953273084 -2.4853311634792137
-0.28611630525212384 -2.4032749342172677
-0.366919557572966 -2.5824313744552003
-0.27176448329114283 -2.759937974775282
-0.39113542491885256 -2.5111391055556815
-0.24023894257390394 -2.522962197993357
-0.3050618582028756 -2.25336273941341

-0.2107127352762134 -2.718874535479785
-0.2868916871027033 -2.3082456227452637
-0.3147933829818785 -2.3307122148345227
-0.1329076892435821 -2.2449658483198776
-0.13916372202388788 -2.5767275021029925
-0.39312213357936765 -2.8594628943251066
-0.3296252741615641 -2.2361092316455826
-0.22448880423692216 -2.7611156435387483
-0.3387031253340763 -2.502621587400828
-0.13305337981965887 -2.840520378489176
-0.3813741171522696 -2.96802109777559
-0.3872503553328793 -2.804607323674569
-0.1039400107893908 -2.2043362229754875
-0.19784078119528634 -2.7095610492517457
-0.14583155709203566 -2.4917035034941466
-0.38754819131697454 -2.4269946803939195
-0.25158067335072604 -2.923022343927286
-0.12252217631481083 -2.272513381046821
-0.13104422189350873 -2.544451868194375
-0.3341362184643558 -2.493815748991688

-0.30736473611233384 -2.5348549101295736
-0.13376181869612447 -2.3932614661689784
-0.20599940452958126 -2.725500176812041
-0.1628401891558408 -2.475281306334742
-0.186265274760682 -2.6058721621429717
-0.1597754217423209 -2.680292877522992
-0.26543877608441196 -2.8946705178245464
-0.25576062742408445 -2.527972538574868
-0.30658413151509084 -2.303291652456713
-0.27009510741706577 -2.384044538674207
-0.26986639338953095 -2.8428422765156984
-0.25546691863422083 -2.789505712541135
-0.22063291815930655 -2.865596070829543
-0.23718491378337841 -2.646944375034486
-0.1439801921555134 -2.9135973937722306
-0.2817000504327649 -2.7518104341541125
-0.35686465330198225 -2.6214497893038677
-0.22747662915210784 -2.8228956863415733
-0.2837603212682186 -2.3096980786339016
-0.14999282614992976 -2.887418695748402


0.20501973087460634 2.4649100710737093
0.2167416685371224 2.1349086272572095
0.23476461802081067 2.0636722525194227
0.16382220747978432 2.441803458754692
0.2155747628039444 1.7578075068891712
0.10611511531368932 2.3895758458858856
0.1799465933332609 1.688705216211548
0.07574221260961364 2.2668156023261283
0.07662267634941454 1.6543498339815148
0.11865457141360614 2.2948610100758593
0.2419950908371739 1.7092786029621436
0.08629038055043123 2.3255208658307214
0.1956256992536265 2.2170543745874705
0.09863993142889103 1.9312203824077954
0.16343282820774835 1.8095956474958041
0.18618756946569845 1.5897655602556138
0.07682050067165129 1.9279469177827595
0.1422868859827528 1.8228853759531194
0.08805538322337063 1.7027505797123235
0.1995845062141821 1.8564561588177795
