50 20 12

0 1
0 1
0 1
0 1
0 1
0 1
0 1
0 1
0 1
0 1
0 1
0 1
0 1
0 1
0 1
0 1
0 1
0 1
0 1
0 1
0 1
0 1
0 1
0 1
0 1
0 1
0 1
0 1
0 1
0 1
0 1
0 1
0 1
0 1
0 1
0 1
0 1
0 1
0 1
0 1
0 1
0 1
0 1
0 1
0 1
0 1
0 1
0 1
0 1
0 1

-0.39965273505903254 -2.478774295698998
-0.11921625114397305 -2.7415019676856143
-0.22742883586064414 -2.4068015809367784
-0.16563254284886886 -2.6426945974100184
-0.3123368389484212 -2.639516951537523
-0.16073469925890815 -2.206840438523712
-0.13561203361149493 -2.4105592514518044
-0.35798834872083996 -2.6471324793386746
-0.24667235570829593 -2.9200047076972746
-0.2082145226901691 -2.9616899046291025
-0.21479792144161639 -2.937520051307439
-0.2931780074791282 -2.2502220754146984
-0.22575092319431583 -2.460926599127186
-0.2261552101110166 -2.249364255489571
-0.10858590366970006 -2.5543227388272873
-0.36258814814120727 -2.896966044133801
-0.27958798973312887 -2.8709838602446363
-0.3925053881986947 -2.3674334381434687
-0.23678475649508365 -2.9367817311472577
-0.1197401459954126 -2.2431022541156374

-0.2538723943450731 -2.6976332310293842
-0.3546986566886107 -2.780495543636372
-0.31421223100088436 -2.9076855625796005
-0.3384549508380447 -2.330376423237793
-0.18018536564162765 -2.3664127175733842
-0.23093763099818934 -2.2893900787475365
-0.10815502035197044 -2.9564255482090305
-0.3832779441752897 -2.2343603291846987
-0.10465267717553334 -2.265531175041364
-0.3347216881714123 -2.9667264074393476
-0.3949147916722614 -2.645438921176279
-0.3756591966180356 -2.5286458698633227
-0.3813861239580888 -2.4326801441831876
-0.3683177302497783 -2.374086343094852
-0.3835681991530108 -2.3857617911631217
-0.38576876882065914 -2.224084530925671
-0.2816708260205789 -2.2776390275044136
-0.3426560855822571 -2.47843915378769
-0.29615645022963777 -2.4596708142259005
-0.10070470809994408 -2.7928050388703176

-0.16177938919821577 -2.2148759025165345
-0.1991781877885394 -2.5759126251070494
-0.3022015168088866 -2.2816717970043916
-0.1195958925721341 -2.855184283076198
-0.25814738775629603 -2.7488958687130323
-0.3443242649112967 -2.680509396009494
-0.3918639151680313 -2.4476873404709734
-0.27933852176402074 -2.6490845101467975
-0.3496034337312074 -2.7486901708225013
-0.31516053895216806 -2.5314961382696435
-0.17871646293141125 -2.796492808319431
-0.3149306316781241 -2.9266200054468845
-0.10787349030133048 -2.7565192610745433
-0.20651340622596515 -2.2611676710657282
-0.2317407669728973 -2.4107727133392993
-0.23916720208541767 -2.39218209676702
-0.23417514266090905 -2.5184756392899628
-0.297809271836537 -2.720391362224127
-0.35825750482421076 -2.388814815937523
-0.12748596495775677 -2.36742813022603

-0.10334587012235313 -2.235800018910269
-0.1792060168744664 -2.58033243157966
-0.1529416729696727 -2.7729733514871207
-0.3395247643000209 -2.3846944813357656
-0.3245180241838439 -2.403412931840529
-0.3026126109179147 -2.439970939688554
-0.3766054870435346 -2.5215621556375836
-0.3784655247890828 -2.2125692923897495
-0.2275772670304941 -2.723678240080404
-0.3361386139619076 -2.7357669044549056
-0.3544981262193453 -2.4565320974700686
-0.1374202649931756 -2.7997113171406927
-0.37008675032011373 -2.4335720209624543
-0.36555137846044444 -2.639651641023136
-0.15455726814231158 -2.377240229402248
-0.3317281973560171 -2.2365293177125607
-0.36094499389705115 -2.4344779064015385
-0.10741686251655763 -2.609987349359499
-0.12550356217446396 -2.4397750316457927
-0.203962591140125 -2.2504079079919874

-0.12475652531782477 -2.240687569773858
-0.3554006930376821 -2.716705822354708
-0.14742795036029688 -2.31450733871737
-0.19461825729195326 -2.4777055274817092
-0.38148096030854767 -2.247715879217924
-0.3596737626937583 -2.551468792315345
-0.23230231187210817 -2.8992835682088045
-0.14554286798962568 -2.2275390090117617
-0.22976996894775156 -2.8587035185994116
-0.23014427912027824 -2.9358827612124374
-0.1614500252399744 -2.2993239789494684
-0.23833487416075896 -2.885368484157037
-0.34472351404001156 -2.2521977334400924
-0.23248462505312376 -2.6192568644100622
-0.13401149460674522 -2.6698822058753384
-0.1661980565923701 -2.538847197669762
-0.33210864858994116 -2.782039993023729
-0.28460013034089904 -2.4169818879305405
-0.17257975103602533 -2.7720636104498726
-0.16362381219124367 -2.811663181116304

-0.30858257192178096 -2.683943429118287
-0.3414395319242402 -2.5134540445857283
-0.23840955153665638 -2.6207927064454575
-0.36822263877014394 -2.923441098630788
-0.232700938973349 -2.665489251840874
-0.3705872744437342 -2.3654961049328094
-0.34398777968100075 -2.3691518233764635
-0.3329194782184386 -2.81784731613375
-0.1651883092465381 -2.325365822987214
-0.3312653061986447 -2.782122163096161
-0.3415173116343329 -2.8994286780753376
-0.25928928239042315 -2.764262561414406
-0.1395993634881294 -2.520762608438818
-0.1478592214309306 -2.694546318752529
-0.20758646638487174 -2.4338807152728608
-0.15988947652606056 -2.601085568639523
-0.3946364444939261 -2.2807704979468992
-0.3339055390482135 -2.4185934806943026
-0.23411452746972525 -2.3581532933515446
-0.21060765551359242 -2.672330479461411

-0.2530562751159969 -2.503159980297768
-0.25791384044699767 -2.4084181173869004
-0.12817660488752552 -2.2658238014155123
-0.23247821382243294 -2.6655496696583354
-0.23352832659155656 -2.397148357080839
-0.26533823754578645 -2.7816381507120727
-0.19955985672257393 -2.3896626351009473
-0.2186737982522813 -2.2575503274038056
-0.11910452140651984 -2.623104829692084
-0.16635492023069043 -2.4855627764123636
-0.23791644595681719 -2.8469318194572892
-0.19591525268353413 -2.6893806257948243
-0.19171419628246622 -2.6399509496738496
-0.3484013018028013 -2.456437768772923
-0.2832944631568738 -2.8565044231194934
-0.24589930708689917 -2.858510622902259
-0.32473048443741326 -2.205279625102085
-0.1800126150772906 -2.763367676443758
-0.2396614265319288 -2.927111562003766
-0.19510518292928727 -2.3252162023313567

-0.3951700137286585 -2.734591992744247
-0.26790024113375827 -2.459735213598038
-0.24205452223584734 -2.3672855437458002
-0.10530377300161309 -2.8587338786489296
-0.1773073421879658 -2.637065824185017
-0.3224444760591363 -2.818943904141268
-0.23263624932134083 -2.5077920369283846
-0.26231172641536316 -2.637221460931041
-0.2601458019474927 -2.681384405710939
-0.3805462229332025 -2.7303713757929295
-0.398338013375074 -2.687641606381226
-0.2972646199433988 -2.3860844872260456
-0.34478529977036415 -2.893062144256441
-0.171671347379694 -2.219364830706058
-0.22744483800377258 -2.4432271010788615
-0.3663173501476806 -2.269953897446642
-0.20498772588009168 -2.860996694243177
-0.3049595705637147 -2.263194343006786
-0.31299679426562266 -2.2377417410864178
-0.18122069732880178 -2.3490750794494164

-0.3044167157944677 -2.9361564132040643
-0.18285588920900564 -2.850205947849303
-0.18968279540846167 -2.301041056156298
-0.24683427782609546 -2.443457190174886
-0.14375443872900484 -2.734945489933225
-0.38979769386448215 -2.5304090215601986
-0.3057536966611308 -2.29990312928303
-0.13723114427611677 -2.327896573857379
-0.1506064019613279 -2.717870870005109
-0.2836258884121011 -2.228209345144757
-0.27108870660345663 -2.2892121791599664
-0.14659576309303057 -2.964346516857378
-0.1358574646532899 -2.9368090387612864
-0.1450403356313512 -2.813088286500226
-0.270429801807891 -2.3075643627460054
-0.263878440465089 -2.9391511448906558
-0.22903870065287676 -2.924382655915145
-0.18132688372069083 -2.384644491743094
-0.21971832224224583 -2.315113138642396
-0.3945120011589979 -2.8301298103498373

-0.27715636538933963 -2.2131187853790784
-0.14006584506177727 -2.241215989021785
-0.37334759807779755 -2.3205782677364812
-0.34746636505153616 -2.629674550380118
-0.11265203072524899 -2.447207008366315
-0.3530930393455927 -2.4295935656293466
-0.17645523682290065 -2.551800817687773
-0.10808005763876949 -2.355066587097044
-0.24796575677346835 -2.353430535463885
-0.15944129310370278 -2.5105013552895
-0.1002243254751582 -2.539818133619084
-0.2529949632876082 -2.8112240395467523
-0.30067568212747964 -2.691878585076722
-0.3178205170357524 -2.383170061718518
-0.14985201208181165 -2.2670277827617022
-0.3947097972310767 -2.2112015486669803
-0.38122104113063526 -2.90649148091872
-0.24779449428585293 -2.3867858813365466
-0.3795259510727804 -2.743973600740514
-0.21965072735718635 -2.8162142886265524

-0.3531268146081935 -2.583316018515782
-0.28252901358202087 -2.5711317047085753
-0.3760988221516216 -2.289355283276601
-0.36993107085946464 -2.2428702241564267
-0.2779959965467166 -2.960698754701415
-0.2581731117108624 -2.2133828678882086
-0.27724039570578546 -2.895917358751829
-0.3280540868352193 -2.2980345706411462
-0.11177785947846586 -2.5158299845464627
-0.2652056121353249 -2.5984435122439615
-0.23010206412553136 -2.889570163599425
-0.11427026749686847 -2.5716211845370265
-0.32346775718346316 -2.6300728963068014
-0.13820240545448137 -2.748301464477177
-0.31319660607091204 -2.7347717006241576
-0.3398125868401239 -2.272814324979622
-0.29997433955401204 -2.5928584477541823
-0.15015501980247414 -2.6370441756273637
-0.3287616946604599 -2.8186618085832382
-0.11058615157783747 -2.673874020200027

-0.2790154322419608 -2.9266894835802124
-0.3552802834093164 -2.833712261764801
-0.3795585005215169 -2.827515983872766
-0.35727913070197886 -2.8976755689604357
-0.2571783050377642 -2.7247108162334728
-0.2763139479150824 -2.8728683733024916
-0.18448342955597322 -2.204410947686253
-0.222662392573227 -2.8043604683602137
-0.3392200394124778 -2.486904976985626
-0.1474863998857645 -2.9287658799448297
-0.15123450319813941 -2.7643744974655142
-0.36274305974258897 -2.842537188777926
-0.19368703225630618 -2.3787486430453573
-0.1394729942053326 -2.9263196415019004
-0.26925299946100456 -2.89192647010877
-0.1384776736529733 -2.363387541415058
-0.188062395904159 -2.4363392520013587
-0.2773238930696725 -2.4441741030243422
-0.24120078778289977 -2.222440780410576
-0.232247461912925 -2.766511542265837

-0.22538012933370355 -2.7613366646958957
-0.3780035803889384 -2.514536892930856
-0.3795677854270246 -2.4745648038146877
-0.38318928265137703 -2.330093638047855
-0.10782785144327145 -2.2311216102379143
-0.37102919595094197 -2.344314618107213
-0.10040333999947487 -2.90532406904748
-0.30374118661604577 -2.355801184663146
-0.21113233302246795 -2.8300421009923555
-0.3453336079049004 -2.7799296487819194
-0.24832506244224123 -2.6875283725251298
-0.3733507684710537 -2.756433010513311
-0.11948657595234524 -2.206395349278674
-0.333123358306811 -2.890154646502244
-0.24729086526336125 -2.882663254836529
-0.34039138412802994 -2.313943770266566
-0.157377247013769 -2.4324201917206003
-0.23099957558025475 -2.430683389862395
-0.1323930063077422 -2.2833507852064807
-0.1485946835325152 -2.467479784255562

-0.32556955355086453 -2.468372271746085
-0.37605417046079526 -2.375408786993692
-0.1479904418126159 -2.2853547917978125
-0.2348839202779713 -2.8041594991676346
-0.2954771359338537 -2.21426628136829
-0.2356138462929941 -2.3375215250898695
-0.13560406648664264 -2.7429950897018522
-0.2068370258564941 -2.9311699374286087
-0.3245209790285549 -2.4647490201073436
-0.26587715151487623 -2.567341875210885
-0.2514304784240728 -2.4395681090104175
-0.25572562166237334 -2.631621018724228
-0.30772359529640303 -2.4066639462205393
-0.349643339426403 -2.3047475163592503
-0.11799777112894122 -2.490738439849599
-0.39209709512093066 -2.612985394369382
-0.2821438225557067 -2.2323068727981115
-0.3755796538558283 -2.3943466271101372
-0.29234641605419553 -2.428767373186697
-0.33348141476181636 -2.280507652832579

-0.39852905572125447 -2.2434224465457366
-0.3322138243265635 -2.6742977063017017
-0.24140692219309948 -2.5055451226016414
-0.3084217678781017 -2.948128118918782
-0.2654515468652653 -2.3490699893055975
-0.37250230564044046 -2.907551634018123
-0.10640008740165963 -2.5583156277103716
-0.16181297281908297 -2.5303670919070886
-0.2770637123910268 -2.4014684997574385
-0.21365030831472226 -2.5167974239610986
-0.11778528535610583 -2.764586882262451
-0.17911957099339024 -2.530980499083705
-0.15736914770670224 -2.276452264297221
-0.15760647217307958 -2.741747200227286
-0.15815468938427313 -2.5318528066003556
-0.37348996427883774 -2.392636460180858
-0.11747942398740086 -2.760189102062309
-0.11059908457514694 -2.803768093281297
-0.10130056679666938 -2.6168596135706395
-0.31780754058810035 -2.493721776587083

-0.27979990943012056 -2.968849721498484
-0.3617181445596279 -2.340059078602567
-0.2859371118050762 -2.8837152429172592
-0.14300137816236552 -2.614646804629995
-0.38222785186124425 -2.946443351749281
-0.21482957032359212 -2.9621057274056355
-0.10108253552911345 -2.864677094127538
-0.3541187711494983 -2.6854703420083372
-0.28253143146180915 -2.653869216747199
-0.3358825918290833 -2.724939997835849
-0.36973805373303703 -2.30046094470745
-0.1282257703512384 -2.925819688771485
-0.2888839231689407 -2.835136963335758
-0.35163841913328714 -2.4746852346326293
-0.1690933243535144 -2.8708319876410178
-0.3024188383404103 -2.294682302288261
-0.20966917688657266 -2.406371516202272
-0.330283129921208 -2.303847147383451
-0.1557031789516302 -2.223934295046781
-0.17572220082988094 -2.5295826629021283

-0.19089693449488931 -2.5245842133178837
-0.3228593460591658 -2.2047140881332274
-0.31473577361980565 -2.416466578213451
-0.17144474417191713 -2.7724488173520716
-0.25880151400917095 -2.392568759851798
-0.25497594362163384 -2.691822315303184
-0.2256182590317989 -2.5091864658285594
-0.36035059735257946 -2.8276504799954707
-0.37285813303081106 -2.6351374108401457
-0.24528303548637154 -2.967442794880999
-0.17273429612699442 -2.358017073922917
-0.31681424590670104 -2.922590377745927
-0.2619950028960094 -2.7902191782727455
-0.22833879614655903 -2.8724054713766125
-0.12883170223720958 -2.8531921998958714
-0.3513441496002035 -2.5231733059012798
-0.3891639591089066 -2.942821606137072
-0.1481659097540497 -2.3422275915657433
-0.12735873693987348 -2.820681584219483
-0.1703181459687122 -2.235124023801304

-0.2077241455398905 -2.687081839240939
-0.10834556272898965 -2.4241819226130366
-0.1592813308009804 -2.8722151796115942
-0.17327780279537094 -2.7675722749552856
-0.12891686258800694 -2.3193361415505254
-0.11527788301098219 -2.587657325174295
-0.23978224693334416 -2.2874953622812555
-0.2887246941915563 -2.8610488272594474
-0.13587120351516013 -2.671618817961552
-0.16216151663285278 -2.5387929620964234
-0.37984054287071134 -2.389069525121395
-0.29823950765541274 -2.6826374597630407
-0.3282331355407015 -2.286466825966735
-0.3241820372148986 -2.7626809475984118
-0.28176971350764757 -2.3772345411680154
-0.1455002210182922 -2.3325452090799317
-0.314025120452649 -2.431236802074307
-0.34109075981201686 -2.90160212927956
-0.2361730623463905 -2.2994727703665063
-0.38163500222720126 -2.4113379311785432

-0.14098177922678273 -2.309735541874587
-0.11428582127033965 -2.6013490594351287
-0.15598137006836962 -2.5660380901612894
-0.3142267565702205 -2.4411199536180743
-0.3253545989423011 -2.554474544361006
-0.2706746436496177 -2.5046781988735725
-0.31911759185098115 -2.6790540673610335
-0.21396409443480396 -2.836235700279464
-0.15644263187306573 -2.2908599555607654
-0.34579050140492 -2.5409912468728533
-0.14328245264098322 -2.5441701676658592
-0.2032848292852 -2.4849341806504213
-0.15494070829971926 -2.710200643863563
-0.3267996673917873 -2.4165889577335955
-0.3867742449814336 -2.7233497188893336
-0.12887168464248017 -2.598286317739231
-0.2991522344833776 -2.5394583317514696
-0.2481458568021516 -2.9590590823821357
-0.1408876583745874 -2.2040174268921757
-0.2010037575100007 -2.802567692608639

-0.10096413207183125 -2.64949521712815
-0.27019006892689107 -2.400802239743902
-0.34323822567413254 -2.5625689045570796
-0.1255198397818429 -2.6231012898604718
-0.36821708604158787 -2.5043929059852297
-0.17136181968424785 -2.6465812821104975
-0.25769644347941945 -2.473797353219682
-0.10501488139229775 -2.208526530389932
-0.27139101854929815 -2.8637615117415143
-0.3072285767372336 -2.365371664027858
-0.346208277651414 -2.2376355879148737
-0.1452164623567132 -2.811406270833961
-0.10913962006852923 -2.4134647732437906
-0.32184839703614143 -2.6352711628058434
-0.22986514214196627 -2.340656018116203
-0.10568050334524226 -2.764507945726328
-0.38873651880024546 -2.497732508521113
-0.2307232706890804 -2.562512727796137
-0.36876697683491666 -2.724977452969343
-0.1508785051191358 -2.522127598217977

-0.14560488929902343 -2.45805146310731
-0.10147817918566232 -2.2822604919671963
-0.20603368698273625 -2.802434500598668
-0.1236402790887573 -2.583400013246221
-0.1295755248809422 -2.7619832463494856
-0.28156583190008905 -2.2097770056607375
-0.3305623214359504 -2.609939790632557
-0.3502212639958741 -2.4798011652579217
-0.22551798139384377 -2.611811855746593
-0.2603836888808235 -2.7769563338042347
-0.29884922757936866 -2.7452454985174484
-0.2520404747036108 -2.224269747622817
-0.19500564234528062 -2.959619559676896
-0.22587213508847664 -2.633972393188439
-0.2646135470592247 -2.2428557833321086
-0.3949249269813586 -2.575569360126395
-0.29400880947274727 -2.270123783530684
-0.2850652682871501 -2.679125023061717
-0.3219770381745547 -2.6893694457716015
-0.16694660840280098 -2.5515962817555278

-0.2978642884457595 -2.684329442039552
-0.19014627884379312 -2.478888543183663
-0.13078605131939397 -2.859039123213016
-0.3790908257795157 -2.525120425471899
-0.3719728155464104 -2.7341181600838227
-0.37632240135807526 -2.956692713824969
-0.3989777567626826 -2.932639300417509
-0.3639591651104065 -2.22010862930526
-0.2700494283509316 -2.6281574182418628
-0.3552626139361372 -2.4243408760400644
-0.22520119728378388 -2.7802254939010833
-0.3387541349998664 -2.7352933853708774
-0.3644376690771459 -2.3525344564721666
-0.19586901629122572 -2.4113066863918204
-0.187267755625558 -2.4244262085058077
-0.1271115687874359 -2.3773162089493036
-0.35019369620302926 -2.7513246864729486
-0.13949874298807424 -2.5036607360571916
-0.3797529082667706 -2.5036006797132417
-0.10476194669106931 -2.509303216612764

-0.1668162195265184 -2.547275921928257
-0.27478038431182794 -2.315820640072535
-0.3458373201659457 -2.5674703627224997
-0.15013750525757585 -2.8954828299277224
-0.25727720713422253 -2.7552691208736872
-0.13366434839736424 -2.5983796607291385
-0.35336527381298866 -2.736831968215461
-0.14637915044629074 -2.7727538455753034
-0.337372511633603 -2.7439899777788184
-0.33383442162153915 -2.5317655759736875
-0.1197425640649778 -2.91741655228885
-0.21502721188156634 -2.6952759974390386
-0.18742350552435508 -2.5037173994190796
-0.11410888730418706 -2.617105615007298
-0.15482744320156328 -2.6738252244032497
-0.14877388205714004 -2.4400267655022922
-0.13372578197529472 -2.3499552649540276
-0.2065503732911358 -2.784300743709262
-0.14379989574284247 -2.680136675824055
-0.27075011584638065 -2.718179814832656

-0.1158812531090932 -2.3925964472350523
-0.2519525198629371 -2.728958973175986
-0.1463147672814223 -2.5816656888864777
-0.19193047362867077 -2.71153400909757
-0.2927039313523145 -2.402208349090787
-0.13166606173751272 -2.3709793781054103
-0.15842355679739434 -2.610472452205958
-0.2089802930644545 -2.547285298560073
-0.2921041919341776 -2.6906937778586437
-0.17545353743065215 -2.3509979114697575
-0.28946223180029956 -2.260442224325481
-0.13807067156675085 -2.3444686738102374
-0.18717062580369312 -2.823432714343668
-0.37127830844226495 -2.7242142960081495
-0.3741570037184794 -2.248936197210039
-0.21504965727145656 -2.8123345742390256
-0.3868285973431665 -2.8292310166325936
-0.14223720308910193 -2.91285640205081
-0.22361214867895565 -2.3638704851906898
-0.34149115388815243 -2.8223787225416084

-0.22240971414768093 -2.480049593481246
-0.31543986007541636 -2.456396135520509
-0.16118616655142226 -2.6658487170184864
-0.39369829864961403 -2.24244997819642
-0.29658691485395217 -2.7004233629543455
-0.1872345219831057 -2.639447529947674
-0.27050268507157743 -2.4970497929503153
-0.3541089900564008 -2.350024118621125
-0.13865583556854594 -2.7126883409570137
-0.1991356292172943 -2.6385857536097084
-0.16110261527951253 -2.4180413418792197
-0.2704763921662374 -2.8246317602141904
-0.1652211166023823 -2.7841621983167175
-0.2575841413067743 -2.2617959764764333
-0.325879049864125 -2.938627711824861
-0.1820019875563619 -2.2300431730803845
-0.31676885197923277 -2.5658228337013256
-0.12518614829238067 -2.228273627385168
-0.23377327395402314 -2.5419649897336476
-0.23194372708401406 -2.6884863522504148

-0.2130697011528386 -2.4112353925987824
-0.21885228910201276 -2.7456048169640757
-0.1861023782809215 -2.232693707400299
-0.13541021729478275 -2.4565286547622898
-0.2260079635419176 -2.251219798615015
-0.31541250585925606 -2.2085835113084036
-0.30848402000702313 -2.5415853609412156
-0.2232589497799081 -2.5703253275220526
-0.35452603757042406 -2.6629964638893546
-0.3149382390363943 -2.5561907389178335
-0.33146624068538566 -2.611873648001527
-0.26344168304872767 -2.646932274867565
-0.29466336760018 -2.856494835115074
-0.29145111101543875 -2.601490704364809
-0.19512574522290108 -2.5137756453684323
-0.1625084785619929 -2.8216091287358314
-0.30328845642890656 -2.9228230685455765
-0.3477794471168045 -2.3912301648365553
-0.3518964973238679 -2.888713828451649
-0.37022555154515785 -2.719382271190682

-0.32511897935028433 -2.699407450412384
-0.31543516092951485 -2.4200142327675658
-0.3195189434858474 -2.771379061812124
-0.24971915598868083 -2.419245672967768
-0.23049890408440646 -2.451491344367832
-0.2929394389603161 -2.8510922376811987
-0.18004338266597103 -2.7137015265628954
-0.127678113910137 -2.8734898261940067
-0.36899339688984245 -2.9349234310471366
-0.39552054416116667 -2.9028227698560767
-0.2787140331745807 -2.854543014804366
-0.13496011183964735 -2.3200522349928323
-0.2256800506321837 -2.2859566737249937
-0.34605549567033655 -2.910764157135551
-0.18080530800896605 -2.3799099971255675
-0.3059916045802582 -2.4820098403856234
-0.2928506559866114 -2.8036123630620478
-0.2161724738437586 -2.7998854205160675
-0.3989761820847851 -2.5966356916763127
-0.39928702507796393 -2.3923191603234066

-0.38946025455224526 -2.300108988307476
-0.22612330574393608 -2.933553643452358
-0.27332793336995653 -2.249005022465779
-0.2627899974362466 -2.6180153532740915
-0.132284794554685 -2.61534287730425
-0.3068162242312007 -2.8501496992002266
-0.21684252036315432 -2.9222061448825487
-0.24684446893803544 -2.25578434482684
-0.11355460532360856 -2.3433012518368344
-0.37722087369535584 -2.2615940135069876
-0.252938731963747 -2.3166094545771467
-0.30856655509266173 -2.8425093895198064
-0.1553203165092739 -2.969235968054543
-0.12490803557236285 -2.671061175014221
-0.24761216969558814 -2.8849989001491343
-0.37134270279418324 -2.321207741660069
-0.22140125559474658 -2.8483788372180046
-0.125160301013657 -2.773146504720564
-0.3564222897992381 -2.8843318555291892
-0.39223957122533465 -2.417691025253552

-0.34609089450097064 -2.9018864128505992
-0.15784599110938363 -2.8704317478445045
-0.17792246149019 -2.3466258623992235
-0.39267229896413464 -2.285157631347193
-0.3072710243442791 -2.6873497470973016
-0.33583451211822896 -2.8129886427712174
-0.2108676395465506 -2.8154030144140987
-0.3379454677225059 -2.5788099755915788
-0.3760392642414834 -2.821156396337489
-0.19552789188955083 -2.634405613962898
-0.13787696674057326 -2.811776398055914
-0.13996774784774146 -2.51535918552786
-0.15724076145283902 -2.4306894663518017
-0.3056468248442893 -2.431328750531595
-0.23745615446483134 -2.428743018812013
-0.33175876755428474 -2.324917900901637
-0.17552024237735295 -2.7441409758010997
-0.3992946638061269 -2.7726740424828678
-0.12682683545636675 -2.837931749334355
-0.24189468494041777 -2.6812376380935823

-0.16075790254812292 -2.6153645821046374
-0.17957686452176935 -2.230336758598787
-0.305014813325156 -2.4162202966503594
-0.2612902880774476 -2.5627379794172644
-0.3797239015192222 -2.5124175221861846
-0.17657161768325141 -2.3571358425095434
-0.33114382160512645 -2.669006995861952
-0.13705297155881968 -2.4963701986128766
-0.13233677057974513 -2.21345402033014
-0.3207343597852066 -2.814991821821456
-0.2648736871893107 -2.373375102243661
-0.31554774449697415 -2.771382457325453
-0.3739184806475356 -2.8316052640088083
-0.1792745299112543 -2.3551943785503884
-0.26475577705291575 -2.510477700505157
-0.20662365293099308 -2.303607492607847
-0.3741115092899739 -2.401408330230006
-0.1753409758193652 -2.4603683411000503
-0.13533507282771112 -2.701846252985206
-0.32913729475262127 -2.7432467805336924

-0.1328868847204654 -2.634711632822227
-0.12154719549216875 -2.8778108150823027
-0.2359320027899914 -2.9675275841600244
-0.2208571000792229 -2.964315291874769
-0.29614818834449885 -2.646265763432103
-0.3928055612828889 -2.749425729346281
-0.30997553384555965 -2.903101244237713
-0.3136215764920499 -2.818349588651998
-0.12104878181917056 -2.7568744145478505
-0.172903448172214 -2.614861764524183
-0.10626988570602658 -2.6118717227756605
-0.27913750874698856 -2.8400755944483533
-0.3340625470037967 -2.6334438324881444
-0.34193109248981635 -2.3459688249199613
-0.3680030220962547 -2.9635349634610804
-0.15815182203077438 -2.642338121259014
-0.21209103250660388 -2.8664527344152395
-0.15427572793774824 -2.8557487194160593
-0.24962998410711643 -2.768506814664752
-0.19670447124397383 -2.384201660961305

-0.11483388455148441 -2.826410477310332
-0.2477395654699784 -2.923023552918483
-0.39082747250204397 -2.968691376901795
-0.12350358419436358 -2.61843413450562
-0.12346374766813939 -2.907008956120698
-0.2909444272617863 -2.6823355195568013
-0.3925966792472346 -2.5059097088205387
-0.26244992960611047 -2.64430993618855
-0.2774602441346203 -2.490570731304964
-0.13474181528008777 -2.632099502828774
-0.3971024857724793 -2.362758481830929
-0.1550055091380992 -2.741025113442825
-0.2936885442339846 -2.8161900588479254
-0.12620991168835038 -2.2477842273387623
-0.15864487794213417 -2.4430891722042394
-0.36870931338560287 -2.651222406168513
-0.22301871919084956 -2.734907410209151
-0.11494108764920474 -2.3381551310724533
-0.20297391167877904 -2.9040441144884155
-0.30643386293238917 -2.251869228763183

-0.11911925884409125 -2.7776796858892125
-0.18237746260344478 -2.7320580632329423
-0.24734862151761366 -2.7479993820990325
-0.39267595960671475 -2.8229119940311125
-0.1623232922543324 -2.3252572411896217
-0.3948736530596397 -2.5223275186332006
-0.18934412693669725 -2.7463220255632352
-0.3146936027422932 -2.898118148172895
-0.3516553910237 -2.8761507915434636
-0.1932555753647607 -2.2300815534382576
-0.3666868799023675 -2.2348932856696297
-0.24083795632653193 -2.2095428242681687
-0.18841193008685425 -2.941913815889908
-0.3574375322165768 -2.629496512668887
-0.26011122404659204 -2.480214528064793
-0.17917999029174425 -2.658615410463576
-0.29430544769793354 -2.6753268777544017
-0.2222490970272414 -2.389202104595514
-0.15302602744793312 -2.482527290634502
-0.32134859720161735 -2.959435312563358

-0.12504344820436847 -2.756717322536668
-0.1051591955349726 -2.2709572079736917
-0.13877271125519425 -2.4909487755277673
-0.24179707445269377 -2.250930221321582
-0.1551545307534606 -2.716504243328365
-0.28084127330769826 -2.9094490028447644
-0.1499261674443691 -2.522815041186659
-0.2653217366010234 -2.495053041734778
-0.38680479127125317 -2.8056495865482844
-0.1375027958509938 -2.4612207155898727
-0.12801986840757396 -2.6554980801825483
-0.3564364911755862 -2.584271069062727
-0.34483578411499727 -2.5197766597118147
-0.25934403807668516 -2.2957242619506166
-0.3791199691684159 -2.2662160515964893
-0.3867032573341328 -2.3310529305578065
-0.39399905258224316 -2.8494011022211607
-0.1521936830265888 -2.521416095071662
-0.14250685972540267 -2.815557492471504
-0.28318767145301454 -2.517366909702277

-0.2756208406924664 -2.3528397024753587
-0.1617114564809568 -2.7842815763143505
-0.3716922461794045 -2.8181477727664745
-0.25783541855606285 -2.468818233446262
-0.16465008042158566 -2.8148350952461665
-0.29648582892010655 -2.4575716702543726
-0.29600397533677747 -2.64258557453396
-0.33807205708223703 -2.8326140498488654
-0.11445214476441468 -2.4010152864858574
-0.17171850031482408 -2.6025827797264025
-0.35780640094197597 -2.715407603321461
-0.2224730885175408 -2.468364277930612
-0.3404714901305833 -2.6650242253927834
-0.3762519294960693 -2.3259964143294547
-0.37265874439765445 -2.2537898449548868
-0.28676642326302554 -2.803954640036626
-0.14858372735964037 -2.7787765619084484
-0.1869681027582716 -2.362859333950673
-0.2610790587378106 -2.5168158730786385
-0.285103448314535 -2.582102761095328

-0.30433090502773985 -2.265217215226426
-0.20840774408648619 -2.725207423124733
-0.12221954033962179 -2.454978942354874
-0.24768212560059427 -2.8466814849901914
-0.13692059352257469 -2.376231177500231
-0.2035172719126787 -2.2947968341365246
-0.3846056106661769 -2.7121385989151516
-0.35833247534931 -2.8045892347646992
-0.19122843108458648 -2.7451503103346115
-0.26425779780392106 -2.816008578100969
-0.2975519003896255 -2.5924437778972336
-0.25606322767058914 -2.9241230129242357
-0.2567688786181991 -2.308689089201353
-0.2055148820975675 -2.8630788808607925
-0.2673706959937259 -2.561666061953902
-0.2954503932823235 -2.4573853549841926
-0.2578661400782145 -2.8472887749419864
-0.31265948181387837 -2.6003527831616267
-0.3166667154113122 -2.4485718862202384
-0.10775382708481462 -2.575001402834316

-0.17042896821228296 -2.252222914568941
-0.34919338324858995 -2.964262928124786
-0.29768018076214525 -2.6270320510987406
-0.24117943413342605 -2.3242133979338053
-0.32014986051664907 -2.5929019217281954
-0.12490240079919995 -2.292050311550078
-0.2809131531786654 -2.7185560994780835
-0.24372859832293964 -2.383447607847325
-0.12657513981419188 -2.6261342156885146
-0.27902281524595896 -2.2787686601813237
-0.12020240778920227 -2.527057419871322
-0.12353937661353975 -2.9342842079317455
-0.16408200784887184 -2.722250455748632
-0.1331448597120643 -2.2658488390824045
-0.20398179507733658 -2.9032530243477583
-0.18031688517521993 -2.926860181655763
-0.12013781952168373 -2.2599517185180997
-0.22791012633859506 -2.8701537854213903
-0.10895608297978127 -2.6959496342954647
-0.12794443580096093 -2.774884046811359

-0.15108394735169137 -2.24264741344989
-0.25947093461889004 -2.8628748095188086
-0.2610642697753808 -2.670984217855722
-0.28010182733498645 -2.8194748414756137
-0.31069009362115174 -2.62847195355517
-0.16587663377305437 -2.6031280028011983
-0.1461390196898666 -2.933222686002019
-0.15320375638677453 -2.771515090673938
-0.21998282493591667 -2.3875487654018963
-0.1447986828287488 -2.6038803916357245
-0.2953796691832959 -2.7054669219100287
-0.22747594184676445 -2.261487052415271
-0.2347991984250814 -2.735593339203567
-0.10266322031629166 -2.735781947062634
-0.30403311749644024 -2.545558187723933
-0.3791083347038698 -2.7201069356124563
-0.24050557975898312 -2.6934772924625205
-0.24218227789541982 -2.822871475971344
-0.13685808620123713 -2.246131322509333
-0.37362203503967273 -2.284316050649675

-0.37465607676747903 -2.271598205920525
-0.23764127412514574 -2.775630580183072
-0.13060289660477448 -2.819531494752865
-0.3104331700055598 -2.5602250614208892
-0.21888903320200195 -2.8832573697296793
-0.25082386716907545 -2.6901156946684095
-0.36853197024162676 -2.372145234266236
-0.1128061304405279 -2.6804569653427373
-0.12900421330842315 -2.967653646313309
-0.283092973081509 -2.2097890892577556
-0.27740783694391297 -2.858349063890519
-0.21575946378838762 -2.602551627297406
-0.19738571895450968 -2.4326193702924837
-0.16861953729962195 -2.570440868232656
-0.2537405937552888 -2.95853338444765
-0.148549936128123 -2.814753996787314
-0.1866347974681341 -2.3169320124194983
-0.15223690625362374 -2.7369349510779113
-0.38300023538920464 -2.371894948939552
-0.21016031869575671 -2.5767221274279106

-0.12276808053439425 -2.3281445770420177
-0.29546943489326943 -2.558375422584921
-0.21978120146604332 -2.7302294308406054
-0.23925663941366318 -2.882084009418844
-0.19196890833418154 -2.927002839137951
-0.10307606870367214 -2.6635900563401487
-0.31400482865635293 -2.795317880588782
-0.269852179770078 -2.898277882804903
-0.12078821653178773 -2.923899965594604
-0.30637869133212187 -2.807446458219626
-0.2621884527566282 -2.2341523047829
-0.3135086113784896 -2.278927958719123
-0.2636528577224332 -2.484561070531008
-0.182849199776719 -2.3346825084872016
-0.3200353112045382 -2.4854587560577737
-0.25650766164704814 -2.4527260189893094
-0.32089151145070255 -2.9285158200701407
-0.10894471081120194 -2.32353658626088
-0.25571967637027115 -2.2287990188438247
-0.3241455367560262 -2.344498688149106

-0.3674397723689745 -2.376221833354275
-0.3523055439143345 -2.379223894900014
-0.2940130789597233 -2.967259982444246
-0.10960068374470794 -2.2522032282970375
-0.39079881461370203 -2.956963318712626
-0.2161916254813794 -2.5475309330499813
-0.21800260545211164 -2.529631472047558
-0.2662294592747277 -2.8375460913060264
-0.18618964066782845 -2.2061996674635855
-0.23615972216838307 -2.6528846935831254
-0.2855801635155574 -2.4880570845352348
-0.22329485872083663 -2.4222268264184406
-0.10916777391588439 -2.672797232565547
-0.21533119284975633 -2.512421723150287
-0.1531003498321204 -2.591529589993907
-0.2730671508360537 -2.879095664415842
-0.2732036779615379 -2.682582280915846
-0.1660125523904184 -2.4365702742519755
-0.28853862666812774 -2.8408184700404644
-0.37087244987240925 -2.636921167645607

-0.3331141707624429 -2.27918833676462
-0.38316397291898313 -2.3238736940675273
-0.3063156716190908 -2.3611875977466448
-0.3644522687614631 -2.853907305098808
-0.2412121016938339 -2.507590424656419
-0.3370651741166964 -2.316205513897465
-0.2451020430030255 -2.2651702309809245
-0.31859499238046407 -2.9181858103944944
-0.246209323083585 -2.7075531386929406
-0.21547915601072534 -2.5478566589264875
-0.23343257710075602 -2.522906337544728
-0.3792013177178064 -2.709361087839743
-0.2926171118118102 -2.5171483555016994
-0.11063767289744997 -2.2347818580633145
-0.2503920507936645 -2.3647269673745255
-0.197512162238512 -2.899471592381042
-0.36294408893950625 -2.934566791708781
-0.13651876377199534 -2.926764799196476
-0.30191606833984264 -2.255495919179141
-0.28343995659425436 -2.605359627369309

-0.1885819182274188 -2.6691470384701184
-0.3833288903076332 -2.3082033176850394
-0.3567783927953718 -2.7113551723602165
-0.38565504931804506 -2.8365803875614493
-0.14203594689086302 -2.532557588976211
-0.17965920354255255 -2.5200570273112284
-0.3748225839384476 -2.3789370237963343
-0.39100767134370285 -2.8665478506206363
-0.3829505277060202 -2.8056848690993856
-0.11738397673080397 -2.869953921026695
-0.22609500112607853 -2.2032101387871026
-0.3968066946041583 -2.4777300804800424
-0.28635087116264263 -2.5572505621600814
-0.3410300915191919 -2.3895330554004772
-0.19612913908515445 -2.8782594302345776
-0.3635213880336803 -2.4421484736901182
-0.2661573837167013 -2.410363121563409
-0.15165266472920932 -2.596143255580403
-0.11022827617659864 -2.322673235145177
-0.3240454514434311 -2.3535949226924666

-0.1113990027631041 -2.396345009676331
-0.2588238677948005 -2.686777169908661
-0.2919067788000754 -2.6824916803721055
-0.12417232335467038 -2.7115504298828506
-0.15774330568309428 -2.6060052915458405
-0.21031135159146802 -2.276308547209929
-0.16138092794043252 -2.7147708312807564
-0.2963324096286395 -2.7218960080661883
-0.1871011943773012 -2.840186783888852
-0.20797227361660334 -2.6612692117503998
-0.22485570917809353 -2.2191188762824314
-0.17865198192601603 -2.3300544776461978
-0.3204093566316524 -2.601083916372066
-0.24806118883916037 -2.515837779771183
-0.2084101211394632 -2.4781742233287334
-0.3536672122117601 -2.6708769204754748
-0.3045254971419662 -2.7255863872719335
-0.3806943387482704 -2.768354265519411
-0.2848363210582593 -2.558429653151874
-0.3134515096110636 -2.5630963866480756

-0.3309608908816568 -2.285038250824149
-0.3697278604029954 -2.2955626377843625
-0.36756758617931046 -2.383234938180296
-0.2599806261723018 -2.2251205947489274
-0.2714384231162158 -2.8923976754676923
-0.3663787420729203 -2.439870892895626
-0.16368945372025306 -2.331381762680743
-0.2805107589518054 -2.6967178123767983
-0.38015515805752986 -2.810116851755798
-0.33740943802500417 -2.86723605971723
-0.10058975862164027 -2.9275353441692187
-0.12509858765619714 -2.23105647914922
-0.25080960081793074 -2.3557853014685843
-0.17035329651663864 -2.618700404577509
-0.1293592770050676 -2.4093033378393107
-0.1737231771850381 -2.691649782590895
-0.31974177503556755 -2.2477542982255976
-0.2838820916108179 -2.7547446965466107
-0.14962888841964583 -2.902147721676177
-0.20641208745640716 -2.54149589252709

-0.3817778028949279 -2.6144955510052887
-0.2581515850272482 -2.586098091003064
-0.12058420234478778 -2.576951512001492
-0.31655473988877125 -2.4588673007068778
-0.1702446379465581 -2.3760594751887085
-0.11648207122965398 -2.529648336450215
-0.1814667431232414 -2.286976368331007
-0.3325005850410057 -2.875703207462306
-0.2439632175469364 -2.6465480660920546
-0.3641715153243918 -2.240631523985932
-0.2897652549475485 -2.532889236782607
-0.3220707139255783 -2.537085574533644
-0.15890128451264182 -2.953617297579854
-0.2535077260753589 -2.546284082616186
-0.19748335602104228 -2.2137091123519492
-0.25135892540255445 -2.5033121355061763
-0.2262138993420527 -2.9668615865621484
-0.27494813010654706 -2.725081073466822
-0.27105943180096315 -2.287168496888513
-0.14408990231691732 -2.563304268296081

-0.3677450628863349 -2.434569502796499
-0.22801339830693998 -2.921417436054585
-0.22002924032781576 -2.486589806933909
-0.21334689024855116 -2.3494071154283964
-0.37485563042665465 -2.358047123929655
-0.3007559133698475 -2.7576662982702875
-0.1460407399600227 -2.2039514944293987
-0.3597115222827247 -2.9439463104947476
-0.3862299362805586 -2.459398557699374
-0.1301727721873377 -2.5183301846823265
-0.10178780379110736 -2.4223226383176795
-0.34345605357206493 -2.239803283738178
-0.16801156094639177 -2.8009226230373003
-0.15362712445557128 -2.5522959609767146
-0.35904343938897926 -2.307091864478515
-0.10717927847259895 -2.258979175891247
-0.24586734490185452 -2.8353892561772636
-0.25250286148642076 -2.740737349850247
-0.1743456314258988 -2.588290901973216
-0.1719676520711625 -2.8008417316361327

-0.21403782918777522 -2.2872673160922266
-0.19393441517405824 -2.7243712048396844
-0.32536772532718616 -2.361374975499259
-0.39641763999005036 -2.2737784817196878
-0.30059331060915057 -2.8274879972976112
-0.20870600857220356 -2.215511409236495
-0.15542128926227558 -2.453652080712261
-0.29999033467706265 -2.7033626397281476
-0.3631779458416531 -2.932635341898737
-0.37141944205363486 -2.2059936391685664
-0.2698545064214857 -2.308422737720443
-0.23564853656491777 -2.5090557877273483
-0.35411897167681117 -2.9143677994863713
-0.271941311207784 -2.77712802439467
-0.255709778998917 -2.8655220629554954
-0.1062614011917411 -2.9144285515098094
-0.19475670942870743 -2.38397833631767
-0.18669338095042315 -2.304992429840903
-0.2246278464014191 -2.6877503681512938
-0.29473729488874784 -2.807032189494247

-0.20232591572639338 -2.550516017098211
-0.14226502465890284 -2.2570215371674114
-0.31437640459040406 -2.5316625077607173
-0.13652691591005467 -2.305185240218711
-0.2827894468534691 -2.5645835939366277
-0.28646636625881855 -2.6129467611621964
-0.3461688915255815 -2.4846340904136484
-0.32949322757924365 -2.529916029416397
-0.30842731630106135 -2.449393803532598
-0.14556432135342096 -2.812616912427242
-0.38953703286062635 -2.3484440888990505
-0.2549579494938826 -2.502432232081209
-0.2769596951112797 -2.3290841212978997
-0.3925955089592779 -2.9275130825731868
-0.10009130111207742 -2.333518253719119
-0.31500313574591754 -2.768779210898688
-0.34087589101800697 -2.273080923843037
-0.11979828720124885 -2.4976052918803187
-0.33760742550720974 -2.7989899441088077
-0.19006425858178463 -2.9153089400350813

-0.307986219047286 -2.282970591334118
-0.20228350445390478 -2.8009406044515543
-0.13935377889275613 -2.8382500886232553
-0.2534267237649748 -2.5141300902535253
-0.17948796401786285 -2.39644951496207
-0.14959586751846582 -2.7887641152839113
-0.3900961079803289 -2.407576175226544
-0.2379578688514383 -2.243160794437098
-0.37810702833178644 -2.416874006952048
-0.3618562863005512 -2.686645656785575
-0.309726810867424 -2.2950453967659756
-0.26348325923601035 -2.7400965778020296
-0.23872561867779477 -2.521807483259845
-0.38065156027747643 -2.5215366986195598
-0.14586381637967438 -2.7048560989350183
-0.20419160088092672 -2.410018053955894
-0.18040329149763235 -2.426573315383409
-0.15213337085879397 -2.36081604754737
-0.2162658318931989 -2.43115880796675
-0.18531359582577883 -2.7201970951271326


0.18219630635130235 1.6434854119561004
0.1203219884349822 2.0248343302758975
0.2344987238744105 2.062184406572833
0.2484484934160316 2.1154389217685914
0.21086868902456773 2.450196513593868
0.246275356441708 2.345759684398517
0.09662491844937171 1.6119906829607795
0.10309513188393263 1.733643393784822
0.15118076561418625 1.6351445598302614
0.08002952256994128 2.2050166343093527
0.07555316699484861 2.4970980353082943
0.2048913436039254 1.9330405374717041
0.13153810738660077 1.7761601810235508
0.16374649151873527 1.5161274863570495
0.1555982206515854 1.7686449054584252
0.10750821901441457 1.7285522621468237
0.24958431409106446 1.7982678096016143
0.21574693443593196 1.5045320204988006
0.08362460137303726 2.191526021734157
0.19384586105290758 2.2016127083567434
