50 20 8

0 1
0 1
0 1
0 1
0 1
0 1
0 1
0 1
0 1
0 1
0 1
0 1
0 1
0 1
0 1
0 1
0 1
0 1
0 1
0 1
0 1
0 1
0 1
0 1
0 1
0 1
0 1
0 1
0 1
0 1
0 1
0 1
0 1
0 1
0 1
0 1
0 1
0 1
0 1
0 1
0 1
0 1
0 1
0 1
0 1
0 1
0 1
0 1
0 1
0 1

-0.220777292195367 -2.7914360449124014
-0.12257836672250355 -2.7293477926721974
-0.1955387980825236 -2.8381326268617357
-0.256689061775812 -2.7047732282853025
-0.3546520396653875 -2.6653807330056094
-0.22897176167874303 -2.369451482516299
-0.1458118015213528 -2.5643303059100684
-0.2710350651511201 -2.7356705957553022
-0.32493493927256073 -2.763105590198584
-0.3558369499062159 -2.8152401087539434
-0.3577764373532267 -2.5262304025154267
-0.31561156172171867 -2.537393342278406
-0.2253713311005728 -2.422460953753923
-0.30633402376283936 -2.4418605802037923
-0.19834092152211147 -2.597698824837022
-0.3687354267415134 -2.7223283522496464
-0.38442327661947623 -2.9182340962015507
-0.37340127902047415 -2.423185491789314
-0.3175424805108619 -2.431094452063256
-0.33498306810563017 -2.5248973862214497

-0.3123734567502997 -2.5139520674045
-0.3097296244051037 -2.4118836676708186
-0.3325649006935092 -2.8225280407804862
-0.11727394430448507 -2.6510098581856893
-0.3115853926737279 -2.2359754385976274
-0.2809821343458526 -2.7617948846775424
-0.2552409375955148 -2.5692891602072225
-0.2130979820072366 -2.6698491673403395
-0.3598195554671698 -2.558615622101541
-0.1808903422248324 -2.6381404630734075
-0.27467853583539914 -2.892002696117077
-0.23666497930809569 -2.83112911566103
-0.36418108508652886 -2.596024697687003
-0.2288391651488854 -2.6534319316164714
-0.25966767613445224 -2.2453862029377247
-0.2945381310210018 -2.2670358461967544
-0.27552803964036254 -2.80528335235898
-0.3531750415990059 -2.5785162020849746
-0.3704300590446674 -2.2478594767136175
-0.19022310730334935 -2.34753930183029

-0.10960324037121272 -2.633840727268097
-0.22110329499342377 -2.4383983752608955
-0.1400621615405787 -2.562309986741249
-0.31756626903049834 -2.687360294716447
-0.12110043102401241 -2.405552923002978
-0.12379460938572628 -2.7697681777236407
-0.14664323818129488 -2.6193116107442873
-0.393541761240725 -2.43060985076161
-0.30094986481961505 -2.408048939055524
-0.26571570769413566 -2.892898691060733
-0.34873377408420925 -2.78214933296234
-0.3950279703054839 -2.715931947795575
-0.136544828372336 -2.4139935711435387
-0.1150932755011333 -2.330237637475083
-0.3947489177539476 -2.301696255035926
-0.11332924153087309 -2.286568796853796
-0.35744284967664147 -2.3634574105033472
-0.3331487359666239 -2.232179339946808
-0.1696340738450308 -2.8990354267980787
-0.37321934288223324 -2.5944460860739444

-0.37721323595977885 -2.5533969453227865
-0.13020927142521843 -2.7899147905689445
-0.29318297501180696 -2.4289526864377833
-0.38600350742679707 -2.5546303973815454
-0.15127520929498958 -2.23414166451305
-0.27110979613833663 -2.701806935911964
-0.12848751532271546 -2.630909482402804
-0.15916340624475805 -2.6493103705254786
-0.19463541508460871 -2.9608464835296653
-0.3151776327817867 -2.2395185479461914
-0.2211519388153961 -2.5228585900044322
-0.10109159744856472 -2.4933275155248205
-0.29666255830324073 -2.893721159817143
-0.37193577120853133 -2.840943968984938
-0.1086428547383273 -2.8688429068936703
-0.16924908784585155 -2.469787619268188
-0.20305464276187118 -2.3819099504187777
-0.18124765473321883 -2.447087398821789
-0.145764605468163 -2.557814487570062
-0.1668460275926008 -2.883781039615992

-0.22607763890275867 -2.8349367042668407
-0.33639062844789147 -2.3748450227556095
-0.23394033981146073 -2.4672562321038507
-0.34053188253663264 -2.5768289573275256
-0.19708630657610113 -2.8411122862062834
-0.3683681032874057 -2.665649658171244
-0.19515253010605377 -2.5659257801103097
-0.1898243055994153 -2.6536262420886096
-0.21794607348555592 -2.286103973623164
-0.18484819211223277 -2.916285405895327
-0.17013660641283382 -2.349162191268727
-0.261267777860698 -2.2093437128854623
-0.20565381342725175 -2.2313596531565407
-0.20740491342369657 -2.35580099773336
-0.20962739591126153 -2.7315613461910315
-0.17575095107888283 -2.344082469595838
-0.15589198230167206 -2.3957614186223024
-0.19009269875202042 -2.781542491405988
-0.29494791122316694 -2.477349298652136
-0.38819717793533015 -2.615725801056697

-0.1505338787648018 -2.7868091653795632
-0.11301133164139854 -2.811647365132227
-0.1642052594050013 -2.9541910562736513
-0.22784996482593628 -2.4337593621544
-0.25792495831081225 -2.8137568305844325
-0.3093084059513104 -2.430960858757816
-0.3332955651679474 -2.750094981239695
-0.3018795602073439 -2.6249618825012058
-0.31441500210517315 -2.774750152141544
-0.29001755647838273 -2.751432545356989
-0.17713169025563205 -2.75089998019757
-0.35631388979745915 -2.4964251816219902
-0.23412881854258435 -2.913616030465668
-0.261581851839105 -2.517067914940392
-0.2782948611736965 -2.8365065296885814
-0.1981300183493736 -2.4459548259011643
-0.12693082568551067 -2.4695354493194865
-0.2491289041084291 -2.283147766803384
-0.22110427960126336 -2.410373007763846
-0.20619684994033977 -2.9396240088779266

-0.3120811265904406 -2.384176370272812
-0.14221557939499413 -2.467551967574939
-0.3750737615323081 -2.8376204626698347
-0.28170456184151904 -2.391863554369858
-0.26929196804894706 -2.323076726978977
-0.33062582771140586 -2.4633580650515627
-0.10587026387485543 -2.2639632231739624
-0.25986397852355647 -2.9354363138559996
-0.37108664672156333 -2.393468140286441
-0.33822126041431755 -2.8785268570003635
-0.13033699290511536 -2.7343677924467227
-0.15797347261513775 -2.538840559031219
-0.3302460311161871 -2.725439023732701
-0.20018991616269835 -2.2161615542773014
-0.23880501710189028 -2.699422186657302
-0.1560291439181327 -2.609869215964718
-0.16217961095410022 -2.3035518269607005
-0.15573818060515546 -2.8307921690528346
-0.11128886513589159 -2.3635624246734146
-0.17229250444768485 -2.7588716161045976

-0.17747481363003623 -2.4536931848436705
-0.36053740506134513 -2.6080328681656457
-0.340944172532049 -2.838055710610943
-0.17999914458373156 -2.6050699186422683
-0.21078349313316508 -2.687948460577803
-0.1084292343949716 -2.7141480889874665
-0.3316683915192543 -2.9137262343700367
-0.3687645142650138 -2.713525320683932
-0.20276219859355346 -2.384399254878663
-0.1053260666247422 -2.3579447390655988
-0.3737724874602701 -2.8647863471537978
-0.18646733330428583 -2.331151700978545
-0.26025743986999084 -2.6491479939345424
-0.3296924089758393 -2.8959679810140515
-0.3676026479680218 -2.2344728380787724
-0.1298791664080452 -2.5894256009952095
-0.12718162176182313 -2.2340721077560297
-0.30801946486078624 -2.6994609502277274
-0.3612852951373202 -2.3529854609251295
-0.33280964874374236 -2.5814518795272714

-0.170148905373973 -2.439237847395403
-0.31940654299767457 -2.603010906389678
-0.2474948790072155 -2.876311857087208
-0.342814786485886 -2.596661588653254
-0.2182061933542363 -2.29100149410626
-0.3988253666047375 -2.8099712816739006
-0.3544625347955875 -2.3851580671990806
-0.3609672392226037 -2.4681647617705655
-0.11556479668762215 -2.247105624320005
-0.22139392949154096 -2.5757240244681876
-0.23059195679823827 -2.6449665179742823
-0.3788607792253969 -2.2954188014306993
-0.32256011816762825 -2.5220703323154505
-0.13240437686694173 -2.696262547707657
-0.2537137312257687 -2.344451458495148
-0.37516341645318124 -2.9524127733271994
-0.13033744512333617 -2.2792864785530256
-0.11414448810192274 -2.3476807417644143
-0.23951712546929702 -2.6402324624466096
-0.1569030289440022 -2.6117839339701554

-0.24219535691189656 -2.251827016220994
-0.10545267319807766 -2.276632265822591
-0.18395826711399166 -2.5438667935227848
-0.30492569432484046 -2.324535289987189
-0.17034918761135237 -2.575947282559801
-0.30460903322197663 -2.458150687838524
-0.22935302890583292 -2.8887722641879146
-0.15187904109058067 -2.6922281164590363
-0.3160125932751082 -2.930273588067631
-0.17957837279263755 -2.2261846906677887
-0.32576389771266706 -2.8327216342412207
-0.24068066462139062 -2.2890648381175285
-0.293817026365734 -2.785867101730002
-0.224757115101912 -2.832317670800852
-0.37390895327874124 -2.242712244297137
-0.2001955299434156 -2.5467238980248204
-0.2588814523854712 -2.499968659684607
-0.1387301792441799 -2.8727708986982874
-0.3373138584307345 -2.2493004034212896
-0.3469908231167965 -2.7067357026051426

-0.3938767076902495 -2.8447631738566974
-0.18058238876601235 -2.502794057098042
-0.20061922498897436 -2.672246981052866
-0.2871444751478811 -2.615116785918874
-0.21919926234898401 -2.474567834409184
-0.37359656035542366 -2.715257203232397
-0.10595775364854176 -2.578373574694671
-0.32681432739050276 -2.6064993963826573
-0.2320678596956972 -2.797017321845757
-0.19832829836579394 -2.4355151888968067
-0.31109956074993933 -2.420693779965282
-0.20252455896117252 -2.841225926811455
-0.3903346667201195 -2.544891991610767
-0.378183345703451 -2.4515480293623346
-0.31799177562614017 -2.450501955578533
-0.20829364862361585 -2.421750466920504
-0.2973337668304174 -2.55745607522136
-0.38272160178997233 -2.3994814689871538
-0.3164972695038171 -2.2299241085494135
-0.3983524501320775 -2.527486193689453

-0.11453114252022362 -2.5759413521469567
-0.39302080683722623 -2.6328693968778176
-0.3631399129376696 -2.8585011559430034
-0.19868609824306702 -2.6408187458571177
-0.1255768431239752 -2.677776309869341
-0.17305226633017284 -2.9128856218438313
-0.3898907721193994 -2.905312819798283
-0.17798000207303974 -2.2392978647940067
-0.1973460747750642 -2.8358597337555147
-0.14112573903737408 -2.759475385832655
-0.1729820320672285 -2.21980560188792
-0.2781046203662208 -2.7747409482039522
-0.3007646813293683 -2.7759068413687995
-0.3838410631328371 -2.2146490347573113
-0.2705354175939966 -2.602131162754347
-0.2930869683020419 -2.7226723342501145
-0.2772080643887149 -2.798702464420435
-0.1490050024009793 -2.9097973471851937
-0.18380170867202017 -2.447975259746417
-0.15743612791996625 -2.677891764582604

-0.31772354112418505 -2.216007107499264
-0.26551064424823406 -2.3659829980202036
-0.36185554036813006 -2.735362663269339
-0.28692461769361405 -2.6826030811451433
-0.1112885093662655 -2.7768380440636613
-0.2918889397767961 -2.751741378853796
-0.27695567037778607 -2.2355352744196324
-0.36210208634962887 -2.66517814096561
-0.1743720215872533 -2.698820773238827
-0.3867665462618043 -2.6809526016588325
-0.15341263200927302 -2.2535746502489635
-0.37093719600504627 -2.4922743940830787
-0.34839427140045337 -2.3262206321234116
-0.18198794118944964 -2.6211655640988645
-0.19505259127506158 -2.331215632048692
-0.17731578823367636 -2.838486434391487
-0.3198616621533113 -2.6303520645602387
-0.2943774133507913 -2.451976773352345
-0.11595796766509553 -2.558793985413308
-0.23692703486615196 -2.702796004283427

-0.10603053604261276 -2.440114882552738
-0.16787046623940732 -2.8877067611218665
-0.2586356963631238 -2.926129045657668
-0.1350226361645978 -2.4518975608041265
-0.2424600258142603 -2.962331754046678
-0.2099890934923885 -2.785470252257236
-0.28937545898375794 -2.3193714847832556
-0.23287737402215214 -2.3611345386258478
-0.11917717013878998 -2.669934169909342
-0.1388491892512954 -2.321433938442669
-0.15379300835401097 -2.449191578385541
-0.1655647600719464 -2.6100673463271344
-0.15159028830902121 -2.2620226822099907
-0.13342341901804877 -2.617808120019666
-0.36078534447186145 -2.2716754318704853
-0.12740825368631892 -2.7670844742197263
-0.31552414589325056 -2.399631998693201
-0.19505966984735823 -2.353378889292048
-0.12045040778231553 -2.887192429028587
-0.39107946761230833 -2.9252291667307224

-0.29063641220614755 -2.5994363222303676
-0.15078391757706364 -2.8089061105598567
-0.13748130117421759 -2.803348366490651
-0.22446184240361208 -2.284818455194344
-0.31937526578728087 -2.8508608335405574
-0.14456546272670795 -2.906298123744814
-0.16637190932276127 -2.9515385567100028
-0.21184089103845358 -2.740798689173829
-0.36425366595914377 -2.8739639835875397
-0.2132293627555595 -2.624118786592929
-0.15404489157241594 -2.7078350943837846
-0.34358229432556153 -2.8950870154324027
-0.37728064797593996 -2.3760568614396864
-0.39922377789721447 -2.560520666791397
-0.11544830404175682 -2.625060156941065
-0.19254002973634227 -2.6252983540908135
-0.23150103016053444 -2.9468366247474314
-0.21325307284148465 -2.7483699375042963
-0.11249098946663799 -2.6957654571544274
-0.277708598651496 -2.225455445470194

-0.15400920953441075 -2.713922559888797
-0.18829144238678883 -2.2172246415897066
-0.3524459026123686 -2.854285761386214
-0.1980206803702637 -2.2209163055094208
-0.3319434677841344 -2.217041677385276
-0.371479439543142 -2.5739088134441026
-0.32184076771894127 -2.350657949964235
-0.16092120988187267 -2.292027647707683
-0.2866706405886684 -2.3103492841867386
-0.18952394779219967 -2.4199830889905876
-0.32663455673689795 -2.254078300975679
-0.1656261254737387 -2.387503518139989
-0.1921003698690309 -2.896411510236755
-0.2313142203044632 -2.5576864895804734
-0.322327730314195 -2.7607073941777664
-0.3624302493147862 -2.7630831185252145
-0.3893601585547813 -2.6876551547088656
-0.24455159460241233 -2.8749079451591437
-0.33509343583223 -2.4230366687229554
-0.3161013734273761 -2.239293039364372

-0.3149247453029323 -2.4155427426055347
-0.16005752706943266 -2.7941096250602584
-0.16392644446593202 -2.4579747912217975
-0.3033685736916537 -2.7363556754253553
-0.14141287905443617 -2.490054382025293
-0.31353688535197616 -2.9641733343873184
-0.18929786588074932 -2.2773467460627463
-0.12092892692406637 -2.824819640979025
-0.3218059314438899 -2.3737217314256913
-0.32060850796059304 -2.746656816468926
-0.24042153709545871 -2.841829064042823
-0.20279326408236054 -2.886429887264372
-0.358987982701714 -2.34396116815521
-0.24915960298916678 -2.222016717072435
-0.289592322692941 -2.249879188337311
-0.20338038252889507 -2.815640779853251
-0.18772308236180812 -2.241294111156365
-0.12489214798645465 -2.3635085220952474
-0.13024086125231304 -2.221811191875922
-0.1530747183838487 -2.204058950024473

-0.24702203970980208 -2.456948701318044
-0.3882795685223815 -2.5139185589522737
-0.19728670478667354 -2.534108941952453
-0.1088340766027 -2.5033783283005504
-0.24130230415027754 -2.5912853829393687
-0.2975575941225132 -2.7935293888696533
-0.3709281283185852 -2.294932927650421
-0.20000552374107045 -2.3167628208133952
-0.11091617899793799 -2.8803696663826255
-0.39235944485983415 -2.4032584930332153
-0.23476193921921942 -2.3808245367622742
-0.2999213626178411 -2.21954281997808
-0.15060425552732606 -2.6111068747549693
-0.29910917672044857 -2.2842174875272008
-0.16964598754235913 -2.4004449280356597
-0.29142209684633397 -2.9666382478236866
-0.39441391086434624 -2.2830788484141635
-0.2655203935118442 -2.890515137762484
-0.1571528053167585 -2.850357689948766
-0.2318464381867155 -2.2621340436121935

-0.16318919075955537 -2.7338379064586067
-0.14963777582908377 -2.5061692676098577
-0.274847590135171 -2.9010006934841637
-0.17306028272796736 -2.6755846370234555
-0.37621329424901584 -2.4974858265298088
-0.3766718590108257 -2.411592349605245
-0.11007439221557347 -2.4063265569744106
-0.15816307454835069 -2.9171759113225884
-0.30181229525397835 -2.3584771193970813
-0.2764594282346096 -2.8358848830538856
-0.3561093709986671 -2.739130579978496
-0.19037512538445406 -2.5088026662686644
-0.34415645119128824 -2.5918754023788235
-0.16754109783432283 -2.509687705672426
-0.2327011737140236 -2.427934212020414
-0.1604958466227351 -2.5376133795724005
-0.18206149048774972 -2.47553473541876
-0.1965609109377758 -2.310649717789113
-0.389000223856174 -2.555866718599476
-0.11254112593808874 -2.427934055106012

-0.3310438057073448 -2.5950888514644603
-0.3418829598599591 -2.9661154402507632
-0.2873163195165168 -2.4643944389716346
-0.3668596207550167 -2.3320950966003355
-0.1740943969543809 -2.6545534090486647
-0.38386910319400486 -2.649307145929843
-0.3966476441811548 -2.595123215505086
-0.3457454758415292 -2.8994623791649725
-0.11711802138652516 -2.3224223447181416
-0.27823172223509823 -2.2073718473528854
-0.31626684296282026 -2.2451852696095322
-0.39370534734832335 -2.9403641469699258
-0.218631072788944 -2.8838898436499636
-0.38843680133450215 -2.2481452554528496
-0.3768356625438578 -2.5310077712948478
-0.19597408017706727 -2.287971738926152
-0.15669723679447195 -2.8826535874276638
-0.39424093707100333 -2.8246572811286295
-0.13076924863528705 -2.7873904650944725
-0.30966749428530527 -2.7210310335425265

-0.24666723768306914 -2.3058628196025137
-0.376936963436773 -2.8626948629191307
-0.2404382528993507 -2.7060212323019908
-0.19934800411055406 -2.6275452901002203
-0.2536679267588093 -2.665925990251958
-0.39303569399741306 -2.9293579597267514
-0.34528016251403987 -2.2773522009433753
-0.1778484388439331 -2.448509507671716
-0.34167319015095926 -2.9059936186139144
-0.303725974003247 -2.9450828946561947
-0.39425017074603624 -2.7925864019330415
-0.3464412514452434 -2.4888522454153765
-0.22969320640833227 -2.6060282604931757
-0.25372717354411495 -2.375140401743273
-0.24335923503400822 -2.5498476118536066
-0.3643007964611092 -2.9079029156426563
-0.305864111476064 -2.9629531076151476
-0.25945640467225733 -2.72408154228482
-0.23065604650414867 -2.484667071149488
-0.12567305971130716 -2.7401436579413536

-0.35889879722328033 -2.8890299784089284
-0.21602826202407294 -2.545729990672002
-0.14199543215136634 -2.8271510594822855
-0.2513712330015503 -2.416911203485607
-0.2527066748507224 -2.260921189229059
-0.3192079247328634 -2.4859817554942194
-0.14104369901566427 -2.5922248650196655
-0.36613329908917125 -2.4213171104710236
-0.2991686343186229 -2.685428868993162
-0.26295026536132815 -2.333249023839695
-0.3500939819175882 -2.6768148939152256
-0.3848947559738782 -2.235731567711451
-0.1320754243867549 -2.451761979191646
-0.24218218487467935 -2.4197449068993255
-0.3104474207570997 -2.4140688656811284
-0.26357394264264683 -2.6253713443071622
-0.35441274352009927 -2.4316494526664636
-0.20500738648616026 -2.7192416171019707
-0.23949758721641362 -2.3092463617152736
-0.2435815580919585 -2.241072983687638

-0.21355279822399756 -2.4791175753331496
-0.24567707271740197 -2.2422566079439976
-0.39950173369295783 -2.607307871708964
-0.3589651239636321 -2.3460900632769595
-0.3895201524271878 -2.2911178820121094
-0.26981687941117005 -2.6211539166841207
-0.3036509015587261 -2.704151325659942
-0.15613921858990262 -2.8962011180041958
-0.27237412063574074 -2.819237625756686
-0.3808673138824056 -2.344854955204345
-0.14377251420033893 -2.696429663107639
-0.23291733281021476 -2.306069916427967
-0.22700855965350106 -2.6134139184799934
-0.28611127985045764 -2.9244539409052637
-0.3127922739789167 -2.3779506236951966
-0.1604491713236795 -2.289149105459692
-0.3136722205479257 -2.374310606364737
-0.3646648006030658 -2.8563050012211586
-0.3930543751533816 -2.2064566008167477
-0.3014819145167329 -2.453332388679055

-0.18523883605780295 -2.5319434609111005
-0.3224884071605416 -2.203484251412746
-0.24065774704542184 -2.726607112757929
-0.2679589901629464 -2.5841895171709766
-0.14758116238860808 -2.517394416792098
-0.2874787587019316 -2.660989176674903
-0.2891227359722067 -2.687595044817447
-0.2830695677221425 -2.2423976502362084
-0.2925389136264887 -2.4515788421378417
-0.20353245233417808 -2.9340515885934773
-0.24929433719161948 -2.234377863269039
-0.11158539631987913 -2.336506177509147
-0.33109482690339065 -2.540497095349144
-0.1421942839273247 -2.8500992063198245
-0.2824929814983873 -2.2632235923730244
-0.22203332973273368 -2.4312224099226127
-0.2906077532479942 -2.30655768104674
-0.3862819078916227 -2.412014981139637
-0.20584937790295138 -2.512235774967407
-0.14701099283870578 -2.5180277536629556

-0.1593339246511322 -2.9493822233579308
-0.31210396206334057 -2.6017782582972924
-0.3648830087297985 -2.244518220434079
-0.11708627847678865 -2.8323114565213983
-0.3895007225960503 -2.9559269066206455
-0.1341637738952498 -2.7211552071370906
-0.3064586923770749 -2.945165017807067
-0.1897884299531527 -2.92395618813075
-0.3261275216916122 -2.786705226986457
-0.3974485453266824 -2.850625671741859
-0.3418895856760512 -2.4832396541280444
-0.10992269593401832 -2.626902784702274
-0.3490140354215392 -2.394130695185221
-0.20625529143027502 -2.3065640498342947
-0.2872167820302225 -2.728863805008187
-0.31627045703841455 -2.652473526990143
-0.21840527436462284 -2.716072549601395
-0.31334472646844425 -2.855673586171761
-0.3069047642713305 -2.2906161014680775
-0.37531217664264827 -2.8114095641812673

-0.35868255013184275 -2.611123491041517
-0.29107806861697927 -2.7987951955444306
-0.1232035134529827 -2.9630284534986187
-0.16210797677129707 -2.816161787476438
-0.31970967745020895 -2.9585198783645508
-0.22533654530836722 -2.4934855188259473
-0.1486062112088904 -2.423409317928795
-0.2697260881392076 -2.3558365442591045
-0.2490603801170878 -2.691974911046111
-0.18561524710051353 -2.506730935799771
-0.17133060734280384 -2.882714978351625
-0.21536525617251798 -2.9620008838474243
-0.30288968098030766 -2.5557998348851667
-0.35568677099468804 -2.9462381988652075
-0.2874436338186428 -2.5994664901373645
-0.14708990072224626 -2.2362003125007517
-0.25446140788879734 -2.7572021369181874
-0.35889733565912074 -2.554806610853651
-0.3019180209460651 -2.441497619911836
-0.261449162624771 -2.3956214824637403

-0.3038458160192736 -2.9702218370039373
-0.26934236479744245 -2.711561613957438
-0.39423642591265284 -2.7325601045591057
-0.25005377837047854 -2.4527294022528885
-0.10189671997839955 -2.3660999589688663
-0.28804681894728973 -2.6229217779762295
-0.10840449765136284 -2.8359470342962716
-0.14165857167944285 -2.2540398544475293
-0.1225758686503089 -2.3197009087934677
-0.19754880003034747 -2.821179245085655
-0.31667919649292764 -2.4989100103522475
-0.2653949248378611 -2.397899260073107
-0.1402509205196304 -2.384812076765675
-0.27116377044075357 -2.490560859577922
-0.25355970560890273 -2.8273253994391205
-0.2787373390051694 -2.2183681126780006
-0.2429651594607672 -2.6976841403655794
-0.3745410716720251 -2.471757106141211
-0.22598698305658932 -2.5457165084951203
-0.21296672177728532 -2.9481641206628697

-0.3149439968198054 -2.5310968852612543
-0.11211828290279097 -2.4673340840437494
-0.3023277980862997 -2.588966576972738
-0.39172729260023165 -2.252888663333022
-0.12169590822890403 -2.8538414090956032
-0.3965864432980058 -2.5348952338426765
-0.3195119175232549 -2.888880021512017
-0.33611591423893894 -2.473753968038154
-0.213552167153079 -2.6120147959570295
-0.1934838165328944 -2.2849767768657463
-0.17734054793205 -2.7784318724947843
-0.12208441995168967 -2.668078202241925
-0.22241513143829006 -2.6620566560145194
-0.3570756943893246 -2.476709787245328
-0.24039811606874806 -2.8211710704596507
-0.3727473249746607 -2.3045890889882346
-0.13876169740342742 -2.72914808840551
-0.2053502762214843 -2.393409777003277
-0.20510279762472566 -2.6359498559936707
-0.29683623948103266 -2.5813953749429723

-0.24381844149553197 -2.7553871863829245
-0.29029199687358037 -2.6372602335948727
-0.2087784849829004 -2.5856040375176272
-0.18843927415617112 -2.7630943118623112
-0.2142240030635061 -2.4225922215959637
-0.2558049815563127 -2.5870867263737267
-0.11922738861561327 -2.849010274738835
-0.2168650969730702 -2.3451695054140576
-0.10948604308924326 -2.250713673150232
-0.1750264468607554 -2.632467275912113
-0.3160142248809986 -2.785713960356998
-0.1862733685340976 -2.5538693554252943
-0.12409045720734335 -2.538848421870018
-0.19625983163986674 -2.8271712512750113
-0.19119320359932457 -2.8296263571757403
-0.3787928084596768 -2.827519267973614
-0.3021593043282476 -2.5267008366438377
-0.17302144258180285 -2.881269378437322
-0.27787103207953534 -2.8826269421542983
-0.364618279167473 -2.362102820730772

-0.26179505669750236 -2.5540359202477476
-0.21748036703826792 -2.489298445213274
-0.19500846534778374 -2.8343704938220453
-0.30396069223708977 -2.8138446148956935
-0.18957527270037472 -2.9170554728184976
-0.11689810232344733 -2.580668303201344
-0.38232651116692495 -2.4326096309972884
-0.226811828077934 -2.667201369889513
-0.1376138289181813 -2.879125670217687
-0.3420285925866953 -2.707264045439981
-0.3069016919575188 -2.239174463293342
-0.20587155294214338 -2.6575810073930186
-0.3082419810407124 -2.7107329029492955
-0.21891361431465364 -2.784617226336972
-0.3099535635284611 -2.6581889745449327
-0.37481657188561046 -2.849103253876711
-0.3019771725432066 -2.225786461871218
-0.12530645731098167 -2.6588327194149084
-0.25671864713587755 -2.2233460287431006
-0.16003036200365495 -2.9379212605795306

-0.24022224051294266 -2.705081441524133
-0.16251605629243648 -2.9370370856911685
-0.26680682325305366 -2.929744304283797
-0.30450655580627506 -2.309165028036705
-0.11603217492554763 -2.368210479554142
-0.28741149370688157 -2.488467516798808
-0.1558286526297102 -2.7863914295047603
-0.28947484647448796 -2.7550716382273928
-0.20085349994578983 -2.9439199998987116
-0.1251726704988778 -2.6066854363105705
-0.27832985221787715 -2.4975364891486813
-0.22202802906144029 -2.5391695337966698
-0.3439798677013872 -2.3040803652598894
-0.11024836387823406 -2.715847051221289
-0.14432530935660065 -2.7849018344215426
-0.14538746210456482 -2.5679982062382654
-0.39575360411330485 -2.690368288626907
-0.13607370329159857 -2.650570224856461
-0.18618725966461644 -2.379870407185947
-0.310396348016302 -2.9170864341042178

-0.1159595025765996 -2.611607704280384
-0.1572552951454808 -2.7416277330174164
-0.2704062249027568 -2.6041736400297815
-0.2112769743891616 -2.8491696952073142
-0.18942722297282458 -2.646852586479511
-0.30183193605282144 -2.2988335470640426
-0.3497244879371534 -2.7109434262257155
-0.3171839023498646 -2.5676347303149245
-0.18411066586795552 -2.6456957031781636
-0.21990038576774076 -2.6192143928581575
-0.20550687473419854 -2.5423651515372665
-0.23480298100921637 -2.2425085389638357
-0.22902540224829374 -2.400640156827982
-0.34385412089189776 -2.2421324840661208
-0.10880840121022906 -2.5818190118465725
-0.16430864936469128 -2.5511810684627485
-0.21839299188296113 -2.8141488444878373
-0.18469779337720982 -2.557629807036367
-0.21810149202790624 -2.2397721979607716
-0.25845926541718567 -2.884071857933125

-0.17807944129012088 -2.676284118307925
-0.2737783689675458 -2.772592282095385
-0.16871269027389793 -2.6517633642996072
-0.39066009983507355 -2.313886875980114
-0.11981334623853807 -2.601002725057557
-0.19530155897048804 -2.849672522922354
-0.270197528225843 -2.6804463743982097
-0.24684138105882172 -2.588820071160682
-0.21785994971022443 -2.5203000667057616
-0.13408103133962446 -2.4313040069213367
-0.22624203521112868 -2.790680636843007
-0.2319229427437065 -2.5952836188811106
-0.39749465553787083 -2.2989395970944537
-0.36949220508953673 -2.6613185381151503
-0.3948898396041398 -2.744989082595152
-0.31750474299286935 -2.465060597235154
-0.23116242822799413 -2.491154537278486
-0.1906794679929154 -2.8663137438235617
-0.1620719069761081 -2.6337902092695535
-0.2408248163198799 -2.8155764352172308

-0.141591947607086 -2.7104027772963537
-0.3385331947441937 -2.7223910570914827
-0.19930342606112747 -2.6722885921290134
-0.35430063987537697 -2.547612577762381
-0.1227258488865301 -2.893204905217471
-0.23420459103371488 -2.339352136012082
-0.38397751193585955 -2.8016516115102483
-0.21288928073414662 -2.9355612442869896
-0.13631783982181916 -2.2826928429341886
-0.3041538045777504 -2.3921614862182463
-0.3249631507454165 -2.400125682216071
-0.2588201636806432 -2.4360973240015618
-0.1316536471418952 -2.5370264705850447
-0.15950609018016657 -2.368565745852471
-0.31669607516365283 -2.54656629182585
-0.19906301055522996 -2.6415437698343296
-0.2889744182028362 -2.854215616099897
-0.3206508990834631 -2.7485584991426
-0.135941142974492 -2.413151634642194
-0.11286774269870581 -2.8049747803521714

-0.3914196947863164 -2.7111028742971794
-0.29040998355443304 -2.77816167648373
-0.28296451774411674 -2.6216134422102955
-0.176610053328033 -2.7242546272758617
-0.3658775440399302 -2.9081751102748066
-0.10592901257359127 -2.4920396118677157
-0.31698255605776626 -2.3458914851055153
-0.16953582172317702 -2.390319329106988
-0.1360463210413575 -2.2460203863557746
-0.12213337292070564 -2.2283555946299622
-0.17648638572269576 -2.2333377058781942
-0.30054741181666506 -2.2964411668946925
-0.2577934228048279 -2.7699319308954373
-0.22289184005009374 -2.5458627542239367
-0.2215200669493565 -2.676103748746737
-0.16927906308155305 -2.939813458647949
-0.17455220158468074 -2.3008175888483415
-0.26682646844470503 -2.601525945468115
-0.30632422988149266 -2.7567930769943847
-0.16663827153090394 -2.623566965027217

-0.31267715794994744 -2.5442594592832646
-0.3946614009283336 -2.927155712973171
-0.22911925878357683 -2.738285106522092
-0.3195346380146483 -2.3503555619249723
-0.25597639114251536 -2.5523269333036107
-0.34425025229949135 -2.3836274186459123
-0.10228744363369296 -2.5679476420530407
-0.12163933285669098 -2.9597443712839064
-0.3281888589948337 -2.3536968227037702
-0.38621546558154807 -2.5678022755064864
-0.2415709737749029 -2.848646274227522
-0.14028449510254498 -2.523774593629219
-0.361893352727614 -2.6679625924288826
-0.3333831165716407 -2.571313371667991
-0.3379518306221748 -2.9224094534328
-0.17435695740284823 -2.5127682137953924
-0.27738185087777373 -2.8645929109192934
-0.2606451293230309 -2.893762787093091
-0.39633883071984743 -2.488120974092553
-0.1922020517215931 -2.7661052153403665

-0.10458904057241802 -2.7195051769494984
-0.3244260768320117 -2.7357455946888996
-0.16544865675798062 -2.807237463961011
-0.10205987624234791 -2.5261303266119257
-0.3416076484302159 -2.3855938282701197
-0.13368639506622865 -2.4229784186740626
-0.16396485264159136 -2.269023850103424
-0.12517398671991198 -2.6281557351468425
-0.20776761334175448 -2.5897383161555947
-0.33821652769749677 -2.9521070823893742
-0.2528950606624306 -2.795032559472744
-0.3112607632901624 -2.839725283786085
-0.19834548543750855 -2.576537778535696
-0.157833430987982 -2.65160672612455
-0.35628238169012294 -2.568792490146688
-0.18844655369881969 -2.4854743130788544
-0.32118325587582913 -2.698757635613411
-0.36864168819128973 -2.8771618405556274
-0.2774262714448994 -2.9367952282363423
-0.22694791606205067 -2.803724836272588

-0.2536123929735703 -2.479222757422212
-0.27496491540871915 -2.84452513461005
-0.38642246192251034 -2.5234845414809053
-0.3250118968457575 -2.534783930416029
-0.18703903009557785 -2.5309409957787703
-0.37996245552768243 -2.2126525326569086
-0.2176677240101849 -2.7976599220972553
-0.252748440563206 -2.355668369033828
-0.39611816060357147 -2.3155823709876304
-0.2598170000810719 -2.5802292025016693
-0.38925609245453474 -2.4954790869478964
-0.267329605909381 -2.7753545081868545
-0.3326847982984279 -2.8236063705506194
-0.15056121828594754 -2.849551001192209
-0.3837858815917636 -2.7249340937814766
-0.2574056255652533 -2.6311561750865398
-0.33429126441368395 -2.6508713091648195
-0.11098797827707058 -2.627534546395285
-0.34217118619036707 -2.548071732223998
-0.29723309626020006 -2.6978092863443157

-0.11894040172154802 -2.4983695863135686
-0.2677582595574878 -2.3479386597659957
-0.20086443209332808 -2.8865020168677336
-0.36394889275940095 -2.2832753166328468
-0.14175931099592787 -2.2383601504183552
-0.320580760047711 -2.50607396973789
-0.20846156805364072 -2.611882388887735
-0.2852136660551529 -2.250479711209077
-0.22247909874449875 -2.3386066407293415
-0.3382918827378481 -2.900184199843369
-0.18774254508568233 -2.913566975369067
-0.28653175892501803 -2.724103609932156
-0.36555875831750645 -2.284300227247674
-0.21607841334739902 -2.536373660140428
-0.31222937516228416 -2.662730609678397
-0.3925448134099292 -2.94397555729261
-0.11576874561157557 -2.3666247815957355
-0.22951089804420624 -2.9016294103734026
-0.2706961277524707 -2.874643609490297
-0.19693707505453115 -2.3137253182785065

-0.13853741290393978 -2.671258356972218
-0.31190963853498216 -2.5807838989807252
-0.31307361498657876 -2.964917105956652
-0.35799036389538463 -2.5483985054745366
-0.35930141321893766 -2.505261024338928
-0.2955630635671824 -2.843362967500155
-0.2432214823749807 -2.297104519831425
-0.20501102080462671 -2.7093877169654172
-0.23834937242525606 -2.3870882034814747
-0.17626069851482096 -2.267674916160165
-0.17629722734348569 -2.3790645841858993
-0.3284004226526374 -2.724106403965515
-0.18167627677068682 -2.9627145196761857
-0.22931771178608398 -2.2416322304320015
-0.12704794013780157 -2.8037206736815916
-0.12785766934587633 -2.737156546597169
-0.2441708004473097 -2.8502602665950447
-0.11544730459863045 -2.70543413825304
-0.20036391929847833 -2.3698046978187524
-0.1097403691691134 -2.309151286611828

-0.34783882880924255 -2.3654348237231715
-0.10870086773502047 -2.6758474975257687
-0.23807317849765225 -2.482477882205132
-0.21433678914483675 -2.4449605002568418
-0.3407782014026283 -2.2545923036148436
-0.24650216822776905 -2.404799987275862
-0.2170586850889798 -2.8770944628815514
-0.18371191748286722 -2.351671521092948
-0.2182997562881425 -2.5283635358688126
-0.17109511059609797 -2.923240613661916
-0.153791325123764 -2.837283980191226
-0.38732630447764227 -2.675539376706323
-0.3043422659126676 -2.322802019335618
-0.26883906279333647 -2.534717569805342
-0.3420687492386161 -2.9191515350431634
-0.11588228031666153 -2.2494398403200186
-0.34474539243455604 -2.221576155209846
-0.39525958494437125 -2.6986444449460967
-0.21132830955855272 -2.5417125928466446
-0.2848108392539442 -2.38958913702212

-0.21946280469639226 -2.380279831420719
-0.31949265073331695 -2.5012604564238794
-0.31489626436809726 -2.205817907847469
-0.1802782123708669 -2.6341644036637484
-0.10560037651461196 -2.7317054787004444
-0.16071468660286897 -2.402720709566153
-0.12273440911760242 -2.85704093152669
-0.21216102981974425 -2.417566367845066
-0.13432150915402002 -2.692852766770732
-0.2629530200039166 -2.900268008058718
-0.34626807086541694 -2.524559253365856
-0.16782609392298797 -2.9132489563769974
-0.16957503497100612 -2.495674257840227
-0.37733569813161927 -2.433882584807535
-0.34259850207713616 -2.917688450893356
-0.10470141484999118 -2.2912020294325
-0.27816165997750053 -2.8706556093855093
-0.3398348344853759 -2.7757262136186434
-0.31299736601958567 -2.9157564948574395
-0.1346263402415035 -2.839330602761121

-0.19848284159524168 -2.4103898271055773
-0.19273302633577521 -2.5772445073656414
-0.33245383146832524 -2.9315970682963193
-0.12246284813847846 -2.9383350995476247
-0.23969497350756463 -2.9459118802762494
-0.2986571900294307 -2.928697987861661
-0.2226582685688572 -2.3130516839148187
-0.13848438340200953 -2.489247395633143
-0.24346214541520927 -2.575374756325192
-0.26796981325934033 -2.4394336445130906
-0.2373532688900134 -2.8547949710024123
-0.22042711806662355 -2.6481612114382367
-0.24968241993073317 -2.4690419637452727
-0.11290755619542403 -2.2139525645655818
-0.17727732298418747 -2.7380442294415737
-0.13324987901553514 -2.218118878480267
-0.19131496931960873 -2.4462305114422715
-0.14105889333200367 -2.319794998459461
-0.21812374220859373 -2.9301178374287664
-0.14334911052480603 -2.4185144062033963

-0.15767248913429052 -2.3357701576209924
-0.34333371715072086 -2.3114823698707525
-0.2823225449645923 -2.259117271681758
-0.37576396508073134 -2.219446338814117
-0.11581458996471283 -2.918748499833767
-0.136545913642372 -2.625086680521596
-0.1788172256403194 -2.7787061786505896
-0.22629013775167395 -2.96762413532868
-0.20257820484133296 -2.5722185275302705
-0.24251142345693666 -2.628126888736618
-0.2171116811421669 -2.2336207415503537
-0.21271417860166003 -2.7115157398350163
-0.2838960438567817 -2.236505358805941
-0.24958286718605718 -2.5406855365271053
-0.27060232545172835 -2.2380135350464387
-0.2965077946306639 -2.632463719428073
-0.2806308557482027 -2.8610006602179547
-0.3918281978771018 -2.4692674089285154
-0.1015210006789346 -2.5776337595687475
-0.32248062669306893 -2.6262699137895575

-0.16801780270163827 -2.7790937777010827
-0.120119598994129 -2.5586971752601744
-0.12113594866880462 -2.2817456891539356
-0.2703995986346504 -2.521401919381342
-0.1039373447349784 -2.565952462240263
-0.1304237259592549 -2.548420440258273
-0.34368281107508325 -2.5447963801338807
-0.1886523653030331 -2.956430285323657
-0.28134412739722753 -2.489283991204971
-0.3681397836096738 -2.4181585351564445
-0.28343885871865965 -2.9301025282776103
-0.2842834509498375 -2.732073505407143
-0.3624753604003218 -2.585750623135829
-0.3014454549173139 -2.226715051591853
-0.10072484312973501 -2.569435239685218
-0.15445083043149851 -2.454943750010582
-0.3512008629631356 -2.5284378243577756
-0.22882902454977502 -2.576383118480533
-0.16306542098044524 -2.468002954827229
-0.3124796126098552 -2.527554253884047

-0.38748616703337363 -2.240527054118229
-0.2861519896932555 -2.4717751459336554
-0.19464430603674843 -2.273618390464383
-0.14730767640556047 -2.2479127242645665
-0.3534632883363931 -2.811596203077271
-0.36280369701284293 -2.451871088045049
-0.3600877311427474 -2.600680234648501
-0.18660438174747243 -2.408388336558897
-0.3767135663265211 -2.7998863148803355
-0.18515404130061383 -2.788785364116525
-0.11444067253050744 -2.332587614807384
-0.3941241280903035 -2.6607934965789
-0.3788450393885932 -2.2936388284253377
-0.23856773051903288 -2.395590031782717
-0.38751609476210674 -2.7758881630928083
-0.3674798271663432 -2.8834527216294874
-0.20379092923643832 -2.288406044694537
-0.11887319762158943 -2.6514808972799786
-0.28467271282384515 -2.3843961322326157
-0.3454227088134056 -2.235536262753635

-0.14755359118799916 -2.7888375386813595
-0.2369776171641942 -2.3800562868533697
-0.16515019889150118 -2.4176544737689474
-0.1788503426709538 -2.872859920223804
-0.35058485169945897 -2.44642764367081
-0.2321589981318366 -2.9350564191098316
-0.27195989265768195 -2.5919653164655587
-0.17587960069023922 -2.622108073622233
-0.2153182099985677 -2.841693703687257
-0.2737120604650873 -2.73644918245574
-0.2084927935692786 -2.379205958445712
-0.13246452626654326 -2.5879271864289963
-0.16930168790323913 -2.318452592442156
-0.2576487767804249 -2.490219471536836
-0.39868275779025275 -2.5030994058914846
-0.39714586351180037 -2.448518473026197
-0.37194041312187787 -2.947444499312482
-0.3546350507889705 -2.595470502040265
-0.31637658067087987 -2.2859214807008694
-0.19284862381650852 -2.6191529727552187

-0.2245924922185474 -2.3391211613436576
-0.23497009866325325 -2.4216240970237948
-0.3978948033884382 -2.267278464718872
-0.2018969103741309 -2.6993651718730476
-0.19961302738530398 -2.965824697223325
-0.16901830875344137 -2.3248512312012046
-0.11614550401592943 -2.9067596774350526
-0.37346511804638205 -2.700372112518833
-0.19694015449194155 -2.4741220054741073
-0.37949207699910636 -2.659664822775436
-0.3254089510278551 -2.231938683866073
-0.1759952232050778 -2.411287250549478
-0.30864417963416335 -2.3285479919487884
-0.2665613785978971 -2.3003462806817208
-0.19759198855048116 -2.7302611562465557
-0.3931804744036326 -2.6131293194354432
-0.1900123363306462 -2.788906132163593
-0.29838359838963446 -2.8459448851772198
-0.24860789866957367 -2.6203597740972944
-0.10461477947128206 -2.5798004233758225

-0.21442102808641336 -2.670879572882564
-0.3727829383398936 -2.2846182411674696
-0.3341506242729447 -2.7725847382624114
-0.23567399214466805 -2.709218159020769
-0.1619205621508016 -2.8186248106556504
-0.35782309534544404 -2.6121665313079916
-0.33819061549767193 -2.352790634242126
-0.18923788037457615 -2.7232265715811135
-0.160671720750733 -2.6241568099048522
-0.2977109414838338 -2.474520261085986
-0.3489988137657151 -2.3855799836885705
-0.306252381198137 -2.486910875065963
-0.387659671190101 -2.723408405462937
-0.28410899923753563 -2.27229873683703
-0.38324960887670134 -2.8345095030516734
-0.2296837487904444 -2.6383948879986296
-0.1584108391095838 -2.604161468662344
-0.1494338942261017 -2.719632861569099
-0.2196664624465583 -2.2643172647674072
-0.14604729181603848 -2.560666340482187

-0.3233354013900419 -2.879066250586867
-0.13103975280123265 -2.470857567801432
-0.38689378805683877 -2.4608846303241867
-0.25575053171774836 -2.6553394971591575
-0.1284251393403415 -2.35383358819842
-0.34390633677635574 -2.9360239596113966
-0.3758862668033362 -2.651391552920013
-0.17797577114401894 -2.3522008921460165
-0.3189040306048937 -2.496060744370714
-0.34207838594943296 -2.913019836933523
-0.30436653148274695 -2.7659668839264104
-0.3342940942148386 -2.3399558902227495
-0.14504759829844438 -2.353330767591485
-0.3775796272147746 -2.653734717913477
-0.2374434786699163 -2.965355745537853
-0.3903806479218524 -2.5868657054477553
-0.38887597733529317 -2.5362469162478165
-0.1075258798045628 -2.3459828010258867
-0.3935866577393346 -2.8892823090608695
-0.2508968663013004 -2.669258443160976


0.11665813358442984 1.7941971623050859
0.1666162079438791 1.9243263314054042
0.12356380601691692 2.004957902213141
0.22465061766085437 1.6866873659545223
0.14395834074515795 2.430950966977169
0.22205088236303122 2.3334658761227205
0.16059969639283633 2.044466176472098
0.07933839935689374 1.7388765351332154
0.08844905419466109 2.3514438442517225
0.0904030465693422 2.325926075634209
0.1789091950797211 2.1836014622694653
0.15029231087770678 1.98147988644424
0.08432325731585029 1.661583231935776
0.21690760413548288 1.762455428710217
0.22670227913077667 1.9676125907928084
0.13262984548320367 2.2762953015167757
0.24995730894287027 1.8227968582192342
0.21313113544771994 2.2619621730399992
0.1551933093599166 2.3655091692014523
0.1277713737734297 2.265664990204984
