50 20 12

0 1
0 1
0 1
0 1
0 1
0 1
0 1
0 1
0 1
0 1
0 1
0 1
0 1
0 1
0 1
0 1
0 1
0 1
0 1
0 1
0 1
0 1
0 1
0 1
0 1
0 1
0 1
0 1
0 1
0 1
0 1
0 1
0 1
0 1
0 1
0 1
0 1
0 1
0 1
0 1
0 1
0 1
0 1
0 1
0 1
0 1
0 1
0 1
0 1
0 1

-0.23381017965231193 -2.4811734093137856
-0.3277147085085963 -2.253889591386086
-0.2506570438487299 -2.902492666109884
-0.11981980404672715 -2.8381503072954075
-0.3005370737166638 -2.310911372869718
-0.3183529461322361 -2.661374008200537
-0.10226700318099619 -2.8996258924420055
-0.3693455797600732 -2.3656079200454436
-0.21281607651839476 -2.91331994723973
-0.15650296521534432 -2.2974263860820914
-0.19886566505985517 -2.239933919867267
-0.2748236768624407 -2.7689159660485694
-0.32735823479636106 -2.947558902170414
-0.20417602711112834 -2.7972882355142645
-0.13245552217757883 -2.407602859525901
-0.23574071212852496 -2.5577633915574824
-0.32596243897376254 -2.79139558832752
-0.2267975010483508 -2.676546002804948
-0.3168479882315336 -2.899472555088829
-0.25315434984933566 -2.7835772839841995

-0.19222110205661586 -2.9508922340830304
-0.23062492406955087 -2.645983037256125
-0.35032687498403126 -2.869300741696248
-0.19722577340108088 -2.4548037169428794
-0.17293530298616355 -2.234638386071316
-0.35288841459447395 -2.2723657318076778
-0.22479139828290098 -2.643951614206334
-0.2631206274489764 -2.9200816965598646
-0.37901320809593975 -2.923483235963469
-0.1027450515203347 -2.427815682805503
-0.12173439799415453 -2.3798008755708473
-0.22926913083556605 -2.5988170452940675
-0.33421078623445044 -2.8234489298402328
-0.250488678258879 -2.731278674494276
-0.34656957087127055 -2.92592940642841
-0.14257705294542594 -2.934987737425789
-0.2614882433975412 -2.413362797488274
-0.14472297496050052 -2.366735257059566
-0.3784013884037335 -2.8066546973128346
-0.2267997766770493 -2.2932604573433233

-0.25552969608890286 -2.4519809917033046
-0.34075997124593477 -2.7499846245170136
-0.2052813725853287 -2.5531110622301547
-0.22423386766187656 -2.4198205783571027
-0.2778557036399229 -2.945895545866859
-0.265884536511837 -2.2264306222961774
-0.3534090340025302 -2.788024004565931
-0.3986309424194951 -2.863312964634677
-0.15539504058349007 -2.818603548827862
-0.35961856623770505 -2.709137855590168
-0.3817921705279409 -2.473996523141121
-0.26486714826570174 -2.3773049312873344
-0.15718841367038994 -2.707527715704618
-0.3928952490289207 -2.597179448710867
-0.10378673975659947 -2.203138430033261
-0.2569178967382292 -2.41306524165146
-0.13823398461395692 -2.8646966517885133
-0.11386562755017665 -2.689773600758719
-0.2552739257920489 -2.448456458217777
-0.16282299882128656 -2.839203541165065

-0.21440007270541916 -2.8083823195261943
-0.10377036165248743 -2.44629679118416
-0.37791107073057356 -2.6459046464507234
-0.19598226212260142 -2.2890883627500003
-0.13046856731507311 -2.4513101349633617
-0.20937017476301836 -2.2474538868735436
-0.2714666345661571 -2.326585301212887
-0.18108407028298887 -2.271793477999431
-0.17638631015004225 -2.2182527599447575
-0.2055151789679648 -2.579097673337929
-0.25746530868610906 -2.336190756465722
-0.2844132709739686 -2.936000754253307
-0.2653331471674282 -2.7114139452316315
-0.24895340879328676 -2.5556439039298287
-0.17525471736468334 -2.75541128555419
-0.31579924712570523 -2.3227699028905198
-0.16509184566799076 -2.23176294207957
-0.10310999621506173 -2.3592144564001134
-0.29146268074739384 -2.911664297763195
-0.29795716270319206 -2.2564991204553726

-0.11521497027519001 -2.959064066939705
-0.2529167313791375 -2.838945140984886
-0.10381111494309736 -2.3855356046259217
-0.23715707174483025 -2.8362329881346326
-0.2420515714028259 -2.536180727939325
-0.14149071701735566 -2.9604655236878723
-0.12483547248414867 -2.7245984636629474
-0.12929069977999819 -2.205591599476736
-0.17323190040974884 -2.7531270578046523
-0.3635741082707001 -2.526499423090485
-0.3338951286505137 -2.406764564447755
-0.20604471799389668 -2.8884634587974314
-0.3682304439635007 -2.4593217002271484
-0.239142675468641 -2.618738007388092
-0.19625654436265497 -2.7177050163251195
-0.10219364835510714 -2.8108382831300434
-0.310795798453523 -2.869311255949641
-0.1608623772300335 -2.805851234863126
-0.283227883666649 -2.524603728440094
-0.23068008986665117 -2.2736562883772415

-0.2605634219766123 -2.242189643618209
-0.3847343785966099 -2.517179047635745
-0.25972022525498906 -2.8380989644496584
-0.30673960369603576 -2.413619614578113
-0.11973356250526901 -2.5617052129777114
-0.20474422707590623 -2.4611774509151907
-0.16196315107637513 -2.9469314395988584
-0.12747512102879682 -2.6790833735336683
-0.2129500877274947 -2.259109900706036
-0.27077585114860925 -2.962130146073847
-0.19178093786869604 -2.2165949318307163
-0.27657024066992647 -2.8983613560835155
-0.2094481067664141 -2.5345415984541355
-0.1640975718003984 -2.895386394141721
-0.3076406135277409 -2.816560641056202
-0.2270672043715884 -2.3889657996015323
-0.3763992126750867 -2.610550261860891
-0.13050964828635175 -2.531616413723916
-0.10200663035921981 -2.7512261806788234
-0.15253229997205756 -2.3447254182842006

-0.3265595804479078 -2.654087005922463
-0.3170089091295899 -2.914654177496779
-0.1501514585019511 -2.2058156435317042
-0.2409181085945337 -2.504065875762216
-0.23713305401825885 -2.5755096114363942
-0.21633301719022238 -2.7485981142068807
-0.17097761588987037 -2.350154705552159
-0.25812909014017626 -2.4597649955893393
-0.3471507533981017 -2.273185210148724
-0.14583519175818405 -2.5566037887688005
-0.2536195643139165 -2.4542271084725344
-0.2244594435769296 -2.5077479556113076
-0.2703504739863879 -2.5514551362731703
-0.29906713697946785 -2.88572318327469
-0.12718135370555056 -2.4849269562187812
-0.25508590225675476 -2.585297799922399
-0.3016460954061215 -2.854993042193155
-0.164638916395233 -2.8564750780504475
-0.11319144971344486 -2.3143807475955387
-0.3757811999817276 -2.6752599136359927

-0.34031501496067107 -2.5160026256193273
-0.23177919845058753 -2.3341043104214036
-0.11367565267759272 -2.585471041237964
-0.2824682684458305 -2.8986394993717504
-0.3860393796284301 -2.3068896702315707
-0.3615960275151197 -2.5584080141239847
-0.23660503077841702 -2.418798278853632
-0.3637338577118787 -2.876910586662557
-0.14057688067221552 -2.3369303822080916
-0.307609081104239 -2.9189096756772135
-0.27485217293872877 -2.3795153331201524
-0.2234757569138908 -2.2960723335278805
-0.21502364072345792 -2.4006053818794326
-0.10309115310890182 -2.895494924402256
-0.28579829487903186 -2.6230589032579656
-0.33489725466232884 -2.2837376304535875
-0.327829174612728 -2.5843183528280225
-0.23537956333463628 -2.5038571566095245
-0.3007152680637977 -2.529554039881418
-0.2483961342130268 -2.736830838469515

-0.33892777045571393 -2.6189238548036626
-0.37023089025175265 -2.576828474345777
-0.27514120801031827 -2.2998582297007144
-0.19642679462540805 -2.27629008361231
-0.3273572856141252 -2.4449380593380337
-0.10468956059454965 -2.577806212938496
-0.3874144049612142 -2.857121508619785
-0.2720861216568345 -2.585882612783396
-0.3291985456579532 -2.2881630802744657
-0.28328512647973797 -2.4231542236837207
-0.16574592695126072 -2.652305247653692
-0.32537309402927095 -2.4608541343219743
-0.18104713734149663 -2.4247834500313803
-0.3968609963198236 -2.774837144243196
-0.23844634927209268 -2.254807907668652
-0.37449110732962215 -2.436029094241475
-0.2700013740901391 -2.369507859462667
-0.3241351390412268 -2.7089671897596492
-0.2116090596565679 -2.562269462381858
-0.3433193742647598 -2.7042420029991576

-0.17541412827453784 -2.4772963782771593
-0.3628756255110954 -2.652643492606458
-0.21687068029247622 -2.380279139437915
-0.25347200406376913 -2.9279333206921216
-0.26962671330653887 -2.8700752421430256
-0.33856570366996835 -2.408184389767744
-0.28059742833994583 -2.3199632295394097
-0.3419182959143246 -2.265280004064654
-0.23915428296445235 -2.9211932937079976
-0.24636867256682715 -2.5275990675144127
-0.16996023101966248 -2.338927448998487
-0.34105320315958754 -2.243631015494812
-0.20158888622542773 -2.4633210365639666
-0.14996133852604115 -2.7116472421094198
-0.31714084713701945 -2.425140527383596
-0.28016257305786746 -2.736233863059903
-0.28002248901860044 -2.2588822352553812
-0.2147167351573402 -2.712610197912166
-0.2579304011182939 -2.446721402659473
-0.3795272374437723 -2.4561480030571246

-0.27293762373616826 -2.7035441962279068
-0.31460677608092275 -2.7804236322381812
-0.19265963834544847 -2.7524989546062884
-0.2591249334738849 -2.3887333262003563
-0.10346158994726606 -2.8770392831804554
-0.12490648995329345 -2.4178443706329062
-0.2953003851249084 -2.8866246983898565
-0.2899587939951543 -2.4475081337227005
-0.13020295388100883 -2.6163579004738224
-0.15185316178589686 -2.477131013416106
-0.23728516764253063 -2.2868208949657185
-0.18141903972373086 -2.6689551563730394
-0.10604710894121422 -2.8821375240324887
-0.3799792623212085 -2.4412702647053695
-0.1909771316193361 -2.9374155081002296
-0.13044832929354905 -2.4035789020653944
-0.29471116657507407 -2.8448280292484625
-0.38149409187869177 -2.246214990352131
-0.3770034567727889 -2.394241035686193
-0.22453344119656246 -2.5433893754658627

-0.33839561713563343 -2.2536562549588366
-0.17674550950643814 -2.9214497758099554
-0.3919808000426678 -2.408038747017244
-0.3826019830813385 -2.9411269876544943
-0.3431258242315041 -2.2030784287689085
-0.22855485077359858 -2.5679276167520775
-0.24007660492053876 -2.228772797625029
-0.25891921970478204 -2.5759332275733584
-0.343915732794982 -2.4364601597986266
-0.37315714134834643 -2.93247422944353
-0.14890367325043546 -2.4560374540678085
-0.31431002248314577 -2.3702145205212704
-0.1653387424743139 -2.3699699941583185
-0.3867502531908225 -2.8830591562886743
-0.31938096056042586 -2.2227666456621513
-0.20488881965451688 -2.3511087876628007
-0.2752092964804539 -2.557410225005753
-0.2998295920020535 -2.293227837461307
-0.17823507823286455 -2.289129760578759
-0.20344425260998558 -2.7401906407733088

-0.13867696741798108 -2.9634431175734397
-0.28365693516479346 -2.3133647361349032
-0.38983407577672247 -2.4199870761699187
-0.3211598844724667 -2.3621574320774155
-0.22860544454990386 -2.4824410134667794
-0.1586338102750978 -2.459361911612622
-0.14917759835929428 -2.9215022668532646
-0.18982518350984753 -2.3959075263276954
-0.1380766859018091 -2.4724791235715573
-0.10801087767177225 -2.8814503218394565
-0.3629010363903989 -2.3971903216543198
-0.2818730984519379 -2.4046290153910777
-0.11749410279416495 -2.8039520609464255
-0.3428252521399808 -2.5847460655322463
-0.2683720697760037 -2.6058532565982193
-0.28543404808886264 -2.441894851474001
-0.10974012088370222 -2.785660390228404
-0.39658065060183106 -2.799074373663059
-0.32882413935276866 -2.7017244868745895
-0.17487048677240036 -2.6338281879331253

-0.22068706308167835 -2.401566549207551
-0.2486771594360371 -2.532731310595345
-0.22721450735897888 -2.527674730307442
-0.3900009254913831 -2.614017194041255
-0.3294003457960865 -2.576640005472595
-0.11570357411956361 -2.621145807654413
-0.19397923140686704 -2.8297580446359563
-0.2881016708415818 -2.766154973187299
-0.10875896775238464 -2.411112917429181
-0.3297553881840771 -2.6849629740534198
-0.17641153855629116 -2.3882168369120045
-0.24398056516991037 -2.8360480962725596
-0.1592057682326387 -2.606496761918204
-0.32473108290493985 -2.6825094026916636
-0.2798898630548189 -2.6845839430235396
-0.1425899891530904 -2.6612721742486545
-0.2547172351858429 -2.682303004085668
-0.2728809979984802 -2.466991988598302
-0.2563617565266268 -2.2714784702191126
-0.19125634737129027 -2.560351809432963

-0.3664170394597326 -2.407885112522873
-0.18479491650462396 -2.916971989518181
-0.31125438124237553 -2.6837263903409436
-0.24584259246472998 -2.54535485892382
-0.38006284318391537 -2.8965727799813985
-0.17328107780656116 -2.61623923425106
-0.14188267826757567 -2.3448836448574624
-0.10969053280892432 -2.9100702341976135
-0.10058432083296381 -2.417501597808802
-0.2577500186249691 -2.4254278948588954
-0.14301062972930068 -2.264542148132678
-0.3906001038024992 -2.923240704233453
-0.3489175725559958 -2.8269447668380443
-0.1605993211227394 -2.5389299541572714
-0.33290656965032295 -2.281862591098455
-0.24276857714897843 -2.8958655279547427
-0.3034039740562799 -2.7854209800390874
-0.2932237369415354 -2.5085608877481653
-0.18463449616198582 -2.4869739780284927
-0.30069166606206676 -2.301380288887777

-0.30878706211420154 -2.7694727983315635
-0.2870688729994828 -2.641881605987989
-0.38839322460043896 -2.7952131178553463
-0.31767701776629254 -2.4494922471558818
-0.29876305635259237 -2.587260025433345
-0.28696119250436436 -2.4301881853421436
-0.2339376771821795 -2.4482582654378287
-0.15027349892835998 -2.4860724722910903
-0.20014092938922176 -2.333109613488491
-0.3737095487967289 -2.4244258078560605
-0.10551412283791145 -2.8562161623191304
-0.18378409435846285 -2.9405556730735762
-0.2589886356907644 -2.3866578020480946
-0.37308091572332475 -2.413932941758304
-0.31183140001285753 -2.9463705652530305
-0.2964110942230294 -2.7690931058594894
-0.28050154438667174 -2.546300308850264
-0.2968466673325963 -2.4790320356175712
-0.17842842609270912 -2.264938041865766
-0.35004252337979647 -2.8298979408641673

-0.15088060828855177 -2.494078441737022
-0.20626901763602698 -2.5981575824303498
-0.10968481356543214 -2.400480392188574
-0.17627708358592534 -2.9658917241655693
-0.18012568847111982 -2.9086150365595937
-0.1867272277323098 -2.9251662012591955
-0.14507165195854682 -2.517277112462942
-0.3093425437583368 -2.4092746043873636
-0.31522787800463425 -2.47606688636231
-0.16587593015475138 -2.6053679304057726
-0.14703976546400266 -2.6077309995684272
-0.15756454447999962 -2.2389894693484576
-0.18597273535046602 -2.389565276632784
-0.3475675835629455 -2.9215716266484026
-0.354253767279329 -2.9281536138916477
-0.25743114214638785 -2.2466508952627686
-0.38278928911772453 -2.807086296665166
-0.34630404048012753 -2.6925931818741056
-0.1963604411752373 -2.93536993679311
-0.16457905280990362 -2.456198930036068

-0.3508279942031221 -2.776418540746118
-0.2840803295677151 -2.683922204680963
-0.2525658694604378 -2.538860166963818
-0.3050324655348338 -2.363855660527941
-0.20001659836945462 -2.773122333543269
-0.17507277657946158 -2.5475200488263954
-0.21983363169567222 -2.9030539483484055
-0.1867564545656803 -2.3429226136005186
-0.3233685438391688 -2.9405641756297225
-0.1456086442805135 -2.924559615210201
-0.349653728178236 -2.515570204613406
-0.20054876355863802 -2.8629261199401226
-0.35150279898408837 -2.457864623579146
-0.10053054606114215 -2.739447272179584
-0.3056777512598184 -2.7179776910471865
-0.20185519155607004 -2.717254223445745
-0.33523443266437364 -2.7599236581109476
-0.20459713875963811 -2.6121703164376497
-0.11964334296607715 -2.479357125309808
-0.2555453782725716 -2.9554315112076686

-0.15293168930236314 -2.919971621004878
-0.10743640864464787 -2.295604201416216
-0.24245398635149928 -2.925300222523012
-0.38425226964244286 -2.7866015316742434
-0.25769912535343625 -2.313443439473511
-0.28424745080766173 -2.910514774611254
-0.277307204948366 -2.493885684742814
-0.2859099035775785 -2.293843645219421
-0.33887758026233306 -2.250012824544324
-0.26093697761195167 -2.587131795845726
-0.3152888689125146 -2.8912059360397824
-0.21822137034032688 -2.623515199030711
-0.3516605075809002 -2.2456059506557176
-0.27253347766073893 -2.2953805677802164
-0.3473970228248824 -2.702975833663086
-0.37535475742317287 -2.8941080552713294
-0.39299669893032474 -2.890530791419244
-0.12632976678859387 -2.224923828725805
-0.24276466128154092 -2.5189904363407885
-0.12766069159469046 -2.8308665347352218

-0.1775724002375894 -2.819935249975721
-0.33944246942157696 -2.640633009157633
-0.10441231928916117 -2.8490167734135405
-0.3302789434882818 -2.381639531058649
-0.23158573405796862 -2.412915162822674
-0.3614614939996268 -2.664491395626989
-0.14731790976676945 -2.4036109912502237
-0.2343295402641296 -2.4930128990988254
-0.36248643502312283 -2.3796960258584514
-0.24937870711500634 -2.2301843869035656
-0.22427257048499957 -2.522757434688054
-0.21826441925450876 -2.4154505318524375
-0.14365989725155215 -2.5052023246127555
-0.18563580265784363 -2.758043459392921
-0.1208048664224351 -2.2682913275299517
-0.1698253018747618 -2.5651659770691966
-0.28545090478364965 -2.2883271414061412
-0.3375589494584363 -2.736349731756839
-0.2884956107768445 -2.6960150587280722
-0.14769449002621365 -2.766307506921833

-0.12650789980648341 -2.236765458967639
-0.16773738002628688 -2.721478449651746
-0.19063261921809802 -2.3203124975116483
-0.16294916726715525 -2.7755502794695173
-0.2080542681312326 -2.6312102389724696
-0.366267969109362 -2.770651366941729
-0.19685000873935682 -2.6887151281671464
-0.29599310765692777 -2.821330768763308
-0.20214910442692294 -2.7301329207444924
-0.37684809753736825 -2.7201957573236917
-0.27364367442317655 -2.80424918022517
-0.23395956001687643 -2.2134424382629208
-0.21109073220347097 -2.325993952954739
-0.16815062390136631 -2.828888207213103
-0.12601693479463927 -2.9393611126769756
-0.3211115515897678 -2.651949295410275
-0.29093608789759096 -2.7725051294425054
-0.34188825730985645 -2.9426845564277366
-0.35399809650433894 -2.8553335107147033
-0.16597432568591994 -2.780867037743232

-0.12443327320286901 -2.535987197067138
-0.29095431754111817 -2.59142971816547
-0.1801009385228406 -2.6249535651641995
-0.28771393520765554 -2.790081097978544
-0.10010006590265363 -2.6921240299618945
-0.20841792912669505 -2.666615223673621
-0.12688601197434157 -2.3294966121795446
-0.1401882247029606 -2.3040490344872007
-0.3822709639088045 -2.520624710856797
-0.37638329184695474 -2.6394206800565483
-0.30403578996419156 -2.5521329677191265
-0.21252355534528766 -2.2335157884890515
-0.3127391736522374 -2.240431237867295
-0.3015409569169846 -2.687387995160861
-0.31121181559277966 -2.7022909086321047
-0.16481987363745787 -2.247721585857004
-0.17583928127612244 -2.902360724638791
-0.3161488836339472 -2.736114959356032
-0.12318173399359711 -2.8642678453641275
-0.10334400915349329 -2.53796600847951

-0.2929177140708228 -2.705056326468687
-0.24536424645719856 -2.9051312442003314
-0.17627566488977472 -2.690903644627358
-0.19326829960337227 -2.595117228601291
-0.2394989025859675 -2.495004718331093
-0.34297589607412554 -2.629399623933868
-0.250445120068337 -2.9430125770306192
-0.35804487951733527 -2.3110610325923036
-0.28510781399827084 -2.6296210541877856
-0.3363232954905639 -2.9438429087189784
-0.14351746581628982 -2.2609658931687893
-0.3635086287870437 -2.7074323257162707
-0.1075000710403593 -2.2263333216437924
-0.38952617181314125 -2.470190054612966
-0.18089853568032738 -2.8189352252653603
-0.3656559414305573 -2.7992358521711824
-0.10497795539038668 -2.3965820883154305
-0.2673166906017086 -2.8774003509211608
-0.31935977327867626 -2.2610862053728797
-0.2691617528459576 -2.4619220919062923

-0.3330426626307368 -2.7059749983723216
-0.14082764949068532 -2.6399567119409904
-0.32592083563241064 -2.7246305477295345
-0.21271730001214093 -2.6512025386610416
-0.26748038234247057 -2.69310189280616
-0.38877965683814286 -2.250453603038351
-0.3143780984377415 -2.3732518986694884
-0.11572409749293638 -2.548024540043235
-0.1778181043327726 -2.5352395553716325
-0.16351320561082147 -2.7754662074949747
-0.3695136769633143 -2.768747409027883
-0.22730605996836659 -2.4733245849513916
-0.19584717349758707 -2.7610480408658185
-0.2155608261362168 -2.901677627297113
-0.28432869717741943 -2.8908142688727767
-0.33278858733691813 -2.3090111795458768
-0.16957563945584042 -2.2329032623226417
-0.1621761470601191 -2.601994671847917
-0.32206232253871625 -2.9071792175706874
-0.2654343646537827 -2.895493220103596

-0.3563315764135106 -2.669545224600156
-0.14562322282913692 -2.881155972952254
-0.36680886301972687 -2.8777703152770604
-0.33426901632582473 -2.385236706265872
-0.1797434341555775 -2.6234843835247657
-0.15144594456745747 -2.9300711546505998
-0.2757555992110522 -2.714965993887523
-0.27570152343412346 -2.765829923918143
-0.10787388722788077 -2.907572152666672
-0.19170069641989518 -2.3605549551234657
-0.21172714179502236 -2.823205748735034
-0.3261733577894693 -2.9634887214880803
-0.3937926551582558 -2.225242397037566
-0.3455059668606952 -2.2342795450258137
-0.12069077505000653 -2.6254248500144532
-0.3423040117792296 -2.5578526161648636
-0.2995227986262386 -2.480754721223448
-0.3385375199316213 -2.342523773895479
-0.20144778666115498 -2.722518258705335
-0.2829549289645243 -2.6171212720303805

-0.18240054694010222 -2.499229054737782
-0.308042516023687 -2.4512997159977816
-0.2518316315897092 -2.478167191758789
-0.24834722078073873 -2.602017632685748
-0.3932874356022016 -2.5523718254829655
-0.36832994184653195 -2.746574070742495
-0.3813922150201342 -2.902038615219292
-0.14527765131747988 -2.2978424291271566
-0.13187524532915906 -2.5080432981936474
-0.3962607644146871 -2.439919508721315
-0.22241081698785783 -2.589302950119349
-0.2049321406629396 -2.4618088836845375
-0.16581397369162998 -2.8104399164053064
-0.38412522649997094 -2.811276665098223
-0.17934359918968643 -2.356402741897485
-0.266790092042068 -2.903903096550015
-0.13291736408302834 -2.389983688888131
-0.3920333774702562 -2.3213767097455906
-0.3706110863244434 -2.652101876534945
-0.27175853418159435 -2.6041657890383014

-0.15345413090269786 -2.497947186002142
-0.21632936134814193 -2.335178084746001
-0.1358785265083774 -2.7375502411333317
-0.22144670901841812 -2.848470489028493
-0.32325910924052537 -2.219293223647343
-0.2343563093047059 -2.369715659935294
-0.11410310676101193 -2.5512246926443827
-0.35336753341686566 -2.5956164340970442
-0.30170439711221864 -2.7074786917257003
-0.22943557954500948 -2.7878958678132264
-0.3168193495160068 -2.4210386658223744
-0.2857541763259461 -2.926434472246786
-0.3308398783162306 -2.827249257701286
-0.3193406521362864 -2.4305431748453996
-0.28615188101325667 -2.4699114392001054
-0.21687570823530614 -2.73132982514902
-0.20721015014790203 -2.602230737281833
-0.2851281091145207 -2.3161885011996435
-0.11655641814599543 -2.838563011374831
-0.10589591129439269 -2.8075171597431767

-0.2714116141648004 -2.3843340052153073
-0.12104218490676122 -2.6073236883353657
-0.3498332174971997 -2.615192102294689
-0.129624960174947 -2.763807473715288
-0.16599725933978485 -2.238433046850596
-0.278569795581935 -2.49349960288066
-0.20820487390499537 -2.397264458256452
-0.2754617226109587 -2.7054077718242775
-0.1361566826880658 -2.3803516862913057
-0.34618485290972545 -2.5085676332432443
-0.33897851602633583 -2.8735798074469856
-0.21423352098057866 -2.876794590585285
-0.18261604532046163 -2.4670680352830163
-0.2785720381282567 -2.6470407019659508
-0.3279067525612405 -2.538121014965031
-0.2369846405018259 -2.4985731985734705
-0.21904460710729007 -2.4563486543407373
-0.11105575222465436 -2.510787027447412
-0.33340531830095615 -2.798725172496053
-0.3138983342048087 -2.6757726235152663

-0.1233390849977638 -2.758977973212099
-0.22403954764390174 -2.877051064341177
-0.37088375535195445 -2.5105249459801198
-0.10703950522400779 -2.8092618556898543
-0.21012803348083364 -2.6226139157916553
-0.3967571617969107 -2.287606886517729
-0.26344297561149155 -2.7153112827825487
-0.38010847954826205 -2.9084335161858634
-0.2226271523352457 -2.5408057024372503
-0.3201927730516629 -2.944699607692619
-0.2931756321064775 -2.6913316284040256
-0.24959406658637612 -2.9230370604998708
-0.15704970754645273 -2.5819147368283573
-0.24209784606200813 -2.339268123036816
-0.17266768219707265 -2.7173069462871022
-0.21154588889697232 -2.8918710048481624
-0.21430589625852917 -2.7698584153039643
-0.10700733213261215 -2.679060088080279
-0.3841709746907392 -2.344054155827768
-0.33036549180463604 -2.409251497220016

-0.1589517141983179 -2.6918447190252124
-0.2553887179750311 -2.2263394881749488
-0.23450371139170112 -2.235446620625532
-0.17063737706477083 -2.3287340283203464
-0.12669048114566578 -2.6401436055974004
-0.3214228851587182 -2.3944943975874504
-0.3192357484416055 -2.460066267862234
-0.3027217209844153 -2.5987984528891572
-0.1554947726152823 -2.5570039855058666
-0.33711349488171993 -2.3617599744359956
-0.1546742153012478 -2.8430231722777903
-0.2908602439020467 -2.8568113111225335
-0.1878200519245124 -2.4170244686626594
-0.17149056052434747 -2.38669187854284
-0.17671431791430495 -2.6034319714571224
-0.18099223284595353 -2.2041916900540146
-0.38311354723488955 -2.3485291037734424
-0.3505275075766746 -2.8265292349679703
-0.36709021765226624 -2.8148611721186065
-0.2467976022513797 -2.4950809553393993

-0.36861346210353374 -2.3010330724877077
-0.1462438091936269 -2.830781012695356
-0.3314328746185772 -2.8995972640331416
-0.1367833424015223 -2.6654954671807425
-0.12855282639549986 -2.725038251424297
-0.32805810489330733 -2.822396595795248
-0.24032923855248106 -2.7083529267233297
-0.16292615315694822 -2.8004646810861114
-0.3991222892953532 -2.8684192489121214
-0.3263727613024735 -2.3634370532201316
-0.3492468390004053 -2.4484112105170257
-0.16572030276591346 -2.584967314547461
-0.20374014116969497 -2.7700575490309407
-0.28923286936532394 -2.5330397555979367
-0.13916178316723293 -2.248548870112109
-0.14374975645341803 -2.211210375288467
-0.20391569256469574 -2.4377363415694004
-0.11891773316912801 -2.927118220686687
-0.3378122322213032 -2.7390692045873406
-0.11375123145841809 -2.262691073486023

-0.21149149742013781 -2.8007178928241685
-0.13159077331521424 -2.408398593215087
-0.17349395116509736 -2.9588621065289464
-0.2915817873488415 -2.6764340008680656
-0.2757257993048763 -2.4530211365989247
-0.3664927349484647 -2.7157574401761613
-0.19041104807415532 -2.5884730518291366
-0.2762161782370699 -2.599380621160715
-0.2987806516749282 -2.209355679684532
-0.18008466431004247 -2.7459938834568884
-0.13067028852820367 -2.277474410965772
-0.3961277182762241 -2.5152178455510565
-0.33764625286609795 -2.372177532409672
-0.299966212999466 -2.7773336094883896
-0.33034601497701543 -2.509414135491223
-0.33050148042533745 -2.3489500115450075
-0.13193497004974436 -2.383699668398818
-0.39696376096860886 -2.7971034008631146
-0.3689875639479426 -2.233027633374993
-0.11388439960732938 -2.375107170126627

-0.25322019321776 -2.661633252553483
-0.15902095529746985 -2.5436058347475483
-0.3884924423357951 -2.6329760849364403
-0.2978076499374583 -2.2591724780654765
-0.17802817540218124 -2.4443993334804732
-0.27221132464230957 -2.5571897859299906
-0.1307486093599604 -2.3133889690191225
-0.18229362528779158 -2.50000008235528
-0.374210439569332 -2.8105061923439725
-0.2182937603687607 -2.598040728487449
-0.3457542606919645 -2.8161319740865998
-0.15346904754585966 -2.782955806214081
-0.13645888311010412 -2.9143532145325293
-0.3409346415883314 -2.4364423672149966
-0.31952654235126465 -2.561261677803607
-0.1800206005516959 -2.5780970585357434
-0.38768547524983765 -2.7418676247204257
-0.29509925159431305 -2.46099278373215
-0.2270959214247615 -2.841996329798791
-0.3305219932082712 -2.44822773647069

-0.14328363663559002 -2.4900284211152446
-0.19843653364875724 -2.888824457052904
-0.26849784380173924 -2.4182838126723647
-0.34733260333708516 -2.683030212620318
-0.36774795952431094 -2.372858059743118
-0.36063408006879266 -2.3906736437099623
-0.31163231631622423 -2.3516135304466683
-0.22316373549984486 -2.8446637505183716
-0.24004560313919548 -2.5908776952526402
-0.18177293403900685 -2.2064930273113106
-0.1365892916582857 -2.4702153034668886
-0.3086155448016784 -2.333397623961887
-0.1932032559247581 -2.3757744592835888
-0.2592954315127045 -2.7551448469181095
-0.15523014261268434 -2.213132361268809
-0.3454069369648922 -2.2763862446293937
-0.24042908974263033 -2.5572580035763943
-0.28302445359650075 -2.204230961104535
-0.2304800555114841 -2.8702018712557873
-0.2500715713566509 -2.2033154752773565

-0.22021572396182093 -2.5937197854162584
-0.28805752123477635 -2.8878593549104132
-0.2893422952049316 -2.6487273680712007
-0.1796350274173063 -2.4813042692123966
-0.31575868588451084 -2.2753901065351707
-0.27736741132068554 -2.8236551817869273
-0.35198380845711047 -2.2885601558873794
-0.1410710974867524 -2.6567623484564753
-0.23104793978495858 -2.8527413523418104
-0.24620266754266673 -2.2493085598807903
-0.3801475339951508 -2.597886782486976
-0.2895708173702133 -2.709637778950779
-0.3712332070775203 -2.416477161932288
-0.36277861998669736 -2.2773711803331103
-0.26126127241638764 -2.5550365545211626
-0.11190316475267875 -2.340442790789234
-0.10406159418124655 -2.302560438003769
-0.21850864311273316 -2.24135019970606
-0.3684566242281188 -2.617661416434639
-0.18535670103838287 -2.784922105360317

-0.12625652114086472 -2.7103717176447
-0.1440256102671278 -2.2576697715436227
-0.26622889603824906 -2.2804943810069096
-0.36066890677062674 -2.441335321592727
-0.23880277492086927 -2.8217505146396675
-0.27486847797234465 -2.380629512643813
-0.13721140659165998 -2.8427160730329013
-0.17592488931596245 -2.810522187539475
-0.33120383749854787 -2.9049452254402537
-0.36286954257406884 -2.3457130924781895
-0.3023456806557142 -2.7819421063445535
-0.11965722801006562 -2.7221488118046793
-0.3078106595863264 -2.9505726451446175
-0.20339149019991443 -2.340209349617021
-0.3233993121387339 -2.948918461327387
-0.3492670769527379 -2.208163975619854
-0.19130419069515142 -2.214203601116233
-0.29624685448543864 -2.8339313668964126
-0.314116422983976 -2.6610218866860196
-0.18379325781602723 -2.24323802363113

-0.36788036383957085 -2.554298459022531
-0.1584232042418673 -2.9524732340872863
-0.296723320724014 -2.2080414289833765
-0.29531160891307534 -2.6986575355884015
-0.1670143594262081 -2.90890914679926
-0.1643545280326391 -2.9525413903856466
-0.23788744267977718 -2.3542285792414415
-0.37463329829428704 -2.3975076453558914
-0.11485065811857897 -2.435970524907532
-0.1659339355340204 -2.737968322815848
-0.3917162500144139 -2.5973189811393578
-0.15873361095602434 -2.3453951793532406
-0.35040049643243526 -2.2623558529280934
-0.12537357039186353 -2.839755631392265
-0.2914058714191736 -2.468848920647049
-0.25379852221684573 -2.864211231981642
-0.1251413190210081 -2.252164676787972
-0.3731699968963498 -2.3726087873977773
-0.3616840657171746 -2.3125847700982005
-0.16818240725264916 -2.431481543029023

-0.2601867519920412 -2.7386054405921803
-0.3136466046434845 -2.5671308549243035
-0.1313231037964523 -2.2294833299210275
-0.2962389756423941 -2.8222118844885324
-0.13569249319543175 -2.861305057618884
-0.19953285833556272 -2.6882181121270063
-0.15971499025816108 -2.229307831519473
-0.15007377688277204 -2.651311886341496
-0.348018019070287 -2.4298477706817154
-0.2519214786208053 -2.241079943863236
-0.169640348103004 -2.412468368593148
-0.2832446827387436 -2.4864422283192553
-0.3910057156047903 -2.532318405035703
-0.16138972561615192 -2.406308298646772
-0.3605735113431533 -2.4627126937819495
-0.34345787663261307 -2.9141751826211273
-0.11798038888508916 -2.4432924243816267
-0.38832086294499085 -2.7651805004975776
-0.22465500973693234 -2.4270307187789264
-0.2069697564915183 -2.382381793195865

-0.2673042346917651 -2.513468805888151
-0.35147774156209305 -2.7402356909623067
-0.21565315082354672 -2.543955618369266
-0.2788943075412017 -2.5800561242486864
-0.2099625036545775 -2.5237883535690693
-0.3335534529684519 -2.553492149640412
-0.22231536708149469 -2.737921802268263
-0.37986791483812543 -2.688812783322683
-0.20472236447975367 -2.8001781374175647
-0.3182967062308951 -2.8604136835746092
-0.28651354991410355 -2.7097459822073207
-0.2147277205565504 -2.4792027283685623
-0.2565640449495752 -2.472395538483422
-0.2501267192183426 -2.6392681416209736
-0.37367036461717906 -2.4732556010184377
-0.21901043971392065 -2.8903118012603213
-0.2785019878527135 -2.3994220381961955
-0.2606698864886946 -2.6979815551362853
-0.25212136764659504 -2.2104702037015804
-0.16139505651764124 -2.4489175238108327

-0.15455962597210351 -2.616450911497132
-0.3533361504824087 -2.396676164074096
-0.2653233386994095 -2.4229766441919063
-0.2976993837957688 -2.3747259142773256
-0.33471886729068395 -2.211583607343382
-0.265575589938911 -2.299020717178427
-0.33983040490557925 -2.878708241561702
-0.24254327675522963 -2.208685553269184
-0.35506023536803255 -2.5309818990076316
-0.18784404041124975 -2.31168802604094
-0.24917167678732388 -2.7599478850949275
-0.21858656672880455 -2.450057345553148
-0.37127989332077227 -2.577392044432428
-0.18061101817158046 -2.8016518004639077
-0.24248931392566578 -2.3932344854647996
-0.14162284735100067 -2.441126354213872
-0.1876001120006901 -2.7267349448446128
-0.13266857416233846 -2.5740026048705658
-0.3745257070226025 -2.563313236223085
-0.16889924258383643 -2.802313780005518

-0.17049458877610515 -2.7935551453479635
-0.2281521920593457 -2.631844811123143
-0.1679426625783683 -2.4790677684154785
-0.1279736442295844 -2.334551650530705
-0.30016304846998465 -2.847095606492884
-0.27089243966036824 -2.4799448880066093
-0.11181408158137451 -2.2611514387370155
-0.37559107091184685 -2.219793399128671
-0.34759559639646476 -2.822728173911532
-0.33774878859974045 -2.785917361153367
-0.39574994679550535 -2.9396108624086046
-0.21533150188240147 -2.3414897629827913
-0.29424560710412495 -2.442592673383391
-0.24553714911845578 -2.944213878596029
-0.21509150272515307 -2.5017376524139108
-0.3994806383236719 -2.4622064290536763
-0.36828069032080046 -2.7084593887369945
-0.24063255856631507 -2.619183550249111
-0.3353941808239989 -2.381134264267846
-0.3799952654524578 -2.287556406020949

-0.2551259743162517 -2.444953497327966
-0.23091358119224475 -2.6351228759827046
-0.3784779275413937 -2.6586560090273976
-0.328985345476351 -2.9151172218612307
-0.147580879920356 -2.439385699633581
-0.3170961896187038 -2.5285339303552226
-0.2583596293362722 -2.757042827658489
-0.3342316533107276 -2.8172322691617477
-0.20378885825046678 -2.3054439825441504
-0.17540083342534216 -2.912983145729873
-0.11946570236918025 -2.251526236924555
-0.289360171607875 -2.673841093036981
-0.33227257858574577 -2.721717600327638
-0.10054143047287123 -2.8229279296184764
-0.20850151174083525 -2.316571860755155
-0.3086241198472596 -2.2077089802849534
-0.3992563265615682 -2.924628337088857
-0.1577778944621715 -2.66225952270653
-0.2794693055564844 -2.856188750765637
-0.1771427194887471 -2.3657365532423005

-0.21493800898852453 -2.8607186867457255
-0.12669508997859585 -2.8735635302401454
-0.24001077357721812 -2.638350148343605
-0.2676680776182024 -2.7516100430841726
-0.20327275176281337 -2.6571648400567374
-0.2967028577943227 -2.9652463772388975
-0.28364335828144543 -2.231309213865706
-0.17867918861161863 -2.5964382492588154
-0.19683502667158978 -2.3217311943725285
-0.1031348743543945 -2.285687750005881
-0.3861027613980846 -2.480638654449544
-0.12040342028000817 -2.532269081009913
-0.17766165303637005 -2.596381903433093
-0.25243656643524603 -2.6373639186178672
-0.1578541880441485 -2.697508695972385
-0.25553172037279304 -2.6399432554826525
-0.1813836661254665 -2.66286781630673
-0.2230917230430272 -2.3267494120695114
-0.29810497580154827 -2.2687729003769945
-0.17502074785589605 -2.429527348326001

-0.20715114854031455 -2.245643592454709
-0.1233923457433862 -2.4666960366636825
-0.24101144022040102 -2.3300730116878157
-0.1949218658784948 -2.4445956423426156
-0.27669011820641515 -2.5846399954237653
-0.2104011488594599 -2.810108046883071
-0.2456884543475143 -2.955279009397366
-0.2220942592066094 -2.78573559982809
-0.33965174429976147 -2.9141473621919824
-0.39382508441272496 -2.3771733239143296
-0.1441055934368659 -2.2400517445094263
-0.11057899685541406 -2.804407632933537
-0.185782174416995 -2.5671494338671788
-0.3875957637379603 -2.2870794710748523
-0.27867194379640986 -2.8916383585536147
-0.319034775755244 -2.8975687230713576
-0.23512786981168193 -2.938896560072292
-0.20482151870975043 -2.6027190067124684
-0.29816056935167423 -2.4892891750371984
-0.29422979907798485 -2.817814508759718

-0.15832471140841317 -2.5776001803869737
-0.19337829368645154 -2.544650889943933
-0.35778460223461817 -2.7608955810438576
-0.35842672434048073 -2.8777178030866963
-0.16964200251026093 -2.6681620739705734
-0.1544886812886747 -2.882789506725991
-0.18039671144747724 -2.7283584344544733
-0.3613885382932297 -2.3173129923402485
-0.17323496280197825 -2.938132850737808
-0.23630136349505784 -2.785810103942074
-0.12863840616622774 -2.6867387716587703
-0.12101103842265776 -2.676046081933484
-0.38886778588981447 -2.7385265104902894
-0.13174365049807119 -2.824293605597508
-0.3536641482819581 -2.6120651121153324
-0.2993447096568884 -2.237590502790525
-0.30757658354993866 -2.3730487150364703
-0.3359983608685853 -2.8767243623938583
-0.19684788242484735 -2.8468433135183537
-0.36514517080853587 -2.3566840342297932

-0.3458808802522392 -2.4710185283190658
-0.29605906834632695 -2.8613947560282638
-0.23043705349981916 -2.758345699171425
-0.20710750328605187 -2.502710262388245
-0.2253207595853843 -2.9288436364650807
-0.17711484482935905 -2.960477763781377
-0.26154891594945223 -2.562538662486405
-0.26733869063625443 -2.7196211476963534
-0.1440885308306113 -2.421412341818942
-0.22295637610316696 -2.3747289164191283
-0.3085039878998919 -2.274438150065481
-0.22979936569826392 -2.2808195209830853
-0.11156894899419373 -2.6685261479908697
-0.30701186126104374 -2.804805098056613
-0.1750240619247988 -2.4671145720410594
-0.1732812047628754 -2.6716942539998105
-0.21615996052659822 -2.6233100310809743
-0.3859448817505802 -2.2228888849342296
-0.15238071505141598 -2.2690585130761662
-0.1473705919735817 -2.923723542068174

-0.2034661504555238 -2.4682131102802303
-0.13038709676064186 -2.9390162298428115
-0.18704999957148458 -2.8666899569769466
-0.13240716945714248 -2.242409268036999
-0.3523611661108015 -2.702269212209137
-0.11421556953471174 -2.3286420593575152
-0.13962318871093593 -2.5742601192926258
-0.3279862579177257 -2.4746541328782437
-0.14004007863811596 -2.3601710025842433
-0.36637472281612876 -2.203602306518514
-0.3902772813527963 -2.9516412104419842
-0.17454500824603966 -2.5168892555401516
-0.19632922588913487 -2.624990679977263
-0.21594095403353042 -2.9392589242157627
-0.3578694138082239 -2.5578721421733555
-0.10670539419161668 -2.7152847668044493
-0.22207619691263 -2.5274639851719467
-0.27416397389691005 -2.658835786034149
-0.13931913949486718 -2.568809373250864
-0.1094821408137045 -2.2469975607258217

-0.26723040542232834 -2.830069635335146
-0.3113018493677536 -2.4197577883446617
-0.3423938340075664 -2.334092541235852
-0.11366923775613896 -2.8773371498782447
-0.22810269954688597 -2.860568204976807
-0.28497948630866154 -2.612892934591927
-0.15944591131702857 -2.6674208433356985
-0.18177445963258165 -2.773954600277152
-0.307288129023428 -2.482815975309601
-0.29684241837571607 -2.622081674812729
-0.11389792418767969 -2.9419836647070774
-0.3954613705838086 -2.3489846077716776
-0.15833921299947057 -2.8643166823806814
-0.3235048204883866 -2.337328043476275
-0.17172703135127723 -2.7573056679716426
-0.2543106887185149 -2.430733200221532
-0.13201129190613653 -2.8060328425460135
-0.3182467907367919 -2.8857280117159387
-0.35284270250103267 -2.8972012286408675
-0.258270287149612 -2.2968485634329925

-0.19646663882683588 -2.286635112813537
-0.37785546864850467 -2.34155910095609
-0.3862007277371335 -2.5751081054689036
-0.20108798812423573 -2.4398469269257275
-0.31593369661168885 -2.4738566894733007
-0.37286058563362734 -2.3735511102696405
-0.34959208489569066 -2.738065164187576
-0.33183444217995384 -2.2853443580167836
-0.3991305024261754 -2.4800639192343445
-0.2960269098584787 -2.6649174399211932
-0.10208178801641576 -2.510043977117522
-0.367400548658679 -2.5672853150748702
-0.11547758103329708 -2.6344615709517027
-0.3843733819581856 -2.875684922324854
-0.10829913317910717 -2.307227951980136
-0.23651622358193183 -2.7176169665652132
-0.11918246884710731 -2.8742921721760024
-0.20708341707628458 -2.759634153762552
-0.12973907467667528 -2.385109444432471
-0.3807277491047034 -2.5985329178842775

-0.20268145493028789 -2.9527839050270837
-0.3331875683773123 -2.8235755874917885
-0.2413092503991472 -2.2839916822378323
-0.19791949779913162 -2.9407141389049327
-0.1729825498540135 -2.828826528304245
-0.24469253526292847 -2.5373108644097595
-0.19279629024792366 -2.8834356430436046
-0.21203109340227064 -2.8355323739105405
-0.14772505259764007 -2.778748374310298
-0.24336458883101753 -2.7785640886049245
-0.3668149032673275 -2.268676523873224
-0.22558270474064404 -2.854299347350812
-0.2146839504486167 -2.8214168014715177
-0.23753802868215107 -2.501600465329363
-0.18059592711338435 -2.969760717863154
-0.10028207550639229 -2.7277460038707635
-0.1000459213719907 -2.5373002338652633
-0.10034875126829701 -2.8601025758027956
-0.35544655729855046 -2.862914711518255
-0.3411455232167262 -2.5354353790815356


0.2490678410035807 2.2637549660136846
0.15643392698517827 1.7311881095563604
0.21850124991573372 1.9034001904419595
0.2266372496690512 2.363587546534119
0.1547576486560575 2.0348730344488457
0.09729676636128703 1.7380760486778013
0.11102996528268219 2.230168423339679
0.14313372951969228 2.3704865651708227
0.17225877955215485 2.33231206535301
0.23525021341617203 1.9589556105590258
0.14387712076314751 2.4991890609477356
0.1005097764901005 1.7570307269325927
0.16275560034912195 2.0061141338276447
0.14418453065787823 2.4978009326542363
0.1987743450257457 1.9882593351563491
0.24114621756945925 2.0691600092106386
0.1888111460804632 1.7586542173921456
0.10606470024799108 1.5792371405344685
0.10374399837613847 2.169740780620856
0.13957507314779416 2.4348544564231887
