5 10 4

0.00000 1.00000
0.00000 1.00000
0.00000 1.00000
0.00000 1.00000
0.00000 1.00000


-0.13953 -1.63778
-0.27740 -1.58361
-0.24718 -2.11622
-0.34328 -1.95911
-0.21656 -2.11090
-0.16687 -2.10161
-0.22727 -2.26299
-0.22500 -2.16681
-0.19260 -1.93674
-0.19003 -2.08107

-0.10535 -2.05351
-0.34116 -1.54634
-0.20390 -1.66693
-0.13412 -1.97913
-0.12335 -1.72754
-0.34644 -2.17919
-0.30780 -1.90444
-0.31934 -2.22538
-0.38068 -1.98805
-0.35662 -1.66842

-0.10999 -1.94251
-0.22317 -1.86979
-0.39681 -1.96115
-0.39275 -1.89942
-0.25953 -2.03019
-0.31771 -1.56992
-0.28038 -1.99080
-0.21692 -2.10093
-0.33247 -1.93530
-0.15182 -1.81673

-0.21151 -1.75840
-0.15438 -1.59634
-0.25551 -1.76925
-0.21091 -2.23869
-0.13394 -2.05511
-0.13778 -1.93983
-0.25892 -2.07900
-0.25677 -1.57140
-0.33694 -1.95946
-0.30069 -2.24725

-0.15644 -2.01974
-0.12878 -1.78451
-0.36736 -1.71785
-0.26217 -2.13673
-0.28661 -1.92098
-0.13870 -2.04274
-0.14846 -1.98252
-0.24799 -1.85400
-0.35327 -1.88264
-0.10838 -1.89524


0.08118 1.45648
0.11162 1.87333
0.14211 1.40716
0.15189 1.48171
0.12618 1.49786
0.13130 1.84809
0.08309 1.97907
0.14235 1.81708
0.13302 1.32668
0.07743 1.21543
