5 100 60

0.00000 1.00000
0.00000 1.00000
0.00000 1.00000
0.00000 1.00000
0.00000 1.00000


-0.38567 -3.80819
-0.23883 -4.11011
-0.34349 -3.79440
-0.21076 -4.29369
-0.18052 -4.23315
-0.34804 -4.03789
-0.27498 -4.01208
-0.38318 -4.30066
-0.26481 -3.97477
-0.25477 -4.08447
-0.19135 -3.82772
-0.30713 -4.46587
-0.10973 -4.18012
-0.24474 -4.55143
-0.30973 -4.48353
-0.12731 -3.86502
-0.13076 -4.47620
-0.18645 -4.39067
-0.11508 -3.90286
-0.30432 -3.99305
-0.12213 -4.47266
-0.10150 -3.87175
-0.33579 -4.36458
-0.16794 -4.29337
-0.26959 -4.24041
-0.38123 -4.44149
-0.23769 -3.93746
-0.15058 -4.25027
-0.11960 -4.37329
-0.38297 -4.51572
-0.22427 -3.86765
-0.37256 -3.90370
-0.28486 -4.42659
-0.38413 -4.06167
-0.32279 -3.88449
-0.27204 -3.79678
-0.23315 -4.48993
-0.21058 -4.06340
-0.10175 -4.52487
-0.33127 -4.54621
-0.32848 -4.15312
-0.27835 -4.51026
-0.33396 -4.32843
-0.25741 -4.40980
-0.13786 -4.29210
-0.20950 -4.14536
-0.25667 -3.84707
-0.23289 -4.35346
-0.33058 -4.11253
-0.39123 -4.04438
-0.34901 -4.37977
-0.34250 -4.19023
-0.28242 -4.30752
-0.20004 -4.43447
-0.11803 -3.82652
-0.19142 -4.07121
-0.23545 -4.50260
-0.21454 -4.35970
-0.11452 -4.28334
-0.36738 -4.32569
-0.35293 -4.39594
-0.24194 -4.24679
-0.26698 -4.29841
-0.18851 -4.44870
-0.23116 -4.55890
-0.39286 -4.44732
-0.20838 -3.98349
-0.24873 -4.18055
-0.29163 -3.86042
-0.22918 -3.95190
-0.23312 -4.24551
-0.32194 -3.88756
-0.27780 -4.22762
-0.12096 -4.15587
-0.13869 -4.21427
-0.36212 -4.33433
-0.22544 -4.07362
-0.28149 -4.04467
-0.11299 -4.43538
-0.18741 -4.50051
-0.21231 -4.53765
-0.25476 -4.22589
-0.39033 -3.91662
-0.14587 -3.87191
-0.12992 -4.54763
-0.13056 -4.45127
-0.10998 -3.87813
-0.13261 -4.47864
-0.19228 -4.28786
-0.20567 -4.28414
-0.34696 -4.10477
-0.39842 -3.95660
-0.20048 -4.04187
-0.27134 -4.38020
-0.16867 -4.43409
-0.34952 -4.48034
-0.11912 -4.07452
-0.33534 -3.93178
-0.31374 -4.43258
-0.32051 -3.98501

-0.37682 -4.16189
-0.35195 -4.51480
-0.10031 -3.95879
-0.36682 -4.36555
-0.18059 -3.87614
-0.29760 -4.25960
-0.23607 -4.09928
-0.19145 -4.01860
-0.22489 -4.55975
-0.27632 -4.34933
-0.32804 -4.15122
-0.13851 -3.94195
-0.19742 -3.85292
-0.36498 -4.22589
-0.34968 -4.44644
-0.35628 -4.22482
-0.38742 -4.39512
-0.11126 -4.47546
-0.10697 -4.03584
-0.11796 -4.52040
-0.33934 -4.53002
-0.19065 -4.25006
-0.28657 -4.35925
-0.29403 -4.25135
-0.30000 -4.23609
-0.15961 -3.84964
-0.29236 -4.11922
-0.21943 -3.85152
-0.16945 -4.15604
-0.17627 -4.10666
-0.22612 -4.50912
-0.13173 -4.16412
-0.27138 -3.95274
-0.19334 -4.37717
-0.14359 -4.05154
-0.35849 -4.15810
-0.31299 -3.83518
-0.31645 -4.42252
-0.18811 -4.50989
-0.27636 -3.81113
-0.25297 -4.23218
-0.35314 -4.41591
-0.18722 -4.01360
-0.26969 -4.43627
-0.28877 -4.25271
-0.38678 -3.89321
-0.29488 -4.31612
-0.19629 -4.31303
-0.28821 -4.31631
-0.18494 -4.53272
-0.35392 -4.55944
-0.16243 -4.31698
-0.35945 -3.86702
-0.25578 -3.98308
-0.29558 -4.42371
-0.39253 -4.56641
-0.16791 -4.30331
-0.24440 -4.05408
-0.24808 -3.93864
-0.34377 -4.31075
-0.16330 -4.41039
-0.31492 -4.47503
-0.14063 -3.84447
-0.11311 -4.26179
-0.18493 -3.87308
-0.19526 -4.46310
-0.27734 -4.53922
-0.23660 -4.22628
-0.18018 -4.42614
-0.17359 -4.47664
-0.18719 -4.40289
-0.33379 -3.81948
-0.22528 -4.41959
-0.28026 -4.31605
-0.11218 -4.04400
-0.21858 -4.28408
-0.34155 -3.82674
-0.36661 -3.98404
-0.34316 -3.79979
-0.14852 -4.52357
-0.33240 -4.18450
-0.21068 -3.81071
-0.39396 -3.94137
-0.23088 -4.29139
-0.22991 -3.96472
-0.15994 -4.53544
-0.11183 -4.47146
-0.32390 -4.02034
-0.26133 -4.30003
-0.38092 -4.24492
-0.35408 -4.19042
-0.27864 -4.17372
-0.27035 -4.36422
-0.21669 -4.50988
-0.26221 -4.11758
-0.23819 -4.16900
-0.12750 -4.39318
-0.26109 -3.87099
-0.11381 -4.52547
-0.17597 -4.29548

-0.33032 -3.96230
-0.28576 -3.91564
-0.24394 -4.46821
-0.32427 -3.93722
-0.28236 -4.11378
-0.33158 -4.05980
-0.25870 -3.97382
-0.25196 -4.29355
-0.28377 -4.19456
-0.31273 -4.38681
-0.19952 -4.05397
-0.32982 -4.41029
-0.13957 -3.93121
-0.23155 -4.44126
-0.26320 -4.41146
-0.10391 -4.21647
-0.17607 -3.97977
-0.11408 -4.43059
-0.36511 -4.24020
-0.23259 -4.40129
-0.17703 -4.00344
-0.34048 -4.54804
-0.36085 -4.19615
-0.17894 -4.49613
-0.25395 -4.03573
-0.39719 -4.11764
-0.34642 -4.45716
-0.26184 -4.13986
-0.24415 -4.00187
-0.17783 -4.24082
-0.16571 -4.39985
-0.11188 -4.35608
-0.24915 -4.32379
-0.18236 -4.26403
-0.31130 -4.29618
-0.36920 -4.51523
-0.20500 -4.45474
-0.39740 -4.40935
-0.18176 -3.85260
-0.39331 -4.34382
-0.26069 -4.55742
-0.38052 -4.25849
-0.30303 -4.25666
-0.23626 -4.30049
-0.39831 -4.07105
-0.23467 -4.23470
-0.28625 -4.00515
-0.19053 -4.45547
-0.37964 -3.83364
-0.19352 -3.88375
-0.25894 -3.90730
-0.30348 -4.43774
-0.33296 -3.95375
-0.26318 -4.41504
-0.32878 -3.89231
-0.10456 -4.48062
-0.30994 -4.22925
-0.21940 -4.33266
-0.38651 -4.50394
-0.20453 -3.83315
-0.28142 -3.88009
-0.29987 -4.03146
-0.15254 -4.46414
-0.12366 -4.32045
-0.21460 -3.85025
-0.24145 -4.22368
-0.32663 -4.03335
-0.20788 -4.51284
-0.29743 -3.96769
-0.14993 -4.02110
-0.20090 -4.19351
-0.34520 -4.39162
-0.15113 -3.96260
-0.15166 -3.80950
-0.34426 -4.02463
-0.24691 -4.37015
-0.22025 -4.54174
-0.14968 -4.46008
-0.17013 -4.38972
-0.14879 -4.40244
-0.21721 -3.95990
-0.34273 -3.83370
-0.14691 -4.49855
-0.26045 -3.96394
-0.35951 -4.49742
-0.21579 -4.25922
-0.26119 -4.14068
-0.30394 -4.14071
-0.12413 -3.98577
-0.25455 -4.11143
-0.23916 -4.27825
-0.18128 -3.81020
-0.11829 -4.26730
-0.35636 -4.16133
-0.21242 -3.83896
-0.13567 -4.20860
-0.14927 -4.15585
-0.10070 -4.06630
-0.15658 -3.89140
-0.22019 -4.38929

-0.33995 -3.80522
-0.18228 -4.55695
-0.39840 -4.56352
-0.21866 -4.49356
-0.24383 -4.07226
-0.16775 -3.95634
-0.20941 -4.13952
-0.21581 -4.34171
-0.37674 -3.97609
-0.24914 -4.21905
-0.39244 -4.35867
-0.36588 -3.87622
-0.10346 -4.39369
-0.15746 -4.48076
-0.32005 -4.42756
-0.38034 -3.81926
-0.27465 -4.45885
-0.34641 -4.32497
-0.18674 -4.16302
-0.11496 -4.09663
-0.13554 -4.54879
-0.27006 -4.55961
-0.23801 -4.25134
-0.35104 -4.14772
-0.10580 -3.82570
-0.37686 -4.37206
-0.28193 -3.98534
-0.28030 -3.88955
-0.14972 -4.48016
-0.26161 -3.86935
-0.25758 -3.99100
-0.12876 -4.50630
-0.23109 -3.87250
-0.14820 -4.45209
-0.23514 -4.15959
-0.21813 -4.28805
-0.17476 -4.07083
-0.24865 -4.51694
-0.30745 -4.02822
-0.12755 -4.15643
-0.34398 -4.02501
-0.18723 -3.83204
-0.28042 -3.85807
-0.18473 -4.53789
-0.33323 -3.83906
-0.34602 -3.79872
-0.29236 -4.01518
-0.14429 -4.32783
-0.28889 -3.93092
-0.22426 -3.99786
-0.28627 -4.09561
-0.23032 -4.12455
-0.17906 -3.88160
-0.14956 -4.10985
-0.13190 -4.12479
-0.21208 -3.87859
-0.38512 -4.45260
-0.28157 -3.99243
-0.14731 -4.29459
-0.35168 -4.10195
-0.36814 -4.17136
-0.34202 -4.21014
-0.36491 -4.26074
-0.25865 -4.24580
-0.33455 -4.37082
-0.33034 -3.88159
-0.19928 -4.03801
-0.30367 -4.15479
-0.33578 -3.97114
-0.14316 -4.28405
-0.12055 -3.80146
-0.33283 -4.42399
-0.26615 -4.44220
-0.10091 -4.23843
-0.10317 -4.13473
-0.26221 -4.26645
-0.21907 -4.00252
-0.25684 -4.55463
-0.37646 -3.96187
-0.11163 -3.93524
-0.20962 -3.90842
-0.24736 -3.85625
-0.14998 -4.53907
-0.32110 -3.84428
-0.21020 -3.87801
-0.34006 -4.51593
-0.25170 -4.38476
-0.33934 -4.35105
-0.10096 -4.53242
-0.25470 -4.20680
-0.37717 -4.12738
-0.22987 -3.95743
-0.33409 -4.04943
-0.18509 -3.81865
-0.22821 -4.44271
-0.26990 -4.20883
-0.11096 -4.51048
-0.39384 -4.33391
-0.25809 -4.34266
-0.34841 -4.52025

-0.36486 -4.49645
-0.31481 -4.12826
-0.11900 -3.94661
-0.17268 -3.95665
-0.16943 -4.44840
-0.23711 -4.23203
-0.28786 -4.08500
-0.24334 -4.32015
-0.10794 -3.86354
-0.19747 -4.55638
-0.32098 -4.23934
-0.27125 -4.50559
-0.22540 -4.47382
-0.29791 -4.45646
-0.24100 -4.43432
-0.32594 -3.95225
-0.24860 -4.55972
-0.12824 -4.55588
-0.35267 -4.13077
-0.19212 -4.36006
-0.14582 -3.82929
-0.33112 -4.56334
-0.31978 -3.86190
-0.22078 -4.41385
-0.16797 -4.06720
-0.18873 -4.19402
-0.28839 -4.20447
-0.24906 -3.85436
-0.13640 -3.96901
-0.18008 -4.42514
-0.15644 -4.10059
-0.24673 -3.93523
-0.16162 -3.93745
-0.27268 -4.37796
-0.16949 -4.40183
-0.27123 -4.56925
-0.10133 -4.37503
-0.15798 -3.87383
-0.36772 -3.87020
-0.10816 -4.34863
-0.17406 -4.55509
-0.32144 -4.52376
-0.20378 -3.82764
-0.15275 -4.28237
-0.32162 -4.48652
-0.13103 -4.40237
-0.10447 -4.56447
-0.12832 -4.51020
-0.39249 -4.43155
-0.25199 -4.22118
-0.39095 -4.20904
-0.38240 -4.22053
-0.14977 -4.21367
-0.32883 -4.41228
-0.16928 -3.92747
-0.11464 -4.20567
-0.11358 -4.26344
-0.20295 -4.11538
-0.26261 -3.89286
-0.17490 -3.97473
-0.32417 -4.05777
-0.12143 -4.42501
-0.13722 -3.94687
-0.28440 -3.89850
-0.13107 -4.55804
-0.13430 -3.99227
-0.26463 -4.20398
-0.25003 -3.93776
-0.15001 -3.91615
-0.21798 -4.10152
-0.37533 -3.94523
-0.39473 -4.18392
-0.33205 -3.82145
-0.34683 -3.99465
-0.29199 -4.30051
-0.38887 -4.46864
-0.34155 -4.32207
-0.26119 -4.05824
-0.27103 -3.79527
-0.12827 -4.56783
-0.22374 -4.05269
-0.36037 -4.12130
-0.21654 -3.95913
-0.27598 -4.22653
-0.30903 -3.87377
-0.19199 -4.04352
-0.35290 -4.53735
-0.26465 -4.55029
-0.29080 -4.14783
-0.24064 -3.93035
-0.14080 -4.19765
-0.39581 -4.40619
-0.29630 -4.35424
-0.10634 -4.44955
-0.23336 -4.20407
-0.14471 -4.24871
-0.11535 -4.37082
-0.19170 -4.10456
-0.32308 -3.93738
-0.27395 -3.86513


0.10004 2.20187
0.14892 2.92349
0.20385 2.63209
0.09826 2.50922
0.19957 2.44715
0.23057 2.74755
0.16002 2.64711
0.14107 2.22888
0.12495 2.54029
0.18918 2.48989
0.16346 2.96625
0.14300 1.90000
0.20038 2.45783
0.14624 2.82493
0.14892 2.25385
0.14619 2.36471
0.17180 2.96579
0.17701 2.49845
0.13304 2.65768
0.11376 2.62930
0.23691 2.01976
0.23276 2.03829
0.11493 2.89411
0.22641 2.42036
0.14640 2.24445
0.20740 2.55857
0.09230 2.60263
0.14237 2.41661
0.11019 2.65588
0.22466 2.13828
0.12671 1.87017
0.12360 1.86131
0.11827 2.52567
0.20729 2.01645
0.16536 1.84380
0.10012 2.71572
0.12928 2.91614
0.16034 2.47501
0.14189 2.95271
0.20507 2.78498
0.20778 2.04390
0.21742 2.57530
0.09828 2.01582
0.10692 2.73130
0.15464 2.27887
0.14700 2.41860
0.17850 1.84998
0.10477 2.13536
0.20543 2.41989
0.12732 2.31832
0.17406 2.26601
0.09213 2.23491
0.12836 2.00489
0.20371 2.82177
0.21082 2.99373
0.23507 1.92157
0.21783 2.82458
0.12450 2.63905
0.14669 2.54388
0.22896 2.35437
0.20781 1.82081
0.23539 1.80853
0.18137 1.98843
0.17852 2.63191
0.16276 2.38875
0.10946 2.94835
0.12139 1.82194
0.20702 1.90204
0.11177 2.31560
0.16626 2.26832
0.14477 2.34413
0.09440 2.22975
0.13295 2.89956
0.20327 1.83297
0.11229 2.12837
0.14371 2.07732
0.13472 2.94832
0.13858 1.93401
0.20292 1.90965
0.17581 2.77252
0.17270 1.87667
0.20633 2.38954
0.12348 2.54202
0.12710 2.09024
0.13659 2.72214
0.15812 2.67273
0.16293 2.00779
0.17573 2.53502
0.17045 1.81384
0.14243 1.84416
0.10334 1.90403
0.09861 2.91702
0.18750 1.80704
0.16636 2.89669
0.18640 2.27956
0.11371 2.36714
0.18589 2.12932
0.13356 2.42508
0.19531 1.91103
0.12570 2.63400
