5 100 40

0.00000 1.00000
0.00000 1.00000
0.00000 1.00000
0.00000 1.00000
0.00000 1.00000


-0.16904 -3.87366
-0.24501 -4.40094
-0.15177 -4.22742
-0.13493 -4.42114
-0.11761 -4.02942
-0.15631 -4.13621
-0.32959 -4.45303
-0.34739 -4.51428
-0.38145 -4.42218
-0.38318 -4.19194
-0.25427 -3.87509
-0.30434 -4.33299
-0.12705 -3.97904
-0.11126 -3.96767
-0.12950 -4.52053
-0.36133 -3.97371
-0.36709 -4.26540
-0.10655 -4.10740
-0.16668 -4.27597
-0.16419 -4.02517
-0.29037 -4.15618
-0.11048 -4.42747
-0.25698 -4.42662
-0.38297 -4.03656
-0.37849 -4.22026
-0.15223 -4.46385
-0.31581 -4.16128
-0.30971 -4.31210
-0.23014 -4.05084
-0.15987 -4.25307
-0.38157 -3.96047
-0.21337 -4.14127
-0.18600 -4.56946
-0.12258 -4.17591
-0.19168 -4.02050
-0.34584 -3.97977
-0.33926 -4.20851
-0.15420 -4.08391
-0.21625 -4.13753
-0.33854 -4.36800
-0.11262 -4.46366
-0.13970 -4.34126
-0.27695 -4.41787
-0.10922 -4.20338
-0.21145 -3.94074
-0.35276 -4.25723
-0.16839 -4.04640
-0.29226 -4.35141
-0.27067 -4.43808
-0.17446 -4.12864
-0.19845 -4.40431
-0.15818 -4.11386
-0.20305 -4.45119
-0.14425 -4.06998
-0.35929 -4.48198
-0.20732 -4.26387
-0.11271 -4.32568
-0.27613 -4.30184
-0.18194 -4.31912
-0.23467 -3.88796
-0.11020 -4.19484
-0.18390 -4.05044
-0.10140 -4.50774
-0.22253 -3.89402
-0.16543 -4.15827
-0.39324 -4.08214
-0.26338 -4.26241
-0.12859 -3.97684
-0.36619 -4.50496
-0.30664 -4.10882
-0.38859 -4.15953
-0.17864 -4.51786
-0.37550 -4.03202
-0.24181 -4.03562
-0.31047 -4.46045
-0.14383 -4.06139
-0.24263 -3.83522
-0.22169 -4.17627
-0.37015 -4.39881
-0.35242 -4.26999
-0.23533 -3.95207
-0.14165 -4.25758
-0.10105 -3.98041
-0.23147 -4.10268
-0.30059 -3.95186
-0.20664 -4.12982
-0.33750 -4.29033
-0.25322 -4.00462
-0.24671 -4.00411
-0.20479 -4.33892
-0.18058 -3.86973
-0.19075 -4.40456
-0.35765 -4.34340
-0.19500 -4.37656
-0.10864 -4.49679
-0.26619 -3.98040
-0.26845 -4.20084
-0.34835 -4.51384
-0.24947 -4.04750
-0.23953 -4.54695

-0.35699 -4.12038
-0.11064 -4.31686
-0.23189 -4.16360
-0.20465 -4.45481
-0.26711 -4.58178
-0.36656 -4.39559
-0.14722 -4.07343
-0.12174 -4.12875
-0.36457 -3.88126
-0.38335 -4.09061
-0.21116 -4.21559
-0.31355 -4.15136
-0.29515 -4.39382
-0.25957 -4.38107
-0.37134 -4.39438
-0.38965 -3.90708
-0.14285 -4.23816
-0.28215 -4.15981
-0.30323 -4.17352
-0.17179 -4.46683
-0.34934 -4.05709
-0.12471 -4.12470
-0.30500 -4.35265
-0.24565 -4.18104
-0.16023 -4.25603
-0.30354 -4.20115
-0.13824 -4.21112
-0.11382 -3.83981
-0.34351 -4.13409
-0.24749 -4.28052
-0.11806 -3.90082
-0.38071 -4.14564
-0.15558 -4.36474
-0.34901 -4.25347
-0.14715 -4.30018
-0.14972 -4.46597
-0.22728 -4.20785
-0.33417 -4.33491
-0.29607 -4.32211
-0.28356 -3.93491
-0.14360 -3.87133
-0.38438 -4.43256
-0.32548 -3.89063
-0.28801 -4.43741
-0.36803 -4.56838
-0.35082 -3.94447
-0.25568 -4.58376
-0.24412 -4.08426
-0.13920 -4.38560
-0.28113 -4.27305
-0.28872 -4.54004
-0.32879 -4.46383
-0.32611 -4.09054
-0.13963 -3.83522
-0.38825 -4.18202
-0.11051 -4.55523
-0.10514 -4.24340
-0.21827 -4.13300
-0.32739 -3.86881
-0.32099 -4.04950
-0.33401 -4.33044
-0.31967 -4.46247
-0.10358 -4.09198
-0.17871 -4.26487
-0.12922 -4.23175
-0.13028 -4.20325
-0.11157 -4.14621
-0.14916 -4.18864
-0.30254 -4.19063
-0.16554 -4.49191
-0.19942 -3.86594
-0.25092 -4.40081
-0.19143 -4.00238
-0.35180 -3.93573
-0.23722 -4.34239
-0.11123 -4.18148
-0.17658 -4.20420
-0.17049 -3.99328
-0.36792 -4.34361
-0.17185 -4.11326
-0.38001 -4.20038
-0.30272 -3.88768
-0.26885 -4.19168
-0.14178 -4.43849
-0.26922 -4.13299
-0.33496 -4.41513
-0.36082 -3.83967
-0.27083 -4.58391
-0.15378 -4.33784
-0.14153 -4.20277
-0.20532 -4.06579
-0.35631 -4.13076
-0.12231 -4.10501
-0.32809 -3.87915
-0.34439 -4.46816
-0.11994 -4.21200
-0.15495 -4.46095
-0.31882 -4.53043
-0.36109 -4.08611
-0.33051 -4.07231

-0.13530 -4.51436
-0.27798 -3.98324
-0.30323 -4.13596
-0.25486 -3.85397
-0.13352 -4.21768
-0.22708 -4.57044
-0.30845 -4.33413
-0.35135 -4.35859
-0.12619 -3.84200
-0.13364 -4.24117
-0.38097 -4.08245
-0.38238 -4.25396
-0.26358 -3.90013
-0.27039 -4.40639
-0.36866 -3.86804
-0.20212 -4.43337
-0.18613 -4.14348
-0.32023 -4.33651
-0.25621 -4.10084
-0.37645 -4.07368
-0.20764 -4.08241
-0.30994 -3.96974
-0.11324 -4.11382
-0.19881 -4.12478
-0.18369 -4.07615
-0.16355 -3.97351
-0.11993 -4.32633
-0.29358 -3.97268
-0.11911 -4.21273
-0.34709 -4.55420
-0.17271 -4.04801
-0.18928 -4.42540
-0.21954 -4.13942
-0.38427 -3.96972
-0.13281 -4.47267
-0.29663 -3.91966
-0.12916 -4.41440
-0.21481 -3.98278
-0.26182 -4.24877
-0.39495 -4.02761
-0.16288 -3.87953
-0.33750 -4.01877
-0.37356 -4.17390
-0.18626 -4.23675
-0.16869 -3.99806
-0.31310 -4.23442
-0.18420 -4.37381
-0.15442 -3.88938
-0.12162 -3.98569
-0.23466 -4.15386
-0.15822 -4.23328
-0.22301 -3.87329
-0.23157 -3.90881
-0.13573 -4.38944
-0.32454 -4.50102
-0.37367 -4.23783
-0.13851 -4.38505
-0.29368 -4.39615
-0.29316 -4.07428
-0.17133 -3.85328
-0.14889 -4.25141
-0.20521 -3.91288
-0.16561 -4.07604
-0.29209 -4.56015
-0.19710 -4.55709
-0.14226 -4.34483
-0.23198 -4.47449
-0.22377 -4.17971
-0.36874 -4.49812
-0.34661 -4.36090
-0.33372 -3.95182
-0.33842 -3.89060
-0.12351 -3.90470
-0.22683 -4.47692
-0.32387 -3.94624
-0.23081 -4.50649
-0.27581 -4.22246
-0.23698 -4.36469
-0.13242 -4.00988
-0.36961 -4.54442
-0.13744 -4.11173
-0.22366 -3.88189
-0.31427 -4.51548
-0.17750 -4.47887
-0.37425 -4.14532
-0.16236 -4.02142
-0.34096 -4.30096
-0.24654 -4.06802
-0.15087 -4.07969
-0.22697 -4.50151
-0.31005 -4.12538
-0.11848 -4.33942
-0.22932 -4.30928
-0.35639 -3.87211
-0.27369 -4.39454
-0.34659 -3.96621
-0.26416 -4.23890
-0.11452 -4.26692
-0.20874 -3.95754
-0.37837 -4.57360

-0.23718 -3.89442
-0.13583 -4.46249
-0.26260 -4.01193
-0.29987 -4.17290
-0.24496 -4.48954
-0.33291 -4.43142
-0.13030 -4.55850
-0.24372 -3.94091
-0.16412 -4.40888
-0.20270 -4.18795
-0.34650 -4.53194
-0.24575 -3.93511
-0.32929 -3.89660
-0.30915 -4.07056
-0.36236 -3.97148
-0.31446 -4.37630
-0.22463 -4.23608
-0.18834 -4.00800
-0.30623 -4.57621
-0.11398 -4.27036
-0.20917 -3.98326
-0.30379 -4.36129
-0.18533 -4.27759
-0.26813 -4.29344
-0.32016 -4.25844
-0.17120 -4.48929
-0.17424 -4.39989
-0.20761 -4.45210
-0.14396 -4.49804
-0.29964 -4.05280
-0.21359 -4.31705
-0.29844 -4.03181
-0.21121 -4.08832
-0.15867 -3.92711
-0.21700 -3.95990
-0.18587 -3.88269
-0.33130 -3.85180
-0.34965 -4.30464
-0.21062 -4.10334
-0.32732 -3.86160
-0.31028 -4.16108
-0.29866 -4.13000
-0.32030 -4.43220
-0.36303 -4.56318
-0.25341 -4.17656
-0.16536 -4.22318
-0.31586 -3.98890
-0.12114 -4.43631
-0.14603 -3.96042
-0.30332 -4.23555
-0.29800 -4.12777
-0.21492 -3.94730
-0.29511 -3.95173
-0.10148 -3.91557
-0.15545 -3.83691
-0.30539 -4.54276
-0.35993 -4.52453
-0.10963 -4.00744
-0.24056 -4.33608
-0.20646 -4.55977
-0.25483 -3.85538
-0.11246 -4.23074
-0.22473 -4.25467
-0.20961 -4.43781
-0.10929 -4.10302
-0.32500 -4.35870
-0.21259 -3.96107
-0.19418 -4.24756
-0.14791 -4.37171
-0.30604 -4.47339
-0.13977 -4.52797
-0.39189 -3.91506
-0.10733 -3.92371
-0.34672 -3.92078
-0.39384 -4.26051
-0.22758 -3.86905
-0.11825 -4.42388
-0.33325 -4.33996
-0.28552 -3.83804
-0.23093 -4.45550
-0.13435 -3.83532
-0.12923 -4.46633
-0.29505 -4.35638
-0.35221 -4.39799
-0.36250 -4.58079
-0.36845 -3.88801
-0.24919 -4.55716
-0.24471 -3.87853
-0.32820 -4.58235
-0.35863 -3.90923
-0.24951 -4.17231
-0.23445 -3.89003
-0.27879 -4.34970
-0.38086 -4.55552
-0.13952 -4.38769
-0.32113 -4.00200
-0.15229 -3.94247
-0.25807 -4.34727
-0.17935 -4.13372
-0.17885 -4.09982

-0.28814 -4.17467
-0.29695 -4.33089
-0.38150 -4.32454
-0.36431 -4.11607
-0.35086 -4.50891
-0.12838 -4.42775
-0.15807 -3.86666
-0.22935 -4.03032
-0.25534 -3.94401
-0.34128 -4.55559
-0.30161 -4.36929
-0.19494 -4.45156
-0.14793 -4.56197
-0.34776 -4.03136
-0.16413 -3.93980
-0.23286 -3.97817
-0.39762 -4.35474
-0.30138 -4.13780
-0.14283 -4.42892
-0.30236 -3.90258
-0.28365 -4.14507
-0.31978 -4.35194
-0.20413 -4.40785
-0.28325 -4.31935
-0.15961 -4.01806
-0.16335 -4.22275
-0.18722 -4.14352
-0.23932 -4.03145
-0.30433 -4.48173
-0.12683 -4.17943
-0.29309 -4.20389
-0.21195 -4.38787
-0.10072 -4.55557
-0.34365 -4.24681
-0.11339 -4.31268
-0.32809 -4.50895
-0.39813 -4.25367
-0.13113 -4.52933
-0.12046 -4.10370
-0.19563 -3.83571
-0.30327 -4.55903
-0.21301 -4.24896
-0.24515 -4.02634
-0.12922 -3.90673
-0.23013 -4.56217
-0.29441 -3.98373
-0.10853 -4.04430
-0.15292 -4.01587
-0.16068 -4.44799
-0.11296 -4.31640
-0.15940 -4.37117
-0.18240 -4.05001
-0.28558 -4.47230
-0.30456 -4.16493
-0.16568 -4.13983
-0.38432 -4.31983
-0.32821 -4.14799
-0.38368 -4.09321
-0.25209 -4.54748
-0.34349 -4.03228
-0.16621 -4.19222
-0.24951 -4.21914
-0.20407 -4.47120
-0.23077 -4.47844
-0.23337 -3.89142
-0.12652 -4.31402
-0.18453 -4.20382
-0.36413 -4.44734
-0.12422 -3.84018
-0.27303 -4.29429
-0.16504 -4.45617
-0.28298 -4.49873
-0.36181 -4.52997
-0.32266 -3.84084
-0.16562 -4.04325
-0.15333 -4.57601
-0.22456 -4.49420
-0.19987 -4.52268
-0.32891 -4.20155
-0.13797 -4.13437
-0.16303 -4.36722
-0.36349 -4.21614
-0.24317 -3.93253
-0.35894 -4.01127
-0.22182 -4.08916
-0.29022 -4.41696
-0.21986 -4.57963
-0.28109 -4.11953
-0.17065 -4.01645
-0.18122 -3.93344
-0.13480 -4.08947
-0.24544 -4.52923
-0.29889 -4.29620
-0.29934 -4.30959
-0.28206 -4.47814
-0.36510 -3.93408
-0.13673 -4.40793
-0.28453 -4.40059
-0.16358 -4.04485
-0.20042 -4.03595


0.10387 1.40993
0.09263 1.56614
0.09576 1.68219
0.15297 1.20006
0.07116 1.52926
0.08509 1.51208
0.11259 1.66637
0.12779 1.65151
0.09141 1.97989
0.06698 1.33196
0.06948 1.97814
0.13227 1.92570
0.13367 1.45237
0.09931 1.68273
0.14906 1.92065
0.06817 1.95256
0.14779 1.66612
0.10636 1.27776
0.08656 1.39183
0.12482 1.27437
0.06715 1.41371
0.09109 1.44593
0.12344 1.67611
0.10004 1.28295
0.15261 1.91241
0.12817 1.86955
0.10947 1.32378
0.13627 1.23390
0.11867 1.69394
0.06694 1.41104
0.07788 1.97927
0.11278 1.90730
0.10697 1.62796
0.11678 1.81134
0.09742 1.82996
0.07893 1.68337
0.07543 1.54640
0.11916 1.49883
0.14215 1.72729
0.15877 1.77543
0.09009 1.75644
0.13133 1.40143
0.06073 1.45349
0.06122 1.98688
0.10758 1.34937
0.15216 1.31031
0.11429 1.73192
0.15518 1.84974
0.12465 1.80951
0.10998 1.66502
0.06067 1.52189
0.11456 1.25606
0.13563 1.21119
0.09797 1.44409
0.14891 1.68631
0.14383 1.45634
0.15616 1.47314
0.10979 1.92916
0.10516 1.33393
0.08788 1.60798
0.07089 1.94116
0.13480 1.67619
0.12751 1.94655
0.11047 1.49429
0.15703 1.22309
0.07205 1.96188
0.06335 1.73218
0.13232 1.25320
0.07956 1.57277
0.11211 1.38110
0.11119 1.91953
0.13364 1.88646
0.12153 1.94652
0.07465 1.68821
0.15739 1.76796
0.14755 1.52111
0.13880 1.32123
0.11990 1.86298
0.15181 1.61089
0.15587 1.51558
0.07959 1.35863
0.13878 1.48620
0.08025 1.25429
0.07489 1.91437
0.06267 1.31511
0.08590 1.84903
0.11237 1.71011
0.06097 1.98874
0.15366 1.99840
0.07565 1.42329
0.06022 1.28018
0.15229 1.43109
0.06247 1.38122
0.12666 1.60864
0.06482 1.49071
0.07787 1.70148
0.14795 1.65184
0.12814 1.61972
0.09736 1.29513
0.12786 1.25013
