5 10 6

0.00000 1.00000
0.00000 1.00000
0.00000 1.00000
0.00000 1.00000
0.00000 1.00000


-0.17683 -1.51253
-0.24734 -2.22337
-0.12629 -2.25795
-0.36142 -2.22189
-0.37934 -2.12111
-0.32126 -2.05904
-0.17850 -2.04857
-0.13447 -1.67553
-0.37163 -2.20585
-0.38686 -2.11315

-0.12830 -1.57685
-0.18551 -2.22918
-0.34097 -1.93964
-0.16331 -2.15623
-0.32180 -1.94352
-0.13282 -1.53570
-0.14038 -1.84264
-0.37337 -1.70343
-0.27872 -2.05541
-0.34693 -2.13200

-0.20188 -1.93767
-0.26218 -1.74114
-0.20307 -1.70844
-0.39861 -1.67653
-0.24504 -2.06287
-0.28473 -2.06100
-0.24927 -2.01373
-0.36222 -1.50900
-0.38532 -1.56964
-0.38567 -1.61093

-0.38989 -2.17817
-0.19430 -1.58789
-0.12100 -2.24171
-0.32510 -2.21206
-0.22884 -1.95820
-0.31588 -1.84960
-0.19919 -1.76426
-0.34423 -1.94005
-0.37726 -1.85393
-0.35302 -1.88485

-0.29611 -1.71527
-0.26063 -2.12396
-0.37130 -1.49657
-0.14115 -2.14554
-0.29995 -2.13881
-0.32624 -1.94400
-0.34084 -1.70494
-0.35985 -1.99196
-0.15795 -1.51187
-0.10900 -2.07227


0.20556 2.45895
0.20108 2.60348
0.15450 2.81907
0.09927 2.60601
0.12027 1.84178
0.10257 2.87263
0.19280 2.78115
0.12182 2.31921
0.15847 1.85116
0.13213 2.83946
