5 10 4

0.00000 1.00000
0.00000 1.00000
0.00000 1.00000
0.00000 1.00000
0.00000 1.00000


-0.22557 -2.07271
-0.11810 -2.12026
-0.37488 -1.64892
-0.39296 -2.22902
-0.37205 -2.17415
-0.36215 -2.22845
-0.13626 -2.07421
-0.24323 -1.90152
-0.19035 -1.83961
-0.34396 -2.08979

-0.28569 -2.06666
-0.30308 -1.60822
-0.31858 -2.01775
-0.24800 -1.76918
-0.26085 -1.74741
-0.23092 -2.21957
-0.19161 -1.82774
-0.25821 -1.54912
-0.28498 -2.04585
-0.18119 -1.83532

-0.24575 -1.95255
-0.20096 -1.95727
-0.13060 -2.15511
-0.10502 -1.67590
-0.16307 -1.96857
-0.23134 -2.19110
-0.16297 -1.82937
-0.34301 -1.65872
-0.34708 -2.06179
-0.30151 -1.82284

-0.25027 -1.97389
-0.16267 -1.72646
-0.22885 -1.67775
-0.25248 -2.13823
-0.21550 -1.85448
-0.34367 -2.22658
-0.11924 -2.22957
-0.17242 -1.57514
-0.18986 -1.54683
-0.15561 -2.08700

-0.23535 -2.06559
-0.36185 -2.28196
-0.14008 -1.95678
-0.11175 -1.60430
-0.36144 -2.00485
-0.30368 -1.96102
-0.17509 -1.65249
-0.38722 -1.96114
-0.15162 -2.01290
-0.24015 -1.71421


0.06216 1.96055
0.08324 1.98912
0.11872 1.23367
0.14091 1.62889
0.08299 1.21425
0.08481 1.73196
0.08365 1.32682
0.09508 1.35966
0.11703 1.61391
0.09573 1.54073
