5 100 60

0.00000 1.00000
0.00000 1.00000
0.00000 1.00000
0.00000 1.00000
0.00000 1.00000


-0.29801 -4.06751
-0.12099 -4.02823
-0.32378 -4.05799
-0.32068 -4.07639
-0.29043 -4.35757
-0.29682 -4.00279
-0.16790 -4.34408
-0.28452 -3.89943
-0.14105 -4.40459
-0.37220 -4.01696
-0.19062 -4.04826
-0.20964 -3.79421
-0.29487 -4.30711
-0.18181 -3.85532
-0.14050 -4.15368
-0.11939 -4.03471
-0.17333 -4.49601
-0.25773 -3.86026
-0.29913 -4.23934
-0.26234 -4.04633
-0.13464 -4.54837
-0.27738 -4.39206
-0.34833 -3.94367
-0.20183 -4.51127
-0.36725 -4.47238
-0.22499 -4.14630
-0.14619 -4.19155
-0.14293 -4.33221
-0.33481 -4.45039
-0.10152 -4.07735
-0.27549 -4.09540
-0.24066 -3.81282
-0.24384 -4.27028
-0.27109 -3.98437
-0.26393 -3.82881
-0.34893 -4.15508
-0.10731 -3.91768
-0.10584 -3.93003
-0.34880 -4.22737
-0.37181 -4.28499
-0.39808 -4.26565
-0.31476 -4.51705
-0.15924 -4.09636
-0.22588 -4.08809
-0.36594 -4.10554
-0.23053 -4.48954
-0.17758 -3.94796
-0.23344 -4.37201
-0.39098 -3.92165
-0.32903 -3.84316
-0.18269 -4.26393
-0.19707 -4.26013
-0.36974 -4.34881
-0.36033 -4.14352
-0.10302 -4.39695
-0.12206 -4.20943
-0.23264 -4.34138
-0.29761 -4.02890
-0.14200 -4.14036
-0.27439 -3.83238
-0.37244 -4.32093
-0.38381 -3.93409
-0.11573 -4.05969
-0.39564 -4.16779
-0.17339 -4.09050
-0.26394 -3.90402
-0.11410 -4.03125
-0.37255 -4.34379
-0.26977 -4.21854
-0.10824 -4.10678
-0.19980 -3.84080
-0.37076 -4.42224
-0.29833 -4.23520
-0.10593 -4.45383
-0.25812 -3.85447
-0.33128 -4.37468
-0.10907 -4.33337
-0.19786 -4.31113
-0.10650 -3.96636
-0.14486 -4.46149
-0.21910 -3.88260
-0.11586 -4.07043
-0.13680 -4.45792
-0.12164 -4.43418
-0.37906 -4.54678
-0.15692 -3.86392
-0.33958 -3.87484
-0.19851 -3.83227
-0.31299 -3.89133
-0.10332 -4.04960
-0.35500 -4.29518
-0.36173 -4.26903
-0.23020 -4.15031
-0.37928 -3.88655
-0.29155 -4.19704
-0.26601 -4.40391
-0.33254 -3.80715
-0.15092 -3.80600
-0.10708 -4.13101
-0.17190 -4.23021

-0.14746 -4.46083
-0.17953 -4.18780
-0.10282 -3.86985
-0.21813 -3.97549
-0.39123 -4.20110
-0.12898 -3.96616
-0.14985 -4.32190
-0.36416 -4.04092
-0.15572 -4.01915
-0.10116 -3.93479
-0.19269 -3.84772
-0.28233 -4.50355
-0.33165 -3.82750
-0.22439 -3.81743
-0.36859 -3.85163
-0.39434 -3.95215
-0.34365 -4.20260
-0.20059 -4.50858
-0.27487 -4.48635
-0.23935 -4.12064
-0.18539 -4.43314
-0.30578 -4.22666
-0.28322 -3.98846
-0.35403 -4.08452
-0.39179 -4.41912
-0.13550 -4.49693
-0.34738 -4.46326
-0.11768 -4.16117
-0.18394 -4.00797
-0.15099 -4.13782
-0.14692 -4.20521
-0.25745 -4.25128
-0.19744 -4.26582
-0.10292 -4.52321
-0.39659 -3.79746
-0.27329 -4.31304
-0.37615 -4.36743
-0.39351 -4.37071
-0.30461 -4.25569
-0.31964 -4.49379
-0.17552 -4.19344
-0.15630 -3.99198
-0.25489 -3.87466
-0.33347 -4.21503
-0.23809 -4.13839
-0.21984 -4.48683
-0.33513 -4.03262
-0.14444 -4.20776
-0.35521 -4.34701
-0.32164 -4.18431
-0.36194 -4.00622
-0.34934 -4.20750
-0.18278 -4.40983
-0.15989 -4.22817
-0.16475 -4.42207
-0.37064 -3.80128
-0.32462 -3.81744
-0.34817 -3.87775
-0.29352 -4.52969
-0.14214 -4.30047
-0.39100 -4.09527
-0.18196 -4.21982
-0.28665 -4.36784
-0.33671 -4.52526
-0.38758 -3.85417
-0.34391 -3.81301
-0.28646 -3.85468
-0.33674 -4.16258
-0.31490 -3.94624
-0.14549 -4.07924
-0.10115 -4.33915
-0.15211 -4.07182
-0.21070 -4.15181
-0.10625 -4.11924
-0.32579 -4.53919
-0.15477 -3.91804
-0.17941 -3.92221
-0.31527 -4.08083
-0.28637 -4.46259
-0.39312 -3.83922
-0.15772 -4.34042
-0.10667 -4.01523
-0.14262 -4.46664
-0.36402 -3.94161
-0.38807 -4.37441
-0.34405 -4.21316
-0.29235 -4.13559
-0.34449 -4.10681
-0.33617 -3.93262
-0.34892 -4.12342
-0.11894 -4.19557
-0.38268 -4.05054
-0.33345 -4.38253
-0.19825 -3.98139
-0.37893 -3.96992
-0.39709 -4.33027
-0.18270 -4.14443
-0.13872 -4.54782
-0.36130 -4.50285
-0.38060 -4.52913

-0.27672 -4.48759
-0.28200 -4.14632
-0.27460 -4.01843
-0.32904 -3.83632
-0.26749 -3.86423
-0.37815 -4.16229
-0.21175 -4.35649
-0.26508 -4.23259
-0.21168 -4.20428
-0.10567 -4.52246
-0.27627 -4.37030
-0.39801 -4.32178
-0.18524 -3.89328
-0.18876 -4.56991
-0.18957 -4.02567
-0.30567 -4.04156
-0.15507 -4.39207
-0.38855 -4.14098
-0.25096 -4.30806
-0.10476 -4.07077
-0.37886 -4.49428
-0.23476 -3.92094
-0.37281 -4.50363
-0.15085 -4.48712
-0.26643 -3.85709
-0.22810 -3.93773
-0.34845 -4.20377
-0.17493 -4.52455
-0.26506 -4.04095
-0.18837 -4.23324
-0.30903 -3.81034
-0.35475 -4.45718
-0.20604 -4.31668
-0.37489 -4.00800
-0.26168 -4.34433
-0.17818 -3.90009
-0.33297 -4.28339
-0.18129 -3.99643
-0.17524 -3.93306
-0.31221 -4.46641
-0.17577 -4.54197
-0.31017 -4.16819
-0.26213 -4.55914
-0.39121 -4.16959
-0.27818 -4.21335
-0.21026 -3.79994
-0.15269 -4.19456
-0.27697 -4.01134
-0.36712 -4.34081
-0.12552 -4.34483
-0.27268 -3.97075
-0.20157 -4.18399
-0.21550 -4.07650
-0.39811 -3.95000
-0.38325 -4.29691
-0.33085 -4.16521
-0.22594 -3.96227
-0.23949 -4.48672
-0.36493 -3.83590
-0.24836 -4.24677
-0.14461 -3.94757
-0.24544 -3.86288
-0.21407 -4.53378
-0.31911 -4.29456
-0.21991 -3.92297
-0.32162 -4.03054
-0.29238 -4.01780
-0.16712 -4.09868
-0.13950 -4.31431
-0.27246 -3.85101
-0.17384 -4.25981
-0.36202 -3.92797
-0.31197 -4.02832
-0.21710 -4.53762
-0.30128 -4.43167
-0.30344 -3.92069
-0.21321 -4.12439
-0.13978 -4.01829
-0.33400 -4.41502
-0.19797 -4.50623
-0.30977 -4.46335
-0.33869 -4.40217
-0.32235 -4.21892
-0.18098 -4.11537
-0.31487 -4.31424
-0.33646 -4.03886
-0.24719 -4.15954
-0.21906 -4.08207
-0.32186 -4.32663
-0.37407 -4.26224
-0.18785 -4.25265
-0.19139 -3.96153
-0.11513 -3.89330
-0.15752 -3.99257
-0.11375 -4.08692
-0.29564 -4.33592
-0.28671 -3.99374
-0.15169 -4.25217
-0.32190 -4.45141
-0.10213 -4.03464

-0.14410 -4.24244
-0.15579 -3.81463
-0.36204 -4.11180
-0.17791 -4.01237
-0.39448 -4.49617
-0.36355 -3.98935
-0.37213 -4.36559
-0.10569 -4.16854
-0.17987 -4.34322
-0.14074 -4.39315
-0.24893 -4.39021
-0.14660 -4.54629
-0.27649 -4.41505
-0.22776 -4.52024
-0.36993 -4.11488
-0.39580 -4.33595
-0.25627 -4.25672
-0.34792 -4.27231
-0.26814 -4.24040
-0.21140 -4.55227
-0.35184 -4.45329
-0.22623 -4.45834
-0.18511 -4.50236
-0.15577 -4.54725
-0.10396 -4.53631
-0.35010 -4.27421
-0.23619 -4.38872
-0.18071 -4.44852
-0.10917 -4.12319
-0.10592 -3.91816
-0.10605 -3.92367
-0.14166 -4.35440
-0.11114 -4.46957
-0.28347 -4.25736
-0.31247 -4.26579
-0.32041 -4.32238
-0.25932 -4.17337
-0.10388 -4.37448
-0.22113 -3.82503
-0.32059 -4.53663
-0.27608 -3.98024
-0.27521 -3.94647
-0.27655 -4.51151
-0.35284 -3.88970
-0.35015 -3.84071
-0.32700 -3.85666
-0.39417 -4.39908
-0.17644 -3.87300
-0.31271 -4.12178
-0.20556 -4.14502
-0.21671 -4.26330
-0.17300 -4.10392
-0.11067 -4.06228
-0.21245 -4.47965
-0.23434 -3.91092
-0.17116 -4.13235
-0.37651 -3.90133
-0.28239 -3.82150
-0.38348 -4.12672
-0.16582 -4.25606
-0.37921 -4.56042
-0.35992 -4.54356
-0.21314 -4.29858
-0.15512 -3.85689
-0.31814 -3.93975
-0.37928 -3.91792
-0.17627 -4.14496
-0.13878 -4.26588
-0.39228 -3.98205
-0.12796 -4.54286
-0.17833 -4.50162
-0.31070 -3.92265
-0.34668 -4.31137
-0.36966 -4.31689
-0.25828 -4.10093
-0.22651 -3.94255
-0.29885 -4.38580
-0.38141 -3.83569
-0.33122 -4.28544
-0.16860 -3.85575
-0.19229 -4.07752
-0.28429 -3.92739
-0.17879 -4.39224
-0.17835 -3.83747
-0.12066 -4.14512
-0.11858 -4.33932
-0.34373 -4.22512
-0.20026 -3.96257
-0.16765 -3.85553
-0.15041 -3.80956
-0.25369 -4.02400
-0.19271 -4.36836
-0.36231 -4.07006
-0.30785 -4.40427
-0.25271 -4.51845
-0.30770 -4.40328
-0.17777 -4.42943
-0.23262 -4.34092
-0.23314 -3.80882
-0.12959 -3.94430

-0.30339 -4.24101
-0.17226 -4.53293
-0.39752 -4.00144
-0.39012 -3.98893
-0.18873 -3.84621
-0.37999 -4.30691
-0.13851 -4.47061
-0.26184 -3.87457
-0.23443 -3.95085
-0.36846 -4.43502
-0.31736 -4.18366
-0.22507 -3.85102
-0.37445 -3.94707
-0.34942 -4.32798
-0.36433 -3.89899
-0.18173 -4.36243
-0.12973 -4.27798
-0.38424 -4.42350
-0.36347 -4.05468
-0.38942 -4.02668
-0.16171 -4.46394
-0.17665 -4.24411
-0.35782 -4.07242
-0.13890 -3.88595
-0.28676 -4.03368
-0.27352 -4.02807
-0.31597 -4.51631
-0.35349 -4.57091
-0.19553 -3.85697
-0.10575 -3.92859
-0.39042 -4.10782
-0.19737 -4.44229
-0.16643 -3.93206
-0.17083 -3.82974
-0.11546 -4.33841
-0.15557 -4.21825
-0.20449 -3.89282
-0.19285 -4.44554
-0.33376 -3.81762
-0.27742 -4.08558
-0.23353 -4.08923
-0.38043 -4.42110
-0.39904 -4.20112
-0.39571 -4.40192
-0.24105 -4.08767
-0.14377 -4.56446
-0.17885 -4.48181
-0.18186 -3.88582
-0.14753 -4.23562
-0.22236 -4.43941
-0.13003 -4.32664
-0.33517 -4.10826
-0.27933 -4.44616
-0.23767 -3.88433
-0.29291 -3.81422
-0.21962 -4.28961
-0.38800 -4.47809
-0.16269 -4.08807
-0.33120 -3.94681
-0.24842 -4.48830
-0.10548 -4.01542
-0.39360 -4.01453
-0.32341 -4.03409
-0.37318 -3.85059
-0.34348 -4.41726
-0.27136 -4.22878
-0.38852 -4.04379
-0.20950 -4.47336
-0.32341 -3.90543
-0.18044 -4.52507
-0.21591 -4.10759
-0.34105 -4.43887
-0.17593 -4.40919
-0.29430 -4.33928
-0.29493 -4.24312
-0.26527 -4.03504
-0.16944 -4.01180
-0.24587 -3.85120
-0.24308 -3.93756
-0.12773 -4.37548
-0.12506 -3.94779
-0.10336 -4.25750
-0.21914 -4.16481
-0.33947 -3.85266
-0.13339 -4.11342
-0.15826 -3.85972
-0.12597 -3.96567
-0.20003 -4.19515
-0.29131 -4.13998
-0.18972 -4.04116
-0.35096 -3.82613
-0.10907 -4.06120
-0.38424 -4.18651
-0.15593 -4.36481
-0.38794 -4.36250
-0.36981 -3.97068
-0.36223 -4.54307
-0.21135 -3.85389
-0.28150 -4.36059
-0.31200 -4.32662


0.22687 2.88892
0.21670 2.88791
0.22143 2.01068
0.09542 2.05483
0.14629 2.13691
0.12353 1.98651
0.21407 2.33365
0.21785 2.12965
0.22707 2.46736
0.11268 2.54828
0.23090 2.45064
0.12931 2.41421
0.21664 2.62027
0.14168 2.56996
0.16653 1.91998
0.13401 2.17055
0.14452 2.28706
0.18693 2.44870
0.10793 1.81784
0.16734 1.83325
0.23129 2.69395
0.22903 2.56914
0.13599 2.89691
0.23953 2.03407
0.16563 1.98830
0.23097 2.42037
0.17481 2.37435
0.22678 2.33608
0.15086 2.23837
0.21736 2.53634
0.18455 2.45653
0.12943 2.87004
0.14975 2.16123
0.23623 1.83466
0.12898 2.06208
0.09965 2.36307
0.19694 2.93686
0.14062 2.47240
0.21765 2.72630
0.18120 2.44070
0.10661 2.25955
0.20681 2.31494
0.13639 2.74700
0.13002 2.73968
0.11567 2.97294
0.16677 2.34069
0.09154 1.83074
0.23246 2.41815
0.17383 2.53067
0.19984 2.95791
0.19104 2.36486
0.22382 1.87873
0.13364 2.92404
0.13489 2.71863
0.10294 2.97074
0.15374 2.85117
0.10430 1.84788
0.14128 2.65566
0.14179 2.36562
0.09202 2.82263
0.17839 2.32186
0.22249 2.48849
0.21876 2.17421
0.18110 2.10521
0.20642 2.30126
0.17475 2.96863
0.16176 2.70265
0.12113 2.73834
0.13643 2.11524
0.18267 2.04898
0.17805 2.67533
0.17695 2.90436
0.14084 2.71473
0.16070 2.81340
0.19184 2.49570
0.22377 2.08122
0.16799 2.32068
0.17113 2.77748
0.17231 2.96285
0.16734 2.98095
0.12153 1.87795
0.09467 2.46925
0.16075 1.87266
0.10836 1.85729
0.22433 2.11360
0.13245 2.23952
0.15537 2.12347
0.18115 1.97201
0.18409 2.33294
0.15220 2.07171
0.19683 2.83459
0.17194 2.60371
0.17304 2.05503
0.17011 2.55576
0.18831 1.98803
0.21776 2.54059
0.22227 2.92894
0.15557 2.20191
0.19612 1.84625
0.21821 2.00767
