5 100 40

0.00000 1.00000
0.00000 1.00000
0.00000 1.00000
0.00000 1.00000
0.00000 1.00000


-0.29337 -4.00474
-0.14615 -3.90748
-0.31098 -4.32863
-0.11611 -4.20295
-0.10287 -3.93600
-0.30495 -3.85413
-0.16129 -3.84424
-0.34431 -4.28910
-0.29994 -3.91963
-0.15968 -4.09432
-0.14668 -4.13760
-0.13810 -3.94434
-0.17429 -4.01860
-0.34679 -4.25089
-0.38694 -4.41770
-0.37100 -4.20628
-0.35507 -3.97054
-0.31232 -3.98718
-0.22400 -3.92583
-0.13632 -4.52928
-0.18793 -4.11684
-0.28844 -4.21504
-0.39955 -4.24904
-0.11339 -3.85300
-0.18306 -4.25672
-0.32516 -4.07490
-0.10645 -4.54342
-0.36085 -4.48823
-0.20875 -4.30331
-0.27297 -4.22581
-0.10738 -4.25269
-0.17745 -4.24171
-0.10400 -3.94989
-0.12177 -4.27214
-0.14193 -4.50107
-0.36052 -3.83671
-0.33595 -3.94926
-0.21490 -4.49530
-0.31078 -4.40804
-0.37835 -4.26969
-0.26079 -3.87306
-0.20496 -4.14888
-0.32035 -4.11614
-0.15729 -4.18560
-0.24927 -4.51408
-0.11396 -4.33912
-0.21955 -4.46270
-0.36617 -4.21695
-0.11612 -4.00863
-0.18645 -4.55591
-0.12443 -4.56262
-0.12938 -3.95596
-0.23546 -3.95818
-0.10032 -4.37412
-0.36758 -4.54987
-0.19680 -4.39091
-0.18855 -4.00104
-0.23432 -4.46808
-0.39751 -3.98935
-0.19445 -4.16859
-0.30794 -4.24057
-0.29516 -4.33510
-0.28323 -4.55053
-0.28343 -4.53382
-0.39962 -4.38244
-0.23937 -4.08656
-0.13510 -3.88968
-0.14669 -3.90427
-0.22550 -4.39934
-0.31882 -3.96948
-0.35975 -4.09388
-0.20194 -4.09128
-0.36404 -4.52783
-0.17573 -4.25783
-0.21117 -4.39017
-0.20203 -3.91408
-0.23105 -4.00191
-0.33637 -3.84704
-0.28357 -4.08567
-0.12994 -3.94259
-0.32615 -4.11439
-0.37665 -3.83760
-0.20005 -4.16292
-0.15342 -3.96310
-0.26859 -4.10165
-0.25309 -4.14892
-0.28729 -3.87315
-0.21216 -4.18797
-0.39657 -4.46396
-0.34912 -4.06839
-0.10426 -4.47301
-0.17940 -4.39411
-0.13152 -4.52824
-0.11470 -4.43381
-0.22789 -4.48872
-0.28362 -4.58449
-0.34804 -3.98449
-0.31198 -4.07976
-0.33721 -3.90628
-0.35530 -4.49005

-0.37343 -4.17969
-0.25199 -4.15222
-0.15024 -4.51243
-0.10415 -4.44360
-0.30183 -4.40643
-0.22507 -3.91212
-0.14668 -4.23286
-0.38730 -4.41212
-0.27991 -3.87811
-0.12335 -4.21016
-0.16402 -3.83312
-0.34428 -4.34127
-0.17956 -4.18860
-0.10896 -4.57731
-0.17433 -4.56440
-0.37209 -4.09128
-0.10833 -3.89393
-0.28794 -4.36254
-0.19214 -4.50847
-0.38084 -4.32731
-0.26973 -4.38581
-0.16650 -4.58023
-0.35557 -3.99543
-0.36005 -3.90375
-0.10235 -4.07779
-0.16558 -4.02914
-0.34590 -3.89322
-0.36871 -4.37391
-0.16535 -4.29938
-0.24714 -4.06454
-0.24883 -3.97359
-0.26528 -4.47851
-0.10839 -4.07629
-0.21291 -4.40218
-0.14446 -4.31407
-0.26381 -4.08350
-0.14131 -4.18856
-0.30619 -4.35050
-0.16146 -4.37240
-0.23887 -3.98635
-0.26259 -3.90262
-0.25517 -3.92021
-0.38422 -4.25564
-0.18393 -4.06944
-0.14751 -4.44962
-0.12219 -4.23485
-0.31426 -4.18048
-0.25049 -3.94497
-0.28518 -4.41374
-0.12716 -4.46013
-0.16950 -4.19340
-0.25037 -4.28471
-0.13990 -4.31123
-0.37261 -3.94000
-0.29773 -4.43681
-0.35121 -4.31573
-0.22668 -4.40965
-0.28481 -4.58134
-0.36755 -4.15197
-0.32418 -4.55009
-0.10536 -4.14823
-0.11856 -3.92797
-0.39540 -4.01074
-0.16582 -3.94273
-0.39107 -4.34277
-0.36545 -4.38152
-0.23343 -3.88061
-0.18663 -4.24426
-0.21851 -3.95891
-0.12882 -4.08197
-0.32455 -4.47732
-0.26133 -4.56511
-0.39629 -4.01360
-0.15172 -4.46242
-0.21849 -3.90944
-0.38192 -4.51455
-0.19436 -4.11653
-0.31464 -4.14306
-0.17442 -3.84150
-0.22049 -4.48615
-0.14350 -4.04294
-0.26916 -3.96276
-0.26098 -4.35652
-0.22392 -3.93720
-0.15502 -4.32284
-0.17150 -3.89601
-0.38710 -4.26006
-0.38537 -4.51732
-0.34322 -4.10675
-0.33167 -4.23063
-0.16750 -3.84461
-0.36097 -4.39911
-0.14226 -4.45059
-0.38048 -4.33671
-0.18441 -4.34052
-0.33380 -4.10379
-0.37533 -4.48962
-0.11417 -4.30703
-0.25079 -4.23996
-0.34354 -4.44271

-0.36559 -4.53931
-0.13827 -4.45415
-0.30742 -4.21875
-0.15512 -4.09884
-0.34597 -4.12904
-0.27881 -4.16494
-0.25008 -4.05550
-0.29694 -4.51316
-0.22432 -3.84956
-0.17395 -4.42969
-0.11676 -3.93829
-0.38241 -4.42824
-0.24762 -3.83982
-0.18776 -3.87998
-0.21310 -4.57162
-0.18119 -4.48817
-0.11487 -4.00008
-0.16404 -4.37779
-0.17185 -4.28645
-0.14338 -4.07868
-0.14557 -4.21952
-0.17778 -4.31293
-0.30005 -4.00811
-0.31835 -4.02771
-0.22106 -4.47646
-0.18485 -4.54940
-0.17318 -4.11583
-0.32333 -4.44697
-0.18191 -4.33056
-0.21228 -4.49095
-0.15802 -4.18271
-0.18812 -4.49635
-0.29594 -3.89682
-0.14922 -3.85936
-0.36528 -4.21825
-0.29392 -4.04275
-0.29896 -4.30607
-0.20582 -4.00708
-0.17590 -4.12087
-0.35424 -4.43899
-0.23790 -4.09220
-0.25599 -4.05383
-0.39159 -4.46270
-0.37672 -4.55150
-0.24065 -4.20179
-0.11202 -4.18712
-0.36781 -4.40960
-0.36339 -4.53435
-0.25059 -4.48647
-0.29629 -4.08901
-0.11105 -3.95843
-0.28179 -4.24926
-0.17914 -4.29944
-0.23680 -4.35235
-0.32924 -4.10654
-0.11466 -4.55921
-0.36229 -3.90131
-0.36864 -3.94808
-0.30475 -4.08729
-0.38109 -4.02442
-0.23116 -4.10167
-0.30497 -4.49068
-0.30268 -4.29553
-0.37567 -4.13729
-0.24459 -4.19553
-0.28981 -4.24404
-0.34524 -4.09267
-0.18186 -4.00978
-0.30147 -4.47629
-0.26364 -4.47959
-0.38712 -4.10744
-0.27251 -4.21065
-0.33540 -4.28021
-0.35043 -4.29552
-0.34984 -4.38194
-0.34150 -3.84109
-0.29968 -4.57459
-0.27512 -3.99700
-0.29554 -4.04558
-0.11038 -4.21502
-0.25526 -4.23333
-0.12858 -4.15422
-0.35871 -4.16515
-0.33324 -4.18369
-0.23442 -4.58019
-0.20277 -4.07524
-0.30573 -3.97187
-0.20126 -4.19981
-0.18866 -4.02455
-0.10063 -3.87287
-0.37881 -4.04504
-0.18920 -4.25919
-0.34319 -4.06912
-0.12048 -4.25566
-0.26313 -4.10504
-0.12009 -4.57978
-0.35875 -4.09190
-0.25997 -4.21726
-0.11838 -4.22993
-0.37811 -4.25761

-0.34487 -4.26446
-0.26302 -4.08926
-0.37913 -3.84106
-0.16130 -3.85233
-0.38605 -4.42923
-0.20304 -4.36929
-0.17497 -4.48618
-0.37582 -3.93870
-0.21270 -4.10894
-0.39701 -4.46697
-0.11152 -4.29569
-0.11310 -4.03505
-0.11718 -3.92371
-0.13542 -4.45068
-0.18906 -3.86179
-0.25035 -4.20133
-0.26813 -3.96391
-0.25155 -3.94837
-0.33409 -4.39465
-0.24707 -4.55173
-0.39573 -4.00749
-0.36652 -4.10179
-0.10597 -4.28016
-0.39497 -4.40873
-0.19615 -3.88248
-0.31389 -4.49988
-0.35059 -4.31892
-0.13112 -4.15665
-0.16904 -4.41501
-0.12668 -4.11105
-0.26793 -4.04324
-0.33035 -4.46541
-0.37452 -4.33210
-0.23283 -3.95825
-0.28562 -3.85024
-0.11629 -4.24626
-0.26080 -4.15626
-0.39326 -3.87498
-0.33262 -4.54231
-0.36799 -3.89671
-0.35643 -4.10995
-0.39487 -4.30300
-0.24449 -4.46513
-0.29137 -4.50134
-0.32310 -3.84175
-0.29258 -4.11561
-0.34092 -4.26663
-0.14033 -3.84032
-0.20356 -4.53224
-0.29692 -4.04553
-0.17513 -4.18083
-0.28146 -3.93653
-0.18067 -4.31220
-0.38847 -4.54300
-0.17124 -4.06454
-0.38524 -4.50922
-0.30963 -3.97193
-0.34442 -4.23376
-0.33922 -4.19286
-0.15478 -4.41730
-0.33240 -3.98863
-0.30766 -4.52982
-0.33854 -4.09983
-0.13299 -4.53565
-0.19301 -4.03069
-0.27168 -4.29155
-0.31392 -3.86922
-0.27824 -4.17448
-0.15953 -4.47911
-0.27012 -4.20660
-0.25233 -4.55077
-0.36673 -4.54085
-0.34774 -4.55884
-0.34727 -4.39296
-0.24835 -4.15354
-0.35046 -4.37105
-0.27110 -4.47920
-0.20250 -4.01719
-0.12113 -4.11156
-0.15559 -4.27907
-0.10949 -3.91743
-0.32606 -4.01172
-0.19652 -4.00141
-0.32618 -4.08574
-0.33614 -4.42605
-0.22361 -4.49695
-0.16983 -4.50282
-0.21457 -3.88946
-0.17978 -4.06453
-0.19518 -4.34702
-0.13501 -4.25197
-0.27908 -4.19308
-0.19502 -3.98458
-0.31748 -4.10245
-0.15014 -4.43411
-0.28093 -4.27729
-0.19306 -4.38885
-0.10850 -4.56800
-0.24258 -4.01160
-0.26011 -4.08862

-0.19570 -4.09717
-0.23489 -4.52085
-0.35535 -4.40319
-0.30448 -3.94580
-0.31755 -4.06071
-0.36185 -4.51646
-0.31599 -4.30509
-0.13098 -4.49231
-0.39652 -4.14998
-0.28616 -4.56403
-0.26909 -4.26394
-0.36026 -4.09438
-0.32174 -3.92790
-0.26718 -4.00330
-0.37254 -3.97874
-0.15013 -4.37126
-0.15331 -4.53885
-0.37259 -3.84103
-0.10312 -4.50864
-0.22270 -4.22963
-0.35656 -4.48572
-0.10443 -4.18399
-0.34143 -3.94850
-0.21357 -3.95126
-0.37830 -4.40313
-0.31894 -3.85731
-0.31943 -4.38871
-0.21716 -4.44449
-0.34477 -3.84227
-0.38892 -4.03442
-0.17172 -4.57197
-0.33163 -4.29733
-0.32031 -4.04310
-0.15330 -4.19227
-0.27260 -4.51600
-0.34803 -4.29054
-0.30694 -4.26677
-0.14531 -4.36323
-0.37747 -4.09361
-0.16375 -4.27647
-0.10302 -4.42305
-0.17475 -4.20175
-0.26880 -3.89652
-0.25249 -3.84146
-0.13245 -4.07483
-0.24349 -4.25021
-0.25023 -4.43151
-0.38006 -4.25472
-0.15215 -4.12133
-0.35040 -4.21075
-0.38831 -4.20916
-0.35170 -4.26468
-0.30586 -4.29876
-0.29526 -4.57756
-0.10279 -4.08804
-0.17564 -4.28420
-0.35066 -4.33560
-0.39705 -4.21704
-0.16131 -4.32315
-0.20344 -3.91494
-0.13716 -4.28379
-0.29476 -4.06320
-0.36017 -4.00676
-0.15109 -3.92999
-0.32703 -4.15939
-0.13743 -3.85944
-0.15364 -4.08142
-0.28140 -3.83500
-0.39221 -4.19433
-0.19923 -4.22446
-0.12120 -3.94269
-0.23918 -4.29525
-0.27889 -4.49918
-0.16516 -4.23850
-0.32154 -4.16741
-0.15187 -4.41247
-0.32588 -3.88658
-0.27042 -4.52969
-0.18403 -4.12008
-0.30328 -4.01680
-0.24252 -4.56319
-0.12661 -4.35107
-0.14541 -4.29688
-0.23419 -4.39894
-0.24960 -4.41853
-0.37729 -4.26824
-0.34509 -4.13558
-0.34703 -4.23802
-0.14995 -4.35119
-0.22478 -4.46315
-0.33378 -4.03970
-0.20715 -3.99565
-0.24777 -4.32791
-0.12487 -3.90841
-0.29717 -4.50079
-0.11200 -3.83921
-0.37918 -4.08514
-0.36920 -4.57679
-0.13775 -3.98053
-0.26761 -3.84363


0.09339 1.44194
0.13417 1.26940
0.15843 1.96475
0.06446 1.84846
0.15228 1.98682
0.08848 1.78112
0.12184 1.32675
0.09658 1.58499
0.06827 1.85120
0.10393 1.82963
0.07788 1.30940
0.09740 1.82787
0.10407 1.93158
0.11789 1.74040
0.11362 1.40111
0.15322 1.98940
0.13597 1.95847
0.08982 1.55865
0.07734 1.67105
0.10166 1.38942
0.09291 1.60277
0.10649 1.99760
0.14565 1.73246
0.09266 1.52703
0.11107 1.68577
0.06695 1.57796
0.14462 1.48963
0.11009 1.61208
0.08584 1.39486
0.14822 1.43130
0.07396 1.77439
0.06200 1.30145
0.09286 1.77356
0.06548 1.75766
0.08849 1.60270
0.11469 1.84188
0.10384 1.60941
0.08666 1.86595
0.10894 1.43734
0.10232 1.46953
0.14691 1.40048
0.14372 1.77229
0.13149 1.52893
0.08096 1.95240
0.08156 1.42231
0.10400 1.51650
0.11056 1.20174
0.15842 1.51193
0.12866 1.60057
0.14068 1.42704
0.15570 1.94884
0.15755 1.27266
0.06426 1.22331
0.08506 1.44152
0.10971 1.73165
0.06356 1.47509
0.12550 1.52772
0.14051 1.30105
0.08803 1.62611
0.10436 1.29036
0.07907 1.51421
0.08397 1.71749
0.08011 1.92654
0.13968 1.63756
0.09252 1.80334
0.10903 1.48059
0.08418 1.23133
0.10504 1.88556
0.07309 1.40260
0.13141 1.70171
0.07103 1.31345
0.08740 1.74595
0.14693 1.87196
0.09390 1.87622
0.09723 1.70601
0.13406 1.53385
0.14701 1.50614
0.09986 1.39678
0.10427 1.99087
0.12141 1.70034
0.10144 1.81257
0.09050 1.43102
0.07735 1.93108
0.08540 1.29609
0.12422 1.35302
0.09300 1.61506
0.15678 1.84934
0.12056 1.86133
0.15901 1.49928
0.10295 1.60271
0.08163 1.93720
0.08112 1.40787
0.10375 1.99889
0.12270 1.39172
0.14401 1.24652
0.14336 1.52290
0.06147 1.86508
0.13830 1.90758
0.11242 1.85487
0.08843 1.28511
