5 10 6

0.00000 1.00000
0.00000 1.00000
0.00000 1.00000
0.00000 1.00000
0.00000 1.00000


-0.34730 -1.86595
-0.34500 -1.70028
-0.16970 -2.11213
-0.15705 -1.65612
-0.30563 -1.93432
-0.17062 -2.10420
-0.15527 -1.88978
-0.31723 -1.97251
-0.10434 -1.78856
-0.31897 -2.13926

-0.36472 -1.68275
-0.17049 -2.15092
-0.21860 -1.83956
-0.26488 -2.06803
-0.13996 -1.81574
-0.29270 -1.92424
-0.13484 -1.67673
-0.19191 -1.98835
-0.36040 -1.53472
-0.29107 -1.97232

-0.28292 -1.71186
-0.24329 -1.61117
-0.32822 -1.49340
-0.32112 -2.18123
-0.39347 -2.13921
-0.19223 -1.99745
-0.12834 -1.84485
-0.24242 -2.09005
-0.30903 -2.00588
-0.10448 -1.82680

-0.16330 -2.05217
-0.37039 -1.85127
-0.13734 -1.75396
-0.22030 -1.63114
-0.15733 -1.81198
-0.28001 -1.79696
-0.33724 -1.81800
-0.25420 -2.12770
-0.17300 -2.26457
-0.34029 -1.52383

-0.25886 -1.67257
-0.30157 -1.49743
-0.11937 -1.83016
-0.34470 -1.94430
-0.27720 -2.14299
-0.38039 -1.82054
-0.11150 -1.54315
-0.13781 -1.56022
-0.27629 -1.68870
-0.30106 -1.89776


0.18412 1.90711
0.09377 2.55754
0.11438 2.21593
0.09709 2.92879
0.19719 2.49830
0.09491 2.51680
0.16556 2.64246
0.15469 2.04670
0.20402 2.92227
0.20070 2.99493
