5 10 4

0.00000 1.00000
0.00000 1.00000
0.00000 1.00000
0.00000 1.00000
0.00000 1.00000


-0.11452 -1.78213
-0.28471 -1.73860
-0.31053 -1.64846
-0.22323 -2.16171
-0.32921 -1.54850
-0.16562 -2.07362
-0.11672 -1.59635
-0.27065 -2.03318
-0.32154 -1.77003
-0.31491 -1.80549

-0.36436 -1.74036
-0.38508 -1.53496
-0.37640 -1.92858
-0.13593 -1.64040
-0.28313 -1.67780
-0.29725 -1.61934
-0.38312 -1.83550
-0.28254 -2.23661
-0.31071 -1.70025
-0.21078 -1.89483

-0.15664 -2.15312
-0.19884 -2.06102
-0.27187 -1.82384
-0.27650 -1.56589
-0.31343 -2.22724
-0.31230 -1.69539
-0.31007 -1.56437
-0.19773 -2.06362
-0.38995 -2.17382
-0.38412 -1.65255

-0.20360 -2.05288
-0.10039 -2.08798
-0.17159 -1.54654
-0.39741 -1.97942
-0.11682 -1.88731
-0.34161 -1.90757
-0.14564 -1.98573
-0.29849 -1.80100
-0.12688 -1.82492
-0.25774 -1.61084

-0.24218 -1.77361
-0.30271 -1.88570
-0.38248 -1.68608
-0.28097 -1.89403
-0.12818 -1.65255
-0.37852 -2.09747
-0.25405 -2.12913
-0.35603 -1.56791
-0.28814 -2.04929
-0.19250 -1.91369


0.07788 1.37694
0.15344 1.64950
0.07882 1.72888
0.10241 1.52717
0.10313 1.86206
0.07631 1.51067
0.09026 1.34947
0.08759 1.63202
0.09160 1.81629
0.12859 1.84328
