5 10 6

0.00000 1.00000
0.00000 1.00000
0.00000 1.00000
0.00000 1.00000
0.00000 1.00000


-0.28152 -1.82279
-0.27494 -1.75405
-0.37445 -1.94563
-0.19211 -1.69440
-0.33351 -1.95885
-0.23501 -1.83033
-0.32849 -2.02799
-0.21808 -2.26849
-0.15806 -1.86518
-0.14138 -1.77070

-0.37193 -2.10567
-0.26329 -1.66896
-0.34923 -2.12751
-0.18782 -2.20740
-0.13070 -2.01005
-0.27489 -1.85114
-0.35143 -2.05902
-0.24291 -2.22758
-0.33370 -1.90922
-0.12543 -1.70012

-0.12476 -1.82495
-0.18590 -1.98716
-0.22288 -1.79129
-0.30029 -1.52978
-0.39072 -1.90544
-0.12642 -1.63938
-0.16162 -2.21615
-0.10021 -1.61070
-0.20698 -1.73096
-0.31263 -1.80961

-0.24365 -2.15404
-0.34574 -2.00793
-0.34261 -1.54584
-0.37571 -2.05862
-0.10766 -1.73774
-0.34030 -2.02756
-0.24821 -1.98445
-0.16900 -2.26238
-0.17095 -1.67849
-0.13254 -1.94128

-0.24550 -1.97154
-0.24680 -2.08857
-0.26252 -1.83276
-0.38130 -1.71183
-0.39036 -2.17429
-0.10312 -2.19661
-0.35919 -2.20860
-0.32427 -1.90582
-0.10605 -1.61555
-0.35014 -1.66574


0.23707 2.58459
0.19197 2.59947
0.13562 2.76946
0.15405 2.00096
0.20551 2.51990
0.18005 1.86732
0.13195 2.08195
0.13930 2.16178
0.16674 2.54183
0.21066 2.64118
