5 100 40

0.00000 1.00000
0.00000 1.00000
0.00000 1.00000
0.00000 1.00000
0.00000 1.00000


-0.33259 -4.02879
-0.12749 -4.10222
-0.10475 -3.92778
-0.12199 -3.88108
-0.20644 -4.08248
-0.17112 -4.26936
-0.12072 -3.89480
-0.30025 -4.03574
-0.25759 -4.47149
-0.27709 -4.26737
-0.15296 -3.92842
-0.26039 -4.14991
-0.23114 -4.03712
-0.27152 -4.49802
-0.25572 -4.01021
-0.30200 -4.36576
-0.26141 -4.40434
-0.18627 -4.11094
-0.29991 -4.29608
-0.23517 -3.91074
-0.25785 -4.01542
-0.16532 -4.02244
-0.24634 -4.44146
-0.25850 -4.22374
-0.36870 -4.56541
-0.15449 -4.07682
-0.25851 -4.35914
-0.30018 -4.48756
-0.25340 -4.26188
-0.36477 -4.38509
-0.13261 -3.97057
-0.14794 -4.15721
-0.21409 -4.50042
-0.24623 -4.33943
-0.37597 -4.47316
-0.25416 -4.46670
-0.25249 -4.21868
-0.24708 -4.29580
-0.12760 -4.19717
-0.33579 -4.13837
-0.32692 -4.46889
-0.17097 -4.16887
-0.37237 -4.15723
-0.37910 -4.35542
-0.27949 -4.27109
-0.10753 -4.08946
-0.27897 -4.36915
-0.11260 -3.83266
-0.28712 -4.32821
-0.27856 -3.91590
-0.13030 -4.35598
-0.14273 -4.31350
-0.39213 -4.06942
-0.21530 -4.14968
-0.11563 -4.27621
-0.36204 -4.30427
-0.18236 -4.52730
-0.34684 -4.39333
-0.38599 -4.58209
-0.15539 -4.26581
-0.36415 -4.41099
-0.27077 -4.14904
-0.12011 -4.19492
-0.14313 -4.48922
-0.30010 -4.33594
-0.25661 -3.83700
-0.37845 -4.28955
-0.33504 -4.19805
-0.26131 -3.99600
-0.13443 -4.27258
-0.37826 -4.34066
-0.38001 -4.28494
-0.20311 -4.09266
-0.33513 -3.86871
-0.26386 -4.17910
-0.22378 -3.86024
-0.17507 -4.57162
-0.37457 -4.14352
-0.17766 -4.54465
-0.33932 -4.09486
-0.17127 -3.92074
-0.37142 -4.52476
-0.19663 -4.14674
-0.17607 -3.85012
-0.12962 -3.99974
-0.28111 -4.09526
-0.27950 -3.86680
-0.12144 -4.02773
-0.12948 -4.47610
-0.28462 -4.21211
-0.29136 -4.43290
-0.26495 -3.89022
-0.38041 -4.22177
-0.26270 -4.46438
-0.22446 -4.45102
-0.33046 -4.53292
-0.21772 -3.98103
-0.35313 -3.96644
-0.31326 -3.93365
-0.15941 -3.86666

-0.37197 -3.87013
-0.13272 -4.20927
-0.31494 -4.47826
-0.38083 -4.35136
-0.15754 -4.29162
-0.13737 -4.19677
-0.26162 -4.53701
-0.14600 -4.11693
-0.17623 -4.56005
-0.39535 -4.00744
-0.33840 -4.53047
-0.22370 -4.23189
-0.11985 -4.17206
-0.31264 -4.34446
-0.31351 -3.93996
-0.36551 -4.26999
-0.37988 -4.44864
-0.39011 -3.92224
-0.28553 -4.32856
-0.25779 -4.24206
-0.33279 -4.22300
-0.30853 -4.32403
-0.35027 -4.40124
-0.17161 -3.93854
-0.10033 -4.40006
-0.13446 -4.27835
-0.16355 -4.05252
-0.26081 -3.97515
-0.17827 -4.16743
-0.30007 -4.54960
-0.18378 -4.33281
-0.21619 -4.01956
-0.15085 -3.83325
-0.12092 -4.32708
-0.17731 -4.56798
-0.20667 -4.48045
-0.10533 -3.97355
-0.22340 -4.15722
-0.26357 -4.36662
-0.26326 -4.41577
-0.20083 -4.29401
-0.20867 -4.50846
-0.15939 -4.35108
-0.27342 -4.52384
-0.14602 -3.84681
-0.29269 -4.27068
-0.33806 -4.13322
-0.30191 -3.87349
-0.18830 -4.37694
-0.27738 -4.49358
-0.34236 -4.46695
-0.13368 -3.89240
-0.21991 -4.02357
-0.22319 -4.52820
-0.18403 -4.32900
-0.24018 -4.28326
-0.29111 -4.10850
-0.36100 -4.31589
-0.34213 -4.34447
-0.29252 -4.41734
-0.36518 -4.35280
-0.35109 -4.46358
-0.14578 -3.88654
-0.38012 -3.90462
-0.24862 -4.44070
-0.34750 -4.33755
-0.37838 -4.08913
-0.20007 -4.39589
-0.13673 -3.89952
-0.29081 -4.49769
-0.14275 -4.44541
-0.15702 -4.52847
-0.32699 -3.85327
-0.21892 -4.42825
-0.20560 -3.86036
-0.19137 -4.44789
-0.27141 -3.93668
-0.28068 -4.07432
-0.32620 -4.53093
-0.34364 -4.34672
-0.13933 -4.03155
-0.38586 -4.57195
-0.14050 -4.39681
-0.22175 -3.92523
-0.31011 -4.17727
-0.23934 -4.15554
-0.14881 -3.85982
-0.29797 -4.04909
-0.25556 -3.95533
-0.11201 -4.33589
-0.39769 -4.53225
-0.26474 -3.99902
-0.33440 -4.45839
-0.31585 -4.54472
-0.39257 -4.52624
-0.28776 -3.83994
-0.38719 -4.53650
-0.31930 -4.56134
-0.11672 -4.06824
-0.32700 -4.28468

-0.11133 -3.88852
-0.13814 -4.50728
-0.37906 -3.87099
-0.17932 -4.15875
-0.36901 -4.20641
-0.39838 -4.38502
-0.20699 -3.92456
-0.15582 -3.94811
-0.17465 -3.92677
-0.14948 -4.21667
-0.16245 -4.48964
-0.33232 -3.84629
-0.25749 -3.89635
-0.31546 -4.46610
-0.17721 -4.19905
-0.36214 -3.88491
-0.37309 -4.19314
-0.38149 -4.37668
-0.19616 -4.43330
-0.16847 -4.41143
-0.23583 -4.44130
-0.32278 -4.28322
-0.34375 -4.53284
-0.35699 -4.48843
-0.38611 -4.04149
-0.21682 -4.55558
-0.25093 -3.86655
-0.17286 -4.43800
-0.18446 -4.40217
-0.38503 -4.03283
-0.11891 -4.01841
-0.34090 -4.25469
-0.35096 -4.32828
-0.11829 -4.16532
-0.22190 -4.30782
-0.32611 -4.33270
-0.39824 -4.36714
-0.10209 -3.94216
-0.15389 -4.09084
-0.23086 -4.26975
-0.32702 -3.92246
-0.17529 -4.29652
-0.30010 -3.94118
-0.19756 -4.39748
-0.26414 -4.08559
-0.39294 -4.52324
-0.20899 -4.52429
-0.19649 -4.21880
-0.24653 -3.99369
-0.32845 -4.20998
-0.35318 -4.51006
-0.20201 -4.03992
-0.12993 -4.37930
-0.13381 -4.15232
-0.21128 -4.54863
-0.39921 -4.43652
-0.20639 -4.24501
-0.35193 -3.90627
-0.33621 -3.83487
-0.37050 -4.49321
-0.18838 -3.99302
-0.29101 -4.10004
-0.16882 -3.93726
-0.37025 -4.07744
-0.34225 -3.88030
-0.20019 -4.12603
-0.20778 -4.40616
-0.27747 -4.30537
-0.34449 -4.00262
-0.19724 -3.89957
-0.29971 -4.02191
-0.24099 -4.51475
-0.30778 -4.24130
-0.23210 -3.92746
-0.20757 -4.05558
-0.22018 -3.99487
-0.19459 -3.90263
-0.29764 -4.52919
-0.37410 -3.92379
-0.37643 -4.54590
-0.32164 -4.36380
-0.35387 -4.16735
-0.35305 -4.10319
-0.33022 -4.54694
-0.13556 -3.95345
-0.31290 -4.32079
-0.27278 -3.90284
-0.34572 -4.09106
-0.23773 -3.84957
-0.10013 -4.33407
-0.39059 -4.33152
-0.11897 -4.40810
-0.13977 -4.41374
-0.11376 -4.53999
-0.10757 -3.93228
-0.21978 -4.27264
-0.23364 -4.26505
-0.19777 -4.17145
-0.14918 -4.57914
-0.21365 -4.23958

-0.35431 -4.50863
-0.15268 -3.99522
-0.28998 -4.49569
-0.25570 -4.42674
-0.33493 -3.85100
-0.25117 -4.33599
-0.37817 -3.91074
-0.34520 -3.99877
-0.28755 -4.56284
-0.24693 -4.14694
-0.19998 -4.11198
-0.32251 -4.45497
-0.28111 -4.25590
-0.23299 -3.98127
-0.10274 -4.45859
-0.29291 -4.35932
-0.27314 -3.94333
-0.20755 -4.35764
-0.39537 -4.06757
-0.28077 -3.98009
-0.29526 -4.00399
-0.10813 -4.02914
-0.36803 -4.40257
-0.31966 -3.97596
-0.15587 -4.22406
-0.17309 -4.10222
-0.30044 -4.12586
-0.35504 -3.84436
-0.29786 -4.43537
-0.17544 -3.85781
-0.29090 -4.56314
-0.14606 -3.84287
-0.11942 -4.31988
-0.17304 -4.57972
-0.10040 -4.34970
-0.14968 -4.24214
-0.22453 -4.25048
-0.20837 -4.51913
-0.39647 -4.53065
-0.26786 -3.99615
-0.24706 -4.32919
-0.26920 -4.40362
-0.27246 -3.88959
-0.32094 -4.48271
-0.30566 -4.57555
-0.29323 -4.31045
-0.12154 -4.57159
-0.23796 -4.31431
-0.18141 -4.35201
-0.27415 -4.28727
-0.25588 -4.31631
-0.19995 -3.89886
-0.38624 -4.03674
-0.30678 -4.46832
-0.20671 -3.96399
-0.29868 -4.06455
-0.34421 -4.33525
-0.10909 -4.01043
-0.35806 -4.08049
-0.13917 -4.19553
-0.33638 -4.48989
-0.21883 -4.35587
-0.31767 -4.02231
-0.25433 -4.39166
-0.31637 -4.46179
-0.22738 -4.08258
-0.29434 -4.57657
-0.26110 -3.83323
-0.22643 -3.95482
-0.18311 -4.49938
-0.13087 -4.32797
-0.38204 -4.37405
-0.31272 -3.93298
-0.16717 -4.50179
-0.26758 -4.20474
-0.11475 -3.84781
-0.21791 -4.32023
-0.36451 -4.42973
-0.17114 -4.26267
-0.30966 -4.06794
-0.15649 -4.55932
-0.10285 -4.54789
-0.32161 -3.90656
-0.30811 -4.45057
-0.29075 -4.52901
-0.28588 -3.88311
-0.23304 -4.33504
-0.39019 -3.96687
-0.30490 -3.98829
-0.27674 -4.01056
-0.15052 -4.08062
-0.29435 -4.16073
-0.32608 -3.97259
-0.35751 -4.48247
-0.36284 -4.23613
-0.14079 -4.39919
-0.25458 -4.37776
-0.15299 -4.44914
-0.29521 -4.34472
-0.38079 -4.32847

-0.12209 -4.44984
-0.29681 -3.93888
-0.24595 -4.34826
-0.23429 -4.36907
-0.31422 -4.37477
-0.34367 -4.37302
-0.38725 -4.42197
-0.24755 -4.42250
-0.26952 -3.84287
-0.39670 -4.49784
-0.13575 -4.16758
-0.15977 -4.42260
-0.30799 -3.92268
-0.31067 -4.42700
-0.34471 -4.57066
-0.22217 -4.32172
-0.16696 -4.09633
-0.36995 -4.33616
-0.31988 -4.53946
-0.28224 -4.05497
-0.30086 -4.26289
-0.24149 -4.13888
-0.12471 -3.99881
-0.27046 -4.37731
-0.16240 -4.45662
-0.23848 -4.07124
-0.13437 -4.51474
-0.31442 -4.45444
-0.18354 -4.12630
-0.31173 -4.28847
-0.18865 -4.01989
-0.18297 -4.13396
-0.23606 -3.95939
-0.39302 -3.84074
-0.23169 -4.30378
-0.33615 -3.93885
-0.10729 -4.13336
-0.19475 -4.49795
-0.33877 -4.51865
-0.29287 -4.50558
-0.29786 -4.31584
-0.37044 -4.05249
-0.34983 -4.48939
-0.20188 -4.13442
-0.25975 -4.30042
-0.12157 -4.41369
-0.22227 -4.07591
-0.17885 -3.84408
-0.36395 -4.05072
-0.18422 -4.05796
-0.37576 -3.96201
-0.39147 -4.28561
-0.31446 -3.99598
-0.26059 -4.55994
-0.30440 -4.33076
-0.38891 -4.16454
-0.32411 -4.01561
-0.32090 -4.22739
-0.22955 -4.42199
-0.35555 -4.13481
-0.26512 -4.06885
-0.12779 -4.29719
-0.32969 -4.18966
-0.23860 -4.49672
-0.33033 -4.30614
-0.12290 -4.39687
-0.26614 -4.27351
-0.37853 -4.13897
-0.17289 -3.95524
-0.28247 -4.28679
-0.16380 -4.57759
-0.24002 -4.48796
-0.39061 -4.35713
-0.30433 -4.47973
-0.10493 -4.24960
-0.30884 -4.31368
-0.10554 -4.44406
-0.34984 -4.19255
-0.30547 -4.24809
-0.22171 -3.99713
-0.16464 -3.97517
-0.39676 -4.03162
-0.37503 -4.53607
-0.16124 -4.51291
-0.30491 -3.96883
-0.14083 -4.32344
-0.31707 -4.39584
-0.18909 -4.21119
-0.17156 -4.45843
-0.11943 -4.10455
-0.33478 -4.44613
-0.13137 -4.41917
-0.12925 -4.38202
-0.20357 -4.07094
-0.34111 -4.44767
-0.33236 -4.28237
-0.20848 -4.33648
-0.28135 -4.32767
-0.29145 -4.27518
-0.17950 -4.41032


0.06457 1.53784
0.10871 1.74471
0.08043 1.86634
0.15676 1.48917
0.08806 1.44047
0.09680 1.78724
0.07057 1.63184
0.09051 1.87284
0.11604 1.28479
0.10865 1.98792
0.06637 1.74295
0.15378 1.55649
0.11512 1.22670
0.14253 1.80955
0.09166 1.37377
0.14832 1.79781
0.10254 1.59006
0.11005 1.89527
0.14581 1.79999
0.10424 1.41390
0.14198 1.93190
0.10988 1.93188
0.09132 1.23919
0.12564 1.73646
0.15341 1.23114
0.12034 1.62938
0.14347 1.91363
0.10561 1.76606
0.08707 1.71495
0.09917 1.73466
0.12914 1.68357
0.12118 1.77380
0.11857 1.57901
0.11212 1.60940
0.11781 1.53483
0.10329 1.93992
0.11524 1.63137
0.14893 1.42818
0.06298 1.95914
0.06255 1.30782
0.10446 1.76838
0.08712 1.60506
0.11334 1.79210
0.13756 1.48946
0.15023 1.93859
0.09478 1.49672
0.09334 1.81513
0.08754 1.29721
0.13743 1.49762
0.07025 1.42722
0.15174 1.37264
0.13323 1.33334
0.06951 1.25055
0.08597 1.89131
0.10282 1.34975
0.10675 1.90091
0.14290 1.78929
0.07242 1.93606
0.12526 1.35914
0.15055 1.52666
0.09523 1.58878
0.10739 1.50497
0.15892 1.66353
0.12651 1.64338
0.07114 1.36877
0.13356 1.44504
0.12361 1.30313
0.12564 1.59370
0.15335 1.40183
0.15639 1.91901
0.06936 1.96771
0.07245 1.49847
0.09265 1.46912
0.07983 1.35226
0.07147 1.32793
0.11887 1.76177
0.08998 1.20951
0.11850 1.55762
0.09708 1.91638
0.07919 1.94227
0.09224 1.94266
0.06148 1.95172
0.10475 1.44847
0.11379 1.57558
0.08164 1.79380
0.11306 1.57300
0.14749 1.76134
0.13585 1.43200
0.09761 1.57901
0.11008 1.69452
0.12008 1.87059
0.11111 1.64583
0.13479 1.87783
0.07634 1.83299
0.06818 1.81635
0.11102 1.81246
0.14995 1.30299
0.14147 1.45509
0.15207 1.60789
0.15563 1.61270
