5 100 60

0.00000 1.00000
0.00000 1.00000
0.00000 1.00000
0.00000 1.00000
0.00000 1.00000


-0.33798 -4.32454
-0.16279 -3.86084
-0.36406 -4.42187
-0.39210 -4.01188
-0.37821 -4.02006
-0.10690 -4.08665
-0.13480 -4.56678
-0.19693 -4.45463
-0.13501 -3.83414
-0.12154 -4.50958
-0.12561 -3.97971
-0.10739 -4.29753
-0.18841 -3.85901
-0.17561 -4.54617
-0.33441 -4.23400
-0.33138 -4.40466
-0.11994 -4.19250
-0.23263 -4.29422
-0.13734 -4.44425
-0.26869 -4.15899
-0.18075 -3.80831
-0.14520 -4.24241
-0.13842 -3.87369
-0.25622 -4.20637
-0.25751 -3.80214
-0.24342 -3.84062
-0.15834 -4.55204
-0.14398 -4.29393
-0.25335 -3.96115
-0.33496 -4.29678
-0.39547 -4.33421
-0.21053 -4.37403
-0.15479 -4.57062
-0.15488 -4.20975
-0.21684 -3.92239
-0.28965 -4.15182
-0.37683 -3.86195
-0.38405 -4.56403
-0.17175 -4.41127
-0.13869 -4.27545
-0.12827 -4.17760
-0.26525 -4.24885
-0.15519 -3.90228
-0.24200 -4.38603
-0.19994 -4.56902
-0.37985 -4.38523
-0.10757 -3.86938
-0.28331 -3.97233
-0.34790 -4.29187
-0.28321 -4.13261
-0.20705 -4.20901
-0.33029 -4.02859
-0.33835 -4.50460
-0.15923 -3.91006
-0.23248 -4.01545
-0.25614 -4.28211
-0.29640 -4.24947
-0.36656 -3.98964
-0.31335 -4.09663
-0.18485 -4.07050
-0.21026 -3.97006
-0.11801 -4.56090
-0.17452 -4.03823
-0.25844 -4.17065
-0.26224 -3.81173
-0.37321 -4.45375
-0.23376 -4.46019
-0.28797 -4.40244
-0.24881 -3.80138
-0.36188 -4.17382
-0.34676 -4.49917
-0.36396 -4.31674
-0.16940 -3.88918
-0.17617 -4.41273
-0.12503 -4.13510
-0.24053 -4.00101
-0.16555 -4.10550
-0.22837 -4.10847
-0.34571 -3.83154
-0.13217 -4.30541
-0.12396 -4.26485
-0.17018 -4.55204
-0.24383 -4.37212
-0.18150 -4.25272
-0.17187 -4.32912
-0.25431 -4.57380
-0.10342 -3.82509
-0.35959 -4.05334
-0.11732 -3.83561
-0.30443 -4.11608
-0.10773 -4.13959
-0.23216 -3.92748
-0.29704 -4.07440
-0.22170 -4.14875
-0.14758 -3.93019
-0.18013 -4.39521
-0.18998 -3.80676
-0.22593 -4.16084
-0.17991 -4.46167
-0.37826 -3.82425

-0.13771 -4.43993
-0.22675 -4.21594
-0.28866 -4.24826
-0.35304 -3.93324
-0.35813 -4.41291
-0.20754 -4.34838
-0.23261 -3.88133
-0.36405 -4.08562
-0.29746 -4.34566
-0.12604 -3.86131
-0.27823 -4.56844
-0.22683 -4.15285
-0.37782 -4.39154
-0.32838 -4.14560
-0.21509 -4.27232
-0.36880 -4.22361
-0.32191 -4.17292
-0.14494 -4.25990
-0.38959 -4.39893
-0.15807 -4.13559
-0.31067 -4.26211
-0.18516 -4.53141
-0.35537 -3.99688
-0.22605 -3.96687
-0.35778 -4.32403
-0.34880 -4.36104
-0.28444 -4.03016
-0.22768 -4.34273
-0.30743 -4.09864
-0.29990 -4.08110
-0.28119 -3.86147
-0.11999 -4.04415
-0.31048 -4.01748
-0.30897 -4.37505
-0.16758 -3.93511
-0.17006 -4.54026
-0.32404 -4.08781
-0.27898 -4.51812
-0.38470 -4.56933
-0.24694 -4.30998
-0.30263 -3.99034
-0.34463 -4.47806
-0.26712 -4.32353
-0.30416 -4.23096
-0.33348 -4.36847
-0.26228 -3.80360
-0.19292 -3.79519
-0.31568 -4.38798
-0.30076 -4.40349
-0.36662 -3.92994
-0.35415 -4.36452
-0.31929 -4.46390
-0.16517 -3.91891
-0.23885 -4.28933
-0.18906 -4.11956
-0.26135 -3.86007
-0.13279 -4.38049
-0.24540 -4.16364
-0.22875 -4.38959
-0.12981 -3.97929
-0.27298 -4.42229
-0.25673 -4.29386
-0.24717 -4.10482
-0.15173 -3.88887
-0.28173 -4.37362
-0.16389 -4.30411
-0.34486 -4.38639
-0.21778 -4.06959
-0.35213 -4.03078
-0.28269 -4.34183
-0.37123 -4.48495
-0.27502 -4.27064
-0.14903 -3.89901
-0.22686 -4.04103
-0.23321 -4.51298
-0.38269 -4.30876
-0.17766 -3.87226
-0.13626 -4.47371
-0.32658 -4.55557
-0.28113 -4.36880
-0.27642 -4.31891
-0.27178 -4.12229
-0.18394 -4.06660
-0.25927 -4.45271
-0.17330 -4.03473
-0.10160 -4.24893
-0.28230 -3.80927
-0.36864 -3.96516
-0.12471 -3.93904
-0.19926 -4.34303
-0.15722 -4.02631
-0.27168 -4.22923
-0.12905 -3.98531
-0.28100 -4.44557
-0.15382 -4.29497
-0.32674 -3.90713
-0.15739 -3.87690
-0.20337 -4.15625
-0.25966 -4.21497
-0.29487 -3.94389

-0.23192 -4.31817
-0.26081 -4.36574
-0.32422 -4.50491
-0.17582 -4.35744
-0.26271 -4.04221
-0.10129 -4.21787
-0.37899 -4.04784
-0.19178 -3.98564
-0.19447 -4.20824
-0.17661 -3.96974
-0.28633 -4.13503
-0.15678 -4.50257
-0.27305 -4.43039
-0.15181 -4.33655
-0.26635 -4.02723
-0.30712 -3.97237
-0.12814 -4.11663
-0.24593 -3.94282
-0.34444 -4.17773
-0.19226 -4.19160
-0.14698 -4.24019
-0.19506 -3.97262
-0.17530 -3.95932
-0.28595 -4.19541
-0.11983 -4.57161
-0.32671 -4.39887
-0.33395 -4.50098
-0.14382 -4.37701
-0.13340 -3.86323
-0.30326 -4.44613
-0.17936 -4.26378
-0.25876 -4.23905
-0.31231 -4.31117
-0.22519 -3.93524
-0.28738 -4.52068
-0.24377 -3.94570
-0.35759 -4.13419
-0.21175 -4.08292
-0.21505 -3.90206
-0.19034 -4.27007
-0.23146 -4.21220
-0.24027 -3.82781
-0.34082 -4.38914
-0.33871 -4.46274
-0.31495 -4.49155
-0.10804 -4.47320
-0.16155 -4.25499
-0.17738 -4.44714
-0.26597 -4.46471
-0.28836 -3.86788
-0.14441 -3.92624
-0.19941 -4.25526
-0.12638 -4.24240
-0.39559 -3.99002
-0.37746 -3.90154
-0.35962 -4.15078
-0.33839 -4.49242
-0.28959 -4.13873
-0.37348 -4.02948
-0.10207 -4.10999
-0.35975 -4.49757
-0.21861 -4.14503
-0.23277 -4.16091
-0.13821 -4.01904
-0.24729 -3.96817
-0.33186 -4.08315
-0.28887 -4.10495
-0.19518 -4.42458
-0.24575 -4.31983
-0.21792 -4.13513
-0.37941 -4.10719
-0.31286 -4.31728
-0.14846 -4.30193
-0.30824 -4.11748
-0.38222 -4.45603
-0.29386 -3.85922
-0.29622 -4.44098
-0.15727 -4.45949
-0.18039 -4.52451
-0.12708 -3.84851
-0.32056 -4.36576
-0.16031 -4.43344
-0.32700 -4.32874
-0.37746 -4.17504
-0.20854 -4.13573
-0.13010 -3.80431
-0.33071 -3.98757
-0.35120 -4.27490
-0.28137 -3.99612
-0.27141 -4.55838
-0.12271 -4.35541
-0.13183 -4.10901
-0.19641 -4.55956
-0.36212 -3.79494
-0.39405 -4.50880
-0.13579 -4.44877
-0.17324 -4.27980
-0.37144 -4.26293
-0.32822 -3.98924
-0.37256 -4.28445

-0.31056 -4.20204
-0.22456 -4.28092
-0.22748 -4.14532
-0.26334 -3.99512
-0.36368 -3.98136
-0.12733 -3.85475
-0.12826 -4.36996
-0.22262 -3.93264
-0.16511 -4.11037
-0.34960 -4.28547
-0.36199 -4.09594
-0.20810 -4.25581
-0.10538 -4.48058
-0.28640 -3.86455
-0.33497 -3.88707
-0.30534 -4.16993
-0.12717 -4.49786
-0.11604 -3.99638
-0.23589 -4.16910
-0.37675 -3.98515
-0.22302 -4.47330
-0.11105 -4.36068
-0.15740 -3.98228
-0.20776 -4.13949
-0.20843 -4.32978
-0.11799 -4.22621
-0.36550 -4.39394
-0.19986 -4.50417
-0.16050 -4.46476
-0.20118 -4.14578
-0.12997 -3.98230
-0.15103 -4.06213
-0.27428 -4.56329
-0.24628 -3.88462
-0.15823 -4.51506
-0.25709 -4.37238
-0.23764 -4.48481
-0.13074 -3.90514
-0.17274 -4.50452
-0.31914 -4.24812
-0.16231 -4.35211
-0.36730 -3.81957
-0.28629 -4.07065
-0.17818 -3.80443
-0.19399 -4.45948
-0.23754 -4.04060
-0.24584 -3.84658
-0.38178 -4.55458
-0.11035 -4.10585
-0.18469 -4.29353
-0.13408 -4.16206
-0.11248 -4.10486
-0.10938 -4.12479
-0.15838 -3.94017
-0.22391 -4.54018
-0.15249 -4.05810
-0.34871 -4.37265
-0.11828 -4.41752
-0.10264 -4.55749
-0.20243 -4.47475
-0.23660 -4.15808
-0.25568 -4.55109
-0.26499 -3.86461
-0.35895 -4.16935
-0.19500 -4.37062
-0.39769 -4.45524
-0.28996 -3.82786
-0.18713 -4.05083
-0.17572 -4.10127
-0.11844 -4.56588
-0.34386 -4.10136
-0.12340 -4.06461
-0.10140 -4.26787
-0.39870 -3.89663
-0.38600 -4.46321
-0.19937 -4.13525
-0.25627 -4.09820
-0.34970 -4.53307
-0.32694 -4.24041
-0.27885 -4.54723
-0.24181 -4.05788
-0.15282 -4.27650
-0.37102 -4.10892
-0.32275 -4.09264
-0.18252 -4.24879
-0.33331 -4.11873
-0.11732 -4.49850
-0.24181 -4.30640
-0.14403 -4.27856
-0.21137 -3.80040
-0.15918 -4.27024
-0.35446 -4.14136
-0.14369 -4.11314
-0.39833 -3.94280
-0.20003 -3.85839
-0.33666 -4.35405
-0.26180 -4.04547
-0.11087 -3.85713
-0.16235 -4.41997
-0.33957 -3.92882

-0.34469 -3.93924
-0.15385 -4.11202
-0.33034 -4.56669
-0.13396 -4.47108
-0.35714 -4.17326
-0.36761 -4.44684
-0.22870 -4.37273
-0.20541 -3.96378
-0.27617 -4.39284
-0.39579 -4.01815
-0.29093 -3.95903
-0.13456 -3.93640
-0.19968 -4.35956
-0.15800 -4.35144
-0.10719 -3.97093
-0.23296 -4.55549
-0.13329 -3.79963
-0.38960 -4.20483
-0.20124 -3.89202
-0.20868 -3.86447
-0.27868 -4.35957
-0.18637 -3.80712
-0.30006 -4.37361
-0.32241 -4.22100
-0.24300 -4.50787
-0.32158 -3.95519
-0.29649 -4.39805
-0.35938 -4.25804
-0.26154 -4.21311
-0.18954 -4.40231
-0.31242 -4.52308
-0.14173 -4.33904
-0.24543 -4.09423
-0.22261 -4.57058
-0.23952 -4.17564
-0.22975 -4.32257
-0.30017 -4.54758
-0.36639 -4.26597
-0.24485 -3.79935
-0.37024 -3.98009
-0.32648 -3.88051
-0.26538 -4.42380
-0.35296 -4.16441
-0.38340 -4.35218
-0.35562 -4.13538
-0.29228 -4.26284
-0.36675 -4.51121
-0.14344 -3.97515
-0.12141 -4.42707
-0.31820 -4.14982
-0.37805 -3.90688
-0.10711 -4.25569
-0.38723 -3.81032
-0.13485 -3.80936
-0.20509 -4.40114
-0.13703 -3.82854
-0.33400 -3.90432
-0.23897 -3.83648
-0.29582 -4.52580
-0.38315 -4.06840
-0.39198 -4.21965
-0.38521 -4.13211
-0.10181 -4.38660
-0.35001 -3.88803
-0.13378 -4.24107
-0.13505 -4.33114
-0.23771 -4.49143
-0.29435 -4.36345
-0.26445 -4.07574
-0.33724 -4.01842
-0.29842 -3.83871
-0.35593 -4.04954
-0.37218 -4.45067
-0.23165 -3.88630
-0.36833 -3.88052
-0.37473 -4.04826
-0.35678 -4.30121
-0.25231 -4.15976
-0.22682 -4.49418
-0.16416 -4.16245
-0.36081 -4.05241
-0.21461 -4.54432
-0.31960 -3.90491
-0.31769 -4.35613
-0.17353 -4.35074
-0.18544 -4.47469
-0.26656 -4.42023
-0.26882 -4.56437
-0.24521 -4.04058
-0.16817 -3.93389
-0.15902 -4.11163
-0.14083 -4.41042
-0.27840 -4.04612
-0.28493 -4.14927
-0.38246 -3.89094
-0.16047 -3.98850
-0.22711 -3.82455
-0.16583 -4.24979
-0.17736 -3.89304
-0.31472 -4.30139


0.22973 2.67271
0.23381 1.86335
0.09531 2.90010
0.12143 2.67432
0.11845 2.36066
0.19484 2.86691
0.14278 2.31709
0.13334 2.75587
0.13443 2.19120
0.16619 2.76408
0.13378 2.69577
0.20246 1.93584
0.15350 2.60469
0.18008 2.09064
0.11183 2.43435
0.20512 2.69259
0.22510 2.28366
0.10013 2.12524
0.11697 2.77080
0.21964 2.95494
0.16154 1.82380
0.10815 2.27773
0.16306 2.79944
0.19178 1.86351
0.13336 2.00144
0.18495 2.67852
0.13957 2.03928
0.22548 2.51512
0.14024 2.43676
0.20774 1.97949
0.18492 1.80496
0.22336 2.13659
0.10827 2.77783
0.19103 2.26579
0.14792 2.78635
0.12360 2.84135
0.19956 2.85997
0.14815 1.90179
0.13222 2.46259
0.13576 2.54890
0.21430 2.84337
0.20745 2.25974
0.09338 2.37059
0.12447 2.26109
0.09527 2.84757
0.22808 2.52462
0.12680 2.16160
0.11358 2.70130
0.21747 2.91675
0.14712 2.27598
0.11354 2.39625
0.10647 2.23793
0.18651 2.41425
0.14654 2.75763
0.18082 2.81181
0.22609 2.46203
0.15052 1.87200
0.18357 2.40214
0.20802 2.20119
0.13441 2.54600
0.16408 2.79909
0.18373 2.87417
0.18120 2.25067
0.23077 2.36465
0.23391 2.68685
0.10241 2.98119
0.12791 2.55906
0.14545 2.79278
0.15584 2.33102
0.16771 1.82360
0.14513 2.17898
0.09339 2.78105
0.09911 2.83366
0.15588 2.31301
0.11017 1.88335
0.18756 2.67269
0.12833 2.97205
0.17117 2.25810
0.16631 2.77060
0.12046 2.98870
0.21562 2.26151
0.17401 1.84135
0.14791 2.46862
0.20282 2.22105
0.20618 1.97672
0.12089 2.67911
0.16182 2.20658
0.11873 1.87431
0.21307 1.91911
0.21107 2.78941
0.14859 2.05104
0.14176 2.11888
0.13217 2.81745
0.15157 2.89141
0.12972 2.89203
0.16525 2.83029
0.11726 2.87355
0.21768 2.39620
0.21942 2.69018
0.13129 2.20327
