5 20 8

0.00000 1.00000
0.00000 1.00000
0.00000 1.00000
0.00000 1.00000
0.00000 1.00000


-0.36153 -2.89412
-0.36667 -2.56724
-0.12755 -2.85395
-0.35371 -2.37163
-0.32839 -2.48985
-0.37254 -2.95111
-0.37714 -2.26663
-0.28406 -2.93317
-0.27929 -2.40133
-0.23561 -2.54736
-0.31465 -2.29928
-0.15390 -2.81059
-0.25935 -2.79625
-0.15980 -2.85402
-0.17607 -2.54473
-0.27894 -2.44110
-0.21987 -2.62617
-0.16333 -2.76902
-0.13707 -2.40314
-0.33963 -2.59611

-0.33482 -2.96315
-0.19645 -2.80908
-0.29173 -2.56711
-0.24805 -2.69051
-0.31216 -2.37277
-0.10526 -2.37111
-0.39274 -2.32631
-0.33047 -2.77609
-0.38365 -2.25129
-0.39345 -2.30464
-0.37272 -2.93168
-0.25028 -2.85563
-0.24028 -2.25135
-0.38546 -2.79818
-0.13228 -2.49670
-0.37708 -2.80744
-0.12994 -2.48257
-0.11142 -2.43717
-0.17196 -2.78782
-0.27161 -2.91459

-0.35697 -2.69212
-0.27977 -2.83575
-0.23054 -2.68255
-0.27849 -2.27273
-0.13298 -2.91805
-0.23249 -2.67246
-0.32679 -2.54138
-0.24670 -2.62181
-0.20169 -2.62171
-0.39237 -2.36764
-0.27216 -2.57309
-0.20416 -2.42269
-0.21203 -2.23398
-0.30370 -2.54530
-0.17718 -2.27511
-0.12674 -2.76320
-0.35479 -2.39557
-0.36842 -2.23806
-0.15658 -2.94933
-0.20509 -2.64380

-0.21713 -2.40952
-0.12874 -2.29139
-0.26386 -2.28386
-0.24002 -2.25462
-0.36579 -2.82141
-0.33045 -2.95911
-0.33154 -2.66328
-0.32649 -2.75040
-0.15642 -2.68708
-0.25250 -2.80810
-0.22065 -2.42185
-0.35034 -2.27401
-0.30482 -2.76886
-0.26527 -2.97548
-0.13075 -2.96145
-0.34781 -2.50562
-0.29289 -2.84112
-0.30227 -2.39522
-0.22975 -2.50054
-0.29104 -2.43101

-0.27992 -2.31525
-0.39488 -2.32160
-0.23189 -2.52627
-0.23386 -2.75554
-0.18976 -2.24078
-0.26308 -2.28139
-0.26317 -2.49071
-0.30991 -2.79999
-0.29818 -2.76136
-0.19353 -2.49442
-0.24980 -2.66222
-0.22311 -2.74216
-0.32191 -2.72679
-0.25834 -2.63966
-0.14852 -2.72471
-0.18216 -2.95628
-0.23272 -2.53074
-0.34343 -2.26170
-0.10097 -2.80612
-0.23077 -2.55294


0.11661 1.24476
0.12259 1.51548
0.14689 1.43639
0.06579 1.20575
0.11009 1.87048
0.06892 1.39303
0.11318 1.33436
0.09695 1.43371
0.14879 1.29171
0.08929 1.41963
0.15623 1.48291
0.11276 1.24061
0.09960 1.20616
0.15211 1.59828
0.07526 1.87971
0.11014 1.49079
0.11453 1.31836
0.10148 1.53518
0.14239 1.45155
0.11303 1.37962
