5 20 12

0.00000 1.00000
0.00000 1.00000
0.00000 1.00000
0.00000 1.00000
0.00000 1.00000


-0.31959 -2.33932
-0.36965 -2.83935
-0.28276 -2.78611
-0.24177 -2.52273
-0.14208 -2.19505
-0.34789 -2.83537
-0.30121 -2.20243
-0.10898 -2.49523
-0.23272 -2.32976
-0.15991 -2.68818
-0.15273 -2.86298
-0.34213 -2.53356
-0.32858 -2.79557
-0.20063 -2.35030
-0.21021 -2.76254
-0.22227 -2.51002
-0.35538 -2.59835
-0.39008 -2.32387
-0.15106 -2.92446
-0.31777 -2.85252

-0.33554 -2.71889
-0.20556 -2.44998
-0.27085 -2.49869
-0.33124 -2.87535
-0.21887 -2.76455
-0.12717 -2.66980
-0.20737 -2.62579
-0.19221 -2.23747
-0.18737 -2.34225
-0.26135 -2.48214
-0.11982 -2.50125
-0.14000 -2.45341
-0.17284 -2.63899
-0.20112 -2.95898
-0.20006 -2.58978
-0.12157 -2.93370
-0.32123 -2.22294
-0.34818 -2.63378
-0.26148 -2.89165
-0.39242 -2.22252

-0.14567 -2.52056
-0.11223 -2.26620
-0.28759 -2.40824
-0.35373 -2.43679
-0.29144 -2.70161
-0.37664 -2.49133
-0.22564 -2.28720
-0.33214 -2.87049
-0.33498 -2.64630
-0.12797 -2.89065
-0.28208 -2.62090
-0.13881 -2.90459
-0.20723 -2.87364
-0.17152 -2.50438
-0.27393 -2.61141
-0.13472 -2.88341
-0.30895 -2.81262
-0.11481 -2.19741
-0.31302 -2.55409
-0.32250 -2.22757

-0.27186 -2.48558
-0.11132 -2.36058
-0.29921 -2.52743
-0.37153 -2.37218
-0.17287 -2.67824
-0.25514 -2.26125
-0.39281 -2.94110
-0.30267 -2.49434
-0.29762 -2.72454
-0.37818 -2.67557
-0.15963 -2.35828
-0.29582 -2.72690
-0.17680 -2.57660
-0.13629 -2.58559
-0.29010 -2.65306
-0.38431 -2.77538
-0.36770 -2.96173
-0.39101 -2.53582
-0.17446 -2.40337
-0.17241 -2.46133

-0.39091 -2.18733
-0.31196 -2.48363
-0.14268 -2.46682
-0.32576 -2.27200
-0.23394 -2.78313
-0.33810 -2.20443
-0.37192 -2.92784
-0.24917 -2.74382
-0.21762 -2.18493
-0.10106 -2.86035
-0.14368 -2.23888
-0.28923 -2.60553
-0.19553 -2.44071
-0.27375 -2.58802
-0.19004 -2.25904
-0.31546 -2.67328
-0.29640 -2.65740
-0.12853 -2.86379
-0.37561 -2.43806
-0.22243 -2.30777


0.15652 2.28892
0.12555 2.53299
0.10278 1.99538
0.15541 2.26404
0.12807 2.72420
0.09741 1.97595
0.21098 2.12287
0.19107 2.90619
0.15292 2.28769
0.16792 2.45748
0.17224 2.27095
0.15554 2.07841
0.13021 1.81168
0.22077 2.81385
0.23951 2.47926
0.09816 2.73628
0.17163 1.87215
0.22770 2.17867
0.23966 2.15923
0.10161 2.40239
