5 20 12

0.00000 1.00000
0.00000 1.00000
0.00000 1.00000
0.00000 1.00000
0.00000 1.00000


-0.10084 -2.65135
-0.25096 -2.36386
-0.37695 -2.44082
-0.27849 -2.75646
-0.38109 -2.96529
-0.35338 -2.43832
-0.35450 -2.83207
-0.35424 -2.34855
-0.27012 -2.59749
-0.10430 -2.74832
-0.28853 -2.21699
-0.36846 -2.45776
-0.31174 -2.53372
-0.29429 -2.38230
-0.33159 -2.75557
-0.30235 -2.55917
-0.20127 -2.19612
-0.30967 -2.49026
-0.12036 -2.67315
-0.20023 -2.67187

-0.37565 -2.65223
-0.27074 -2.81412
-0.14383 -2.63287
-0.28912 -2.42247
-0.18291 -2.28364
-0.15809 -2.20969
-0.18620 -2.66125
-0.37923 -2.49470
-0.26379 -2.64160
-0.22079 -2.56474
-0.17740 -2.37557
-0.29760 -2.57529
-0.14557 -2.81427
-0.28672 -2.64204
-0.14830 -2.68441
-0.19152 -2.85548
-0.32087 -2.34784
-0.18045 -2.67908
-0.21424 -2.49046
-0.34924 -2.86112

-0.30581 -2.89927
-0.19298 -2.40655
-0.15212 -2.43329
-0.35647 -2.91720
-0.21142 -2.53265
-0.30807 -2.26442
-0.30154 -2.67328
-0.30437 -2.86248
-0.15438 -2.23347
-0.14057 -2.84052
-0.19536 -2.63615
-0.19330 -2.81168
-0.19745 -2.92212
-0.26549 -2.55499
-0.17916 -2.95409
-0.28688 -2.54968
-0.30871 -2.30518
-0.22786 -2.24303
-0.26504 -2.81521
-0.24216 -2.81101

-0.18675 -2.28258
-0.21675 -2.28426
-0.35470 -2.74706
-0.31232 -2.92352
-0.31146 -2.61851
-0.25264 -2.18916
-0.15643 -2.92364
-0.34751 -2.46514
-0.33587 -2.72251
-0.38835 -2.86175
-0.33963 -2.53061
-0.34724 -2.39373
-0.21519 -2.78678
-0.27220 -2.61255
-0.24483 -2.61475
-0.36285 -2.33902
-0.10426 -2.85475
-0.13143 -2.51210
-0.24905 -2.20838
-0.25330 -2.29860

-0.33111 -2.38505
-0.10009 -2.28219
-0.24885 -2.73300
-0.39719 -2.78935
-0.32118 -2.25116
-0.26216 -2.27587
-0.15374 -2.95773
-0.21871 -2.81245
-0.36579 -2.85896
-0.30227 -2.37546
-0.17338 -2.70253
-0.32251 -2.29473
-0.28238 -2.30514
-0.14133 -2.33623
-0.31769 -2.21887
-0.36753 -2.47140
-0.23736 -2.51330
-0.17847 -2.40977
-0.34495 -2.74045
-0.35663 -2.31283


0.19341 2.84481
0.21035 2.29031
0.20529 2.42734
0.16541 2.55163
0.21338 2.03015
0.11366 1.89129
0.10946 2.00798
0.18147 2.81057
0.21498 2.62790
0.16067 2.46811
0.17998 1.83929
0.11181 2.50725
0.21361 2.75210
0.16161 2.55583
0.12137 2.62837
0.12055 2.82438
0.11960 1.94184
0.16761 2.93517
0.22462 2.11053
0.21047 2.51741
