5 20 8

0.00000 1.00000
0.00000 1.00000
0.00000 1.00000
0.00000 1.00000
0.00000 1.00000


-0.36969 -2.32576
-0.30363 -2.61810
-0.22133 -2.84202
-0.15467 -2.61638
-0.34615 -2.47036
-0.30735 -2.61557
-0.33786 -2.95692
-0.26976 -2.36974
-0.27700 -2.56923
-0.22025 -2.77697
-0.24848 -2.52954
-0.10973 -2.26930
-0.34130 -2.50811
-0.18683 -2.40598
-0.14091 -2.42826
-0.15608 -2.74736
-0.35161 -2.86058
-0.21855 -2.47146
-0.26716 -2.33089
-0.22582 -2.73006

-0.22638 -2.79525
-0.23966 -2.26001
-0.18365 -2.82799
-0.19278 -2.41192
-0.38193 -2.34383
-0.31150 -2.85802
-0.18449 -2.72682
-0.22598 -2.79827
-0.17225 -2.45744
-0.27894 -2.80053
-0.29884 -2.23224
-0.17419 -2.57800
-0.19299 -2.25540
-0.17556 -2.48042
-0.37693 -2.61701
-0.18856 -2.58955
-0.17735 -2.84361
-0.25914 -2.96008
-0.26798 -2.41282
-0.37267 -2.29547

-0.25506 -2.75536
-0.28619 -2.53746
-0.18029 -2.85850
-0.36990 -2.57462
-0.32167 -2.90730
-0.32292 -2.23467
-0.14109 -2.23750
-0.20319 -2.75273
-0.10212 -2.64533
-0.17487 -2.86520
-0.32897 -2.35877
-0.33619 -2.79233
-0.17863 -2.60922
-0.20545 -2.57969
-0.17595 -2.66083
-0.21497 -2.51521
-0.27998 -2.49837
-0.31887 -2.31817
-0.23469 -2.63651
-0.32155 -2.49201

-0.17484 -2.85628
-0.20557 -2.75220
-0.13328 -2.90922
-0.32114 -2.68810
-0.23027 -2.34298
-0.39898 -2.29460
-0.39417 -2.92593
-0.22841 -2.77048
-0.21731 -2.32314
-0.39320 -2.85080
-0.10903 -2.37250
-0.18045 -2.56359
-0.16767 -2.96396
-0.14210 -2.23271
-0.25671 -2.67393
-0.15947 -2.54156
-0.31660 -2.39930
-0.20532 -2.34004
-0.15517 -2.88409
-0.20867 -2.76859

-0.26164 -2.23401
-0.37502 -2.96769
-0.17406 -2.86151
-0.35933 -2.54421
-0.36605 -2.41379
-0.24604 -2.55254
-0.11023 -2.73441
-0.16886 -2.35457
-0.15334 -2.43484
-0.36498 -2.44602
-0.27560 -2.80434
-0.33937 -2.59161
-0.24809 -2.28601
-0.25204 -2.70242
-0.31825 -2.80598
-0.19009 -2.39929
-0.10337 -2.59754
-0.27770 -2.42690
-0.27744 -2.50837
-0.22862 -2.56655


0.14363 1.91546
0.07662 1.25008
0.12383 1.70153
0.06142 1.63504
0.07546 1.49560
0.10710 1.47389
0.10065 1.44076
0.14860 1.87387
0.07423 1.46902
0.10970 1.58454
0.13766 1.88598
0.15750 1.32859
0.10345 1.90187
0.11748 1.75125
0.13148 1.62403
0.12060 1.45428
0.10478 1.82404
0.13739 1.74790
0.14846 1.49572
0.15221 1.31739
