5 20 12

0.00000 1.00000
0.00000 1.00000
0.00000 1.00000
0.00000 1.00000
0.00000 1.00000


-0.12947 -2.60479
-0.33637 -2.20485
-0.11948 -2.32770
-0.10654 -2.25494
-0.27314 -2.39981
-0.34249 -2.75511
-0.37466 -2.92965
-0.12207 -2.90636
-0.28008 -2.21855
-0.37741 -2.88808
-0.16132 -2.54692
-0.15034 -2.82766
-0.30173 -2.85575
-0.20759 -2.86645
-0.12634 -2.70973
-0.15928 -2.68833
-0.25028 -2.19097
-0.15340 -2.76321
-0.33982 -2.69980
-0.17259 -2.45103

-0.16099 -2.74449
-0.28385 -2.25365
-0.13336 -2.71431
-0.18569 -2.79097
-0.36708 -2.67255
-0.23318 -2.28118
-0.30582 -2.31539
-0.13051 -2.73250
-0.11815 -2.77689
-0.34070 -2.80214
-0.31214 -2.51066
-0.11256 -2.28766
-0.30923 -2.62903
-0.10454 -2.75691
-0.39854 -2.22899
-0.18697 -2.60559
-0.30035 -2.78705
-0.20499 -2.51149
-0.11782 -2.55064
-0.25465 -2.59116

-0.35398 -2.54448
-0.20399 -2.81262
-0.39872 -2.51180
-0.20369 -2.52988
-0.30894 -2.18610
-0.15274 -2.49728
-0.30013 -2.18598
-0.14078 -2.82192
-0.37130 -2.78004
-0.34861 -2.81220
-0.12898 -2.28634
-0.27224 -2.64564
-0.22216 -2.89673
-0.38662 -2.44757
-0.17303 -2.33311
-0.14408 -2.40215
-0.16635 -2.56400
-0.22679 -2.58076
-0.14912 -2.21021
-0.35673 -2.60384

-0.34715 -2.71618
-0.36239 -2.36148
-0.32615 -2.26390
-0.22317 -2.70722
-0.29953 -2.46537
-0.31061 -2.61009
-0.36342 -2.76488
-0.22764 -2.26018
-0.28166 -2.82216
-0.10596 -2.61951
-0.30620 -2.35441
-0.24515 -2.70108
-0.13522 -2.96239
-0.35576 -2.62402
-0.19038 -2.72205
-0.28803 -2.28992
-0.35497 -2.93064
-0.11087 -2.69316
-0.13656 -2.29742
-0.22143 -2.30943

-0.23506 -2.35035
-0.25722 -2.85720
-0.13206 -2.48786
-0.38787 -2.23119
-0.39784 -2.78385
-0.33990 -2.89100
-0.25944 -2.29957
-0.12181 -2.59124
-0.16181 -2.27405
-0.31708 -2.87624
-0.13800 -2.35617
-0.36004 -2.65564
-0.24781 -2.90889
-0.18477 -2.71625
-0.13341 -2.66484
-0.30495 -2.64671
-0.21877 -2.58062
-0.24978 -2.27326
-0.33592 -2.55383
-0.28825 -2.84069


0.16879 2.83632
0.12870 2.81989
0.13687 2.69099
0.12356 2.65411
0.13292 2.24275
0.20787 2.95474
0.14027 2.43486
0.17141 1.86887
0.17014 1.91501
0.10400 2.31159
0.15767 2.63523
0.18908 2.58537
0.22215 2.17069
0.22876 2.40851
0.21969 1.91070
0.10959 2.55527
0.22957 2.84216
0.14121 2.33137
0.18607 2.89571
0.14715 2.30613
