5 20 8

0.00000 1.00000
0.00000 1.00000
0.00000 1.00000
0.00000 1.00000
0.00000 1.00000


-0.38995 -2.65825
-0.10279 -2.37134
-0.11223 -2.90940
-0.34506 -2.22800
-0.38045 -2.56564
-0.15310 -2.66239
-0.26636 -2.76689
-0.21660 -2.92592
-0.19773 -2.60490
-0.36449 -2.66464
-0.38754 -2.80559
-0.32132 -2.82825
-0.24181 -2.66076
-0.22827 -2.33944
-0.12093 -2.24091
-0.21252 -2.79079
-0.25495 -2.58698
-0.19782 -2.22645
-0.21884 -2.46545
-0.35380 -2.82026

-0.14707 -2.41777
-0.33461 -2.32388
-0.30934 -2.53793
-0.12161 -2.88523
-0.27183 -2.86530
-0.27229 -2.81923
-0.29206 -2.33994
-0.14409 -2.51969
-0.10348 -2.53138
-0.12534 -2.33015
-0.24483 -2.80372
-0.21966 -2.44077
-0.20505 -2.32264
-0.27146 -2.35742
-0.13482 -2.74449
-0.37281 -2.41719
-0.28161 -2.82557
-0.12122 -2.68315
-0.30273 -2.27540
-0.29380 -2.27469

-0.14096 -2.49853
-0.36845 -2.73599
-0.14494 -2.52776
-0.29795 -2.86756
-0.25893 -2.67805
-0.14702 -2.97313
-0.34763 -2.37906
-0.21158 -2.80956
-0.34756 -2.41857
-0.32766 -2.64198
-0.27582 -2.50174
-0.24059 -2.94261
-0.32940 -2.77556
-0.26920 -2.38225
-0.14526 -2.38909
-0.37322 -2.52822
-0.24784 -2.25788
-0.18336 -2.56696
-0.11262 -2.79030
-0.23234 -2.66666

-0.27257 -2.24787
-0.29870 -2.93999
-0.16872 -2.60217
-0.13756 -2.70809
-0.35603 -2.41374
-0.18364 -2.55862
-0.14966 -2.31533
-0.37236 -2.29323
-0.13051 -2.39124
-0.37551 -2.53694
-0.20368 -2.39624
-0.18920 -2.56974
-0.34135 -2.84595
-0.39366 -2.88294
-0.32895 -2.56339
-0.10796 -2.63365
-0.29618 -2.51155
-0.35256 -2.66562
-0.28528 -2.54251
-0.13439 -2.31547

-0.39296 -2.65061
-0.17472 -2.25395
-0.18954 -2.55536
-0.18132 -2.87098
-0.28664 -2.34967
-0.36913 -2.96245
-0.30036 -2.90023
-0.19858 -2.52128
-0.18303 -2.75733
-0.29866 -2.30519
-0.27568 -2.97328
-0.25957 -2.71486
-0.26355 -2.50365
-0.18804 -2.30928
-0.34635 -2.26426
-0.14054 -2.95963
-0.13611 -2.37391
-0.11156 -2.32389
-0.35715 -2.89262
-0.30772 -2.96492


0.14963 1.25419
0.14939 1.70065
0.06128 1.67711
0.14954 1.41745
0.12263 1.93232
0.06459 1.29708
0.13236 1.69390
0.14228 1.65270
0.06027 1.32612
0.06619 1.95244
0.09938 1.88260
0.14531 1.76471
0.14914 1.31771
0.06661 1.39869
0.13862 1.72932
0.06477 1.96808
0.07829 1.77279
0.07275 1.73386
0.08784 1.76274
0.06059 1.59401
