5 50 30

0.00000 1.00000
0.00000 1.00000
0.00000 1.00000
0.00000 1.00000
0.00000 1.00000


-0.25138 -3.53220
-0.11239 -3.54248
-0.19075 -3.22763
-0.18881 -3.63040
-0.19685 -3.34670
-0.32597 -3.59938
-0.24945 -3.41757
-0.26533 -3.65249
-0.29029 -3.62365
-0.20704 -3.75685
-0.35616 -3.27797
-0.37062 -3.53108
-0.28625 -3.53067
-0.32324 -3.25869
-0.36991 -3.62290
-0.27117 -3.75648
-0.26608 -3.57660
-0.21164 -3.56129
-0.10725 -3.75603
-0.26237 -3.78458
-0.20823 -3.22563
-0.19754 -3.19340
-0.29498 -3.18756
-0.30149 -3.35029
-0.32622 -3.30070
-0.15250 -3.84564
-0.15304 -3.33636
-0.19581 -3.81200
-0.14630 -3.23989
-0.38613 -3.54469
-0.16241 -3.43737
-0.33452 -3.31587
-0.13534 -3.14649
-0.37066 -3.85151
-0.22140 -3.50724
-0.35074 -3.67608
-0.13002 -3.17714
-0.24479 -3.78589
-0.29843 -3.73242
-0.21669 -3.82682
-0.18541 -3.79548
-0.35971 -3.79342
-0.16646 -3.42383
-0.38641 -3.54123
-0.15724 -3.63621
-0.32163 -3.33563
-0.31585 -3.72082
-0.39201 -3.53701
-0.39582 -3.41975
-0.25270 -3.74497

-0.11516 -3.36418
-0.14646 -3.38296
-0.20382 -3.67787
-0.23097 -3.24230
-0.18135 -3.18090
-0.15376 -3.35830
-0.10367 -3.31940
-0.25737 -3.48563
-0.16992 -3.48122
-0.10007 -3.51249
-0.29364 -3.50195
-0.10237 -3.30534
-0.16110 -3.44376
-0.29437 -3.19109
-0.12615 -3.32965
-0.24336 -3.14567
-0.25299 -3.33256
-0.32413 -3.49610
-0.30547 -3.54164
-0.38664 -3.40750
-0.34489 -3.56509
-0.24285 -3.10044
-0.33493 -3.24276
-0.23627 -3.48184
-0.34782 -3.73948
-0.10436 -3.29159
-0.24153 -3.43406
-0.12796 -3.20159
-0.36798 -3.17986
-0.34018 -3.79987
-0.13068 -3.80304
-0.17334 -3.77354
-0.17086 -3.41100
-0.16403 -3.40985
-0.12074 -3.37059
-0.16301 -3.51511
-0.32737 -3.76026
-0.34433 -3.31021
-0.20179 -3.56785
-0.30637 -3.61593
-0.25059 -3.83614
-0.35591 -3.30519
-0.22256 -3.49381
-0.11743 -3.29803
-0.10783 -3.77328
-0.39303 -3.39614
-0.27118 -3.51236
-0.33969 -3.71284
-0.24084 -3.78175
-0.20176 -3.60051

-0.15617 -3.82272
-0.22252 -3.67247
-0.24487 -3.48673
-0.28655 -3.40804
-0.30508 -3.28528
-0.25772 -3.81402
-0.23468 -3.67343
-0.19225 -3.53418
-0.22550 -3.20687
-0.32727 -3.19507
-0.33425 -3.11048
-0.25061 -3.74159
-0.14285 -3.68727
-0.25812 -3.12699
-0.25988 -3.56710
-0.19626 -3.41563
-0.13159 -3.70250
-0.38503 -3.85091
-0.28408 -3.23284
-0.17027 -3.35095
-0.27851 -3.77226
-0.18314 -3.17505
-0.13218 -3.38564
-0.29630 -3.33590
-0.17708 -3.26539
-0.20305 -3.54233
-0.35627 -3.34113
-0.36072 -3.27639
-0.14255 -3.58383
-0.23269 -3.50268
-0.30132 -3.56278
-0.19166 -3.56209
-0.16441 -3.51764
-0.10253 -3.60705
-0.31378 -3.24370
-0.21957 -3.79748
-0.33265 -3.37189
-0.33000 -3.21027
-0.18088 -3.42310
-0.36406 -3.65149
-0.12301 -3.84995
-0.30237 -3.35454
-0.21175 -3.33634
-0.13525 -3.70938
-0.15967 -3.51380
-0.38528 -3.66421
-0.15641 -3.09911
-0.37324 -3.24870
-0.12241 -3.81387
-0.14371 -3.65548

-0.10290 -3.19073
-0.25727 -3.78070
-0.33912 -3.51394
-0.27281 -3.33838
-0.14160 -3.27854
-0.18393 -3.75059
-0.23685 -3.38257
-0.30681 -3.80524
-0.19891 -3.31185
-0.11047 -3.29654
-0.29196 -3.35501
-0.21771 -3.53186
-0.12212 -3.36186
-0.17026 -3.19178
-0.15420 -3.32526
-0.19936 -3.46126
-0.23649 -3.25834
-0.24581 -3.65910
-0.21533 -3.66560
-0.15599 -3.38456
-0.38519 -3.75734
-0.21667 -3.82656
-0.12954 -3.18797
-0.34098 -3.59635
-0.13106 -3.40046
-0.25918 -3.69413
-0.32898 -3.84207
-0.38226 -3.17442
-0.29891 -3.46526
-0.28960 -3.27482
-0.10532 -3.52197
-0.24039 -3.71404
-0.11680 -3.77530
-0.15028 -3.84591
-0.29717 -3.65573
-0.26929 -3.74417
-0.19947 -3.83781
-0.19783 -3.28567
-0.29454 -3.49456
-0.23768 -3.48590
-0.13152 -3.78100
-0.28433 -3.25524
-0.34141 -3.12277
-0.17737 -3.53031
-0.20175 -3.22569
-0.25686 -3.68913
-0.19864 -3.69722
-0.10978 -3.66995
-0.35147 -3.26565
-0.39761 -3.47044

-0.28214 -3.31570
-0.12561 -3.64519
-0.26620 -3.36002
-0.39269 -3.20330
-0.18538 -3.47178
-0.10413 -3.17384
-0.22901 -3.42858
-0.36281 -3.68458
-0.26249 -3.13635
-0.24690 -3.26319
-0.32279 -3.45396
-0.25177 -3.63743
-0.18934 -3.55938
-0.36456 -3.69554
-0.10800 -3.20426
-0.10836 -3.33680
-0.15138 -3.52834
-0.10568 -3.30279
-0.19315 -3.37908
-0.38370 -3.62889
-0.29884 -3.54433
-0.20226 -3.19463
-0.23638 -3.26758
-0.27178 -3.59275
-0.36780 -3.81659
-0.20781 -3.68698
-0.16361 -3.74093
-0.31976 -3.33046
-0.14436 -3.15818
-0.16242 -3.71652
-0.36477 -3.70638
-0.19596 -3.18505
-0.27499 -3.47306
-0.24588 -3.86898
-0.18783 -3.22820
-0.28098 -3.65672
-0.17918 -3.41282
-0.39718 -3.86214
-0.23396 -3.38653
-0.37306 -3.60781
-0.25066 -3.47453
-0.21439 -3.74539
-0.20825 -3.83051
-0.14030 -3.10493
-0.14012 -3.85267
-0.31720 -3.56003
-0.15289 -3.21647
-0.31759 -3.50886
-0.19525 -3.18706
-0.29319 -3.86242


0.23771 2.30749
0.18006 2.13079
0.14860 2.89456
0.09560 2.43447
0.11673 1.93936
0.09137 2.17987
0.22577 2.41629
0.21859 2.03284
0.17854 2.52351
0.15051 2.44873
0.09994 2.59345
0.15536 1.96336
0.16282 2.03581
0.22313 2.20821
0.12967 2.68850
0.12875 2.92586
0.21715 2.98166
0.12332 2.20973
0.19351 2.15262
0.20210 2.94204
0.19551 2.83504
0.15640 2.18705
0.13777 2.34821
0.10489 1.87188
0.23605 1.92310
0.19070 2.44696
0.10158 2.61979
0.09736 2.26213
0.21501 1.80275
0.15520 2.83563
0.18008 2.11847
0.09901 1.81276
0.11091 2.39429
0.17280 2.23375
0.12110 1.91564
0.15369 2.24311
0.20239 1.86910
0.12288 2.15522
0.21134 2.28157
0.14627 2.96603
0.16153 1.83156
0.21572 2.09227
0.09346 2.50077
0.15128 2.73384
0.09761 2.16563
0.22246 2.06454
0.13003 1.93799
0.22273 2.28862
0.21904 2.80657
0.10451 2.01381
