5 50 30

0.00000 1.00000
0.00000 1.00000
0.00000 1.00000
0.00000 1.00000
0.00000 1.00000


-0.35555 -3.38828
-0.18911 -3.79155
-0.25941 -3.34186
-0.12070 -3.41894
-0.22866 -3.25831
-0.36746 -3.37663
-0.38490 -3.88090
-0.27062 -3.68269
-0.20764 -3.33195
-0.10932 -3.83107
-0.27658 -3.74539
-0.16959 -3.65153
-0.36305 -3.44664
-0.30813 -3.69485
-0.35261 -3.58685
-0.26138 -3.36932
-0.21782 -3.84254
-0.11350 -3.57211
-0.23491 -3.24339
-0.27860 -3.73716
-0.20538 -3.14166
-0.12119 -3.27893
-0.11506 -3.28078
-0.35579 -3.24115
-0.13838 -3.63165
-0.35396 -3.69271
-0.27366 -3.44785
-0.22453 -3.76844
-0.15803 -3.19169
-0.38452 -3.14380
-0.33020 -3.11970
-0.31734 -3.69284
-0.36887 -3.28521
-0.29045 -3.76124
-0.36887 -3.86905
-0.39352 -3.63876
-0.23194 -3.68607
-0.38332 -3.36262
-0.20752 -3.24253
-0.13256 -3.16394
-0.16221 -3.11581
-0.34067 -3.41474
-0.15378 -3.73346
-0.29533 -3.68424
-0.15393 -3.17630
-0.31120 -3.64157
-0.39890 -3.50070
-0.13660 -3.76617
-0.23293 -3.71273
-0.28429 -3.27871

-0.39744 -3.13667
-0.15927 -3.84669
-0.11417 -3.62366
-0.31084 -3.41258
-0.16486 -3.43808
-0.15161 -3.41722
-0.25480 -3.39071
-0.38245 -3.50262
-0.27007 -3.49301
-0.24501 -3.71135
-0.37842 -3.83112
-0.38664 -3.41830
-0.34833 -3.51513
-0.37304 -3.27287
-0.22668 -3.72997
-0.32768 -3.75930
-0.20148 -3.13779
-0.23899 -3.50929
-0.37602 -3.19079
-0.17751 -3.70639
-0.33786 -3.58231
-0.28493 -3.38557
-0.20868 -3.40691
-0.23213 -3.11974
-0.30492 -3.38905
-0.35582 -3.64149
-0.16100 -3.53064
-0.27125 -3.32360
-0.11753 -3.77182
-0.22385 -3.56561
-0.29860 -3.66056
-0.25121 -3.69911
-0.26177 -3.21275
-0.22569 -3.12758
-0.12081 -3.82999
-0.31060 -3.21609
-0.15179 -3.59629
-0.38315 -3.57663
-0.11686 -3.75997
-0.27931 -3.32842
-0.33151 -3.48750
-0.36000 -3.12084
-0.21075 -3.22203
-0.31430 -3.66090
-0.27543 -3.15200
-0.28058 -3.78131
-0.13758 -3.29931
-0.15757 -3.70746
-0.38020 -3.82882
-0.29519 -3.26364

-0.37424 -3.73079
-0.32494 -3.38447
-0.31216 -3.71635
-0.36219 -3.68957
-0.27770 -3.75914
-0.20093 -3.58190
-0.13021 -3.79331
-0.33522 -3.49415
-0.22446 -3.87075
-0.28197 -3.40973
-0.11133 -3.40530
-0.22396 -3.36015
-0.33451 -3.75977
-0.14161 -3.42526
-0.17109 -3.18887
-0.30369 -3.67752
-0.20728 -3.77557
-0.33110 -3.42691
-0.36938 -3.21312
-0.12095 -3.57801
-0.19385 -3.58281
-0.23116 -3.87608
-0.26638 -3.50367
-0.38233 -3.60669
-0.33042 -3.63257
-0.32447 -3.30311
-0.16225 -3.85537
-0.36227 -3.17711
-0.17543 -3.72530
-0.19325 -3.58795
-0.19477 -3.48996
-0.17506 -3.85964
-0.12264 -3.29655
-0.22647 -3.69254
-0.20770 -3.31663
-0.16765 -3.19096
-0.16230 -3.43568
-0.28491 -3.31064
-0.31786 -3.42756
-0.26591 -3.63577
-0.37200 -3.27118
-0.24936 -3.51527
-0.13959 -3.55111
-0.33894 -3.63446
-0.26619 -3.52137
-0.25848 -3.21220
-0.36334 -3.65565
-0.13492 -3.85140
-0.21442 -3.68602
-0.21895 -3.11170

-0.23710 -3.29820
-0.16644 -3.26529
-0.22961 -3.26409
-0.21328 -3.13603
-0.33986 -3.54886
-0.31875 -3.69830
-0.33597 -3.44066
-0.20473 -3.75566
-0.22951 -3.58929
-0.36230 -3.47928
-0.32525 -3.22407
-0.39995 -3.86065
-0.26796 -3.61675
-0.24527 -3.31851
-0.36791 -3.83573
-0.18514 -3.67689
-0.34866 -3.57074
-0.15749 -3.21240
-0.19661 -3.49255
-0.26544 -3.63417
-0.26035 -3.51659
-0.31644 -3.62299
-0.21146 -3.54390
-0.20773 -3.14973
-0.12721 -3.56799
-0.21135 -3.34576
-0.21667 -3.70694
-0.26370 -3.42552
-0.26848 -3.59059
-0.34882 -3.11319
-0.11823 -3.35780
-0.20877 -3.68696
-0.27285 -3.87796
-0.11008 -3.85780
-0.30656 -3.86480
-0.16006 -3.56229
-0.10261 -3.74202
-0.21871 -3.30352
-0.15679 -3.84041
-0.10524 -3.61560
-0.11288 -3.82824
-0.31719 -3.73106
-0.26006 -3.64948
-0.25398 -3.69150
-0.23150 -3.52805
-0.13628 -3.51993
-0.20825 -3.11355
-0.20866 -3.33719
-0.36979 -3.17258
-0.33442 -3.67149

-0.12086 -3.66643
-0.35555 -3.69546
-0.24799 -3.12188
-0.29704 -3.48538
-0.12725 -3.20224
-0.10916 -3.15986
-0.28984 -3.77158
-0.13166 -3.63776
-0.14654 -3.11946
-0.24561 -3.23629
-0.33685 -3.11694
-0.24757 -3.46818
-0.21129 -3.44164
-0.37189 -3.41093
-0.31036 -3.44566
-0.20008 -3.25716
-0.36015 -3.74770
-0.15702 -3.14788
-0.28400 -3.27360
-0.27633 -3.69793
-0.22194 -3.52059
-0.17104 -3.60627
-0.33288 -3.19058
-0.27475 -3.56576
-0.29758 -3.54855
-0.27923 -3.26268
-0.33576 -3.48084
-0.35860 -3.68467
-0.35154 -3.47152
-0.26945 -3.59418
-0.18850 -3.37199
-0.10333 -3.80113
-0.25949 -3.79423
-0.34449 -3.10767
-0.24046 -3.78065
-0.31268 -3.29959
-0.13178 -3.43804
-0.19420 -3.84717
-0.18592 -3.38680
-0.26708 -3.60962
-0.37417 -3.46192
-0.27475 -3.44854
-0.30507 -3.43715
-0.17305 -3.76387
-0.23574 -3.23480
-0.23435 -3.79535
-0.33703 -3.37117
-0.27008 -3.10387
-0.30081 -3.48363
-0.11333 -3.18218


0.22909 2.45260
0.10836 2.46339
0.15060 2.08012
0.13174 2.92464
0.23958 2.99461
0.15163 1.86169
0.20835 2.74886
0.21783 1.91955
0.15394 1.90254
0.20224 2.42822
0.13987 2.18868
0.13137 2.15022
0.13253 2.08656
0.14809 2.92422
0.11489 2.06943
0.22621 2.15157
0.21570 2.10385
0.21684 2.02829
0.17017 2.04035
0.20600 2.05533
0.11657 2.34035
0.21975 2.28094
0.16187 2.45409
0.12206 2.20384
0.23377 2.76230
0.21987 2.15202
0.19905 1.92523
0.22080 1.84784
0.20805 2.32093
0.22249 2.46188
0.09974 2.63323
0.21222 2.18050
0.22521 2.53616
0.18615 2.53035
0.18830 2.21377
0.09664 2.11097
0.12262 1.95944
0.13962 1.80338
0.19886 2.66524
0.23105 1.85105
0.14792 2.35624
0.14921 2.11543
0.13882 2.53820
0.18263 2.43570
0.10155 2.20311
0.17663 2.93803
0.11500 2.52780
0.15433 2.98590
0.20943 1.93446
0.14352 1.82174
