5 50 30

0.00000 1.00000
0.00000 1.00000
0.00000 1.00000
0.00000 1.00000
0.00000 1.00000


-0.29153 -3.73535
-0.11738 -3.85902
-0.24133 -3.61720
-0.10097 -3.26095
-0.27850 -3.30038
-0.15540 -3.70282
-0.35730 -3.60314
-0.35798 -3.82477
-0.15751 -3.81127
-0.18259 -3.53928
-0.21302 -3.57444
-0.34876 -3.32157
-0.38508 -3.37219
-0.13429 -3.13519
-0.33540 -3.52762
-0.39236 -3.29988
-0.39698 -3.86663
-0.26870 -3.45225
-0.23377 -3.41384
-0.32483 -3.35317
-0.33669 -3.33637
-0.33490 -3.35447
-0.23805 -3.24895
-0.30513 -3.73735
-0.20159 -3.16000
-0.28118 -3.83849
-0.21380 -3.68451
-0.39967 -3.71933
-0.20565 -3.21555
-0.31630 -3.21128
-0.12716 -3.87610
-0.26591 -3.65966
-0.19775 -3.64730
-0.14848 -3.72602
-0.15935 -3.29048
-0.19116 -3.76189
-0.14309 -3.19385
-0.30754 -3.26427
-0.15440 -3.78120
-0.25676 -3.59233
-0.20494 -3.52795
-0.14199 -3.10579
-0.14603 -3.29866
-0.21976 -3.22119
-0.12084 -3.82989
-0.30868 -3.61188
-0.35402 -3.63477
-0.27331 -3.28890
-0.32193 -3.40763
-0.23778 -3.80414

-0.13601 -3.21745
-0.28874 -3.09915
-0.39543 -3.82821
-0.33385 -3.66969
-0.20271 -3.33772
-0.27185 -3.67124
-0.15816 -3.17362
-0.18115 -3.76688
-0.30695 -3.32439
-0.18342 -3.69969
-0.38969 -3.72054
-0.11836 -3.24388
-0.15784 -3.30728
-0.31215 -3.34468
-0.11117 -3.42703
-0.32402 -3.66425
-0.36451 -3.25344
-0.27986 -3.39604
-0.11932 -3.32951
-0.36628 -3.21208
-0.34218 -3.50988
-0.37804 -3.85364
-0.39594 -3.50472
-0.18757 -3.66345
-0.37693 -3.61970
-0.39962 -3.66866
-0.33452 -3.14399
-0.15814 -3.11501
-0.17368 -3.49378
-0.14870 -3.61722
-0.31603 -3.52834
-0.34146 -3.44921
-0.31629 -3.27970
-0.39035 -3.28287
-0.18772 -3.46839
-0.26295 -3.55759
-0.34037 -3.76776
-0.14994 -3.21994
-0.26683 -3.52055
-0.30475 -3.25729
-0.18997 -3.73135
-0.15917 -3.71616
-0.32183 -3.65195
-0.37485 -3.10204
-0.24342 -3.64616
-0.20375 -3.23276
-0.36281 -3.65496
-0.35430 -3.57540
-0.14925 -3.26975
-0.30673 -3.48047

-0.29449 -3.87976
-0.17676 -3.39125
-0.14132 -3.85497
-0.31692 -3.79417
-0.20437 -3.80988
-0.11586 -3.85488
-0.24698 -3.20498
-0.39506 -3.30622
-0.31368 -3.59888
-0.28154 -3.82144
-0.19572 -3.68039
-0.21594 -3.47747
-0.32497 -3.22069
-0.24295 -3.35409
-0.19839 -3.80104
-0.26331 -3.71476
-0.21866 -3.79177
-0.16341 -3.70168
-0.25144 -3.59892
-0.25716 -3.36216
-0.23356 -3.26252
-0.13913 -3.14668
-0.24106 -3.78920
-0.39111 -3.54868
-0.20017 -3.29669
-0.27562 -3.32027
-0.33478 -3.11142
-0.19317 -3.24275
-0.29967 -3.33811
-0.31882 -3.14108
-0.26443 -3.50388
-0.10222 -3.34372
-0.10149 -3.62405
-0.38070 -3.28095
-0.19841 -3.73174
-0.13535 -3.28537
-0.24106 -3.50626
-0.19809 -3.20924
-0.36599 -3.68292
-0.21522 -3.26648
-0.13955 -3.68591
-0.20281 -3.10064
-0.29646 -3.87553
-0.30844 -3.48239
-0.31995 -3.82717
-0.22421 -3.10394
-0.21169 -3.82934
-0.37052 -3.32147
-0.36486 -3.38830
-0.11882 -3.10765

-0.29539 -3.43195
-0.33482 -3.54862
-0.21495 -3.64854
-0.12369 -3.55845
-0.25716 -3.13173
-0.34920 -3.26172
-0.14540 -3.58176
-0.15730 -3.57980
-0.32982 -3.37141
-0.32378 -3.39017
-0.25386 -3.60853
-0.17044 -3.28301
-0.26560 -3.61296
-0.28496 -3.27090
-0.33789 -3.50395
-0.34693 -3.38198
-0.12002 -3.31788
-0.36085 -3.61930
-0.10030 -3.18720
-0.16992 -3.61028
-0.32767 -3.66009
-0.22076 -3.64917
-0.12273 -3.33536
-0.30868 -3.59415
-0.34032 -3.12340
-0.16749 -3.78324
-0.25219 -3.60931
-0.22753 -3.20676
-0.30115 -3.83987
-0.14510 -3.39283
-0.11722 -3.28189
-0.17865 -3.56800
-0.26184 -3.63537
-0.23986 -3.38915
-0.34383 -3.23658
-0.25034 -3.63533
-0.16146 -3.64001
-0.10202 -3.74088
-0.26279 -3.78566
-0.20812 -3.33148
-0.39301 -3.47468
-0.15232 -3.14803
-0.17822 -3.35769
-0.20868 -3.66580
-0.32090 -3.38966
-0.26581 -3.55709
-0.16222 -3.71352
-0.11124 -3.53978
-0.23164 -3.48133
-0.28457 -3.41687

-0.29983 -3.82011
-0.27881 -3.27149
-0.25049 -3.35034
-0.29095 -3.72197
-0.29756 -3.66684
-0.14511 -3.22611
-0.19143 -3.45543
-0.29434 -3.29771
-0.24228 -3.17600
-0.19334 -3.21611
-0.29247 -3.58980
-0.25566 -3.73810
-0.30267 -3.38118
-0.13863 -3.11275
-0.10333 -3.75803
-0.35321 -3.26104
-0.18777 -3.36090
-0.17598 -3.28783
-0.26167 -3.39988
-0.39727 -3.58736
-0.10704 -3.51619
-0.16818 -3.77478
-0.17738 -3.85692
-0.24370 -3.70800
-0.17285 -3.54701
-0.37243 -3.44248
-0.32731 -3.39660
-0.20148 -3.71739
-0.32645 -3.84767
-0.19234 -3.25548
-0.14601 -3.36812
-0.39693 -3.46659
-0.22124 -3.49187
-0.18364 -3.28113
-0.38870 -3.80930
-0.32700 -3.34765
-0.16456 -3.50596
-0.37235 -3.27826
-0.30734 -3.26571
-0.20741 -3.51878
-0.22074 -3.80035
-0.25258 -3.56407
-0.39626 -3.60234
-0.39330 -3.65427
-0.11487 -3.41749
-0.16038 -3.14157
-0.22349 -3.64461
-0.33408 -3.51335
-0.39355 -3.82939
-0.30067 -3.39816


0.12613 2.72593
0.21263 1.94424
0.09272 2.38264
0.21786 1.87911
0.15920 2.42885
0.13199 2.35473
0.21171 2.77141
0.14637 1.87077
0.21957 2.29327
0.17064 2.59235
0.09406 2.20487
0.10166 1.88108
0.10721 1.90859
0.17423 2.71802
0.19071 1.88346
0.10080 2.16908
0.21147 1.95651
0.11335 2.50100
0.18223 2.87515
0.12866 2.44482
0.09648 2.18261
0.23955 1.94259
0.18535 2.17236
0.18621 2.57362
0.20097 2.21617
0.22767 2.77492
0.14790 1.95733
0.19190 2.83406
0.17416 1.82964
0.14583 2.86833
0.15020 2.82489
0.16357 2.60672
0.15818 2.02828
0.10579 2.57559
0.20533 2.41589
0.12036 2.79344
0.14698 1.89825
0.12496 2.77691
0.11142 2.84342
0.21230 1.86968
0.21660 2.79380
0.16710 2.36210
0.20877 1.97888
0.16612 2.08543
0.10828 2.35805
0.12121 2.09254
0.18175 2.80291
0.10139 2.77451
0.15483 2.12302
0.20894 2.37860
