5 50 20

0.00000 1.00000
0.00000 1.00000
0.00000 1.00000
0.00000 1.00000
0.00000 1.00000


-0.14593 -3.62386
-0.13305 -3.62887
-0.33605 -3.21162
-0.17592 -3.61447
-0.35310 -3.29393
-0.16012 -3.50895
-0.12592 -3.45112
-0.11683 -3.26945
-0.34854 -3.89015
-0.14752 -3.62466
-0.36398 -3.84383
-0.39849 -3.81977
-0.27296 -3.16076
-0.11963 -3.76882
-0.23466 -3.68393
-0.13568 -3.61020
-0.17437 -3.38882
-0.14477 -3.47566
-0.24761 -3.62614
-0.19639 -3.40754
-0.21649 -3.15980
-0.15502 -3.17192
-0.27099 -3.50767
-0.25384 -3.85940
-0.36595 -3.23956
-0.30002 -3.62438
-0.10777 -3.74858
-0.17664 -3.50636
-0.24517 -3.30396
-0.11596 -3.50199
-0.30907 -3.74317
-0.26055 -3.74322
-0.10306 -3.63222
-0.24951 -3.71685
-0.23097 -3.52885
-0.10711 -3.79288
-0.20712 -3.14438
-0.25932 -3.57597
-0.15957 -3.54287
-0.10947 -3.82605
-0.16062 -3.23137
-0.17570 -3.61134
-0.25532 -3.15520
-0.21630 -3.62258
-0.20586 -3.33756
-0.19796 -3.33366
-0.33791 -3.41937
-0.37578 -3.77218
-0.39015 -3.15084
-0.16611 -3.60853

-0.33387 -3.57757
-0.29131 -3.26622
-0.25754 -3.78704
-0.29923 -3.51852
-0.10988 -3.45450
-0.39253 -3.19418
-0.11971 -3.40364
-0.29155 -3.48962
-0.17954 -3.52215
-0.28091 -3.74646
-0.26448 -3.66503
-0.16215 -3.69825
-0.10048 -3.60527
-0.38133 -3.67383
-0.18794 -3.60571
-0.20387 -3.81085
-0.17370 -3.42627
-0.19175 -3.75857
-0.21675 -3.47866
-0.26411 -3.63742
-0.20336 -3.45808
-0.14520 -3.88537
-0.22912 -3.67607
-0.25342 -3.67651
-0.14679 -3.33658
-0.11673 -3.34665
-0.32518 -3.72964
-0.14810 -3.51002
-0.39151 -3.28983
-0.37814 -3.53582
-0.26901 -3.34766
-0.36227 -3.28554
-0.25784 -3.82344
-0.22905 -3.23392
-0.38339 -3.81943
-0.13018 -3.78637
-0.37037 -3.40859
-0.36618 -3.81931
-0.23471 -3.52110
-0.15647 -3.57400
-0.31329 -3.14177
-0.25524 -3.84837
-0.31836 -3.60736
-0.15895 -3.64590
-0.10339 -3.65379
-0.24866 -3.59125
-0.30642 -3.40563
-0.35317 -3.55177
-0.22371 -3.38318
-0.28991 -3.55085

-0.18376 -3.76677
-0.16805 -3.59897
-0.20159 -3.76569
-0.25169 -3.41185
-0.36413 -3.79288
-0.32725 -3.80251
-0.20719 -3.76164
-0.13724 -3.86838
-0.25873 -3.14305
-0.37002 -3.28667
-0.29429 -3.29073
-0.20122 -3.23850
-0.11588 -3.62047
-0.39502 -3.56747
-0.16338 -3.40424
-0.36524 -3.17741
-0.36166 -3.35744
-0.13013 -3.48171
-0.24878 -3.55894
-0.28944 -3.60905
-0.12103 -3.65083
-0.20438 -3.14987
-0.12246 -3.59482
-0.35382 -3.61953
-0.11793 -3.39681
-0.28062 -3.82545
-0.16990 -3.77739
-0.11686 -3.50959
-0.39607 -3.55148
-0.34819 -3.39514
-0.12996 -3.56563
-0.29111 -3.39411
-0.20653 -3.49647
-0.31334 -3.61235
-0.18012 -3.65578
-0.33466 -3.88640
-0.30849 -3.52798
-0.33066 -3.52891
-0.11639 -3.82310
-0.36933 -3.14148
-0.29974 -3.35719
-0.35363 -3.49589
-0.14209 -3.88721
-0.10774 -3.88860
-0.32627 -3.66861
-0.29348 -3.21150
-0.13882 -3.16856
-0.26798 -3.56527
-0.38883 -3.65934
-0.39459 -3.79758

-0.22186 -3.83698
-0.16220 -3.39355
-0.11741 -3.36971
-0.29078 -3.74590
-0.27437 -3.71799
-0.23982 -3.76527
-0.25988 -3.50476
-0.34506 -3.81474
-0.18811 -3.44269
-0.17258 -3.32983
-0.17875 -3.78908
-0.34192 -3.18929
-0.31338 -3.23120
-0.17455 -3.45453
-0.17337 -3.78707
-0.10257 -3.23551
-0.25606 -3.32341
-0.23005 -3.23975
-0.37298 -3.81850
-0.25801 -3.24838
-0.22773 -3.50780
-0.15235 -3.23890
-0.28233 -3.50386
-0.16426 -3.65652
-0.35820 -3.54383
-0.36698 -3.68224
-0.25729 -3.29685
-0.36411 -3.22253
-0.27180 -3.21751
-0.35132 -3.16510
-0.12167 -3.79883
-0.38609 -3.74474
-0.11673 -3.32299
-0.15455 -3.83178
-0.16462 -3.89153
-0.35666 -3.42364
-0.13805 -3.20898
-0.21121 -3.88495
-0.30499 -3.88641
-0.34526 -3.31317
-0.35605 -3.20858
-0.39877 -3.80674
-0.34458 -3.74829
-0.28522 -3.48243
-0.37620 -3.74874
-0.33171 -3.71143
-0.30537 -3.49328
-0.20107 -3.79840
-0.24722 -3.37165
-0.29180 -3.47072

-0.27000 -3.44905
-0.24087 -3.63438
-0.13412 -3.72407
-0.23302 -3.42527
-0.35804 -3.51030
-0.19197 -3.16215
-0.22289 -3.15461
-0.11405 -3.24582
-0.31881 -3.88645
-0.19877 -3.50184
-0.34401 -3.53242
-0.13370 -3.43715
-0.38361 -3.80708
-0.34796 -3.69828
-0.29511 -3.79879
-0.31998 -3.80924
-0.27021 -3.70037
-0.18143 -3.41106
-0.32482 -3.75774
-0.11130 -3.80067
-0.38100 -3.71804
-0.10420 -3.20906
-0.21856 -3.16966
-0.37263 -3.16785
-0.29776 -3.82952
-0.35712 -3.30998
-0.17608 -3.61420
-0.24607 -3.14129
-0.19202 -3.86550
-0.29923 -3.56587
-0.38043 -3.88545
-0.21087 -3.80141
-0.21401 -3.40765
-0.11525 -3.21084
-0.13646 -3.53620
-0.13398 -3.32374
-0.33471 -3.78868
-0.12386 -3.17875
-0.12193 -3.25570
-0.24504 -3.33831
-0.22029 -3.20963
-0.16929 -3.20737
-0.22535 -3.88912
-0.17979 -3.53819
-0.35194 -3.52833
-0.15264 -3.79560
-0.26562 -3.21312
-0.33098 -3.64304
-0.33332 -3.25195
-0.10609 -3.26319


0.13952 1.47617
0.08893 1.29543
0.07874 1.82907
0.13909 1.59166
0.10132 1.55608
0.06813 1.30161
0.10143 1.41427
0.13638 1.69968
0.09377 1.94714
0.15889 1.74909
0.15935 1.29847
0.09834 1.88638
0.10730 1.48634
0.09121 1.57701
0.07796 1.41124
0.08614 1.75222
0.15564 1.26593
0.10414 1.83984
0.14261 1.69954
0.06251 1.26037
0.15568 1.77690
0.09522 1.34216
0.10231 1.79439
0.08506 1.95222
0.06163 1.33373
0.09488 1.72656
0.08738 1.25911
0.13844 1.30196
0.11146 1.95920
0.15285 1.99618
0.14948 1.61577
0.06936 1.48654
0.12502 1.62743
0.13075 1.87016
0.14712 1.39099
0.11412 1.58634
0.13378 1.92741
0.13774 1.50096
0.10400 1.25799
0.08098 1.85841
0.12697 1.93722
0.15870 1.87028
0.14788 1.45777
0.06731 1.27605
0.15763 1.21659
0.12713 1.86859
0.08240 1.50775
0.08973 1.74827
0.09419 1.72562
0.13525 1.88954
