5 50 20

0.00000 1.00000
0.00000 1.00000
0.00000 1.00000
0.00000 1.00000
0.00000 1.00000


-0.39518 -3.46279
-0.14427 -3.58741
-0.20727 -3.69308
-0.38720 -3.31655
-0.25173 -3.82227
-0.33421 -3.50474
-0.36464 -3.42043
-0.28593 -3.23757
-0.11806 -3.66809
-0.23002 -3.79835
-0.18381 -3.86487
-0.11475 -3.28614
-0.21833 -3.87448
-0.16378 -3.25163
-0.30343 -3.36140
-0.25305 -3.88791
-0.17920 -3.85154
-0.30181 -3.33006
-0.30940 -3.14952
-0.38552 -3.47752
-0.14481 -3.56333
-0.30218 -3.67494
-0.36066 -3.64103
-0.18626 -3.38950
-0.13566 -3.71153
-0.35552 -3.66752
-0.31509 -3.54965
-0.15921 -3.21859
-0.32114 -3.55209
-0.10226 -3.20741
-0.19505 -3.44521
-0.13364 -3.28689
-0.18182 -3.34435
-0.13517 -3.65054
-0.36405 -3.26640
-0.20714 -3.14270
-0.17674 -3.78007
-0.31152 -3.84180
-0.25270 -3.28664
-0.20615 -3.15046
-0.32900 -3.16667
-0.39750 -3.71304
-0.32578 -3.35997
-0.24329 -3.78606
-0.30633 -3.36472
-0.32698 -3.30417
-0.35933 -3.66859
-0.18594 -3.31799
-0.37051 -3.88924
-0.36472 -3.46891

-0.14130 -3.16976
-0.27996 -3.33564
-0.30172 -3.79202
-0.23509 -3.78444
-0.17252 -3.72581
-0.36197 -3.74288
-0.36479 -3.48644
-0.25434 -3.43096
-0.21587 -3.85656
-0.35974 -3.84710
-0.30876 -3.29438
-0.37360 -3.19074
-0.22559 -3.81379
-0.34399 -3.59379
-0.11186 -3.25365
-0.10295 -3.69059
-0.14085 -3.29012
-0.19392 -3.24508
-0.30121 -3.14110
-0.33316 -3.21038
-0.27197 -3.61878
-0.35039 -3.67523
-0.15895 -3.73573
-0.20662 -3.79050
-0.30968 -3.19653
-0.35747 -3.44768
-0.26172 -3.32155
-0.16854 -3.67166
-0.15584 -3.72983
-0.27756 -3.86015
-0.11083 -3.21824
-0.30219 -3.32868
-0.25302 -3.78524
-0.30384 -3.65086
-0.22609 -3.32592
-0.20803 -3.39676
-0.22362 -3.89144
-0.13651 -3.45911
-0.22470 -3.83799
-0.37572 -3.53936
-0.34522 -3.22508
-0.39561 -3.46543
-0.22484 -3.86573
-0.15302 -3.70167
-0.29147 -3.54125
-0.28800 -3.57145
-0.32184 -3.25173
-0.19536 -3.67067
-0.21797 -3.69160
-0.23171 -3.70783

-0.10613 -3.31099
-0.26752 -3.34459
-0.24463 -3.26414
-0.10844 -3.31825
-0.12644 -3.14827
-0.37916 -3.25613
-0.36082 -3.85706
-0.11905 -3.53105
-0.10783 -3.72160
-0.27651 -3.61467
-0.25140 -3.70245
-0.36161 -3.78510
-0.35995 -3.20014
-0.15291 -3.77036
-0.28514 -3.48729
-0.15152 -3.60817
-0.27461 -3.37790
-0.35453 -3.71781
-0.20640 -3.86419
-0.32229 -3.14938
-0.32039 -3.86682
-0.18061 -3.26336
-0.26255 -3.20829
-0.29248 -3.85182
-0.18947 -3.18696
-0.28496 -3.62194
-0.17048 -3.20075
-0.19674 -3.15686
-0.18505 -3.49044
-0.31272 -3.28486
-0.35277 -3.21629
-0.38038 -3.61308
-0.12106 -3.15607
-0.17050 -3.70741
-0.18908 -3.65521
-0.31604 -3.69773
-0.14740 -3.75997
-0.15551 -3.52741
-0.22009 -3.39633
-0.18969 -3.65593
-0.18407 -3.86133
-0.26006 -3.36215
-0.32114 -3.25917
-0.27832 -3.23169
-0.15389 -3.33092
-0.10146 -3.29234
-0.35829 -3.38171
-0.22055 -3.58157
-0.33471 -3.56373
-0.26350 -3.77379

-0.26102 -3.61826
-0.31873 -3.43441
-0.13229 -3.71948
-0.13650 -3.36924
-0.25046 -3.29121
-0.10459 -3.31719
-0.16245 -3.59702
-0.10893 -3.28379
-0.10709 -3.36578
-0.35134 -3.51423
-0.27459 -3.57890
-0.31131 -3.55999
-0.38205 -3.24921
-0.23354 -3.23288
-0.32825 -3.62610
-0.36639 -3.37533
-0.36279 -3.15265
-0.13271 -3.60879
-0.39322 -3.47623
-0.14266 -3.59402
-0.10936 -3.42809
-0.23594 -3.55135
-0.26933 -3.49500
-0.32384 -3.14603
-0.27679 -3.71556
-0.13204 -3.14783
-0.13273 -3.80024
-0.23378 -3.26173
-0.15422 -3.19049
-0.26374 -3.69585
-0.11814 -3.55119
-0.24242 -3.42691
-0.14341 -3.78766
-0.11835 -3.55916
-0.35483 -3.83250
-0.18445 -3.74050
-0.26444 -3.71276
-0.30371 -3.51264
-0.11081 -3.86538
-0.38013 -3.60589
-0.16149 -3.58918
-0.38453 -3.71405
-0.28101 -3.48771
-0.18465 -3.69996
-0.23151 -3.20523
-0.18580 -3.58083
-0.33746 -3.56921
-0.35888 -3.22431
-0.32943 -3.56844
-0.33345 -3.35746

-0.26604 -3.79558
-0.31140 -3.35962
-0.22078 -3.66422
-0.27431 -3.20106
-0.25837 -3.58026
-0.30383 -3.23050
-0.21098 -3.69685
-0.27994 -3.22089
-0.11104 -3.20828
-0.32975 -3.29631
-0.29802 -3.44661
-0.21065 -3.23522
-0.21481 -3.18071
-0.14592 -3.16348
-0.26082 -3.86997
-0.29087 -3.46275
-0.35500 -3.82039
-0.29475 -3.33071
-0.10700 -3.73842
-0.22777 -3.19752
-0.20341 -3.48444
-0.17575 -3.78530
-0.34015 -3.40857
-0.31993 -3.42468
-0.25427 -3.53205
-0.14193 -3.59120
-0.37948 -3.84922
-0.16172 -3.45046
-0.10775 -3.53550
-0.14674 -3.55715
-0.10528 -3.82473
-0.35911 -3.68806
-0.16137 -3.47406
-0.11410 -3.76289
-0.15551 -3.31827
-0.35056 -3.75711
-0.20081 -3.20436
-0.12580 -3.79995
-0.24494 -3.38992
-0.18784 -3.52427
-0.31963 -3.58364
-0.32586 -3.66019
-0.13765 -3.74668
-0.31522 -3.25267
-0.24082 -3.56284
-0.16876 -3.84028
-0.18639 -3.43778
-0.37559 -3.79924
-0.28266 -3.39088
-0.36135 -3.78010


0.08207 1.88254
0.11640 1.76757
0.11226 1.65306
0.13406 1.47867
0.08809 1.57339
0.14116 1.49928
0.06155 1.53518
0.15200 1.99751
0.08690 1.42027
0.09564 1.56033
0.12897 1.74460
0.06013 1.40933
0.09791 1.50007
0.15466 1.87518
0.15576 1.47681
0.12582 1.21430
0.15961 1.35537
0.07969 1.41122
0.09335 1.29131
0.07528 1.51890
0.09944 1.51416
0.11795 1.47382
0.11578 1.63539
0.13965 1.66271
0.15763 1.98243
0.13136 1.80841
0.15905 1.94858
0.08281 1.26206
0.08173 1.50162
0.10107 1.24680
0.10266 1.72590
0.13771 1.91679
0.07664 1.83077
0.06970 1.98725
0.07406 1.96021
0.06015 1.61288
0.12032 1.42020
0.09870 1.34859
0.06632 1.58841
0.15328 1.97206
0.14977 1.86573
0.07554 1.21015
0.07577 1.96034
0.11401 1.56476
0.14199 1.73058
0.08112 1.92008
0.15265 1.53227
0.14830 1.28823
0.13838 1.99913
0.12859 1.91834
