5 50 20

0.00000 1.00000
0.00000 1.00000
0.00000 1.00000
0.00000 1.00000
0.00000 1.00000


-0.28797 -3.60614
-0.24653 -3.27560
-0.10484 -3.72380
-0.11640 -3.87810
-0.26412 -3.41248
-0.27230 -3.18205
-0.13567 -3.35872
-0.32742 -3.29065
-0.10896 -3.25391
-0.25532 -3.83391
-0.18034 -3.52775
-0.19507 -3.36490
-0.17433 -3.76168
-0.10001 -3.15624
-0.21210 -3.27679
-0.15142 -3.72360
-0.28901 -3.62104
-0.10871 -3.45747
-0.25838 -3.22241
-0.34088 -3.85991
-0.17470 -3.31740
-0.10865 -3.49553
-0.31288 -3.53226
-0.32215 -3.62374
-0.24898 -3.21224
-0.17175 -3.64892
-0.24310 -3.70726
-0.22518 -3.66485
-0.38536 -3.31552
-0.20525 -3.53219
-0.33134 -3.76673
-0.19447 -3.58445
-0.18354 -3.28290
-0.36168 -3.43281
-0.33755 -3.81486
-0.21129 -3.27299
-0.33895 -3.80186
-0.33049 -3.39736
-0.23591 -3.64265
-0.27028 -3.25343
-0.12429 -3.63291
-0.28094 -3.86056
-0.24594 -3.55743
-0.26893 -3.43655
-0.25392 -3.48945
-0.34467 -3.16968
-0.10060 -3.75981
-0.25907 -3.62096
-0.20286 -3.19700
-0.35122 -3.59896

-0.19172 -3.41659
-0.28713 -3.68884
-0.32674 -3.31446
-0.28398 -3.47573
-0.29114 -3.61843
-0.31627 -3.48052
-0.37845 -3.73414
-0.13459 -3.70792
-0.12175 -3.51243
-0.38658 -3.88543
-0.32931 -3.72119
-0.15587 -3.54076
-0.18085 -3.64794
-0.16907 -3.58306
-0.14134 -3.46441
-0.15064 -3.30024
-0.15996 -3.52596
-0.16592 -3.72574
-0.35730 -3.48254
-0.34454 -3.21399
-0.28482 -3.69558
-0.12766 -3.69774
-0.21878 -3.68586
-0.11714 -3.76050
-0.32947 -3.84558
-0.25445 -3.21367
-0.28929 -3.56267
-0.24935 -3.57337
-0.10203 -3.57102
-0.11339 -3.42006
-0.38702 -3.16382
-0.13556 -3.87737
-0.24816 -3.26878
-0.12872 -3.62701
-0.33013 -3.21808
-0.17186 -3.43328
-0.35134 -3.25752
-0.13117 -3.26488
-0.11519 -3.71833
-0.13022 -3.35888
-0.21985 -3.43549
-0.30437 -3.74297
-0.15000 -3.70892
-0.25538 -3.73913
-0.25977 -3.46462
-0.37092 -3.61252
-0.11066 -3.56992
-0.32988 -3.25011
-0.14636 -3.54078
-0.38540 -3.88474

-0.13844 -3.22228
-0.37642 -3.47992
-0.32102 -3.40576
-0.16212 -3.59604
-0.10806 -3.68591
-0.29832 -3.82162
-0.25318 -3.60159
-0.36790 -3.17744
-0.13002 -3.80091
-0.24088 -3.53102
-0.25400 -3.68172
-0.39539 -3.76981
-0.39521 -3.28916
-0.30352 -3.85664
-0.33800 -3.40000
-0.30435 -3.81704
-0.28725 -3.86546
-0.25908 -3.67712
-0.30780 -3.25598
-0.28871 -3.14585
-0.23659 -3.58939
-0.19713 -3.14584
-0.35880 -3.39676
-0.20749 -3.17082
-0.30797 -3.27500
-0.14992 -3.54075
-0.29884 -3.51385
-0.37047 -3.86015
-0.20194 -3.36862
-0.31783 -3.70503
-0.25290 -3.55804
-0.19709 -3.44231
-0.35650 -3.34481
-0.23843 -3.43944
-0.28929 -3.17977
-0.25531 -3.60838
-0.36491 -3.85223
-0.20169 -3.86645
-0.11659 -3.32623
-0.14967 -3.26273
-0.16389 -3.45673
-0.17931 -3.36079
-0.29883 -3.35331
-0.33052 -3.21764
-0.35764 -3.67211
-0.37000 -3.30832
-0.21372 -3.37668
-0.34908 -3.85599
-0.31971 -3.27122
-0.34069 -3.71059

-0.34169 -3.28591
-0.19234 -3.74143
-0.16569 -3.47767
-0.38605 -3.85516
-0.12510 -3.20015
-0.12333 -3.71486
-0.15340 -3.20536
-0.34645 -3.72945
-0.18386 -3.46099
-0.16304 -3.51379
-0.36174 -3.43524
-0.30544 -3.88667
-0.22767 -3.38837
-0.22077 -3.21106
-0.15579 -3.64681
-0.28206 -3.78611
-0.38656 -3.34252
-0.37938 -3.72733
-0.19679 -3.36958
-0.32101 -3.89002
-0.24367 -3.55562
-0.14994 -3.78704
-0.39105 -3.17103
-0.30471 -3.70867
-0.34182 -3.88343
-0.17082 -3.50521
-0.30348 -3.14072
-0.13934 -3.33214
-0.26905 -3.14056
-0.26718 -3.16341
-0.18304 -3.16245
-0.21333 -3.31389
-0.37151 -3.20608
-0.22966 -3.71803
-0.13810 -3.79005
-0.20941 -3.80270
-0.12725 -3.33161
-0.20222 -3.25567
-0.11652 -3.15584
-0.39720 -3.49898
-0.35281 -3.53684
-0.12926 -3.61976
-0.22378 -3.59530
-0.12301 -3.72813
-0.15058 -3.59604
-0.21358 -3.22490
-0.28064 -3.18989
-0.30028 -3.85657
-0.39871 -3.88363
-0.33364 -3.75405

-0.21129 -3.71451
-0.11347 -3.40176
-0.13068 -3.59438
-0.14089 -3.54304
-0.28397 -3.54931
-0.30372 -3.71882
-0.26851 -3.26678
-0.15275 -3.70931
-0.19187 -3.69743
-0.25146 -3.17703
-0.22997 -3.43600
-0.24157 -3.25974
-0.18743 -3.82713
-0.33148 -3.56216
-0.28558 -3.39475
-0.36026 -3.54467
-0.15930 -3.69908
-0.28339 -3.77260
-0.20006 -3.22843
-0.31182 -3.76974
-0.17887 -3.52642
-0.18962 -3.31361
-0.38585 -3.30234
-0.33512 -3.73926
-0.12752 -3.60080
-0.38431 -3.61509
-0.20825 -3.24586
-0.15413 -3.20386
-0.12808 -3.62561
-0.27105 -3.64696
-0.17944 -3.31698
-0.20392 -3.41474
-0.28906 -3.60114
-0.17775 -3.88840
-0.28636 -3.73067
-0.14284 -3.47030
-0.12487 -3.55952
-0.32989 -3.64515
-0.27370 -3.45731
-0.12579 -3.66093
-0.19846 -3.46862
-0.14703 -3.57504
-0.27750 -3.55526
-0.39196 -3.30164
-0.20948 -3.40992
-0.15315 -3.68260
-0.11158 -3.76831
-0.18963 -3.14159
-0.14424 -3.81777
-0.19641 -3.14765


0.12240 1.34824
0.06171 1.81818
0.09887 1.76751
0.08021 1.86124
0.14846 1.32844
0.06525 1.66475
0.08140 1.86718
0.07795 1.49323
0.10078 1.68998
0.09652 1.31888
0.08480 1.48201
0.12073 1.57149
0.11551 1.46279
0.07767 1.42812
0.07142 1.53226
0.08047 1.31456
0.08160 1.93384
0.13761 1.82722
0.10922 1.27434
0.11632 1.64749
0.15802 1.98644
0.10172 1.52218
0.08631 1.32049
0.09076 1.60207
0.15237 1.51696
0.08384 1.32078
0.14307 1.51456
0.07655 1.36928
0.07155 1.88959
0.11881 1.29178
0.11259 1.71454
0.06847 1.25854
0.09626 1.79699
0.06281 1.68441
0.06403 1.90596
0.11225 1.49831
0.13370 1.49565
0.14869 1.89442
0.09038 1.32732
0.06232 1.99015
0.08213 1.30710
0.10513 1.53459
0.15708 1.30964
0.09103 1.21804
0.09455 1.77040
0.06167 1.93242
0.14000 1.31329
0.06277 1.76345
0.14711 1.37757
0.07495 1.31625
