10 100 60

0.06426216258591289 1
0.056408873842723084 1
0.2676368683048247 1
0.018371655312589663 1
0.28167021691781635 1
0.5752054258881201 1
0.36941612367069343 1
0.7436140154414783 1
0.4804355039109729 1
0.37203408520237036 1

-0.11520478552072089 -3.8658275137044322
-0.19169141274422283 -4.281827767167875
-0.39043729550704004 -4.098636674763976
-0.18064973343941532 -4.07123892525267
-0.377164152394617 -4.343697753325886
-0.19593907959852666 -4.365811461496691
-0.18433198782139415 -4.5660795388353606
-0.1575438256844915 -4.548505264093858
-0.33190204633788634 -4.330813008405132
-0.31739211513055393 -4.136564336860428
-0.28344929770113964 -4.406913359081498
-0.19182084096784796 -4.327584184062702
-0.11060793388919737 -4.406716941801061
-0.1905457098421893 -3.993068177768982
-0.13497164064517542 -3.9701041065713247
-0.27905703124510106 -4.4052141861190695
-0.24923743798071113 -4.082801455918959
-0.20410463714588953 -3.8453772710473517
-0.19045489777943791 -4.283534945496787
-0.3003842357300225 -3.9020554046201013
-0.10619962918985576 -4.202075486415853
-0.37652099150403534 -4.4281852241396
-0.34829465653335456 -4.327266885801186
-0.3423467423411636 -3.948857159986766
-0.2553153155942523 -4.22644220247307
-0.35679055952395333 -4.4497936109463145
-0.3640789237974109 -3.8708642053221376
-0.32542807141020946 -4.308560999614834
-0.32186435744933 -4.1872447530780486
-0.13746064243444905 -3.9763415358841203
-0.32166367097345405 -4.354126657560677
-0.27345643963212485 -4.534945215613474
-0.35118630785060245 -4.271473190933094
-0.14649170415209423 -4.013116699950627
-0.22260475374861563 -4.188366944596329
-0.12507031841015737 -4.216690863274011
-0.254999443585724 -3.956882780033841
-0.19516777560409462 -4.449195203731081
-0.15320235918675185 -4.393597438816043
-0.1576237031639272 -4.089291754067616
-0.3613274774276688 -3.9940236669123603
-0.24184461752520703 -4.227163773285815
-0.3804402641941687 -4.335059429701856
-0.18582829422568137 -4.025390220957785
-0.1684013718683288 -3.9292264782901563
-0.3900713907748758 -3.9995559324353485
-0.13916840938192548 -3.83529831833338
-0.3488036240005362 -4.225479870315579
-0.2729819816131232 -4.089670268798156
-0.29060477300034354 -4.236311832345358
-0.2903323550206749 -4.3960768481111785
-0.22241824987904826 -3.9005829569625763
-0.30947886322043694 -4.414485196805735
-0.2624516465316138 -3.9796014736524246
-0.14663484978923036 -4.087345463817659
-0.22333097882880498 -4.272623978332465
-0.28397069542201014 -4.189310641355525
-0.20382644791895585 -4.4457395334314995
-0.16113374634549069 -4.202197391507752
-0.10566580068051701 -4.261194587316106
-0.3962921362888325 -4.3666347522390385
-0.314924726052366 -4.032201554521893
-0.27273499181846755 -4.244698140557678
-0.29957604824179507 -4.4365542824531925
-0.3199552544752605 -4.13901930231439
-0.2020615383373725 -4.135973577926257
-0.23617104096954153 -3.9939519871345084
-0.11677030011876288 -4.431300989120691
-0.3506787043723577 -3.9840635552324857
-0.37113458056058723 -4.318511514008618
-0.10034799313294518 -4.039641125757035
-0.1359847067022879 -4.379539256413009
-0.17490156395932188 -3.928346102091086
-0.14647027047399352 -4.249979525981785
-0.2233010770579092 -4.231921144765274
-0.24201617838485978 -4.02459107115893
-0.1334243232214038 -4.0027032371816675
-0.3005442068327321 -3.846583078942302
-0.16094798579057565 -4.520122147550733
-0.18626903192585725 -4.547720427909947
-0.29292848125479204 -4.363897270343892
-0.3997891846941721 -3.882847119014857
-0.191000490104359 -4.0399434082185826
-0.3741525973319705 -4.182101779642676
-0.34914933518946223 -4.299681343433191
-0.1386584942251013 -3.914157542151732
-0.27913639206050955 -4.523242506291787
-0.2887050778300977 -4.011955509333688
-0.35826823685768316 -4.420786111312338
-0.273245369420807 -4.353761699450729
-0.2746553096908121 -4.000494275931983
-0.2661822869863352 -4.350798637018926
-0.27901281376698434 -4.298701049098849
-0.18924724033891216 -4.480178832077266
-0.2543850589396816 -3.935898878197206
-0.20549629880566905 -3.9066805384844323
-0.3995239786460895 -4.328238877577479
-0.2031420666818903 -3.898708558082128
-0.10220833427733156 -4.392171794785643
-0.3097588176860441 -4.458856130984383
-0.22224976909794542 -4.0734665073627685
-0.20938132726084263 -3.981378275360632
-0.1744668718224828 -3.9544082669663365
-0.23453037745231878 -3.900401104576706
-0.2385055186095436 -4.038548399042418
-0.13757064604954372 -4.058118371613214
-0.3591473117263048 -4.266383023917993
-0.3017175006669623 -3.974543929719728
-0.3565116679970385 -4.206605615325906
-0.21306683588695066 -3.9616834741579927
-0.3552438087704022 -4.524450345330227
-0.19708033001275438 -3.868206788986667
-0.3120060774939726 -4.345980759653007
-0.1285978799129493 -4.290402089053906
-0.3543094961842491 -4.5032308974212905
-0.2699551223566331 -4.513765486908771
-0.35912609183664557 -3.986814156617204
-0.17116096359525762 -4.294511430722354
-0.2542765448707875 -4.475026599003035
-0.18025215441078488 -4.087329307213947
-0.29789217190859185 -4.239088073433699
-0.1958021201918799 -3.908632811010472
-0.33587735417771947 -3.9104016732507754
-0.26483580128466655 -4.314836381035894
-0.2702004053916012 -4.395825653502085
-0.3984229326775477 -3.846288579391588
-0.11409637826297697 -4.03430188817389
-0.3919072256552085 -4.308331506728473
-0.3191931303078067 -3.883841333120305
-0.13522021072206536 -4.232246325832244
-0.30612929192980276 -4.170668667102327
-0.3446542862548711 -4.309240259621115
-0.1873885147477667 -4.2010955548080915
-0.34673147933594084 -3.85217032493027
-0.1488599688897937 -4.098116044035544
-0.3653621053228495 -4.1102334452603495
-0.28374337051671134 -3.9069917411394974
-0.16762246273907322 -4.497042688876503
-0.13158205896991337 -4.023328812788955
-0.17069092400104105 -4.023958818764138
-0.3192283754528976 -4.501115648894715
-0.1941444528341961 -3.945712001022378
-0.22320208813442874 -4.288125974732771
-0.30338138893015865 -4.205793604632022
-0.17104208326185988 -4.0780488770048
-0.1700913579090468 -4.4565989178349845
-0.283789844315251 -4.47622452219537
-0.18749514299841638 -3.982586186308688
-0.1636072716462326 -4.298651694201003
-0.10203752559314183 -4.566886388696918
-0.17456356716418858 -3.8554265794039235
-0.21162414956679768 -4.0997513487377395
-0.3784571208559971 -4.1091464131761954
-0.23498602813568092 -4.006804349645912
-0.38193741855369046 -4.564691385603682
-0.10968764569094136 -4.418719367106072
-0.2776072667502085 -4.38694572184736
-0.34661769249085495 -4.352199421166623
-0.28429679515406125 -4.438330544057724
-0.1892518445804195 -4.4302658025436035
-0.38405112604963143 -3.944899310468127
-0.2112349255226085 -4.500759605696361
-0.32444113354741827 -4.490830104203517
-0.3196774728378172 -4.12028990132228
-0.20667273920948967 -4.3592277722995485
-0.3600838467382318 -3.8616609885183117
-0.17892410276634035 -4.524220862997574
-0.34206145751314765 -4.245412215285149
-0.15733249684374087 -4.407376072973115
-0.19684174694723572 -4.2515026012665595
-0.13048993886987065 -4.1187019508015235
-0.20049565378293002 -4.290207022912118
-0.35867987121566597 -3.9524642256660285
-0.14024132184709298 -4.498479812577315
-0.3637173755590557 -4.024804298883641
-0.20808114282163248 -3.870289936126423
-0.18112905701500878 -4.519642218255158
-0.32945845196796897 -4.004905379039649
-0.30314801799016966 -4.52943905260433
-0.3968929661366104 -4.024288124269194
-0.20146257747460888 -3.862604772923252
-0.3486324197144419 -3.8502343039013596
-0.28850444923158897 -4.167755423839161
-0.24941441444022602 -4.053015443410784
-0.38690712266891675 -4.041722252568452
-0.10901456145598037 -4.282572578769641
-0.28044302291508205 -4.522911647244841
-0.26573473779483703 -4.509803554809251
-0.2677112894142135 -3.912076548254765
-0.18457208754580212 -3.9021609014133274
-0.26896754440067017 -3.978235185959286
-0.23462257202658998 -4.207081378812201
-0.13734568943584569 -3.9756099754586764
-0.16911284976675134 -4.021649055491977
-0.3963473483320909 -4.082821530698615
-0.3445670362450216 -4.187351299119686
-0.15503742243517485 -3.9788800370292576
-0.26809893150116504 -4.506468932372611
-0.3520045983526088 -4.048321943808919
-0.2590367538106767 -4.483988919810531
-0.21065659388873703 -3.9089708944914996
-0.3218130176291739 -4.368724236224564
-0.10161181869938019 -4.462771263963042
-0.18451963349099273 -4.331552236771284
-0.35249368720384383 -4.415381434109811
-0.2678963303631114 -3.8825571666591303
-0.13123063412779323 -4.020788709090505
-0.2137354816190091 -4.107791989572426
-0.2506592653847768 -4.200131243892173
-0.20316541994765216 -4.210862844209698
-0.1972785233856297 -4.48389937800671
-0.29435980530358374 -4.271681321357535
-0.2276594778326579 -3.8594354865428415
-0.19677044652302356 -4.114073303090512
-0.2472445661786773 -4.549890087757126
-0.24909435228589202 -4.078912650687541
-0.3420944467156188 -4.067445202724487
-0.16491064278892315 -4.436930173270594
-0.3035086683026065 -4.538850178007956
-0.20752986416065075 -4.369186061882141
-0.32828961387813205 -4.5239211290831225
-0.15657476694473055 -4.118796789252649
-0.3278382201855041 -4.414993412406074
-0.24289754907660308 -4.1636941731617245
-0.2900075417625301 -4.039695302145022
-0.39415645439959907 -4.1667726231047215
-0.34756945742854 -4.025644546405008
-0.31628353676592735 -4.1959828151325045
-0.29370125421727566 -3.9962500532667624
-0.3397521721190389 -4.169412283990996
-0.25224590457160534 -4.245096288266584
-0.3608056662249346 -3.944663522292159
-0.3927188911316456 -4.087734251416765
-0.29595845445645996 -4.307249299115655
-0.13867241865805335 -4.255118568846845
-0.3396591213440333 -3.930785981719814
-0.15491229613055485 -3.8472426819871366
-0.22181257920011402 -4.196619603771558
-0.14534976745000805 -4.3912791224045495
-0.19846385039033107 -4.066971242727762
-0.2518761474599648 -4.296504457213197
-0.13378738515607907 -4.055431707531684
-0.29883577473310247 -4.104316743572041
-0.38965589998564987 -4.209754082283032
-0.33198361262030673 -4.043135242425924
-0.28456054200333125 -4.068325188825599
-0.138819158190931 -4.157502106927769
-0.24609185684830814 -4.0143576878176725
-0.16953065482170487 -4.448480427013082
-0.14310507209947593 -4.181350573961016
-0.10365854607759084 -4.096889555175754
-0.2731721725242855 -4.394737628953258
-0.24665926324408746 -3.9504038759169413
-0.37006608212634856 -4.470676663448312
-0.3738364776158106 -4.0955884202987045
-0.27688421329137375 -4.199244137023713
-0.10375071913210054 -4.214320319577167
-0.1461825034903022 -4.373545022634823
-0.19602020069110618 -3.8632058909087688
-0.14414626270397457 -4.146050248319148
-0.3557480005269381 -4.3477816616699965
-0.37663125680979354 -4.395970323479715
-0.34422681328343774 -4.321228188736011
-0.38824812510761925 -4.0043114502816355
-0.2765903896218465 -4.470335071265152
-0.1575853179838517 -4.018245066035597
-0.12240039048580698 -4.577722070776557
-0.1578969612485089 -4.1192954948153835
-0.18967556463310786 -4.074517791737421
-0.13985224000043422 -3.8354879187271105
-0.2528479693916355 -4.500086076527659
-0.31434988432238486 -4.111651966636392
-0.39235227308225795 -4.030511195415729
-0.1658731135196268 -4.305815905439654
-0.10675511648606478 -3.8485705185364623
-0.3107717818232684 -4.2404057185483985
-0.24801861741582018 -4.207187744020594
-0.11413287096869129 -4.2717119499412854
-0.3680988301767408 -4.016047775666176
-0.14658723153149444 -4.411208638015862
-0.2747754842871495 -4.323668379954261
-0.26161627513975305 -4.180497077003661
-0.17343639170892805 -4.235768183459872
-0.24087899412243363 -4.1176916135720445
-0.34978828191496114 -4.377735112095538
-0.1720841468067208 -4.272856213259694
-0.11179316843676768 -4.208568946858351
-0.17395394578073478 -4.397097282194006
-0.30861855110552416 -4.464202076855588
-0.3594266139755044 -4.310702900113683
-0.34462292050504 -4.538629205163385
-0.22594424255978915 -4.073841151796593
-0.2717112395020552 -4.432207047677305
-0.18548110110015356 -4.465361306509533
-0.3478731307173674 -4.267409816943259
-0.16914260330435635 -4.086600648672265
-0.28840739126253406 -3.927490545911196
-0.24327335355753152 -4.425467358389276
-0.2850014196185659 -4.364476322133221
-0.3032255708055949 -4.106971904533258
-0.23085853221804017 -4.245034611320531
-0.18705868488245547 -3.8733686318616685
-0.3618526349054383 -4.563352959385379
-0.120209713910708 -4.300072868840498
-0.21416427817016706 -4.257810570373116
-0.3073529797081185 -4.484166733832068
-0.23495068559732776 -4.230325868782483
-0.24395830826907056 -3.9511101331018432
-0.381756622691884 -4.555888899749621
-0.24064016842543323 -4.144931449674483
-0.37489059153815574 -4.029229884330556
-0.3484804147245362 -4.417762000464812
-0.2140804830758635 -4.2238001300144425
-0.3144037773504441 -3.8352605538100693
-0.23830822048070494 -3.838942197398981
-0.3604469028455383 -4.307830309779219
-0.28271763708134234 -3.960251619853791
-0.16565291294215406 -3.885778239239227
-0.32271508633956203 -4.572844605613844
-0.39571678784896586 -3.8719727462538653
-0.2836932652912155 -4.5721051915990065
-0.21424696706221344 -4.01353955196307
-0.29562442134349387 -4.008534885521205
-0.28255393025038283 -4.427734247089056
-0.38877313779645256 -3.8856338850492684
-0.13269543704217535 -3.956479563884984
-0.31899577767330184 -4.513435377785049
-0.17292218706602067 -4.420473322646081
-0.21887630358496513 -4.44333018495512
-0.34306007412428097 -4.516701666916901
-0.3874923207188868 -3.9324361926802163
-0.3394039769699646 -4.256769474863981
-0.3880081410979941 -4.022154986824466
-0.31073274974694065 -3.891424808091699
-0.21265778239986047 -4.41289573692085
-0.2055872972154503 -3.946145868099029
-0.33745385697188424 -4.03021984512626
-0.3880333297915899 -4.234901857842425
-0.2740881559929923 -4.127721719014476
-0.20160563313528362 -4.305313257829854
-0.17880944447310435 -3.970077666524406
-0.36416338826425376 -3.869877394649585
-0.16476972508123572 -4.213804100199323
-0.1854234094256011 -4.473208311413607
-0.1893477232387571 -4.070940568631819
-0.32619476530881125 -3.8396794802951235
-0.14424549277143983 -4.503207950186156
-0.34392955944724246 -4.524180936710274
-0.33626457292313755 -3.8836731539321976
-0.30530308467721823 -4.48884522398112
-0.36219962291928 -4.468802075273975
-0.22053901786910332 -4.129042468452813
-0.12252563104414005 -4.282632326002647
-0.20840635706773966 -3.9521811085861396
-0.18079841830404028 -4.135737090645355
-0.2376764969320106 -4.0289495358210115
-0.17560548465211684 -4.431639333608815
-0.24268821475862803 -4.071898341462406
-0.1586690115402315 -4.024691993950573
-0.3366867921888678 -4.054998465459012
-0.2593806403163354 -4.289014814921672
-0.35712872770601767 -4.234110232038007
-0.29719312316876567 -4.494841657190485
-0.1673229967550884 -4.360046188603696
-0.37067524484187814 -4.385278274425909
-0.25908342266465534 -4.127642575768092
-0.3086838334142802 -4.255431267357539
-0.29805514619839013 -3.8843520799592355
-0.29583493313037107 -3.9546107199583127
-0.22736521132249227 -4.128246658287902
-0.37718628780251023 -4.231412985371685
-0.19377757491043016 -4.315239046506949
-0.21497262202775644 -4.098483345617882
-0.378271867439254 -4.399952336061277
-0.280369851393392 -4.494840491209408
-0.2308619227324811 -3.938450889586273
-0.1795852507465971 -4.0213794749811145
-0.1935256698608386 -4.494002017400055
-0.20928552071381445 -4.250780458133766
-0.3137133861368828 -4.246007793955403
-0.20833063881317002 -4.350187471198116
-0.12403203620751668 -4.290745585534893
-0.18168777316426443 -3.926172726317696
-0.2607502455456323 -4.060343361347303
-0.2637989615120456 -4.516498028010507
-0.24416134727417627 -4.38056647879572
-0.256249272327282 -3.843273854563482
-0.17933602876660146 -4.386897363093092
-0.2885971244690725 -4.292151207779144
-0.25265470383270383 -3.893382585064043
-0.3825816744212527 -4.069119244188917
-0.1553598644998138 -4.343290281484093
-0.3124244092033982 -4.291502669887026
-0.18081291966712215 -3.9071500661385317
-0.3842073273427457 -3.8437862748449025
-0.24571526515256567 -3.8356486347873004
-0.25435465394813506 -4.48092682788562
-0.27297954462428836 -4.3291220819972525
-0.3945572052906782 -3.8698556601958627
-0.22600273961787845 -4.404946602784753
-0.17746131042955152 -4.15195812092861
-0.3211710488742279 -4.530785542065928
-0.26694656711953463 -4.31405901253227
-0.10784684853991955 -3.866336155483479
-0.12090116869131468 -4.31943497993128
-0.22980067545970853 -4.3663801708178775
-0.23092278078876188 -3.8740411262990215
-0.36383334228886094 -4.207202090965728
-0.30764607993627185 -4.467382261823212
-0.14271489376304297 -4.143935737633247
-0.32365637247576096 -4.350385405264073
-0.32644308041044334 -3.8589027373985325
-0.12441444730784695 -3.914002842862808
-0.11308685284185566 -4.450060746340315
-0.3691316339515127 -4.00636282801195
-0.2991275041735563 -3.905914243529324
-0.3930026045186555 -3.955164290781892
-0.10930893588737323 -4.340424351984573
-0.18658484476660914 -4.009922709781738
-0.19589138061746142 -4.3043961814578555
-0.3564232586931169 -3.9755969412440955
-0.3434252709212505 -4.254046694914387
-0.30095907538786026 -4.263540424932999
-0.18390976258658595 -4.497036605198168
-0.15315069588567934 -4.5449175512468685
-0.20429926358553327 -4.036133765752326
-0.27304444458299365 -4.021026359615331
-0.35281184694086354 -4.443780844046616
-0.16375547010071181 -4.306566599153565
-0.24866423931154932 -4.398266878827722
-0.2347706083019883 -4.131578866454915
-0.25975007109335274 -3.9506030363515428
-0.3900846617760955 -4.022056404870009
-0.13678709419514573 -4.078619470976706
-0.10249563434696041 -4.538231588507557
-0.3044712228443688 -4.204662273542837
-0.14772940540560786 -4.35770621509335
-0.33874633886918937 -4.426269462626822
-0.3980528524632213 -4.291970214497968
-0.33505474919267364 -4.110096335763741
-0.1682512592437425 -4.219937770445439
-0.31110532095467003 -4.235620689676186
-0.35622928515773855 -4.485160191659724
-0.17829848436188478 -3.9513048901055123
-0.259136171871733 -3.9999440374671815
-0.20858951498611034 -3.991338848081883
-0.22472073060698441 -4.286247404870165
-0.14969668667348485 -4.39196374768352
-0.17394106641980955 -4.268454326010218
-0.15267061182671576 -4.430113606370931
-0.2970345015952973 -4.53318453451989
-0.39500594195579014 -3.8352691324982975
-0.14372200419111292 -4.0962258147505874
-0.3128395201097858 -4.279848090180228
-0.1910615153041441 -4.415210220933696
-0.33643947730469026 -4.321570909072048
-0.26883167598828295 -4.016440751518003
-0.35940337094385866 -4.352998756165347
-0.32465186193281126 -4.343265809233438
-0.2573057693325438 -4.546028909710481
-0.21954990094012342 -4.117469247720112
-0.2822953292924677 -3.9404969580929547
-0.39590605948480456 -4.306529696354145
-0.33926025638219987 -4.309024374880987
-0.29642917446546463 -4.057032174377641
-0.3259715686337708 -4.331909898177616
-0.3984960297107694 -4.257116638922882
-0.32387140315807805 -4.43736696121019
-0.27575718927168585 -4.521720399758032
-0.33019968241479636 -4.25590968109156
-0.1776309943568371 -4.436461791914758
-0.26324546489903305 -4.190390660698497
-0.13644080639408573 -3.889565356524297
-0.2907798560369996 -4.516084782524991
-0.21795252409572527 -4.255539431234203
-0.14360160167147157 -4.342926831297772
-0.18592089829245081 -4.029312344303652
-0.21397076145487912 -3.986013063178622
-0.2259043472080461 -4.176489761332806
-0.28086371792953363 -4.136937571515882
-0.2580011645314776 -4.441525664223266
-0.11487317013383164 -4.50361439719949
-0.1288723751094189 -4.381402378877179
-0.18048493454740222 -4.452882718070517
-0.11991985454983906 -4.343644835189114
-0.34834877231187744 -4.488060088042285
-0.26440222724847695 -3.8970048997750424
-0.17521076014723486 -4.35735260067408
-0.13031278070654528 -4.55404125954199
-0.24380272677975587 -4.160497722346647
-0.38019770331857894 -4.535061354410188
-0.36160168575783336 -4.266227939364327
-0.266204304589238 -4.289561187270066
-0.29349599514209973 -3.9114189251504135
-0.21117862506102253 -4.420192530326213
-0.29593711246032556 -3.995829502115611
-0.22858325674022065 -4.136091965184148
-0.2417428087855274 -4.158069040514197
-0.33143064489622986 -3.953419757705685
-0.19191530157185738 -3.9609477921984806
-0.3752083870194131 -4.55402903980066
-0.2183672649326224 -4.096924680815716
-0.22251580588662154 -4.49198512813984
-0.11657624625863322 -4.208186536720597
-0.17328816617864617 -4.099186512808448
-0.23771675467915473 -4.441117418035978
-0.2660682430435375 -4.395136405978136
-0.34408939935721633 -4.446265857283491
-0.20707198115503814 -4.02212532194889
-0.22897226642593263 -4.22714911188654
-0.2425640775956141 -3.8689833845859467
-0.20214815912675657 -4.210000070560845
-0.16739515501934876 -4.448416185656514
-0.25178355323251117 -4.070180443687409
-0.26448019384909294 -4.040242101130583
-0.3058918223564454 -4.02752161982697
-0.13515397167099807 -4.551627900545789
-0.21562380992034033 -4.460503478646524
-0.2247483028124955 -4.5449883553913475
-0.24525696768940583 -4.496549737151313
-0.2612855142019522 -4.454937928528039
-0.2550274917395406 -4.1149700609141595
-0.318897409618076 -4.04498354264284
-0.1751456409052522 -4.2926760089669385
-0.27312984258315354 -3.843824942126624
-0.3336370172336465 -4.026439229239608
-0.23086090350184477 -4.265233410879081
-0.1150766701064262 -3.8545327391479045
-0.1318991647822303 -4.4304425609212
-0.2934920548363349 -4.532746572229716
-0.1373484131917203 -4.216595799386197
-0.33616552769137276 -4.405385888978539
-0.37244047717018036 -4.352340283433678
-0.2454368590923528 -4.0224558654854095
-0.14629455871960617 -4.5250371594172405
-0.3806193669122285 -4.083548354275383
-0.21050399821445226 -4.388507914234662
-0.2707832264578329 -4.041691649903034
-0.3304482920953817 -4.272788070632554
-0.1066185841163268 -4.416749832379552
-0.3263956046969331 -3.8614609090366954
-0.19771544412942485 -3.971852605811735
-0.27827056298030745 -4.3988942169158
-0.1028156659707209 -4.18982683245446
-0.271016132117205 -4.560566385926787
-0.2142699145198362 -4.0411564274865865
-0.3265708381270987 -4.191403727625463
-0.3409920211237488 -4.297547638108959
-0.3356531357829039 -4.373288439592559
-0.1098404180020211 -4.099371904657241
-0.26286690729776524 -4.176145657281557
-0.3723675545118145 -4.153953321896706
-0.3509185235332837 -3.837518496805219
-0.12924867522141265 -4.481749688465135
-0.10019506963763075 -3.9424489548269817
-0.3638560431859487 -3.942295187810632
-0.33139558189490914 -3.862654189175128
-0.37437037242397403 -4.007315525242119
-0.3990990598308097 -4.569838701106976
-0.27313003180388395 -3.9213502379699023
-0.31328136766986475 -4.449881476656822
-0.11768861743763104 -4.128878763460325
-0.1543520585134289 -4.390645958782329
-0.2521615984459045 -4.471170726991177
-0.13716831701523086 -3.8938862188028236
-0.2987500226633193 -4.042453127846651
-0.2327002742469282 -4.4622481449128175
-0.2982810023780612 -4.4089889649614795
-0.36790507895488667 -3.866100172500891
-0.26254279697904515 -4.079093168509918
-0.2962697818620063 -4.174012819634648
-0.1733982922151906 -4.524660489080897
-0.12552323260286108 -3.9346517022235616
-0.11042992465483542 -4.072822260582884
-0.3911543804114798 -4.220321340773912
-0.1037339963362564 -3.9974182655810315
-0.126834079940792 -4.015704394490287
-0.27138916790558065 -3.9934527551420587
-0.3985431743607406 -4.444181580783887
-0.33922000036546723 -4.497813879032036
-0.16193775563199322 -4.567951275364924
-0.29167175237178566 -3.9120261432125307
-0.21161493666122463 -4.079342676604463
-0.25229797699890655 -4.401749567032274
-0.1984828978932148 -4.412666894430754
-0.17988230936695734 -4.152564950642033
-0.3175721102958159 -3.9099062952459107
-0.11569726204396985 -4.141882589942739
-0.3167623125185415 -3.8522297767852782
-0.19021835680701316 -4.089013046792864
-0.3575389324830371 -4.336631098808428
-0.15390792157522223 -4.022774989954439
-0.22548124998282634 -4.2084372171445175
-0.24744566946701277 -4.037345746503422
-0.2656768548885744 -3.9196165959096376
-0.15466748593688517 -4.00186456137728
-0.2765193732478761 -4.061461696853899
-0.1211406866208527 -4.226931870787625
-0.11010677221459708 -4.515217996400912
-0.38721766765053933 -4.43992080979089
-0.29057906496359315 -4.0550817571287
-0.10931686454687606 -3.9602998123115096
-0.2453988415625167 -4.3926770242388855
-0.3326418346824632 -4.145845253009459
-0.395372142639393 -4.176508111258006
-0.14156762970761383 -4.2933764435242345
-0.24215989336941313 -4.5443735112797095
-0.2643175339988043 -4.291341508586021
-0.2853831463700565 -4.549965906990881
-0.34547390478551565 -3.9672807051063534
-0.1335325574851069 -4.362896885148903
-0.2192764398480272 -3.8801469393678714
-0.17244826388703566 -4.03534542227473
-0.3802653833178795 -4.467092683471163
-0.10112178619766893 -3.957048884586119
-0.16620973353369645 -4.161199302324846
-0.1994897033395645 -4.0675402874210365
-0.29978451354447755 -4.403284974480683
-0.32931237794303914 -4.057151399894578
-0.15344597662588988 -3.922595715295458
-0.12450798645662858 -4.056179876244052
-0.1499561147295937 -3.861778609840023
-0.28116566668524723 -4.31918499319281
-0.281313862354848 -4.197676353581487
-0.33045098323909605 -4.189927359062425
-0.12667353512603619 -3.9637757400391695
-0.2592897621753313 -4.342051007798687
-0.324027879078232 -3.931401838398867
-0.1706215521543876 -4.1024686564729
-0.1885424685860122 -4.1640162228612105
-0.30054895947845506 -3.904866906993979
-0.19125025386015027 -3.9539729412134417
-0.16974035843781254 -4.4699997489839705
-0.2793153270453 -4.163856253286158
-0.2847879525298306 -4.088963449695493
-0.20065725874264276 -4.031795411651578
-0.11824447133726945 -3.955714074578534
-0.38210256281087723 -3.9462650763516325
-0.37712554628859835 -4.457639572921905
-0.22324604170182777 -4.264323329877503
-0.10767416982936573 -4.19414566556095
-0.2966909246929894 -4.334283365324349
-0.31627633671164634 -4.506693834603643
-0.12687521928605405 -3.8876107834283267
-0.17756515393319286 -4.012055741601031
-0.1507815614196014 -4.316883183756817
-0.2272373383964026 -4.285483365785467
-0.23514604694367724 -4.129356199537332
-0.18420190610725468 -4.369208633459723
-0.32666702061389297 -4.186646042116831
-0.3344969017261295 -4.060994892373577
-0.22697381526665217 -4.192867616066306
-0.16982372970624085 -4.052968133605951
-0.2252047133955569 -3.912742947192571
-0.2830866258089481 -3.8460480079086947
-0.1801150573681739 -4.238479027419157
-0.39736097150708405 -4.250637927182974
-0.10240282584310945 -4.526371336898948
-0.20221196148526654 -4.013972295471321
-0.23070125715619402 -4.056429404480708
-0.34376803387174715 -4.107393304363082
-0.13515432104264374 -4.548813839180117
-0.1777991636630975 -4.575580432359528
-0.21421546232838784 -3.9235501232922845
-0.1416298753720993 -4.075692539319385
-0.17016251965649992 -4.538646403361281
-0.22808980341410093 -4.358050337946812
-0.23638712579894072 -4.4662860688582535
-0.33492450446422556 -4.344096991574086
-0.14968091350889795 -3.9193815493164057
-0.2497815385021373 -4.507755684372092
-0.12571049038590654 -4.364766053595687
-0.39033072112290856 -4.06187452797129
-0.1548467784574363 -3.955728205060237
-0.1280825651173429 -4.495384335715378
-0.25265487554931165 -3.879832337901308
-0.18677008259093694 -4.379318570560953
-0.18314320462570302 -4.348367814975351
-0.12686044238615868 -4.2341599574935636
-0.33835010891552647 -3.915557784420822
-0.33424768793200016 -4.323189207680858
-0.37119326746551684 -3.94565407906208
-0.3881895970289659 -4.27910989651879
-0.3995829654678768 -4.415483276114864
-0.22361709090606777 -4.552967832299136
-0.22834810956424445 -4.263187811128504
-0.21859456802966679 -4.000727766636336
-0.3552831889779605 -4.173358330033412
-0.12927342186877633 -4.289166064375792
-0.11325518974389093 -4.09377638721656
-0.11180035758573797 -4.209970504698088
-0.15065946136669803 -4.559167832803659
-0.1846999918428191 -3.9327382026196736
-0.2595446691855756 -4.526201232922026
-0.17575549686627606 -3.956756931714245
-0.2923284293871832 -4.301801918219169
-0.35907781987100434 -4.461989234583194
-0.20576712564370186 -4.418490271025864
-0.3119611672408096 -4.37586980586458
-0.2067036011357654 -3.950031118772249
-0.12257131718108072 -4.574013807486664
-0.11034153972978705 -4.277136256752005
-0.14561450061861814 -4.038197201900683
-0.38918235511525057 -4.18944886529043
-0.39220640117331257 -4.046648898062307
-0.1276641227242702 -4.433134673677139
-0.39983200064191476 -4.487661710651604
-0.2783858413924053 -4.396364205597122
-0.3725848075368028 -4.4460281334569585
-0.3748983126956685 -3.8436058398289656
-0.3433056519585457 -3.989807222670345
-0.2980224524293545 -4.378095384365979
-0.322856146217835 -4.148905757100586
-0.32501728040899314 -4.144981252523272
-0.15012837436774865 -3.931616933398979
-0.2543388278222509 -4.574609713099225
-0.10274026831166927 -4.2274074040707355
-0.3121964979177573 -4.48355024514042
-0.39201312584575343 -4.154012801760112
-0.10034327512065061 -4.436406306060707
-0.3478848423200425 -4.498621370967879
-0.2834275211829468 -4.267441283599149
-0.31469152390421806 -3.992651635766554
-0.2379044032465435 -4.4940002204775436
-0.3572863258246114 -3.8478990605938215
-0.26099257344209614 -3.9990987427934166
-0.39270375738199403 -3.9300464411333316
-0.18593501487151257 -4.232868356666775
-0.3880417722711892 -4.466127182236825
-0.156447912512663 -3.9254209068271897
-0.16131045803658695 -3.863848780436774
-0.35878054976022455 -4.0341876593916055
-0.35657480018583376 -4.201270116449759
-0.354595004330346 -4.090457514361357
-0.11706252648745491 -4.036823470630602
-0.3631220402830271 -4.1239337855347555
-0.1358383786607104 -4.052367204553987
-0.19654249916124167 -4.152631676058014
-0.19690377005469586 -4.49686450909306
-0.29817774398816377 -4.068529316550633
-0.20678068705270294 -3.978065157762681
-0.334217337429804 -3.9447654797084937
-0.34799306215969944 -4.356938649786929
-0.3702958125026633 -4.265263975766139
-0.3141481475875083 -3.8372305308651224
-0.2791628553450873 -3.8634691498225666
-0.39230609342851525 -3.887715915096289
-0.20393849047020499 -4.060846415961722
-0.3544375939835953 -4.467548318254932
-0.15743489120552706 -4.049267694823639
-0.3219379900807171 -3.9978653100532
-0.32429923836897667 -4.457067422995743
-0.23103473809130665 -4.265720998892143
-0.370113319000007 -4.1985980017259195
-0.3433172508900041 -4.059942348668563
-0.33156155788951924 -4.377822175030393
-0.290187203888674 -4.2393914301269895
-0.28206085869307274 -4.235720018557993
-0.15721543901125978 -4.475358597799408
-0.2980580273582399 -4.329409905700636
-0.23612086623965098 -4.42633421592248
-0.342496520332354 -4.026229348564533
-0.22564821353598688 -4.227051822191332
-0.331272303021004 -4.331069957132693
-0.2004077819767528 -4.258356471789329
-0.32602742383233724 -4.558376601580001
-0.39701823131734537 -4.541101765140921
-0.23447063513046446 -3.8676618066921846
-0.292406687546899 -4.363819926468746
-0.33052683605431354 -3.9640530498218096
-0.29466733555944363 -4.092239043375546
-0.1721676732023044 -3.8619085934684385
-0.3808239048900375 -4.3986758575170795
-0.23206075470659282 -4.578840765654304
-0.2846864265460418 -3.9699781820435867
-0.24291662389027574 -4.126374583318342
-0.1273265889317824 -4.389434337306192
-0.3188258979801952 -4.08125283604953
-0.1217191601426173 -4.453253857138448
-0.319840511522669 -4.45040944807178
-0.2713465535683262 -4.322236289934472
-0.2711800002358796 -4.38365498205432
-0.2869626788614709 -4.302309117137276
-0.24708537596050997 -4.23746465851984
-0.3240936507223972 -4.49304865616514
-0.36342788839156503 -4.318239630758583
-0.14525255464661252 -4.546674920644999
-0.17699282372140526 -4.121126082008933
-0.1133554789596275 -4.421575919960892
-0.12451932806418525 -4.06129866360983
-0.1896357781891271 -4.034745019237226
-0.1292806232577921 -4.10491908887739
-0.16979346053242866 -3.894029520319005
-0.1263719392640501 -3.839575258389129
-0.3791026663484421 -4.053707904818422
-0.23424741599456575 -4.438709914149538
-0.25734975636093305 -4.572373321542957
-0.35296745658113826 -3.9383999313024285
-0.20949954935596538 -4.003623748728059
-0.34427790313515594 -4.161495775743173
-0.36456025350756877 -4.039007309009859
-0.23610778495548645 -4.168729982540304
-0.18520412348763365 -4.268370846166701
-0.2863467665472821 -4.071205012381428
-0.28692107596225586 -3.9694636638810037
-0.3014238968326986 -4.236353806679362
-0.27236774140920517 -3.902767771248537
-0.3773095826904869 -4.137704057330065
-0.3418799209345785 -4.1790413657168175
-0.2586250299640255 -4.082713783124328
-0.11828680226280175 -3.865747675488316
-0.2239807535136079 -4.249628742927929
-0.1360383778670482 -4.387469485889326
-0.2876625827533518 -4.042108845627277
-0.22036226783172308 -3.9487709212175943
-0.11145052660879412 -4.1371861971951125
-0.35835350371685254 -4.574743552501113
-0.1947474733544696 -3.9837185123321315
-0.20585192984786596 -3.9382696743581165
-0.1931258834026105 -4.105885125883566
-0.12529811602480928 -4.488703321092931
-0.3714530790744229 -4.1799152106669695
-0.16509238402756482 -4.403353798500079
-0.1561709219666288 -4.40493396087863
-0.19298582331300354 -4.047670951093923
-0.31830660907866914 -4.101734751704813
-0.1753550392488647 -4.551177426065531
-0.2639382739670556 -4.394806586803461
-0.31985101025620016 -4.306325519569445
-0.1986844653296639 -4.055024640246501
-0.26755820256048163 -3.8887956211117567
-0.27216563200802957 -4.57236840424903
-0.3377149779763799 -4.48527587519518
-0.2002484908970644 -4.255100373773709
-0.37488107134088594 -4.395979061807494
-0.1839844511706479 -4.17252825520041
-0.20384886341100547 -4.423412109639066
-0.3240846943133888 -3.9452269177449795
-0.25368165302731716 -4.578543259370215
-0.13404819061337814 -4.191155651361858
-0.3887957247478271 -4.488746115316629
-0.10741300297338396 -4.1255194661291315
-0.26423019488417376 -4.180906024604007
-0.3598698122059988 -3.905454696468548
-0.30413331609216054 -4.350649122834434
-0.12518533936079762 -4.148846418557208
-0.14046101171394537 -4.024919386988113
-0.3897776785267654 -4.548354126507004
-0.17846746968798236 -4.0373569335960395
-0.20387091103062951 -4.280600461893487
-0.3951260760528843 -4.17352471985602
-0.2897522466662883 -4.202816902316162
-0.34650263055617087 -4.553846439725888
-0.13097371381557155 -3.908330122694245
-0.14629713075240675 -4.461358676462334
-0.16567049337520007 -4.044461584893999
-0.16341285438534056 -4.571975665739414
-0.27162554878044476 -4.432888487939114
-0.31994616732998865 -3.9666016628187526
-0.22773597991497288 -3.8459345576787785
-0.13461056970879065 -4.1533634461591245
-0.26542484416603584 -4.211017823091252
-0.14703479498326677 -4.3275599462022845
-0.32582819980754396 -4.534027381456942
-0.13784802544572777 -4.2242166761473365
-0.24075722496045493 -4.082791081866013
-0.32729805790785266 -4.214195027388717
-0.28214423222496926 -4.2454789951201795
-0.1286754390201405 -4.4170114041786945
-0.240151623318058 -4.238513593321534
-0.2250660178139576 -4.5710535340903755
-0.16856610083694923 -4.181317950704562
-0.3186974195825405 -4.40056802589672
-0.2101975164251288 -3.9202376823515004
-0.1945242934456151 -4.49906694112671
-0.24548576739151404 -4.412548594712978
-0.19125200665880215 -4.289132523087352
-0.3834953874366285 -4.452663270908668
-0.23341778972139984 -3.8830581504432677
-0.15668310178487688 -4.08792820381507
-0.25005052237205583 -4.466740377417403
-0.14053062134924282 -3.858208694868474
-0.37981983292849847 -3.9126667030733184
-0.17193372667022166 -4.36885309745138
-0.26094456384396136 -4.327383236764436
-0.30134508770608287 -4.027691078139266
-0.3228601965252551 -4.570960300648247
-0.3572699181238165 -4.567690133898214
-0.34184303289188517 -4.487639970587258
-0.1945582354051874 -4.165572224047074
-0.20206134806235435 -4.492191675615637
-0.2559407974715712 -4.142231128011204
-0.34745334383059934 -3.9357079603763285
-0.32453507596809716 -4.533194609751125
-0.27111640180021757 -4.042161812318501
-0.2990183410793226 -4.301455583198574
-0.1951695503321297 -4.401034803437063
-0.35987072494458405 -4.457888043194867
-0.33735584216165976 -3.9740534231056617
-0.20844943324458806 -4.4344052194154715
-0.3327808097161423 -3.8858105225493422
-0.2469309648993378 -4.1119263827061925
-0.3151856179640292 -4.297655154465936
-0.15194275497331983 -3.929838669680581
-0.12332504706801761 -4.541682371510089
-0.23966897171723914 -4.281114940331484
-0.17850051902444758 -3.9523367891295003
-0.3591412166980767 -4.010429845662917
-0.2509481873683441 -4.495540495790908
-0.3825298917443937 -4.253471616710164
-0.3302577197369534 -4.3105855208937
-0.34390004078406 -4.360336124397729
-0.2858850683028265 -4.368274758156272
-0.347480185479586 -4.1607278717175005
-0.23962867003616212 -4.581525833969778
-0.15886448254060626 -4.336544860878854
-0.21470963572659282 -4.413722018239413
-0.24654422684804872 -4.272272303929791
-0.3046214998059293 -3.9919254092745233
-0.35641578379991007 -4.56215480899975
-0.32457673653717944 -4.526753212239252
-0.37208691603113797 -3.860884614225968
-0.36335783611972444 -3.925420229198218
-0.33338178531760443 -3.940464558829305
-0.12555967282756636 -4.060579344332433
-0.20994065162780615 -3.9691075906248674
-0.23408168860922637 -4.186176355010421
-0.26122846172047043 -4.295557434689847
-0.3124176515151609 -4.063862732165956
-0.3107162516106456 -4.262011948188733
-0.18816777873910143 -4.012495861267707
-0.277139507672004 -4.287239350348378
-0.3653741031275326 -4.512886071361473
-0.10678038017912189 -4.511117996278947
-0.15040854842257276 -4.312261797827812
-0.24774347641628525 -3.844593365004224
-0.3125903545487831 -4.476427251461975
-0.11179346647977095 -4.536346322246746
-0.19491025880053567 -3.968081031200328
-0.2681485241461609 -4.147132563415758
-0.22521443885935324 -4.396048007933095
-0.3209568882576133 -4.513035427814692
-0.24724694027650213 -4.453685561380953
-0.31937994848440043 -4.554741341519931
-0.2985006278794932 -4.189316089891385
-0.3928781523759982 -4.20590110483081
-0.35046890142071113 -4.325568138606455
-0.1124034469173647 -4.13117799306166
-0.38019910076859786 -3.911650033867366
-0.18128678043792934 -3.9009994795580933
-0.19566359522192064 -4.409630354983026
-0.3874873356712901 -4.2399098469702174
-0.3102210490720282 -4.366670901192077
-0.369762702506263 -4.075293796811616
-0.12487979326222731 -3.9036784135150837
-0.17089236159308327 -3.8663463039320973
-0.3330781165990825 -3.9158802762904434
-0.3257196259010394 -4.392531610494966
-0.20931204829647224 -4.419622265564927
-0.34383022173922784 -4.091119850480538
-0.24580848828277752 -4.5152906244596025
-0.12451209577340144 -3.962722730909933
-0.17772244723585226 -4.272056769916371
-0.10775969002163577 -4.5757827202718495
-0.13985706848091867 -4.132806066085382
-0.3659709814613241 -4.2945496063816515
-0.12818685450309814 -3.9915526778541564
-0.1403696563418786 -4.514032878584187
-0.3716123613270613 -4.208128935186876
-0.33228132466661564 -3.865690528085883
-0.10155872573775504 -3.9102936330172846
-0.2520837984761962 -4.204620397362193
-0.1887795719521788 -4.435144179768154
-0.12242782979985573 -3.8640951518334035
-0.12609026197963652 -3.859332455354565
-0.20743609561029616 -4.042775896038318
-0.1184975641035862 -4.46728268794777
-0.15182175503687836 -3.9135143857499513
-0.32459217041848665 -4.462384672302136
-0.23308584731321688 -4.322555435222964
-0.3059839632137675 -4.26077909006149
-0.18777012219217307 -3.9200766302285137
-0.1510942531032977 -4.372654733845883
-0.17003446448850879 -4.2488405842414325
-0.3566537665212302 -4.191116714311596
-0.1930741845582541 -3.842985794587828
-0.2447346692012234 -4.168989363084454
-0.2574761323017463 -3.889629845335344
-0.3662060048308863 -4.318718422917599
-0.18903751037997427 -3.9640757478056727
-0.2903948792453872 -3.9395488929785625
-0.22359263137627355 -4.499552210084237
-0.36579404439761376 -3.9953866036323804
-0.2568892501923944 -4.1491712138473185
-0.19699512476383663 -4.025570307822164
-0.23904658114455993 -4.57755491032174
-0.316100508809505 -4.248296767157695
-0.10402831097620974 -4.193781012410173
-0.3505526936181642 -4.009010984791616
-0.38468401387201784 -4.166017279619472

0.13021513962729087 1.6207600965881088
0.12397008975657206 1.6422903383898906
0.12301960299388807 1.997781170620054
0.1502443813386809 1.8258077995452313
0.09927378724760318 1.5426211289012979
0.06890018755722963 1.4748340723142266
0.08840051029490151 1.7055363223160351
0.1148183756718373 1.3002580379162147
0.07144663976048511 1.437870451453186
0.06207864653983045 1.651633363677497
0.08881466205092722 1.432585508594418
0.14033978552280993 1.9992248510934703
0.10279466778067572 1.8099271512913289
0.15951468904913535 1.5758748214306708
0.12218262696210287 1.8154174774133347
0.1297435181494821 1.281418453035703
0.1079768004046355 1.5365043083732957
0.10234369292495615 1.3119884990511077
0.09739524513685352 1.880456806356268
0.06491436703242176 1.7737849588237178
0.11149658512546329 1.9440549433008978
0.12689520458470005 1.3567848362632056
0.1271491308620126 1.3408947702430944
0.11358680461663043 1.6043769972810036
0.15862552308442568 1.33706772316896
0.14975818471197636 1.738982189141321
0.10918516186422762 1.7519337830971455
0.1529303823338019 1.6969858232849235
0.08645549961440842 1.6074668006999313
0.14119111113258032 1.2789974659395782
0.10984277948643664 1.7626648635181343
0.10456445739827544 1.4815420721874006
0.07321956113385067 1.6478785957995339
0.08862800864851562 1.4335604425839645
0.11372020483236092 1.4188134842300575
0.15482460444993928 1.9562223756465098
0.08725082809793537 1.7772254695080751
0.08706053146929402 1.2683068845390724
0.14196245480380676 1.2791775707263875
0.14255261344113457 1.5256268844123333
0.13041719312422262 1.5899986204104017
0.14969939283153721 1.8927170056893627
0.15870066433905777 1.952903580260402
0.08545802982545458 1.7055166583314303
0.07583047335372393 1.8448069152739754
0.09819395252753504 1.2874498857399022
0.10149612017283707 1.8909960968470036
0.14126025093143657 1.6017275975953849
0.14235430355230005 1.9189439662278958
0.13332859941772293 1.7740325958924827
0.15669699029169132 1.5257470732967289
0.11877636520095167 1.2066001423809272
0.1460172390679349 1.8164710742266204
0.08941559104836813 1.90874454076465
0.1430485321015254 1.8668035784952863
0.07204845919628924 1.41910321259203
0.13314177429957563 1.6671117890080984
0.1485743268512456 1.2746175287739123
0.12793607024938228 1.813588955813528
0.07774089216342986 1.3968661032455165
0.13173417936092469 1.742466386127428
0.11629665470670206 1.901745827452915
0.1281427165112491 1.9744811662114772
0.10025653541296 1.5991107828693623
0.08835940975712894 1.308023690122748
0.0958038183797808 1.401480117463248
0.10877734402510547 1.806274767338881
0.11147216869259882 1.6870538103322008
0.1270383316894672 1.7699263063419512
0.13648057226799826 1.3476288143172193
0.13894831860682827 1.3233424364251263
0.09972734375847475 1.3228498522486003
0.07582543309239168 1.9714081300100936
0.10052417443005807 1.61763673164201
0.10187414610895124 1.7622233673880594
0.15569893228460888 1.3545126337174491
0.07035439209906338 1.3417948738659453
0.14355879288464923 1.4732552303269872
0.06311105909602002 1.7242144819018979
0.06572284468950296 1.850451272870092
0.09778590101636433 1.932512139568283
0.13091196555943418 1.5669758801316953
0.06452369327074901 1.7144935324973676
0.128670224807561 1.7338571836067547
0.13145310781437247 1.8108977797430108
0.07664665088624673 1.4328937839923097
0.08407312996935125 1.98754304518515
0.10902445074713188 1.8511618687507934
0.08862080207918895 1.462132325325863
0.15343912431378848 1.9279938512564023
0.07980400690081448 1.5260452980584802
0.12895670438187645 1.6715297319859213
0.11923599765456058 1.5875124565956795
0.08980155960401622 1.5357133707802098
0.0898830531823608 1.458070207972246
0.11526586715212433 1.2500142401826975
0.08832377412520394 1.717429704987137
0.06800504134040761 1.8778780219751514
0.1357589962500272 1.4531145299705486
0.1055818600513812 1.3611696598831657
