10 100 60

0.2578001863043631 1
0.8474972792562325 1
0.7204399808667843 1
0.9970812969445016 1
0.6083909514017066 1
0.7882562133916445 1
0.45998548566390574 1
0.6534195187049942 1
0.8478496535589681 1
0.662955168958142 1

-0.1196693088518147 -4.2046363188320575
-0.16770552641970582 -4.353999851849057
-0.20200447395873183 -3.9831714193680403
-0.29096407285777126 -4.327371598096106
-0.34377608307323493 -4.075217985156281
-0.36341183658824133 -3.9224357331002877
-0.24794120028843142 -4.198638680386685
-0.13378073194553408 -3.9295037043003993
-0.18964672269862357 -4.038741693116722
-0.22339311979213713 -4.355403449512933
-0.23240421643553028 -3.8346116502291845
-0.37597871290533874 -4.390190374576097
-0.33616015175205904 -4.467539440816413
-0.14928833369929695 -4.241297919892785
-0.3280821394209468 -4.375701161650477
-0.1878090374331991 -3.904877236370864
-0.20048129554124008 -4.313002104865162
-0.15417826478821378 -3.8521845185921886
-0.39317714470262505 -4.422995012585562
-0.23024807114192478 -3.9321362077993287
-0.35235332376485057 -4.509134412518734
-0.3760867454922453 -3.9089383579587507
-0.3159954605248581 -4.147154523501903
-0.24527152761063278 -4.09424345444658
-0.3199629525537913 -4.359259392138947
-0.12466350666289616 -4.1588188288813015
-0.10849823402679165 -4.551622295387724
-0.30116957625000246 -4.289544410936092
-0.3628444525739844 -4.007313591905569
-0.15118799165234487 -4.4920787995330285
-0.15023336358775244 -4.1158824727264465
-0.3205150783551718 -4.1389337138443265
-0.38508160415854276 -3.838229730064894
-0.24552327386090714 -4.208389190678161
-0.39885520842968697 -4.368335544948894
-0.3481355400696931 -3.909480100756604
-0.1882753540509088 -4.14086151477755
-0.19847544758442506 -4.351287154792414
-0.34478058811840856 -3.896727263147753
-0.30326289632954084 -3.8503058841473674
-0.2708338051513146 -3.8572433897958724
-0.28123679473925695 -4.001409136595284
-0.21954671238348566 -3.8953808673545267
-0.15281569495710282 -4.425390731460379
-0.19673412189074468 -3.8678766564180496
-0.12855632760079116 -4.23399347378031
-0.1912397298874811 -4.568952412763832
-0.1134823397782318 -4.303205968472102
-0.14217801201024155 -4.267795934314172
-0.24195570945918388 -3.84699393091328
-0.3706246120816489 -4.48441016716598
-0.28760828440946595 -4.46844141624203
-0.360954115387367 -4.195859772224647
-0.22854674936212657 -4.070218280177144
-0.17079650364905274 -4.272304506630918
-0.3863848843256451 -4.1652559951019335
-0.2972736187420307 -4.5044405931060245
-0.2786693777291859 -4.509333489361319
-0.18960549312550395 -4.313532408028849
-0.1002951547702185 -4.003136348833753
-0.167311893294061 -4.034281634633864
-0.11386233908862564 -4.057338829587309
-0.12515883128925864 -3.8468141103845097
-0.10224461711328764 -4.194982218739441
-0.37994921548016847 -3.885343416690727
-0.32513081259309773 -4.132270422691686
-0.34972102540684297 -4.2093953308518275
-0.11821222323411845 -4.020770764353773
-0.3523653762066083 -4.568575427824052
-0.22561184007096366 -3.928088291195732
-0.30737745796401844 -4.570843174497466
-0.12782071321906963 -4.099758260644282
-0.12828996356805128 -3.912351751750765
-0.23346871951051323 -4.453228877640557
-0.2590545936297113 -4.009372666226958
-0.36944946246440513 -4.156020219314443
-0.21882092193501715 -3.997432841387343
-0.24332497939824427 -4.162799504079067
-0.15789470256702792 -4.220361048343361
-0.2778303506527504 -4.140432720260085
-0.29194713553572493 -4.12034364163337
-0.23663270715481421 -3.9462930717578972
-0.17510313133419572 -4.129496951896421
-0.3123932423653533 -4.271263280547364
-0.3904124955406091 -3.8615053865051694
-0.16258208225943757 -4.090870195076248
-0.2886865299784872 -4.204924421067565
-0.14493985476325688 -4.127069085714541
-0.14692988463412598 -4.517633746830051
-0.23922733998418777 -4.100272048024282
-0.2701641962293826 -4.136222976192719
-0.13947452327215187 -4.344169558501654
-0.15324063379840946 -4.090104311322317
-0.3937998544685836 -4.332226857841121
-0.36322750062979503 -4.006822678294488
-0.33459520317323016 -4.350687405883239
-0.1355177174273962 -4.109439059520951
-0.13511743249804187 -4.583263699023908
-0.39187002735451915 -4.5622856138303485
-0.3348430861142352 -4.4511341006627445
-0.2170881442339373 -4.014945511892412
-0.335660638444338 -4.074936865712371
-0.18267793099641286 -4.05289273671794
-0.11118515106167942 -4.448771115787861
-0.19109993307014744 -4.278781426669015
-0.3898594976509937 -4.507980959492969
-0.12438629537318119 -4.445067478502555
-0.13911730876749145 -4.483308486184088
-0.17785825691619467 -3.9431799087020356
-0.29737830309888524 -3.9197148134884836
-0.22923365433986276 -4.497263780672178
-0.11336084879341135 -4.455036004866981
-0.16705598503507368 -4.100491320341579
-0.17073118109239352 -3.8985004929132328
-0.2515475412122933 -4.503121982106373
-0.383945890006678 -4.329883442627104
-0.33712441123914066 -4.515488762061791
-0.24110743746616528 -4.113159614240312
-0.1418949833132092 -4.557376686728888
-0.38809932712897066 -4.066084707518184
-0.19487143423959888 -3.959802390572959
-0.3183114224493243 -3.948008925966654
-0.21773004680378344 -4.1674585251644345
-0.37689166553354353 -3.8560467654287818
-0.12558633790288826 -4.2814758754950475
-0.38872132093858974 -4.162908865687315
-0.34980629364986116 -4.555556749239262
-0.10727102583129894 -4.206467878604387
-0.19059582411836723 -4.381341653137998
-0.299611991669101 -4.0283437868211935
-0.19716122841428727 -4.033315082473593
-0.20184370232803323 -4.515490444491535
-0.25696745899402973 -4.38336786156264
-0.3339624621993893 -3.962584302185961
-0.38907470051076587 -4.187630488043785
-0.16328462435765825 -4.312723113357651
-0.3619141382789795 -3.9806148482784316
-0.13094374435763023 -4.060440741721539
-0.35940919995299114 -4.0193559151969565
-0.37944602362295055 -4.383385851629141
-0.26653364697291737 -4.451789535574936
-0.2298485837086769 -4.119557210797558
-0.3887314509841605 -4.567243047562065
-0.20814993204363091 -4.294791531395293
-0.1591105786662689 -4.297249786401138
-0.27104295582911997 -4.392348381091108
-0.25512205784385755 -3.8633197559988774
-0.19308007370451488 -4.0125317672253935
-0.34031784050469105 -4.282536989985166
-0.3101699074153396 -4.043719488010199
-0.3602380540962829 -3.965409271953433
-0.3917699276254466 -3.893004431714087
-0.347986619080336 -4.549204418261101
-0.2887035005398914 -4.083930471277102
-0.18325414852683453 -4.53283313329905
-0.3239664551163846 -4.014947628580002
-0.276082473764189 -3.8997350283797307
-0.27604812878839824 -4.432854603435858
-0.33624419620821955 -4.469621641594011
-0.21902675555668585 -4.013626686499735
-0.39283050458365454 -4.054725991195408
-0.38236839737418804 -3.9322676098730036
-0.2904000016804477 -4.536548147501329
-0.392192366897617 -4.502925627615456
-0.24088204568096916 -4.235957954629382
-0.24378287381037775 -4.048917069298735
-0.3854779619999788 -4.277713999052931
-0.2897256269666124 -4.163199324549712
-0.31056106790037913 -4.064979168969006
-0.22562328157679537 -4.428620571797093
-0.20043666500045706 -3.958302034030567
-0.24132563853917033 -4.351258838635812
-0.20973178235460554 -4.290728959417285
-0.2214906436840783 -4.496261045249436
-0.25988232307366244 -3.972950258710921
-0.2096846786554702 -4.277417438493098
-0.3884205226310563 -4.540998844809517
-0.10497012732691585 -4.385831474163948
-0.25601895400028774 -4.576820134931172
-0.2560493948699411 -4.237811303755063
-0.39202524478907363 -4.025845931178118
-0.19617875589201372 -4.353470219662461
-0.20388162078922825 -3.8361590270383
-0.22957753694698974 -4.45978592182645
-0.21320088289380335 -4.066435041542802
-0.34554678605998423 -4.56331864569392
-0.1493285168012185 -4.207603336396821
-0.18245302696870738 -4.485623320334268
-0.28017770724505686 -4.292620521595014
-0.330672010244117 -3.910355758645256
-0.35479228236678023 -4.553305874308415
-0.11008821339879821 -4.051037975732996
-0.28993437044072684 -4.550561499001292
-0.14950767372527324 -3.9857371039705054
-0.23282286075221895 -4.203022472261707
-0.3515854466415588 -4.353892143904607
-0.3234340566333527 -4.3073132015132805
-0.1531142125438595 -4.135717094835506
-0.14178864918559014 -4.218778623828667
-0.3303267342389568 -3.974899851361963
-0.29829327795082916 -4.167074029805367
-0.12982032589484988 -4.284198207762988
-0.3946595244178117 -4.505738162357187
-0.2847603767106022 -4.415480468940394
-0.28016001458247675 -4.0788928310059465
-0.3976737983762287 -4.127944298115422
-0.16008703217278303 -4.5119758940554755
-0.1308527984901499 -3.9371976647614
-0.21910014219530635 -4.04087868609477
-0.2459420410595103 -4.159878966516047
-0.24302343500175813 -4.433721276816087
-0.16091939912668934 -4.364468959230448
-0.2972325243403967 -3.936463670629385
-0.21672863019023922 -4.220227098261453
-0.2829898560977364 -4.574979023469187
-0.22735189362750513 -4.19704423667811
-0.36579008305906413 -4.364610073922388
-0.38411407140061254 -3.9376350483149
-0.21072232726449866 -4.342687988050512
-0.33148423485789613 -4.060326397029976
-0.3061587018028052 -4.026808410812853
-0.10862689665263431 -4.161484257708455
-0.12138433429424811 -4.230378106151761
-0.15498121194742473 -3.8931208627828706
-0.21984603895688265 -3.959973684014119
-0.22535052836820912 -3.8842346254427857
-0.2009091791733055 -3.9271529209512783
-0.18163344719905222 -3.8966818956120073
-0.38236557036736346 -4.452102697563071
-0.2291563089923329 -3.8776609067477334
-0.11409545858652964 -4.151997723111741
-0.31598069940412066 -4.562757842132568
-0.2763737188274775 -4.22941367160055
-0.1700570596985838 -4.092626218281703
-0.24082875707676757 -3.9666312851928653
-0.13292266465920732 -4.43896845235826
-0.18427096664390516 -4.016784462151215
-0.3022984772810345 -3.930525133095675
-0.2993444284108263 -4.059630224557467
-0.235421930064082 -4.319773594841623
-0.1691825621906929 -4.149958649259901
-0.181323693958337 -4.336921694862899
-0.206266219805071 -3.926173952133419
-0.10577813696945809 -4.1942025575279684
-0.32983451309893796 -4.46254999356219
-0.117940625724402 -4.312748036048591
-0.2696033175221182 -4.491986495950966
-0.2783951217953605 -4.517422075214876
-0.3525210940601922 -4.562072314160786
-0.1309923707403733 -4.230127503270603
-0.1519730770106763 -4.455418081964103
-0.10835091755943466 -4.503016920056697
-0.3912353545385752 -4.41767279120043
-0.3156043745753862 -3.911980226725397
-0.21417068225878427 -4.009062126516028
-0.20938176197898242 -4.049368146578397
-0.3439892463500846 -4.412046170197446
-0.26209518446807134 -4.349204891667365
-0.15485481250971217 -4.020562253694124
-0.34728084566050166 -4.274432209683866
-0.39141477070579156 -4.530275812484305
-0.3304985976363125 -3.8944338944565957
-0.19472232731846115 -4.485591009310864
-0.16297350315241113 -4.477371468015489
-0.24371420320010603 -3.974858498942922
-0.2320289393518345 -3.883958367407874
-0.38430641045139075 -4.282728959929891
-0.25300389479613933 -4.45954228113462
-0.15059680379597243 -4.197484286441692
-0.14518408651079678 -3.930730682311861
-0.3519463094829886 -3.9615922309726126
-0.24651322710274248 -4.513846548786506
-0.18728317596883381 -3.9014730029049676
-0.263230770758404 -4.544954077595051
-0.24960235329106553 -4.314041391824355
-0.187696851479846 -3.843445821226378
-0.38138982660595094 -4.04757716831548
-0.20796015732324644 -4.546345305120215
-0.39021873982198146 -4.547532368780059
-0.17346449641590098 -4.231294409084595
-0.34704404371581804 -4.281037124119201
-0.10263788213320063 -3.8475930492186086
-0.38391193793183714 -4.546080005271601
-0.37304439273999435 -3.9324058085194737
-0.22118737452026208 -4.259982708406123
-0.15244644074754218 -4.042494351710348
-0.23774928806119155 -4.413356778940701
-0.2830026257763152 -4.278362208901761
-0.3336676385441908 -4.0545256574815225
-0.1576370354548798 -4.531041501387741
-0.2240313346802661 -4.410862393808877
-0.33537277005649935 -4.209058103538795
-0.1799882425916197 -4.303272997297171
-0.3153395539650134 -4.470520229835384
-0.24567010104303955 -4.245473810571971
-0.28355400130525976 -4.268756331973427
-0.1868864050330383 -3.913569457203788
-0.26993007491430254 -3.8365847697393467
-0.11581684346182503 -4.339212446937344
-0.16052124464546025 -4.07025459435744
-0.36531603622054565 -4.266012794180431
-0.24567140307626456 -4.388789595748706
-0.13464871812723944 -4.132918790943502
-0.2614740619279532 -4.109118403184354
-0.18840495157406392 -3.9586834135821793
-0.22408496099128453 -4.464358012008658
-0.1308664149676652 -3.8484919760583463
-0.16294783590100487 -3.9665380988320047
-0.2416691584659583 -4.46085801592079
-0.31437606121465955 -4.190713343782396
-0.2637367935366457 -4.008340616010313
-0.33990365918906185 -4.268233640883189
-0.18486964640975626 -4.483203883123781
-0.20510097670781727 -4.027617762688971
-0.3786147484338011 -3.999547967436224
-0.22793668398216174 -4.209403097045847
-0.21387557748962233 -3.8369411684913812
-0.29452385087233734 -4.04249192028034
-0.3601836215894506 -4.384677451899595
-0.17590000760032126 -4.235777510058317
-0.10511752275063657 -4.4900053269044555
-0.32751921442766513 -4.24272634418367
-0.3427791309367643 -3.979782004960667
-0.31228675810086254 -3.8863606953009313
-0.2066966397644353 -4.466232320758162
-0.29245778999004296 -4.360838689487174
-0.3438921981150188 -3.8568854767304797
-0.2384471807739738 -3.9738215370841155
-0.3204909778904887 -4.550261758587161
-0.3946198713986287 -4.310646093219866
-0.2504719641896461 -4.180232899811858
-0.34879004653496337 -4.043891176100411
-0.228956324297682 -4.447006132109619
-0.3362114515183261 -4.491963818119752
-0.3837380955855079 -4.469002456239772
-0.3763843536650863 -3.9602025921856847
-0.17940771586415324 -3.9447197491851287
-0.33108853429841545 -4.331048983260606
-0.18664030519245525 -4.154345233544245
-0.259323534413337 -4.285209006023918
-0.15237933714507845 -3.996191417307049
-0.32550860714867436 -3.8702346277185633
-0.3079080009562545 -4.378741817617435
-0.15732886680681346 -3.92824396889504
-0.17017999840371129 -4.050417356462917
-0.1748021297205408 -4.4684023698533695
-0.3384287540362485 -4.120454380166776
-0.3316954946800867 -4.535720691350761
-0.13052725842614815 -4.418585578664521
-0.29132613836292803 -4.2483278697132665
-0.39549705622617626 -4.460630389956731
-0.34222412899355403 -4.066677492821943
-0.1849000260919024 -4.308769671307346
-0.1211501156429251 -4.148229015654545
-0.25647540381782935 -3.849014272650983
-0.30872429705395343 -4.040109708834863
-0.3388819982712137 -4.550173806374867
-0.35434323991720956 -3.98149379475588
-0.32388570560077723 -4.099712029846016
-0.11659497246015976 -4.418454003504052
-0.3791300776545907 -4.491666301549104
-0.16824389213445237 -4.128970371549265
-0.2435719402568758 -4.301223681719363
-0.2635128831053063 -4.269155257802865
-0.31260630318551585 -4.2742305112441255
-0.24026316566076866 -4.453849876746539
-0.17756754187543208 -4.445259582219217
-0.32859351222310806 -4.4893698979150765
-0.13562468904384006 -4.437494119708768
-0.29998250462690595 -4.346795158933362
-0.29990622188665383 -4.310934551531729
-0.16130872572226077 -4.004294508572955
-0.12175107883731084 -4.18784970004452
-0.11771378988985509 -4.0738457132061905
-0.16187475871563364 -4.196835501764391
-0.22439228170952089 -4.341721111531898
-0.20738474391200348 -4.391435972509324
-0.3758252402460116 -3.9540252429090965
-0.23524844971276668 -4.436894436859998
-0.3290121603452333 -4.0083609125242115
-0.34629074570962926 -4.513910756394388
-0.34480784249063934 -3.93616015580884
-0.26000053481778895 -4.016746930541588
-0.36103160413627766 -4.036556713921866
-0.24718385450860036 -4.074546035679613
-0.3328087250275146 -4.281402604364416
-0.3708158627385059 -4.005270463868468
-0.19978734815581312 -4.431905801117579
-0.379388497999579 -4.435889017861377
-0.29519552571615126 -4.550324764682446
-0.20119564758319144 -4.5319077482015455
-0.20840339237538727 -4.03833981156763
-0.3166192089977617 -3.865081921273614
-0.11959822459563757 -3.9569428055009457
-0.3280237053395937 -4.2672699231717885
-0.14357701970151776 -4.211709213429213
-0.12465584501906529 -3.850630963192182
-0.1928773171712934 -4.090679601822703
-0.2490253429408843 -4.165010584882811
-0.36670049171454033 -4.4155276612732015
-0.1128153383487191 -4.34281126663319
-0.3313351383123631 -4.122286881042335
-0.29122006556757546 -3.9690301313173912
-0.3964945383809243 -4.44260690365581
-0.3096548055660431 -4.151296103645988
-0.22391584817759447 -3.855014886984154
-0.20788816187264225 -4.5580569414278305
-0.21751268960952755 -3.8485430103315195
-0.17342111218439069 -3.890809325944229
-0.17243471001859784 -4.4554226515862565
-0.3692086022329928 -4.015757743515966
-0.2340006464977373 -4.2111194499648255
-0.33959200437295434 -3.955599005950427
-0.3025967457655393 -4.274911736215677
-0.2598614907871104 -3.993575798364014
-0.29381717806001084 -4.146597293655866
-0.2485170960199346 -4.074772621858994
-0.23319675196371514 -3.9149715016439672
-0.13825945802023953 -4.576195373417436
-0.26987599291689424 -4.481623017632515
-0.171079545188342 -4.323901944309234
-0.1789883568691788 -4.08332740399987
-0.25271373970837435 -3.9256063734557505
-0.3944577796493603 -3.91699426652822
-0.22120663531482074 -4.075651337532068
-0.17254715060385462 -3.9763284811766457
-0.224684354244506 -4.512112621217635
-0.14509186133039081 -4.226886799441628
-0.13966020560546427 -4.119725909358765
-0.3905890373346583 -4.039888065967997
-0.1866443851403431 -4.387431353848299
-0.2852530696526907 -4.279150417816312
-0.13349334646472266 -4.540254440294565
-0.3722168993003925 -4.476443921017457
-0.3845813240618397 -4.188276960322905
-0.380838990974107 -4.271780873721502
-0.10427840723543247 -4.427803938926504
-0.25295936417652903 -4.477044064912198
-0.1731688222363486 -4.252400443442413
-0.2945170770173721 -4.142296014879224
-0.3268359838721266 -4.116055965126093
-0.23276900573857498 -4.536180852168366
-0.30487737708794216 -3.8963034070942886
-0.23177142228785663 -3.9797350149121566
-0.34741625956594024 -4.247075994986901
-0.11755798075688911 -3.877624594748544
-0.2657033358286271 -3.84069106616282
-0.26147988624625595 -4.071858312535995
-0.34249647909992015 -4.442112091206822
-0.25685182039020626 -4.472134225656506
-0.2503956011236269 -4.343549326389531
-0.11444838785060829 -3.926070247851159
-0.14191482742423817 -4.472045819047968
-0.22101385994893832 -4.390372116996607
-0.3891623254258753 -3.8908050713833084
-0.16314974726720272 -4.393623907430019
-0.37425383916476984 -4.224143768459809
-0.29553277145870793 -4.086105022285002
-0.20210362173008034 -4.318155271994456
-0.3222987748069952 -3.9325778217026497
-0.2144870495513475 -4.035719797665761
-0.3345874019206746 -4.530108987785237
-0.19962888782488777 -3.852558444740935
-0.310093277819365 -4.575437140412264
-0.2424302855690536 -4.143499572947239
-0.28668432025344714 -4.4946064050827434
-0.1793214504779396 -4.270356275527054
-0.27763299898473076 -4.134536961691428
-0.3570064938321172 -3.9141669004572623
-0.38227304447429733 -4.468669515969642
-0.32678673124691865 -4.3097635356279245
-0.25870731684927273 -4.323238356050188
-0.14015403838425544 -4.521092139097334
-0.2957938066688083 -3.9000259469980194
-0.16311376618322165 -4.235271260037721
-0.3331929575865365 -3.8412944530004456
-0.3712095280950261 -4.44846965330425
-0.16751534719542044 -4.188191923837042
-0.19050335415874226 -4.2486960976251105
-0.35125713941702175 -4.100705532447902
-0.15961419783490594 -4.568634940466015
-0.23843501771290515 -4.578439624672791
-0.1777833288346097 -4.289030852043322
-0.22511067049977798 -4.348740495416886
-0.11173530004595655 -3.967354858342215
-0.2743529235861637 -4.553980343953821
-0.2506971537819885 -4.471431211386312
-0.1531646757069221 -4.254206366851576
-0.2960983759533005 -3.902363085311543
-0.17954533256278188 -4.496296217989563
-0.24022666035777798 -3.86784919893504
-0.10933122907326259 -4.1569342157230444
-0.3872719722485734 -4.523239739713756
-0.17700790671197447 -3.9183546443829984
-0.13166262302439552 -4.186777116983382
-0.3350105080325589 -3.9279942943315014
-0.3708549833093746 -4.18590208803611
-0.32687343258973445 -4.373711760007501
-0.3930759079009886 -4.469947690311788
-0.3233185249874714 -4.541906611478164
-0.1850739690023638 -4.361215496059144
-0.10194668923046396 -4.5169547735719835
-0.24129877603663333 -3.911933639728345
-0.22043587905552756 -4.315833975513413
-0.1294543338492467 -4.30313141693489
-0.2671529785673915 -3.9752971716173615
-0.259531045963863 -4.368816072415094
-0.1740266838803921 -4.0081393365072095
-0.17158132697862669 -4.140390622009119
-0.10633976000925616 -4.132841471602049
-0.2696084597088629 -4.564831207048793
-0.18442630226455883 -4.576095295252528
-0.3584674849416467 -4.563591059679456
-0.18301075535435143 -4.2839219689092936
-0.19961263603621224 -3.910111027419378
-0.15017962873831867 -4.393800327008244
-0.17100391978386392 -3.993028992526772
-0.3286601796443819 -4.0878720471791175
-0.11667403662431869 -4.123318557926217
-0.1690278201846802 -4.234276014965624
-0.15499044701111744 -3.859068506535841
-0.24183809229019337 -4.081939847478007
-0.27732084328079354 -4.095711062607181
-0.12398023564407434 -4.422984786492476
-0.16508382366820773 -4.016160972767639
-0.31604688002225817 -4.500538674210901
-0.2745297606725772 -4.496928374058456
-0.10944119889323028 -4.424336821471973
-0.3944494725896077 -4.38084441081454
-0.27702030690848733 -3.8831334385508294
-0.18352801349269465 -4.264350591578219
-0.16495306234402027 -4.335381757269822
-0.13827831592352513 -4.073817843842083
-0.32849398440083233 -4.365307814895462
-0.17370932238285142 -4.202030693015631
-0.3880883713451745 -4.4626374605656425
-0.2017603500933502 -4.390100684107783
-0.132224096896924 -3.9754772292072236
-0.20334736712392215 -4.445053169909922
-0.2703856146994741 -4.19648887816161
-0.1303730060886445 -4.396049399766968
-0.16524469498400543 -4.555797018378212
-0.19606675183902914 -4.311120974424605
-0.1299092192806089 -4.3510584386674465
-0.3520869796817616 -3.982744165096961
-0.3157705423060806 -4.1203556761886855
-0.11491622838143817 -4.165197098424754
-0.31765965599509927 -4.317329420954534
-0.2320233504892187 -4.233887213051321
-0.14820260931650464 -4.052136708009611
-0.11779866890877622 -4.135318042466423
-0.22556187089069477 -4.439183597810976
-0.12321287289160271 -4.395805352330644
-0.2159668836333598 -3.8460643205171268
-0.21648337107342236 -4.351968856033772
-0.3362244840709751 -4.065062718178437
-0.36996716763257464 -4.249361485794852
-0.23092099317050707 -4.583205729148647
-0.3494206548435334 -3.955399737695255
-0.22185236016271373 -4.486760913525573
-0.3141675094461438 -4.412601347970826
-0.20309548949251266 -4.2092695601649295
-0.3065557030191902 -4.013674357034575
-0.1239252419371975 -4.188304253444153
-0.2850667977727233 -4.104826130519461
-0.300598764463981 -4.0605274574299965
-0.30993899191562396 -4.087004645720212
-0.22746873808857648 -4.513390359444938
-0.18244963319747817 -4.463098254605823
-0.139873720327087 -4.374815716339512
-0.32658871560768843 -4.08328608798731
-0.12177358711795289 -3.945824044481304
-0.31178019809395735 -3.901540351134587
-0.13100390368432957 -4.103388047164188
-0.3424622376792492 -3.987937995129837
-0.2646878504373462 -4.383414229889518
-0.10071967006060711 -3.8471650257552974
-0.20405589709098532 -4.155397762507358
-0.2000751340238635 -4.335091119103269
-0.21293571924307847 -4.09153210881694
-0.2900136027874831 -4.306198929579758
-0.26875907036402813 -4.198165827492719
-0.38495791093541853 -4.503107805589909
-0.21473779450368605 -4.489930455957549
-0.20468505462767514 -4.03432565161623
-0.33505519046531035 -3.8606954490939542
-0.11233030848032233 -4.138808006258673
-0.2375295921090746 -4.126770031068079
-0.1241259506184369 -4.39670056694098
-0.376408863554609 -3.9679366266101543
-0.2843820284365298 -4.174703734262147
-0.3299723139859334 -4.053463469841653
-0.24891908575136962 -4.132516372360157
-0.3218966122089404 -4.405077018121178
-0.12590162285292927 -3.9853201032100856
-0.3592556048327301 -4.3388311808666735
-0.39782590812612634 -4.3503457983294
-0.2233725127941682 -3.966752854252145
-0.20917543288559123 -3.9171278279369006
-0.21962562902924446 -4.189638602427199
-0.250933560870241 -4.292239951189185
-0.21742875814222543 -3.832318266064814
-0.19395362388932513 -4.035071467464235
-0.363273537888892 -4.045662669967469
-0.397304409869484 -4.126552412590709
-0.24425353770326713 -4.319357488399276
-0.2783965289482106 -3.968119604319098
-0.33714767919571315 -4.405295171640871
-0.13260947962125785 -4.353843738694565
-0.12649841830976566 -4.109064512865415
-0.3221939744276052 -4.081667756558514
-0.21070159104880912 -4.424766920855807
-0.12594319222173184 -4.371138156943918
-0.3535902990499832 -4.08345249846739
-0.28670219162516253 -4.385827297141109
-0.37751642171027155 -4.0070086345619425
-0.35396101854835815 -4.237293789069791
-0.3686159648805845 -4.211836099917741
-0.1015544587161239 -4.401031052551512
-0.10038903952177503 -4.376521322773463
-0.33337417851628237 -3.883474253390577
-0.23441112610087797 -4.1948281142454045
-0.278928212648924 -4.201446998994823
-0.10875660877672516 -4.382276896950737
-0.24095567347609106 -4.390140618221887
-0.169657421168812 -4.2641870954635905
-0.2748398151443189 -4.1041881493095245
-0.19105837242155174 -4.327112852161379
-0.3089134065890252 -3.874320650735929
-0.34409908645965026 -4.328435899094841
-0.21752646408158002 -4.078613605041801
-0.21742309973944934 -4.063677562506322
-0.2672528647295749 -4.033056383285918
-0.26312089661152094 -4.429354518690665
-0.15863450232429402 -4.296206395495912
-0.26356678084942753 -4.268293422458674
-0.13097783181603478 -4.523187873997424
-0.13656893853722712 -3.8810672517942035
-0.19357960140358496 -3.942485777287509
-0.32994173066533167 -4.477798728059418
-0.2232377892432085 -4.546462983893101
-0.39802144315095106 -4.151246139585457
-0.1897595904396493 -4.3037746141345306
-0.3576984269634741 -4.16942716342153
-0.1721959881765449 -4.337709060437612
-0.29648952082196234 -3.91680304506354
-0.21835797271790883 -4.526991936134718
-0.11658937701132716 -4.26992745923928
-0.2526351842388088 -4.3060543601062395
-0.21441704150654936 -3.913450595886748
-0.1027124533592011 -4.356935084109222
-0.20129056142103613 -4.492271260803521
-0.2850128702514554 -4.067483577497218
-0.16709293860199373 -4.266022520057941
-0.20857701030071832 -4.488178451648066
-0.2812601675690588 -4.091718572770965
-0.3713890803164022 -4.475147648562315
-0.17832274341614862 -4.220600524132608
-0.3872479023030978 -4.490566561831021
-0.3565200697273859 -3.9436659132501397
-0.1089457395409712 -4.0687691938158395
-0.29457072502836856 -4.425375291155281
-0.39859735251006806 -4.522492253168736
-0.3659843705490474 -3.871935046534488
-0.367149269240792 -4.3306016855494684
-0.18374806194986726 -4.3316771907739415
-0.2187648768098742 -4.346204608906746
-0.15228985761316782 -3.9177797123757836
-0.3441590479754801 -4.069197666809333
-0.3122473982310291 -4.207630882171568
-0.34243001098006665 -4.203923573413022
-0.25344226898118094 -4.569490691094176
-0.18252116618182407 -4.065385639580683
-0.3626288067423277 -4.37625534161047
-0.33068320756997793 -4.018563474287785
-0.14471871205326964 -3.926100334528946
-0.39611419536021103 -4.489680188892906
-0.14215939794498922 -4.192498624075759
-0.2677015018537352 -4.067794866331445
-0.19037865287313216 -4.278010958231644
-0.2713575117647883 -3.9656658932033277
-0.10099955538326183 -4.481965206579192
-0.11099502347113033 -4.033826044259894
-0.2012037595362073 -4.126881289887413
-0.2953102032017996 -3.9825266253845473
-0.24889261308630153 -4.234193749383006
-0.38607305541903053 -4.536991894651329
-0.11569927397428748 -4.579576494335839
-0.20979158459715475 -4.249490144374632
-0.3565290213273617 -4.4677475151894575
-0.3100338159302015 -4.483794784843169
-0.32073879182759496 -4.2942547827349005
-0.3451503355756427 -4.455329500403644
-0.1011588756186606 -4.4990355271885365
-0.14788422836391063 -4.026710803756201
-0.1465017510459537 -3.864597499960589
-0.3523559165241329 -3.9242063443110724
-0.3222345753279475 -4.4244394124953415
-0.12968471357056538 -4.394752646752354
-0.2569221794396988 -4.167098232008907
-0.13889372941605066 -3.887544935288311
-0.2562690701998446 -4.435996234323572
-0.2641827568303109 -4.220857918099324
-0.12299866638644696 -3.9394767976087888
-0.3881500232421663 -3.9610003799375404
-0.3340473938467247 -3.9119520277372866
-0.14698216999316427 -4.059314913862316
-0.2630442768095017 -4.228188447023198
-0.3746448088739009 -4.465638349194586
-0.39073975977139674 -4.065787318586058
-0.34723169817919547 -4.580063182874048
-0.3798412145662586 -4.203202619076213
-0.365295483795225 -4.358552852361096
-0.32648924418633096 -3.981400762752851
-0.35065929606701013 -4.412210556389865
-0.12414696102987699 -4.157201917977002
-0.30603967097767115 -4.495593425735213
-0.1958360542307991 -4.204187627256666
-0.26274388472682175 -4.011387861894306
-0.2253022986610642 -3.8603905434790806
-0.2785020716529617 -4.5474196095301425
-0.11613304736837698 -4.038008345611316
-0.2600692001015384 -4.289494319447517
-0.3545569692169221 -4.297728790672617
-0.20053716684705353 -4.499482738850262
-0.3918477133807963 -4.554525720226236
-0.1885288845052609 -4.304043424844673
-0.2667204867974773 -4.537844543923811
-0.15458842404731699 -3.9732232335657054
-0.13180139138010116 -4.299429294002852
-0.1471530018287756 -4.105919862250215
-0.11908700993370441 -4.411610338079694
-0.2555389117138225 -4.25075634451625
-0.2925611192875394 -4.023161226897911
-0.2262683319505335 -4.4581994546081685
-0.3756172869131922 -4.474650524185854
-0.24513192087992033 -4.179783555526326
-0.1663359663368992 -4.231150709840439
-0.39942465084368034 -4.299577948724094
-0.377085935688683 -3.9812766044506485
-0.25407371172002546 -3.8671094042646925
-0.12330412494167031 -4.088183839979401
-0.15329223653011917 -3.9725509966014845
-0.24068119220721837 -4.467928484898968
-0.1936729875073181 -4.0174580235000406
-0.37162604427319157 -3.9449246348084954
-0.2578410247371099 -4.464030668201118
-0.11050559722784054 -3.945504605129841
-0.29694755213231666 -4.404477035787319
-0.39206350759639713 -4.065567168330951
-0.3830401460684916 -4.574035806260385
-0.33007746329643534 -4.467245057139569
-0.2012807542886145 -4.215357743872215
-0.3659775900708818 -4.557535010748872
-0.39318941413338226 -3.844986404829755
-0.2652264084207089 -3.8615345704002335
-0.24825049078606298 -4.573868278208816
-0.38122468681163313 -4.255324198039862
-0.29990107854277004 -4.341258900794307
-0.37982092268645007 -4.423869113542541
-0.17170629000983206 -3.836052782301489
-0.3881835322076348 -3.9873989481897576
-0.3655637743552387 -4.398917924035108
-0.2585572069810549 -4.127915419457668
-0.3419605214506516 -3.8599191474310794
-0.22444710210805807 -4.189641414079624
-0.3850085251810728 -4.029652996679199
-0.25833351346207956 -4.287438334105648
-0.17762016372600864 -3.9580715323659863
-0.1512529286492872 -4.478465190049428
-0.33887575610224224 -4.581047541106811
-0.2933892453801455 -4.465692109576979
-0.10974821562595072 -3.949322263133061
-0.29835482899857857 -4.135360284543812
-0.33091258119584466 -4.501446561613193
-0.35102628765657085 -4.393844674621983
-0.3854750936158972 -4.12978501580458
-0.24621020297355592 -4.376003968673283
-0.33631540369215335 -4.2843577039584995
-0.2493018728680002 -4.568139280903095
-0.24836069096505958 -3.897391733932735
-0.18330763156510993 -4.5747422537469875
-0.31863830667385096 -3.8953541635478555
-0.2595751198723881 -4.119587669602348
-0.20157806078351934 -4.455151330509886
-0.14506902518678066 -4.051254183684402
-0.3941809331593874 -3.8425627023541757
-0.16124781906891406 -3.889545068148104
-0.3206404432379971 -4.433605031863296
-0.2824657833333117 -4.336670982452203
-0.18753303389131876 -4.442312146415075
-0.35235887722754616 -4.573790067519814
-0.23136831802875793 -4.550302770086051
-0.2620477208983817 -4.485807732816238
-0.2208054431065173 -3.886071081894822
-0.36870362443243093 -3.9286189825022824
-0.3848152592263196 -4.471487137292651
-0.3035837815462984 -4.039075245074488
-0.29410758015554084 -4.095029745787158
-0.11790482719539508 -4.17294315394112
-0.26292860416303554 -4.233921054254906
-0.2826566829403498 -4.01529959580611
-0.11285818498232653 -4.126685858403952
-0.26131611644132147 -3.8805440857857008
-0.18116724042822197 -4.347982341507388
-0.1655705613739968 -4.2527903558744855
-0.3189130758591562 -4.4537702892606506
-0.14106610688569055 -3.9545207062987737
-0.20248348585240566 -3.898327649289688
-0.16923670730670673 -4.274399383373213
-0.2424477131286589 -4.077047873881385
-0.3460491601427981 -4.407034008584997
-0.16876088349337215 -4.12680460800462
-0.12391440601527731 -4.059720763106216
-0.20821585901390868 -4.2851535325242125
-0.16145324719748783 -4.496921442160082
-0.16591678040575428 -4.434256947865003
-0.2587057157996021 -4.365221377327392
-0.25666022060187016 -4.043863810134291
-0.2846675863453283 -3.9754508853623594
-0.3475807427316516 -4.077789641720598
-0.158092704372206 -4.314192662831468
-0.3267168103536031 -4.039046635031159
-0.33721112585815666 -4.195175158321121
-0.13175204500637022 -4.285014756027736
-0.16713588187568357 -3.994464589212677
-0.3013868973342833 -4.287574063920004
-0.237956646697502 -4.226366486118388
-0.15251110434404877 -4.041936952820414
-0.37840361141998835 -3.898649033732321
-0.14657098062794172 -3.9980853146337774
-0.15344885171897277 -4.322986006765186
-0.13628327841218008 -4.011473749679715
-0.19166241344253554 -3.983574548174682
-0.2209029043955543 -4.392578059521549
-0.15370520531382453 -4.573048410675349
-0.19545011490392092 -4.441619842471526
-0.19145636722083195 -4.568387481804086
-0.38652559362252575 -4.011773484600287
-0.14739658165862995 -4.415494071793236
-0.32815822203309253 -4.577462628904035
-0.11365417476585082 -3.9720802393931005
-0.11278437867831337 -4.137085956497602
-0.3342668004195836 -4.3953622779528265
-0.3551643995479816 -4.492432209758168
-0.35224756835322035 -3.9279866999988866
-0.18793145902199287 -4.406277153982182
-0.2367121765114454 -3.9390146134700683
-0.3100099475257469 -4.203159307359099
-0.314770953030464 -4.386198476372298
-0.23423515041917828 -4.326596125107224
-0.38695380432189774 -4.526854308473537
-0.20716008577055303 -3.909670526429274
-0.2536894029980823 -4.022477322567035
-0.3806429733250825 -4.065328854541791
-0.2476815248627335 -4.494454981559177
-0.3479243282387869 -4.472761880437281
-0.38568113118395125 -4.295890687710497
-0.26107508766286747 -4.146844683370659
-0.11743818796748157 -4.355516442094895
-0.34747286535291855 -4.485515320830336
-0.3960174150998948 -3.9427927857197034
-0.2688965948492547 -3.9510104729539175
-0.3970871424101136 -4.449730118518257
-0.267745524688473 -4.481395034589797
-0.33995110990252475 -3.8686285884830407
-0.20026552176393703 -3.9422173631387736
-0.1313088377307492 -4.371587832190251
-0.3071685568419009 -3.979676593734223
-0.16595791016739922 -4.302539873714647
-0.15817077862211376 -4.040989781500696
-0.39943804642923203 -4.11278629527375
-0.10482381072880292 -4.465199323495519
-0.1018892310447378 -4.168484711296094
-0.3477546881414927 -4.153533467635943
-0.31559753491520787 -4.104279256376408
-0.2022936009560073 -4.387889460146472
-0.25462285771218834 -3.993266627655041
-0.18796203350012303 -4.234485898131232
-0.1782373668005496 -4.224759184993104
-0.1547167029125642 -4.208445986910014
-0.37861611465677825 -4.361602073434567
-0.39263583829814463 -3.9872719302383928
-0.36526521585365823 -4.4072166611766255
-0.2904481343074516 -4.559856985747263
-0.2378754559960907 -4.049500386554906
-0.33970073268414597 -4.174084537195474
-0.27227495650271855 -4.230880303825495
-0.15845317700538009 -4.273052299532816
-0.12018569359800596 -4.119521015797788
-0.11896584284814488 -3.997263524657512
-0.2995120571054435 -3.8508975208706953
-0.2722516332664961 -3.9635100298957853
-0.17632773036585025 -3.9184621775604596
-0.2672287970639428 -4.110174410822184
-0.1664399105585425 -4.522183283620922
-0.39573500095609837 -4.110128494822457
-0.3422844200965677 -3.902124353467758
-0.24030805741056863 -4.178991155272861
-0.2897143561328115 -4.433398614630435
-0.2321642155130052 -4.414254879503449
-0.21466454015644829 -4.395110474683305
-0.3170742140812989 -3.8415290901265635
-0.2839575389581688 -3.919510466502119
-0.16614553232492585 -4.522892157812848
-0.2615465732586091 -4.291280692260783
-0.34089521007473733 -4.0447080137652
-0.3832884209883887 -4.4952504903013315
-0.1879615669125978 -4.066967581004096
-0.17862385083596147 -4.305086413943961
-0.12585254160449438 -4.49913585926875
-0.3296590790781412 -3.937548717433195
-0.2993655409823195 -4.43799688115041
-0.2610054677146372 -4.122818778928418
-0.19540373456035637 -4.027232183891591
-0.27959510718170494 -4.035355350524363
-0.13679803787218736 -4.187444625071378
-0.13140305603728297 -4.504307793702471
-0.2908307906311606 -4.5275283585669355
-0.340084046718492 -3.9158376844832716
-0.309788980421426 -4.018066044259699
-0.10274430469720397 -4.237895840244002
-0.222752180596515 -3.909738410721116
-0.3568044479722996 -4.353089694817044
-0.14362828322115911 -4.475765800836968
-0.3248694931176203 -4.2369509675018255
-0.21149568393319246 -3.9566917839264524
-0.22548475818719596 -3.899281098014078
-0.398559882110148 -4.452505492057447
-0.17195671240317947 -4.20018956929081
-0.3089159992528736 -3.89272977846706
-0.32480167470213517 -4.043041259801141
-0.2935850212291063 -4.038323925105063
-0.21464671250497405 -4.522668086704509
-0.19455560732022895 -4.102086029544715
-0.3853306598275321 -4.056209322889562
-0.26495179963590754 -4.044739956812085
-0.15648926024977355 -4.210028871651405
-0.3726205247303328 -4.112180681581247
-0.3722919032883987 -4.017637223652511
-0.37873532378379166 -4.195906090496427
-0.15868293756541194 -3.95758708271762
-0.31599850915183714 -4.009145044128372
-0.28346849735981733 -3.8982119538924858
-0.342457817654356 -3.9627813407743524
-0.23724702723183458 -4.513194873909931
-0.3005935190152176 -3.9394890058352057
-0.10128674363368745 -4.243627347178867
-0.1683246606046997 -3.9996103815617534
-0.3377649682458805 -4.5638872095013765
-0.3870069739401401 -4.029461189732778
-0.32667888330771305 -4.073582876326442
-0.1855556627188007 -4.536697940828337
-0.2600498603678236 -3.8655777049238575
-0.34967805140613706 -4.386453000075632
-0.2600421797643937 -4.391742610376598
-0.3853839155438741 -4.1857368212202815
-0.2441219157110444 -4.516913637229811
-0.2946943059881967 -4.005962877480452
-0.38743536261481953 -4.059565246388311
-0.229589810292681 -4.027295905059757
-0.31193113356946356 -4.529437504157327
-0.3052570690143839 -4.222642277915851
-0.15771780096775742 -3.939255060003003
-0.17570481272056596 -3.908205013504972
-0.30552173504538593 -4.404168958729359
-0.3876073252086768 -3.99483967464313
-0.23058249132661576 -3.9843119745217868
-0.18063630655878465 -4.433887076867893
-0.17851143458425026 -4.493151785461708
-0.2549947785635778 -4.335933674145174
-0.17321199591341732 -4.213507781493121
-0.3993628315642986 -4.556348523646269
-0.3027715559120495 -4.479851677600786
-0.2547861998369781 -4.212679787175417
-0.3782554009716227 -3.9414505979635663
-0.10524663928769806 -4.078672056826833
-0.2150710534183875 -4.527487526926758
-0.3744040375672956 -4.0539557977742575
-0.30679318871118416 -4.163797114941373
-0.11620437535310946 -4.367357140117981
-0.26079946183402053 -3.995575694070288
-0.31671514783701815 -4.233423539610738
-0.33880487426702977 -4.098050397443554
-0.3422490467758222 -4.51002287935718
-0.13586784648100142 -3.949731170422373
-0.28944092924239756 -4.450363743140574
-0.12247458069243078 -4.340586185617594
-0.22535644738459956 -3.880218233004632
-0.27286228363242604 -4.52404213386538
-0.38283605745672594 -4.267859610378834
-0.27829501806092377 -4.1380944508525035
-0.32944978394921215 -4.582411776579817
-0.12222039212713004 -4.19483154198037
-0.14255437867876009 -4.167676344266639
-0.2893127667355444 -4.569614970286107
-0.2933145001715589 -4.356745272779609
-0.3297236275335734 -3.9565821717516334
-0.136717215906217 -4.47468954252515
-0.29540202170099417 -4.377060079482884

0.140616932003721 1.6298715552915393
0.09343751576547138 1.2951831705804344
0.12425996368342816 1.2062976251542277
0.09773345239137306 1.5621116837413285
0.07912195798937924 1.5656885692165914
0.06042472255119802 1.8272300873073173
0.12124201825022266 1.2856636219160054
0.1189519113700156 1.3226943118636862
0.12961498562986085 1.5087323466266613
0.07338412368431992 1.6435253924274198
0.07170360117806071 1.837280044102618
0.07158313693221532 1.2663782042734872
0.09649889665364388 1.5844546513225266
0.15824875942319522 1.521856870758495
0.07665353405714811 1.299279361167788
0.09303424098247999 1.774402073590117
0.14116183065601962 1.9617937996780386
0.14792776056268284 1.7832062051246784
0.09208901346737583 1.361729270939017
0.1293653868295132 1.873566552210768
0.07366699708363503 1.8835967398843199
0.15903532894643418 1.9846866120083941
0.15659634438655645 1.3673738419166606
0.11491289750078106 1.6183283172197291
0.08352294755786151 1.7820755650235482
0.10398818573723453 1.671319490227451
0.06563789988771537 1.2050218302531168
0.15390213359775662 1.5271650897015752
0.08204673180544689 1.6470404833028067
0.12999296204774863 1.2919060008506758
0.12596142474510452 1.560996899860133
0.1241277044343086 1.5392942918848078
0.07407614470340167 1.5122020575442914
0.094173881988169 1.2119773488660686
0.06290345942659599 1.6076015921971545
0.13996652291270767 1.5486678118186838
0.12775069509135822 1.31201590830909
0.07838673436871066 1.9198771185131214
0.12860420304775172 1.2939287882322412
0.11178000985060979 1.8586412336069882
0.06826870825276107 1.9044788499873622
0.12012047264764775 1.4915919024162116
0.061358963682798875 1.552867797799109
0.14642334055940942 1.9500019528209385
0.12973368761032386 1.8891404718713591
0.10116094782201601 1.9679852966519875
0.13576923431528867 1.6174191441121506
0.0943542768956259 1.684679579502655
0.15232607545391202 1.884992259410244
0.08823064660890731 1.5750657965863404
0.1420228128063386 1.5955208732774042
0.0867213951045243 1.4269139252862455
0.15182649691860403 1.4894176317372476
0.11527093145913825 1.5878651667723827
0.1354729131926071 1.9670515194252098
0.09401783694871849 1.4513714815683711
0.08728876049692084 1.6011410620804933
0.14016886532297795 1.4483703268991823
0.14407800634961299 1.562638453452524
0.10987259196045365 1.2182405596983754
0.15219423473171054 1.3682238017638446
0.11817341841668849 1.5303133066770955
0.10757281624984855 1.3035477992781874
0.10704828100796585 1.5182887983043898
0.146142385299587 1.7002198435738385
0.08485627285678497 1.9591218747927637
0.07856298895993119 1.4066450286435357
0.10445429447123492 1.2572907209315947
0.06328873994184128 1.8038903435883298
0.1274567198302783 1.6113625214684184
0.12308276447192532 1.4546125551893037
0.09174552328361674 1.4601077695251432
0.15871960073661537 1.281677047219713
0.10943078317028271 1.288151134447572
0.12209629016721342 1.546762859657377
0.12393408992057045 1.3819573293577752
0.12968503605098514 1.335749894662492
0.06101656909017329 1.9281429854953689
0.06954514181404803 1.9644969458127042
0.0899103700495135 1.5975829277771054
0.07920849601421122 1.7880781940234254
0.11495322397937875 1.9455490960055903
0.0740295789892275 1.6409350228260215
0.12825093823289566 1.607637649415433
0.11706212797497151 1.703278804780787
0.08841112116451831 1.3656342220801383
0.11727436893991677 1.9695748193972846
0.06410389273951886 1.7110254653185808
0.1294448368158695 1.6999890297504134
0.1428377624846215 1.8109091176886076
0.07159002916243744 1.628239377894659
0.07415190932880611 1.8208795455486138
0.0922675440009922 1.7380859321364688
0.13176969462722704 1.9409917242973238
0.10416394894685693 1.8264674029318289
0.08137828928276533 1.7462406694002433
0.11068545670431479 1.9028474249630114
0.1351952463791466 1.231667024166384
0.11346301249201804 1.4017265057449704
0.1570063602612799 1.5970820296189858
