10 100 60

0.48231381942474627 1
0.7150649657940408 1
0.8970446325934801 1
0.6556680023154435 1
0.20360115058789752 1
0.6652101680683786 1
0.17486523426880207 1
0.9862165884555909 1
0.38244841021182185 1
0.6204136681528103 1

-0.2316753200269535 -4.382869478342975
-0.15425864838669953 -4.464674512467878
-0.21259640027798418 -4.128465744041652
-0.19713334350131925 -4.093267478368421
-0.14607985353847758 -4.476254491751701
-0.16023484198093346 -3.917452519573217
-0.2997169544449396 -3.8821496783481333
-0.2805484752975285 -4.500224229361801
-0.3092660810955577 -4.120440553253391
-0.2177296574572473 -3.975555791548563
-0.33160939834657255 -4.066589478874878
-0.28467476331787406 -4.278714018794997
-0.310814165774391 -4.277691100747226
-0.2111225439718884 -4.1796287177169935
-0.25300768696569226 -4.208509982646859
-0.3798316114200499 -4.462799661991099
-0.33462740981823164 -3.8807817821344766
-0.21658290851266584 -4.3142542978853475
-0.3634737811597451 -4.360230595425763
-0.18397247983495182 -4.06653488859103
-0.33268975622179664 -4.3900665199354
-0.18616067058333854 -4.081925993674069
-0.15272121768148456 -4.211835612130466
-0.10660817450082494 -4.517867808102698
-0.3215347552666799 -3.832873462713363
-0.1584282629000874 -4.064280244759807
-0.1363456377765896 -4.247776563871966
-0.3509620579416412 -4.037278188254729
-0.28834201890701416 -3.9119006638102767
-0.3272701214457592 -4.272848466775917
-0.3189519027909684 -3.8362515216994026
-0.3010756748605694 -3.967082247082152
-0.12354575378973714 -4.534498141935357
-0.14268615519584582 -4.330713697012028
-0.1535262418360224 -4.286057949287914
-0.1820819252094134 -4.15443400461559
-0.12529774899326795 -4.098848656640563
-0.22558163252460947 -4.32919885693215
-0.24745167053946135 -3.8458938074484186
-0.3233896430042781 -4.581967063612125
-0.2480456613632853 -3.8787189330360037
-0.2361960543970178 -3.925044857530984
-0.11962452050181621 -4.219200085037375
-0.1724476295949971 -3.8693612941903064
-0.32716368965820153 -4.028727607071506
-0.12352441617624133 -4.1508039681012905
-0.3446214211755276 -4.022815131214633
-0.21463402022525313 -3.881089364721201
-0.37789445320206727 -4.067851867227876
-0.32406094752535786 -4.0142421758261335
-0.34918515553222373 -4.073867844589938
-0.2019896835199872 -3.923046627969556
-0.36834591724435356 -4.246380645000256
-0.26772369086906606 -3.9788480186120196
-0.1827888365251534 -4.087375140096159
-0.18517793097352697 -3.926726289840047
-0.21082110343952018 -4.192084782376447
-0.31286843160042876 -4.115748040551016
-0.21739051274953333 -3.9552988517900047
-0.29036052953472563 -3.8679830971598297
-0.2050466803226798 -4.080370410938755
-0.3983843801158159 -4.526183738071111
-0.31902530939383766 -4.2635712190149055
-0.1867189957528918 -4.540982597069529
-0.19068573385565613 -4.411213073369434
-0.176597049530078 -3.911489504278165
-0.18745106881033938 -3.965021544342249
-0.2306215401986075 -4.136106552489111
-0.1753782507248693 -4.426263258419215
-0.26943552788056885 -4.438148748867252
-0.342774365251132 -4.418856757873914
-0.29885470292757876 -4.5531944206555135
-0.12720023158267207 -4.529882497623796
-0.18119089020297158 -4.1871261191980285
-0.3221406889500371 -4.15344340498537
-0.2385239483359354 -4.5241900306123375
-0.2111705394062819 -3.866320857902318
-0.11570241027368955 -3.844548566808811
-0.24862914906958442 -4.072636398719207
-0.27847178238590425 -4.439082988166018
-0.22399410331039224 -4.480452942925419
-0.3603995212142664 -4.332671266122541
-0.3419023731360221 -4.420859520510581
-0.13095978169053085 -4.389477331201463
-0.39553563114094786 -4.370374349345917
-0.1691382003420519 -4.291727016039336
-0.20643992662722507 -4.002067880982778
-0.10361971124161856 -3.8867040653978435
-0.21439910170873885 -4.404238093291394
-0.3498976660376951 -4.343641458882659
-0.35451047665722846 -4.492108271118078
-0.3051051127491491 -3.969885575379452
-0.13022076693923562 -4.405167844901011
-0.23629959982349757 -3.980518200382323
-0.3977611356215118 -4.197009108196874
-0.39247832815895795 -4.249251100342909
-0.1928535182145089 -3.8806155417811627
-0.3034378047364476 -4.520756451438434
-0.1547560147136332 -4.440056556800032
-0.10325874543405428 -3.8950188028866974
-0.29328084630674445 -4.408021781667514
-0.17706060408119087 -4.312871782773332
-0.34484906418881567 -4.313175612532716
-0.19788554607703115 -4.51387442588375
-0.36882251038376057 -4.070294729017166
-0.2342949430896831 -4.087876869191599
-0.19458845313357848 -4.319830084546804
-0.1408903774739762 -4.197793805404398
-0.38551017814890437 -4.548342779715007
-0.25323562665827065 -4.3705663211978125
-0.35097527230856795 -4.409094938615132
-0.24983225655781804 -4.0621696810651065
-0.3399773048459298 -4.0841798528567885
-0.11661538198298971 -4.0387965803526615
-0.2301957605893597 -4.2890568182400335
-0.14983523406172056 -4.25091883699473
-0.21913114998952918 -3.898346630322253
-0.38838372402366717 -3.8672466779239487
-0.1609116191354227 -3.960162349041548
-0.24519479874610192 -4.0835591266698374
-0.18601348597742523 -3.958631538731787
-0.3928857027303109 -4.372195290927702
-0.3188949172230221 -4.212125394743627
-0.19724436775350443 -4.249523320702188
-0.29861987403699375 -4.220393036242313
-0.38861875596320555 -4.389486826125144
-0.1474763764065789 -4.236989135162199
-0.2983203348796518 -3.910224869252793
-0.1992849422025475 -3.960941945068927
-0.2594187965843655 -4.1329928756413885
-0.15451812814748145 -4.445036864813967
-0.1825699557776275 -4.142437199624488
-0.289096002872388 -4.240802294765758
-0.14321375741534048 -4.270405792595426
-0.15908174663021596 -4.5717128221020165
-0.3148471579294796 -4.267550188118341
-0.14549217163894124 -3.993413374847184
-0.12748233116599067 -3.894303133334309
-0.3939539951812614 -4.416976783770981
-0.3481804196735371 -3.9343769106325115
-0.19336130041268826 -4.193397641936217
-0.24405523905486481 -4.037930288930922
-0.30271565557880475 -3.907577979279785
-0.19148979525242985 -4.077775612476274
-0.289669807221528 -4.479747707800591
-0.26474033599758806 -4.3682891841972085
-0.3762256829964198 -4.5380673796735
-0.13803669621126846 -3.851492725742634
-0.29627994350670844 -4.045270371856859
-0.22404422408390154 -4.021711712602635
-0.10415873378665963 -3.9667561475500355
-0.2586125159791641 -4.467853709782158
-0.17579502161912347 -4.495320111011158
-0.2038227248451872 -3.890646467798582
-0.3676349469479763 -4.482284334571798
-0.3915082902898732 -4.086430559991585
-0.17226470882005873 -4.122356236707872
-0.36000048565625753 -3.878246355160869
-0.13563131503322085 -4.128398432460136
-0.34546367220941926 -4.082555291360511
-0.13719948939557902 -4.247429374041129
-0.1794347110976237 -4.14794551462672
-0.24870852766080986 -3.8954962799774426
-0.12045052644706294 -4.449178152934768
-0.2465418062391349 -4.076784674576395
-0.3007039876182504 -4.089005546723105
-0.34044830166719864 -3.908798174616352
-0.3617894072477853 -4.3694066588856595
-0.36162305778629683 -4.163686074700976
-0.18370939592372337 -4.1144173678662685
-0.20387849093683102 -3.838774592627482
-0.24843068798157963 -4.302841187885464
-0.30447275434091986 -4.191601668398419
-0.11564753015216805 -3.8475529925420933
-0.19092925374228265 -4.044479158409592
-0.28229532387288386 -3.8932937200334674
-0.12073882990308688 -4.48450968658315
-0.29415429946409155 -4.524921728359308
-0.35643543182461723 -4.032907693488768
-0.27632357190332374 -4.450436061791789
-0.37684329600811844 -4.093422250196442
-0.358864989136316 -3.997315849665107
-0.24977540787807853 -4.264181151207786
-0.23889994917344287 -3.8800244930196177
-0.1637477007655087 -4.275743162745296
-0.2059472639726864 -4.293361170590749
-0.18103820175571783 -4.424587794806698
-0.2373729119027937 -4.497587656567353
-0.16327258708994916 -4.127776851840532
-0.3597727210089172 -3.8321479357598567
-0.16507784442982737 -3.9032235933650608
-0.1914496797870554 -4.273193942758498
-0.194364821190859 -4.402787047258375
-0.2680423942656659 -4.479583067055186
-0.3113711315906998 -4.344607123079367
-0.2637800789232208 -4.067713614774435
-0.37915623562915063 -4.206024487452572
-0.10723850548213631 -4.019245217930524
-0.3294880620482924 -4.097511518501983
-0.13694901199354087 -4.321747039237088
-0.2661937185687874 -3.8433737909020302
-0.2315194595240955 -4.224070974217746
-0.20603561725598474 -4.184766522019128
-0.17674797952889684 -4.473876060250348
-0.29381117221563524 -4.216268205259626
-0.16417114632505173 -4.286046709786363
-0.110919086545886 -3.8610091195168037
-0.3729985174341621 -4.562690069146976
-0.32481358864107024 -4.164777180994212
-0.22283531799991846 -4.009394454515863
-0.38071264139701566 -4.419256077194995
-0.3363523508523437 -4.1882793482795115
-0.22937314731021252 -3.9410059530898316
-0.281556156761498 -4.574077223170999
-0.39551120719030125 -4.0699408882603825
-0.11824915905883604 -4.25586783813516
-0.3889655290553606 -4.530384547719322
-0.3109947761399918 -4.122394654077008
-0.35714865374517857 -3.878390958913964
-0.22909570224325804 -3.885694299199847
-0.36405707829238665 -3.9370886226481385
-0.17617387891051722 -4.505434848429463
-0.32115317908960983 -4.407056675340703
-0.2757009184886606 -4.3420706485413865
-0.22793341169323392 -3.922882134442926
-0.2726241011493011 -3.996609726403908
-0.16891262150020203 -4.299649859931599
-0.15536512991458518 -4.509456114910275
-0.10201518516698505 -4.553967022494568
-0.15257026764251522 -4.034601308889524
-0.24021014786279443 -4.5575370869612115
-0.14501777770528812 -4.313412905603988
-0.17960094382785075 -4.088670144497468
-0.3359418258441139 -4.162447315000226
-0.26080775919016413 -4.087241135699891
-0.1739510934071225 -4.027690002435726
-0.22746900290006783 -4.219845198950933
-0.22048744271684934 -4.043605904897081
-0.39326003826430417 -4.576535489364167
-0.11202011865280787 -4.268681389944432
-0.39904479457098535 -4.363930511664009
-0.27885333401323675 -4.536144728891321
-0.15978397193574398 -4.27144393744241
-0.31761532728298414 -3.99160226231601
-0.3977135556301967 -3.946217074963027
-0.35830807800619724 -4.247061152077314
-0.22059766478973297 -3.8729616727669507
-0.38394705996072986 -4.537438006005345
-0.3380417711084504 -4.553271622292612
-0.20904689946777855 -4.545272085274081
-0.17984700607492204 -4.179034056935691
-0.2719435409650272 -3.943517921574829
-0.14208285774101787 -4.194410260017436
-0.35475478667841126 -4.185956558793423
-0.29892367294041455 -4.496117408250052
-0.19547889878575173 -4.158888169536447
-0.385677175167678 -3.866024903386135
-0.3354837667497652 -3.926602000492573
-0.34454328329801115 -4.4343846069609345
-0.2780249014946795 -4.15033742376292
-0.34270010180609667 -4.500478136535641
-0.3802844829904782 -3.8443776879361713
-0.27217996586780563 -4.071126946500686
-0.27559856078881645 -4.475756126983828
-0.2739846511211591 -3.83213019176509
-0.3828073790309653 -4.160655979811297
-0.2167863587641161 -4.282020778921017
-0.36832281362394337 -4.074261897745195
-0.3427368638005947 -3.9012118795210924
-0.3316130553665513 -4.479590818280238
-0.1828640774430649 -3.8538269050649587
-0.22108669717421583 -4.004933245863991
-0.3110811430211839 -4.34457529274665
-0.22356764910770024 -4.5768585324323965
-0.306667748103876 -3.9672110265651663
-0.189259616075455 -4.511799858783465
-0.36420897335063446 -4.3892033297994235
-0.16789289801150034 -4.34796503852508
-0.38182397515180355 -4.573920434681395
-0.38762556445430707 -4.357235852363401
-0.2343339636148208 -4.146406166912792
-0.24702603155969532 -3.9039241112087426
-0.2737316280429314 -4.253623572956437
-0.3294892983575165 -4.156107579180035
-0.11902649358730621 -4.530686968743949
-0.19754511440503544 -4.573762840296051
-0.13778650740496107 -3.9615536771878217
-0.39227584188437414 -4.15502792362544
-0.23796866584449855 -3.923100522847971
-0.2229727297675193 -4.08800066303372
-0.20962123438194813 -3.9211931052048468
-0.23784657712670654 -4.164522957387135
-0.23248030430580563 -4.058439737509556
-0.16751742039433465 -4.009220553282782
-0.3021018775211962 -3.972165554760857
-0.33926339748145723 -4.477649422374924
-0.37043599724803383 -4.043367048946193
-0.2527518287460008 -4.289328598184498
-0.15452179731441665 -4.183947170795576
-0.34072559938113484 -4.362901786283301
-0.3052461103085585 -4.23294158723917
-0.24188148584697525 -4.5499982657209825
-0.26439166071316356 -4.526090643420642
-0.1653586395863765 -3.8356568377474547
-0.2951753128793455 -4.5765183937167855
-0.3358049586736194 -4.150544631677044
-0.2548912779402056 -3.925466220438941
-0.39732713971610506 -4.565027598185924
-0.35891475247812676 -4.070577371185793
-0.1133087713568175 -4.100909133635164
-0.3576189356139394 -4.463017238360958
-0.17971296695143407 -3.9890678487092925
-0.20727478637916275 -4.137897229927292
-0.16814133986074425 -4.508255573741036
-0.20787194575115028 -4.260767680993924
-0.10992277518103177 -4.039691873173886
-0.25636040320513287 -4.1290023624579355
-0.3734996796626714 -3.934087691607858
-0.2287372916611471 -3.8692369515119243
-0.16448841553062057 -3.9876880242005117
-0.29573696492144586 -4.160089039956645
-0.17658776241695387 -4.161525440912245
-0.18948710598871008 -4.513466330686674
-0.19507353351697043 -4.496110022366201
-0.20495702951737954 -4.326951304354576
-0.197937972576871 -4.437489277459995
-0.35716967385836645 -4.530720219714844
-0.321223216980724 -4.166987563516463
-0.13874655392308077 -4.2244727221301615
-0.2888045618518076 -3.9678821019947184
-0.3350766976675702 -3.8972637277145927
-0.22272044596741516 -3.9892267125014085
-0.32926517609600126 -3.999801965306785
-0.21687022530647315 -4.007911246493933
-0.21063644605270368 -4.481032259481819
-0.31773458437570357 -4.33796768800538
-0.3512767007624985 -4.323615499111334
-0.12934371781744647 -4.231505283667744
-0.17038406059678918 -4.245328420074324
-0.1927373417011812 -3.8901293147508413
-0.2170566405089249 -4.392924988881878
-0.39841233506134693 -4.427224475891088
-0.14781010464929006 -4.221441432916298
-0.283135548440304 -4.562911680261535
-0.12711779253879002 -4.4738618233144525
-0.2397977707986523 -4.0593887299704114
-0.3227139227740253 -4.157059700066849
-0.24891571055400724 -4.086612519616628
-0.34480778419413094 -4.191320042680486
-0.291337239412492 -4.179663544860716
-0.25635331724638777 -4.291155417210944
-0.3182732091027311 -3.999833374821553
-0.1783964815294176 -4.036837538396073
-0.31297762473268864 -4.558708078172243
-0.15920011924814623 -4.249412838478583
-0.24097875934419627 -4.45127619833705
-0.20125587225832614 -3.9490803788478157
-0.31072224013453786 -4.343676028563095
-0.17139046275814984 -4.214555424764648
-0.24752095363294263 -4.101402185539663
-0.3701145616689334 -4.130177635887693
-0.11994133917685323 -3.867747251383365
-0.30709325131864906 -3.958874540542351
-0.2704112203350283 -4.461849728006119
-0.24922991237763437 -4.378487445364381
-0.27653203836277673 -4.3571803492659855
-0.3997449706005713 -3.844715887421186
-0.3566430855191709 -4.150047616068217
-0.11773154519419077 -4.391627490919507
-0.1935514442180676 -4.0659910899338145
-0.2802647523931333 -4.320108146483003
-0.29217766050169314 -4.334251388143717
-0.10638081637404773 -3.8327262000605558
-0.16059886737259743 -4.541789580077352
-0.16467645151271917 -3.995080112121334
-0.3552867424734951 -4.432896086476983
-0.1646293855710773 -4.494081412232974
-0.27831008073774555 -4.301570432746254
-0.12550575554109833 -4.513792369230143
-0.25809033020845873 -4.1330550975818205
-0.338159845261032 -4.461490395820151
-0.13267318069211603 -4.158893431931837
-0.2812602981953425 -3.9058279138129226
-0.27134620183251323 -4.4001179550845135
-0.2216755563409438 -4.5155157851953085
-0.15262650754583326 -4.091156224001082
-0.19640596372355498 -3.9941670206799156
-0.3302291623792279 -3.987765577833483
-0.38218678337027795 -4.005365006020181
-0.39023863624590766 -4.347632567294117
-0.17507743554001054 -4.556046145162652
-0.28691041270334044 -4.410247627125534
-0.1923255849192766 -4.490098304612534
-0.39707228609673834 -4.424589457243194
-0.3885399829734161 -4.151970641912614
-0.306994243086123 -4.001904360960138
-0.3956350489347856 -4.215087803846156
-0.38266400463364036 -4.389475751644325
-0.38235833655990215 -4.443240074261019
-0.15972520879067226 -3.8893404714121815
-0.3019738796321808 -3.9638137690702964
-0.2909674687137692 -4.273262173125731
-0.22139065122949497 -4.4452930309555025
-0.1295668463634585 -4.357258429795764
-0.37801302798801967 -3.978445125795383
-0.11460426622509928 -4.413778311840775
-0.1829889346698694 -4.236627156612901
-0.2836611416773558 -4.065122987657289
-0.11947613633118254 -3.933263712703442
-0.2676109362095168 -4.478822588577607
-0.33133001977702903 -4.4990037748834135
-0.3287840875427706 -4.199051777379474
-0.20316353421955938 -4.202078910130313
-0.3750710590918658 -3.8815813222941404
-0.30381142071537837 -4.285690959906663
-0.2246286177198648 -4.3111169026361615
-0.3425177761970576 -3.8681330634524214
-0.342756518269559 -3.8689254709920204
-0.1363609007319142 -4.212961058055445
-0.2648755034596495 -4.18502484935726
-0.20829638119802693 -4.162839344811422
-0.38741633263935604 -4.00034357606646
-0.15938857250079574 -3.902625368482045
-0.31746750183849215 -3.990676407179989
-0.28294979210095395 -3.9879447376478643
-0.11276327380887852 -4.232869874661753
-0.29945002298080736 -4.203492996931875
-0.2262737448462026 -3.8852700477288957
-0.35694388047491793 -4.394763988063598
-0.11713108778285614 -4.372833767152369
-0.35718263186293486 -4.205257158038894
-0.1451672351381162 -3.969558154206259
-0.2898197280649173 -3.868540949096659
-0.36435996165629075 -4.363904717101163
-0.12265909641455014 -4.133864995400868
-0.3960716289336036 -4.518886722780774
-0.19833419445292488 -4.127413716951466
-0.2102607495103496 -4.305291553456145
-0.26740488465676904 -4.440097186057973
-0.17268621623116495 -4.123492059063354
-0.3670911502366604 -4.03210662598834
-0.1628973238461272 -4.055764293568307
-0.32601331680843737 -4.29212815183118
-0.300681231988622 -4.072685023585892
-0.2972063512601772 -4.145827891542571
-0.25280987164923485 -4.302371108784778
-0.30527637288761406 -4.190536913443813
-0.36682405259972384 -4.293929572572725
-0.35589206504898324 -4.05661372646394
-0.20194980064142024 -3.9223954402416537
-0.34971124754831073 -4.273848855231843
-0.205743297207733 -4.286568789468402
-0.14160977343017173 -4.163793327056692
-0.1941803571921812 -3.8349739828260327
-0.2788227950699925 -4.275419853448323
-0.16013661392974837 -4.19654273755421
-0.10678351530908947 -4.179015081774451
-0.2798007356315546 -4.057278942347657
-0.12815939429045686 -3.846894290403342
-0.19066842728314334 -4.06725727557329
-0.224477119431606 -4.0295608198438675
-0.2760059235997339 -3.9647752250578874
-0.1151661502648112 -4.134979562464416
-0.35990547394100847 -4.512270380978875
-0.18898306308176824 -4.4978052940909725
-0.23400824093304617 -4.508910189122309
-0.27411719225172904 -4.121406917769976
-0.20548371127399062 -4.143115282200688
-0.2922385331566366 -3.9416343275387824
-0.21574044900840023 -4.280618199515596
-0.2547015971424794 -4.144312273445569
-0.134156013200314 -3.8761774597097696
-0.36808652147162707 -4.013855436740602
-0.34385109834691346 -4.564130944867498
-0.27375696913863307 -4.554791834097084
-0.315228422238467 -3.836709830158023
-0.39366545057227764 -4.061670254886741
-0.38570950046432545 -4.520657724452465
-0.11620006489030532 -4.412571755706123
-0.3904241448225308 -3.9553614035302407
-0.16705341549723687 -3.8831583699176937
-0.37664043959232835 -4.0203192176700755
-0.3247909127974632 -3.919364877087159
-0.2915525274486016 -4.347236774372685
-0.2747973774171679 -4.250655251283466
-0.3441878540633457 -4.135944901382262
-0.2558514468398103 -4.225131026881204
-0.20340436385314253 -4.128854952296355
-0.37901931195457994 -4.230233998103589
-0.2521864558255777 -4.451042402346467
-0.11146198767610643 -3.9276657735702343
-0.17023839882725578 -4.539854991704768
-0.30060779595922754 -4.413954778028477
-0.2837174997204124 -4.402560283128171
-0.16033525322713166 -4.140132957639108
-0.2892806223996618 -4.440960438564909
-0.25081418015550705 -4.111426977844423
-0.18511163679572887 -3.9642417126339144
-0.32207296850097106 -4.29833498807043
-0.1446472739723343 -3.860931440575545
-0.12552119038186882 -4.236809651337127
-0.16924551821437733 -4.1238966975085996
-0.2944721628909946 -3.9583344665724205
-0.12777872721369687 -3.8746184505017816
-0.15238308753923877 -3.993794018499604
-0.23367573080207865 -4.558190439452414
-0.3814119916326666 -4.138868953370037
-0.1048338373531783 -3.9776123118131945
-0.205067207611443 -4.328084838242266
-0.3626888640408096 -4.243072418507933
-0.393261755349287 -4.345347452408916
-0.20176221720826293 -4.3736710027146
-0.12408229139375282 -3.978072661401655
-0.15616194832405153 -4.094376075997537
-0.12386214110713706 -3.931186099426466
-0.29403220935628915 -4.027795667384632
-0.2057263729943107 -3.883014343683112
-0.3234778182760847 -3.8885863480748943
-0.1432524497783435 -3.889553448267873
-0.25721022439826857 -4.569419352690304
-0.3618297345190728 -4.03508657067494
-0.22776266395060848 -4.444360686084271
-0.26676113891336656 -3.844335404497212
-0.31928395533630977 -4.51796998245659
-0.24166851068979223 -4.386216516077445
-0.34614973214409345 -4.098012350925643
-0.13716938432515519 -4.197761143483171
-0.3771547077498513 -4.581052651213637
-0.3953847424706844 -4.549049862375071
-0.13439766793235708 -3.920252692605307
-0.12691344127997706 -4.40334883261717
-0.32807172709332477 -4.525125509078371
-0.39512388594399805 -4.153750742542171
-0.3130505830882209 -4.172141018686246
-0.1507457687459384 -4.365521166702806
-0.2648615810979992 -4.505870512708175
-0.22795450453436186 -4.05754228029788
-0.11276899673367724 -4.193550323002233
-0.14574717049545116 -4.2127159633922835
-0.39138593823703055 -4.132164120533217
-0.18338577681094548 -3.9504886636540375
-0.3766067789019662 -4.253318650851195
-0.14991854890537448 -3.8935624588239355
-0.12293817799124496 -4.533578853300749
-0.22620424725584728 -3.834198350462646
-0.3404145623197731 -4.183114482876504
-0.19311122423295168 -3.9115159188973614
-0.20557057061521697 -3.991479844816374
-0.14014472672683254 -4.087287700741086
-0.22584848530552804 -4.500581762635593
-0.3370507056604575 -4.436075955213462
-0.22119540806843171 -3.9342285883036325
-0.13546805044827492 -4.469647436853039
-0.35611756038532716 -4.470024016494001
-0.22109716800404333 -4.356663332314294
-0.15005977202075896 -4.396631458965468
-0.26345250135610376 -4.3462092059367405
-0.34540281105172244 -4.14527077781846
-0.12679851144496085 -3.8944601876145697
-0.1964381256029293 -4.474683681869168
-0.2691731324239708 -4.1576993228111885
-0.35700434248449114 -3.9261003170570645
-0.3611295023001212 -3.8928977136229386
-0.24842443582072993 -4.545254312171603
-0.2617496466673515 -4.033226415131414
-0.20029592315052472 -4.202241025693588
-0.12231128729971663 -4.56532225475706
-0.20058266224957802 -3.9205030179463694
-0.21394360496597728 -4.52956850550916
-0.21045401483034487 -4.373261211189231
-0.3408471575199409 -4.580057127437033
-0.14006803256425282 -4.126655471761481
-0.29614434838632764 -4.551434615408835
-0.16810873010127708 -4.356463333317232
-0.2398672491841759 -4.497944913741609
-0.18158392267745996 -3.8892522024516127
-0.11583052366244595 -4.4863094212698345
-0.186929825635113 -4.163237102893133
-0.11966313981062915 -4.064437518314156
-0.17420661238113952 -4.399115561453828
-0.31579967166777545 -4.324216614097856
-0.11785321000175447 -3.8370973673045956
-0.3229955537742558 -4.2770592046630656
-0.17112557994559116 -4.258273910776963
-0.31782452964311614 -4.27373930022271
-0.3253978268205741 -4.266094964726294
-0.321214686967588 -4.211393545155707
-0.12479459931200682 -3.8828811392875693
-0.14670746215065383 -4.370854734206134
-0.11314349722176054 -4.306660630474087
-0.28621465131295404 -4.356071182796597
-0.21453131759899843 -3.9016954798559875
-0.1299243723858599 -4.27427835415418
-0.17866291959435138 -3.9526530020841117
-0.11473653125288685 -4.37389092340956
-0.20844685745114597 -4.365846325544463
-0.1485675238131407 -3.839533153412718
-0.22053009977803442 -4.345751542189982
-0.36926897567417216 -4.162350208936225
-0.2439393832757627 -3.9963693415952184
-0.3052188800362863 -4.024642868095032
-0.3004237236508538 -4.261413302978484
-0.16020795311856653 -3.9476273708486342
-0.328715585081913 -4.139766626324581
-0.3671654271908364 -4.346902606203603
-0.13992359194488735 -4.318005510885422
-0.10876919478977226 -4.543624140074441
-0.231228255680048 -4.282284164351488
-0.2173356684458311 -3.8644483563478995
-0.3732952072726006 -4.40953541917279
-0.10095573336744879 -3.9442216806985337
-0.14824584713084749 -4.092894348390898
-0.28852977448450273 -4.08380208384003
-0.2753359196157857 -4.439901608700033
-0.29238141343485813 -4.233545166231598
-0.33144093955085197 -4.15076966332844
-0.3460785663758153 -4.386749174055497
-0.3183537090292825 -4.570933481164036
-0.3219851384874691 -4.017232520426462
-0.10021233318675449 -3.8560473299970006
-0.14279807824000446 -4.421092682144491
-0.12491831040074736 -4.554727324910809
-0.16284635349871043 -4.156444206927538
-0.18452837190859048 -4.18984591890132
-0.3773497276051861 -4.414824219777864
-0.19430885120721655 -4.529050434704883
-0.3695871747436775 -4.069320374413236
-0.3279536520016205 -4.326937583555148
-0.2162712697744462 -4.313156492375408
-0.19954275630602977 -3.9228058766786007
-0.27702950007318294 -3.879065664105543
-0.1990357654532457 -4.351445371869196
-0.258964526824368 -4.221415041560988
-0.15343209878482916 -4.073332497142077
-0.3036711008798709 -4.211376555700336
-0.12530792325988777 -3.9890472168564526
-0.21159690391867692 -3.9287551083485237
-0.15098363901540618 -4.4165580678528755
-0.2693124258244994 -4.293156854075488
-0.2126638351408196 -4.17161502653148
-0.20385318435699817 -4.42268704083937
-0.23973429536294238 -4.476516587122338
-0.3345696479281255 -4.135545872099623
-0.26567736232630834 -4.389907868635744
-0.28588095597874674 -4.042476598264654
-0.15822778779197122 -4.16609458782898
-0.18822337484297175 -4.3378321376671805
-0.24590679685209374 -4.192323987681286
-0.37751695415739156 -4.200665977669781
-0.32065707870740134 -4.329836867829032
-0.3698996743395805 -4.370650610030804
-0.3725463579962733 -4.412857704867057
-0.2906334221946749 -4.5622003130449045
-0.268813198854973 -4.374681553683194
-0.2734002611254611 -4.062629497995416
-0.3377186157082881 -3.9114822541387038
-0.3025408627254021 -4.405966902145525
-0.15684759478390684 -4.335635049293356
-0.3216351396751104 -4.561271878563958
-0.13764934156615988 -4.375139822322869
-0.38645937886583237 -3.8458024234879473
-0.33375124815943213 -4.115966378766374
-0.19884157383369294 -4.554371316437612
-0.28201452869280585 -4.3922667509554865
-0.27376963162787726 -4.187555757041027
-0.16833237282926994 -3.937755169138715
-0.28934498748448184 -4.1085027227613455
-0.2226583313687135 -3.900023544308465
-0.3435088262024244 -4.557797029623624
-0.3338495435439337 -4.153411659571088
-0.22401242167564245 -4.520533152846886
-0.36964528292738486 -4.484659346136149
-0.30863987599677034 -4.107359044349142
-0.22315377731073183 -4.302131988351966
-0.12883513360026566 -4.518910464047299
-0.2654588922534298 -4.089716543590878
-0.17740583849378616 -3.883995421228492
-0.12774088188116628 -4.170307605265186
-0.13385446246826233 -4.438818505781827
-0.36484054271198907 -4.39803413725231
-0.16962056242056528 -4.559599332376375
-0.3426527276857778 -4.278393472501809
-0.17874271162014746 -4.204418622836587
-0.10256918285170841 -4.396014709306063
-0.292862566382629 -4.503647004692192
-0.38835997618025464 -4.069844224752158
-0.13867030344052328 -4.474351882362414
-0.12990177695104255 -4.095392293467185
-0.35822809026449376 -4.4248597908181955
-0.17266341496542525 -4.312251175503803
-0.1646881955852238 -4.151306043807123
-0.1391363736961005 -3.971107771666859
-0.2251917265374764 -3.843579692818517
-0.2984196945403027 -3.8603274440856676
-0.2410891700989506 -4.268639233675598
-0.19414530293104829 -4.341973598591315
-0.33212002372735844 -4.10668433022731
-0.39116709195163096 -3.861599878193018
-0.32909354111136613 -3.913018196942499
-0.21287461133520047 -4.440206769065252
-0.1819092547172836 -3.985294725350065
-0.1478474958592892 -4.3933084754630976
-0.3107709081949677 -4.456856331505043
-0.15080386721303438 -4.082946104537995
-0.10467205790833112 -3.8522596167157084
-0.34416974681295975 -4.22567480379409
-0.13113610161191658 -4.305886437143302
-0.31272266413849437 -4.472157677704108
-0.21198878128212242 -3.956047327604302
-0.30632614198045627 -4.354265510119783
-0.2548654387862519 -4.343972135010474
-0.15819863854691876 -4.122612583889784
-0.11121000168196199 -4.405806777040009
-0.1789881816570261 -4.2366340383990915
-0.14310786884248744 -4.064052197299053
-0.2975146853044046 -4.011094847414753
-0.20045508250237062 -3.9091972001792334
-0.3389506421210261 -4.004370122334356
-0.16207421225719454 -3.8439401325080063
-0.39601554211305984 -4.4107210340861585
-0.13281412398033082 -3.968808923531566
-0.26617306415881176 -4.533689991908399
-0.15724147443777842 -4.4290058235394705
-0.2851738842531708 -3.9783732253277404
-0.3251909517350714 -3.8905576647410327
-0.2475888903406375 -4.553802487775313
-0.2110131700570784 -4.161124720123092
-0.13957039958601541 -4.255893791236245
-0.338907518651393 -4.377381171584562
-0.1915255931215261 -3.8763083978130224
-0.1151328698551442 -4.00291627438692
-0.16510097904100438 -4.074302668977176
-0.12306737971913634 -4.056437649513073
-0.39897479788449935 -3.8690022412702394
-0.14465044802268107 -4.0365549533208815
-0.3316075910543914 -4.544215068967184
-0.2213988530784152 -4.166127643970591
-0.18660878205284465 -3.850388020400914
-0.3984192557277527 -4.055303844427416
-0.36458835714577537 -3.83664411986919
-0.15725310727000918 -4.115203418347904
-0.29709300871715194 -4.271835847941961
-0.13020737921615355 -3.8397299181168245
-0.3411221061142497 -4.433071891663961
-0.3247992487059782 -4.083906167695094
-0.25500646094627655 -4.225703683003856
-0.36726820956462447 -4.416810944475543
-0.3867884196576737 -4.550097363032851
-0.2011561739461897 -4.413945867233419
-0.12014856423565012 -4.357072194425433
-0.36806755570987754 -4.238340642701241
-0.10119133121255136 -4.580646646757572
-0.16991570615645424 -4.256230056547864
-0.3447935375901252 -3.8965781831646247
-0.25327921137740206 -4.312426170605696
-0.2733647144312967 -3.9209857903591057
-0.22712072133835226 -4.146468561819875
-0.2641353310533854 -4.100208097963594
-0.20029657536642306 -3.8711627324874742
-0.17734553506382314 -4.0868781543466515
-0.201510963090611 -4.186079330275885
-0.17430982921523308 -4.001754906774963
-0.10312386238631088 -3.867940894043853
-0.359863827427779 -4.079039779004166
-0.10436523374107887 -4.136315091282859
-0.1589592813207144 -4.254687332933463
-0.24439898174219551 -4.450530205326511
-0.2501600317048802 -4.436225193416874
-0.20304905508988433 -4.095947906732218
-0.2425131925292898 -4.075980654799679
-0.3256842577716088 -4.272883841521364
-0.2547412702538533 -3.896853367186954
-0.19233166960624473 -4.313037502808107
-0.340681491009065 -4.452286903614214
-0.30554703070700145 -4.233059506301881
-0.2624812327896711 -4.087709860598657
-0.2536944951300778 -4.082550063573237
-0.10145769689286377 -4.3107912743334245
-0.3432804552470222 -4.562360745903589
-0.30090119539712434 -4.274187512858701
-0.3413694301858231 -4.504517068658147
-0.27229603998307017 -3.949190362182291
-0.1886277399955201 -3.950051127556831
-0.37762493283362275 -4.219033763439292
-0.2934637469920746 -4.227741641563071
-0.34560985695863344 -4.203071317666767
-0.37307725196032565 -4.307346337799421
-0.3216640405945848 -4.503859127701559
-0.15172141601803124 -4.4173337651103575
-0.29318917423376123 -4.538638166136423
-0.23701338010270503 -3.8509443551059075
-0.2506585154809711 -3.8895477343905873
-0.25327220020037894 -4.160475307035514
-0.3446110674280002 -4.091269974246173
-0.20071685955830126 -4.3575663904107165
-0.2279062569417071 -3.8475242557051628
-0.12823100836376428 -4.112559530609052
-0.20877902653018965 -3.924198781124037
-0.14644949207086327 -4.316207562197607
-0.3748553460229795 -4.050567000963655
-0.13044930825862638 -4.358809852065333
-0.3817005658692446 -4.222261200368154
-0.19933319692656312 -4.32116170874397
-0.39828857696505765 -4.365042925165389
-0.36402054436384584 -3.9127380548258683
-0.35155844607424414 -4.403119472066005
-0.3270776895960745 -4.079708123154732
-0.3283263958983781 -3.8980537883810333
-0.35415705173516987 -4.5317345334423225
-0.3342304285461922 -4.375979353172695
-0.30299757652086173 -3.98657012263478
-0.11149763382378997 -3.934422638293655
-0.32549004803063397 -3.8492467777634554
-0.3312583070684361 -3.979231807970847
-0.2912751232845455 -4.077518033780572
-0.16600186662131028 -3.948848717658772
-0.18733030660146388 -4.449583571536644
-0.2971859647746302 -4.273492604079056
-0.1701161127518425 -4.581895003068676
-0.2902130659489975 -4.352650836450369
-0.2590178826290037 -4.149026790174161
-0.22720706463242857 -4.451713469809376
-0.28644658226182895 -4.057115291806235
-0.10174726827381358 -3.8886222438512887
-0.23968035985069377 -3.958302093597845
-0.385753956580583 -4.297529093106105
-0.36064127361529386 -3.8742426397576946
-0.2888252199077553 -4.324967803429503
-0.16797775720395522 -3.9480323784135067
-0.10958486040079873 -4.374240736944566
-0.3862491242225784 -3.9289093202217864
-0.3385433025745523 -4.412643906471663
-0.18760877269065046 -4.497275166247091
-0.1662710946112859 -4.018562610368521
-0.13384808383780583 -4.272940259088548
-0.21681137419256072 -4.383346099279497
-0.25213635701330306 -4.55297718538141
-0.19763862013499114 -3.948542101212092
-0.3836239950267169 -4.117466033714143
-0.2806129978572902 -4.38745951972672
-0.21686073231622569 -4.5559024997578454
-0.24186089237676378 -4.5807852872841375
-0.10014583868148702 -4.069924088164235
-0.11145499919138724 -4.43772962102084
-0.2487061501745642 -3.8655351127275526
-0.38037780303210333 -4.391024197524981
-0.25130642058885266 -4.407789714447806
-0.3022845726312262 -4.345562350602416
-0.2313637002126689 -4.229738938022684
-0.2696444610283705 -3.934303216421611
-0.18242851546986266 -4.083164805889587
-0.13233019673580332 -4.582985380112582
-0.3262465628208613 -4.260916423545838
-0.3933569945749433 -4.214875697502836
-0.3532123738263008 -4.369372083844569
-0.10314329611371448 -3.978945894115556
-0.1479844131025938 -3.9249999251849483
-0.1884175713015922 -4.1454478756265765
-0.2612145130156661 -4.55968704502173
-0.37605977853304373 -4.365414858160982
-0.3483471484507972 -4.578637881352
-0.18241922216941772 -4.357042441768486
-0.22622876394774724 -4.319707252364205
-0.10839206355168651 -4.4627614352426335
-0.2569181009564194 -4.247023701405123
-0.36389823540438687 -4.366324062526074
-0.22231037548563243 -4.520307770690259
-0.35300791266561304 -4.489277820700897
-0.2807077288835484 -4.47832813730062
-0.3048279886605285 -4.1138797148067034
-0.2286546592611604 -4.560161240625041
-0.13346750592299034 -4.370472710725527
-0.17010436814116894 -4.210445562229659
-0.3878694243362806 -4.243191923734006
-0.36813240732364855 -4.547383795347603
-0.3705952428342762 -4.307118693227802
-0.3018529487795387 -4.079171211681421
-0.1752518588656256 -3.9530829243714454
-0.278717745014223 -4.009937416137816
-0.2542659169106805 -4.057935031026625
-0.10080726322020606 -4.03659959329153
-0.18002086356923866 -3.914994218389463
-0.14262100980285342 -4.089686322809261
-0.3450658519483353 -4.232124325064675
-0.28510970472897595 -4.300781546256258
-0.394432916921556 -4.148044941262456
-0.34460750189250533 -3.936336731582338
-0.20818442978246102 -3.8998770172124875
-0.24041636498610508 -4.468084708174956
-0.3030605904122715 -4.110073530346239
-0.1592412971248214 -4.207351316983834
-0.38824948061917514 -4.021631665383704
-0.3703086756024551 -4.255134202974736
-0.1955543916220079 -4.533805819457639
-0.15478893816487485 -4.364884787055799
-0.30636085949799663 -4.323528757831137
-0.11708494512355805 -4.137711123846212
-0.3180645183100066 -3.962710118550931
-0.26633656368683156 -4.0343853020478235
-0.39540494539547755 -4.183678344387071
-0.30547410820859255 -3.893733254402841
-0.16099291667313662 -4.196711332000181
-0.24791480791038295 -3.8966593177048185
-0.1064491496456283 -4.208100340686935
-0.32564456968745814 -4.0829441198139165
-0.3596596613803203 -4.5618380166520796
-0.28524142488458626 -4.246456540822771
-0.24981199514736144 -4.382067216431893
-0.32719218727080973 -4.551650780458461
-0.18008040790956575 -4.241225317841565
-0.3025032279651425 -4.061116213382641
-0.16206493077347683 -3.865502210727552
-0.1811276439402096 -4.091548665054835
-0.1378437460701082 -4.567169901325031
-0.24331263686753335 -4.1654434456695295
-0.1717062459586685 -4.260503540066305
-0.3497434983679604 -3.976023625200039
-0.21540801055422645 -4.249185515479021
-0.19797230104613722 -4.37653745411708
-0.27957342086984976 -4.559377077189744
-0.27410517268356793 -3.9783490041018013
-0.3904414946134811 -3.8794701237527365
-0.3181955982327423 -4.038076114556693
-0.2670284585459054 -3.986730877218826
-0.3101262044353199 -4.092854281092649
-0.16764494004121414 -4.030164525533007
-0.2607502037372328 -4.409363123291365
-0.1850998357751768 -3.9247697619860076
-0.13503768497450147 -4.479774585747598
-0.17945930136438926 -4.334813758641674
-0.2296371740854166 -4.249736277808087
-0.287996989708679 -4.010930297653404
-0.3605744467918927 -4.137484784671339
-0.15044923807860808 -4.244162135836838
-0.15571259672228654 -4.315687594157286
-0.2537978190474289 -3.96195754375479
-0.34545933071032564 -4.412776324371774
-0.21007006563660124 -4.072322235121126
-0.3233044572196133 -4.018513107896592
-0.13340601425444854 -4.363151617868401
-0.32795748787835494 -3.995127406937681
-0.3077473612519931 -4.462190409300103
-0.21380826389279176 -4.015877874113353
-0.3489982471010008 -4.071900908136096
-0.34878448757461683 -4.328714801272517
-0.13764677291952948 -3.916570381278767
-0.22251500336677596 -4.179361978909454
-0.21780617978222708 -4.26932258805268
-0.3551586355199867 -4.049578872931667
-0.34717122043679416 -3.9471227904503574
-0.3806942373372846 -3.8885286240110157
-0.10118181877105353 -3.8725885247343834
-0.14754369265335043 -4.3326856756080305
-0.2722311044109631 -4.080610515829425
-0.17494055125501157 -4.216232282180575
-0.2560845980455192 -4.1212335046085915
-0.17972443313999814 -4.382714462080683
-0.17248582567108123 -4.380790952609211
-0.25960339836115454 -3.9855855612418662
-0.10111015664726786 -4.187002129886828
-0.31152528176287525 -4.5593600478408
-0.2857568173494082 -4.32399799615397
-0.16294143253363344 -4.476188042178109
-0.3326934024486906 -4.078371713843753
-0.25537049381284543 -4.19965512182878
-0.11947537450557039 -4.304650263979323
-0.1305239143735995 -4.029732979719508
-0.2109961127411367 -4.479804853153374
-0.31424098217379537 -3.86871790350492
-0.3319889110820745 -4.544642499031298
-0.31625237840818593 -4.272027599208763
-0.2101939680413948 -3.9681318174794518
-0.17973520991709735 -4.496174829217474
-0.3344560350292446 -4.3370534801683
-0.15378429549726338 -3.8800145822655927
-0.3955886231386134 -4.229389839721462
-0.3247768174803396 -4.2841226454273365
-0.12759226869916646 -4.179168743714665
-0.2508963993841806 -4.406071576137209
-0.14771781916133858 -4.5187022685508555
-0.16550044491107468 -4.526791232985961
-0.11228180821682371 -3.8557012986467996
-0.3884013607014263 -4.5830090252966365
-0.27925405380204993 -4.211065921800377
-0.3127217467350621 -4.1537495804809055
-0.252141512642423 -3.9502363308217947
-0.37482892420174607 -4.4289358986300185
-0.10930620040769179 -4.492948032508967
-0.26079355614712607 -3.9939476026590155
-0.26785584825877035 -4.013776772548782
-0.2114379014582132 -3.9750139791224854
-0.2057311284568572 -4.485871921682636
-0.1805469904518059 -4.251134694984181
-0.3115999256145685 -4.194061819987271
-0.3910493171035544 -3.8602368084532452
-0.21615859689776462 -3.863285026402193
-0.16972016720244537 -4.378059600477982
-0.32934017667877535 -4.055417111263288
-0.3480957064196162 -4.338574936697578
-0.20059661796372338 -4.542156396759352

0.09872423047640261 1.4863469821075475
0.15143469777601262 1.8612246847737395
0.08032841712290546 1.4895091217508534
0.09696659168288559 1.5683096791415811
0.13252335442258256 1.98346995205225
0.10787013370228585 1.4624187320522584
0.07607837808983768 1.84659902409156
0.09353651820668119 1.3182549473126637
0.09844364411061247 1.4992153323570818
0.08140875440876386 1.4001003955605678
0.07711955953477628 1.398084555400246
0.12218776823193885 1.4519363415094146
0.12972730368555185 1.7830774409094428
0.13108081542079772 1.666244225883775
0.08830962079865232 1.7884102070009313
0.10818195000147163 1.7778903471822036
0.14057390850861695 1.3752441266864075
0.09155237827881897 1.5695817917694248
0.13210510228059735 1.3260187608524465
0.12868065599606882 1.9549746449427308
0.07147281332401453 1.2329891889720044
0.07090114948655718 1.6672732332308327
0.13242542462262666 1.8579005682404386
0.15019245807283094 1.439889855450847
0.14270476199151122 1.774103379430266
0.15580772523445605 1.4504236908668873
0.10505706554161888 1.5425936831415028
0.1506551621795626 1.6573197558714938
0.13296179874570502 1.6960522536660734
0.1302965088206134 1.2469714496489968
0.10888889123946122 1.3341902328354955
0.12080650971612841 1.3289002094845088
0.12155061771891604 1.5002116246858241
0.14314296218852268 1.5574776299171196
0.07906978491408524 1.63779178005003
0.06418748206674818 1.992340943681571
0.09399142610094048 1.96936601679015
0.15056440071501348 1.307450761173474
0.14403675098322638 1.9582477310119126
0.08191398058335009 1.6233884471546922
0.07597511347156968 1.7784205185129385
0.07722151459249987 1.2528210611488473
0.10057068188594975 1.9760438156075781
0.09774545400524166 1.8184545314290155
0.06798137977005109 1.6238591155055353
0.0733052773689207 1.350739123728167
0.09701518019727781 1.5631970665126598
0.07361791770678502 1.751002491242199
0.09993494869733391 1.208866490005832
0.14211638005106597 1.3645880524084844
0.07310793389411398 1.4316875521444552
0.11926152545050807 1.299396878526523
0.14118923212124562 1.266939997362477
0.14612524073355537 1.651613181849679
0.06631385567621809 1.4686018066025968
0.10117573190619339 1.9871642620818903
0.12996886741357952 1.8273729575254753
0.09873762151389184 1.6692844344333044
0.06939391245546618 1.9759458610140912
0.06140461219905211 1.26493337366797
0.11454235593052904 1.9723339060666638
0.15555713008978989 1.6863318738709168
0.15958088691964556 1.6593076479613564
0.1132935124133821 1.6382759940484017
0.10946275707453576 1.4973227804239848
0.14182733058785732 1.4362724830428817
0.14766489431512086 1.6835610203333897
0.08919866798591039 1.8664882233336162
0.12742309681871006 1.346562525297487
0.09378320193250494 1.3797876944496796
0.13021784230306988 1.33732550624706
0.10443460677975847 1.9778731898484136
0.09665161430195074 1.5200902657255546
0.1321673988114714 1.9176191587204772
0.06742572408906476 1.6917139920766961
0.1515481736671535 1.9603894012722132
0.06135930771911926 1.9484044397239615
0.10682644421235167 1.9423703486183015
0.13016348907450764 1.8355481384477121
0.12233928241489905 1.2978113830089735
0.09111883748449137 1.7871919732347754
0.07070117219568711 1.6103103325734691
0.0947107268552957 1.8836120809550487
0.08886348575087319 1.7689962795961853
0.09294192766426448 1.3303917270884569
0.07526888301037757 1.604472991460702
0.15033849459555526 1.686822571383242
0.09018440449238783 1.2862455690955599
0.09143987787282803 1.440382481846434
0.06806450886787067 1.7823679617280797
0.136187209348953 1.2753252506668231
0.12201675560740446 1.4812069171202045
0.14159963855754953 1.8299685658193052
0.0600071653091512 1.2317264740922518
0.1369571739668916 1.8297828581936688
0.12699276164380038 1.8218783339655422
0.14483167717136913 1.427921301813576
0.08428539719399397 1.7000649355903916
0.13709429189812927 1.9346804741261077
0.06552350949876573 1.371500163865133
