10 100 40

0.26640657184862804 1
0.32042966369721315 1
0.5575506112448055 1
0.8542657706136126 1
0.8111816110413594 1
0.09405104786923724 1
0.7874019506276585 1
0.07932835939338145 1
0.5336007033954856 1
0.556089590510955 1

-0.25848483251390586 -4.528651438346916
-0.2948444121278947 -4.252209009147691
-0.14507264272583287 -4.129191205704578
-0.39130912884619334 -3.9629370180822034
-0.28784931011905585 -3.963620441921888
-0.310557453064346 -4.325600722548794
-0.1497326015778932 -4.557711971677464
-0.1885776358390126 -3.903120417393802
-0.32500166254366747 -3.978525894110721
-0.1534910050857132 -3.862855540741522
-0.343765529076295 -3.9704041754129644
-0.3034097700545019 -4.152253060719888
-0.33198540771504775 -4.0129900682293345
-0.14984382295695547 -4.04820047335942
-0.11870919467872276 -4.306785643775099
-0.3699512920804534 -4.413608568397289
-0.1973545566436722 -4.533991283172166
-0.3486414102203888 -4.1892959617830074
-0.19474266549518673 -4.059657905221174
-0.307271836828051 -4.305516777138334
-0.1389933508300305 -4.232557083636172
-0.11959400523555752 -3.8878272724783702
-0.35641812185778954 -4.274060268587615
-0.1859389899084028 -4.198184709747774
-0.11065018319700975 -4.042663752028397
-0.3280857432948677 -3.8578280101328306
-0.3615471810224166 -3.9649754022130304
-0.22186671849201792 -4.269454824584687
-0.38562609870209846 -4.367347214351054
-0.13256286411975376 -4.492028090761086
-0.19791985992920444 -4.072043685220168
-0.3299405218445649 -4.331872323453416
-0.1767380758616645 -4.104513715652973
-0.13671605477196336 -4.0604906314924705
-0.16668742508756734 -4.0389724333867285
-0.3898455931955594 -4.351356152245188
-0.11065828810761047 -4.145060726713317
-0.26666835128457744 -4.115639844712957
-0.12421784166454058 -4.192294362891848
-0.21693368765426146 -4.5819129384090465
-0.1376067054900511 -4.504434320069758
-0.26558856421373433 -3.840419480836184
-0.2806548037077434 -4.245367888611154
-0.1560437468772458 -4.459834177002385
-0.39131724313985705 -4.287434838381614
-0.1575709861624013 -4.513416395954335
-0.19319890599559308 -3.8960969736394855
-0.32226195249388073 -4.559528652261788
-0.17607114736020085 -4.578750619046638
-0.3501884184800489 -4.262694250455804
-0.19921199611801424 -4.027391994426083
-0.2094480431248647 -4.281106648222633
-0.3128145088672799 -3.885931751672115
-0.11930305692517346 -4.327249139003823
-0.1879623567976367 -4.0537122455100425
-0.23095396261183113 -4.0387096313985875
-0.3287391357935756 -4.511607080549687
-0.3883867750569086 -4.24770773191164
-0.1320641216431354 -3.920829902517172
-0.35661824201511855 -4.159842748070488
-0.1635164313709919 -4.409436466647537
-0.2807033225842638 -3.8982482361074293
-0.3239708070462568 -4.158883167034737
-0.16367710937867666 -4.2247947883612325
-0.3729908883641289 -4.085949739962793
-0.36309615783214877 -3.997425947117946
-0.23903061850163862 -4.124732944105951
-0.27498231062526335 -4.004899629759771
-0.2695495178260908 -3.862821204674166
-0.30478913083381537 -3.926352198795599
-0.3260448044685057 -4.562562986616288
-0.27869539775000285 -4.459694141393847
-0.1721319412843772 -3.87439958870306
-0.28261541530463324 -4.038202915191194
-0.19598977887784316 -3.971698543158557
-0.36833067003397885 -3.8859238304075943
-0.2176151957709045 -3.9029969527076296
-0.2147112458617691 -4.000717886402864
-0.12711022383239412 -4.173309164132975
-0.14534924822415907 -4.545975690013543
-0.35199991663974295 -4.098444686707737
-0.33196671611472195 -4.496608513273105
-0.2840122451996708 -4.234396064545439
-0.26526305175468534 -4.111479109146568
-0.19132574771162342 -4.488384560571906
-0.13120033615736482 -4.124795893520526
-0.35867615315970736 -4.10445294081491
-0.1621368576661807 -3.9581694076411527
-0.3996756589830866 -4.111159714263289
-0.16226197469342385 -4.171215611486849
-0.11972744480465192 -3.973541769890999
-0.1045477187176248 -4.400674971290882
-0.2905210443043434 -3.9755447071509677
-0.3871919754277868 -3.9319946931709913
-0.13496826650458915 -4.515346404809546
-0.28592441281430725 -4.398105657430091
-0.1018722919762976 -4.166399125414743
-0.33015843502260744 -4.285980798486717
-0.10118096334903232 -4.4560604806060935
-0.35365959639702993 -3.953342018313128
-0.3660269568994965 -4.1746098712442565
-0.2763462542569321 -4.329152481814612
-0.21052891099248322 -4.529123305203568
-0.36100737153097523 -4.31633248698142
-0.14584951704047716 -4.490366737416004
-0.14138115733631096 -4.485321496832073
-0.20245615778516504 -4.020097604867216
-0.10999869346342905 -4.562229499140869
-0.16285800463274652 -4.504836511213909
-0.38210512191799156 -3.9937473443377254
-0.22236292648384187 -3.856521479928049
-0.18629205308265342 -4.083479371246223
-0.10762760310537434 -4.14375614230075
-0.19613790073240966 -4.569005144761739
-0.24781470685336635 -4.5180648919348
-0.2979827596334051 -4.0896504244804195
-0.28882473213886206 -4.039619836434509
-0.35353271767476346 -3.9015520513584248
-0.13388716093897063 -4.056472309112242
-0.36979878776577 -4.432617908400051
-0.31347338844105654 -4.47102117621242
-0.21945938004309418 -4.273199752312106
-0.14310523662735086 -4.411777270366897
-0.13318173148609563 -4.434336691754397
-0.3874050440526496 -4.245268708384831
-0.28223926633683627 -4.167937791627937
-0.39376811841528336 -4.185994637494948
-0.2788681836441862 -4.396714985934813
-0.21117701438007855 -4.5016827081242115
-0.35571876579916395 -4.4515137763707555
-0.21156451360141743 -4.266725075218051
-0.39838661707478945 -4.108588348075006
-0.3627600691645408 -4.581570809849699
-0.1714253063598089 -4.2984256986991705
-0.19473514543366774 -4.033484199567182
-0.20484785180280518 -4.055186092076411
-0.30554308006300224 -4.357648446024751
-0.31491054443188954 -4.5303394839451885
-0.1723646461487911 -4.025995083593229
-0.15594504838489498 -3.980705569704144
-0.32866025875961513 -4.157622910683496
-0.36872741405902365 -4.16564128939586
-0.1896796838847721 -4.165427104615867
-0.3835737431110302 -4.109030750583406
-0.2715527786019136 -3.963989626174032
-0.28998265009931035 -4.3159408468587905
-0.16617649234769022 -4.023219990719775
-0.14924349455827457 -3.9113107045741256
-0.2549221006347496 -4.31096517460638
-0.3774187664851555 -4.548712691842573
-0.1750809733743945 -3.9816537265732284
-0.23667082931021016 -4.20419248536734
-0.2665576167481021 -4.404695605380229
-0.16927104941270493 -4.133206721712283
-0.2870972964772441 -3.992566916204501
-0.3551551558325591 -4.42694632930038
-0.22141669582273663 -4.019529214769513
-0.3348377712010695 -3.8584836656436887
-0.24077526745412214 -4.380275897048448
-0.3908281216800389 -4.417045539042079
-0.3683407751637515 -4.4704970692997446
-0.17856485833659486 -4.026913179892021
-0.3302690407811296 -4.078123421135108
-0.3577738690580436 -4.266542195133024
-0.18797840035125382 -4.457744481001741
-0.37555966657826306 -3.8686357549131554
-0.1326384501308694 -4.308950326102239
-0.2043523027595129 -3.9418367749501235
-0.11282941912331701 -4.147734387217569
-0.3091701555998544 -4.378172256816957
-0.3845595024328196 -3.8371748011638314
-0.11031448705740521 -4.085807677127432
-0.1607804361821082 -3.9828884183412607
-0.33016045536504296 -4.244164928426393
-0.34668811373095676 -3.865843764863885
-0.30317116864196103 -4.373037151677963
-0.2753727425056375 -3.9266201037439123
-0.11947350743382706 -4.041174753677941
-0.35679069431935195 -4.46247338711251
-0.2216830051341812 -4.443165329711707
-0.1484811354335584 -3.888638270336476
-0.19750064105437257 -4.42743033995278
-0.21646795271459954 -4.142306077774238
-0.32126813166674906 -4.195682561873719
-0.19628707068728204 -4.018540966851822
-0.1269750158945006 -4.542799379592316
-0.2783420008657663 -4.42335114077737
-0.3810922656915697 -4.469479304270757
-0.1803834789844171 -4.5334010166365095
-0.18562139476718126 -4.362829365409115
-0.373986022272213 -4.287901098881972
-0.3741003738614539 -4.163271931585264
-0.11336512881127037 -4.39856927975462
-0.22717360747935753 -3.9319854646297987
-0.22965830101950654 -4.265550523704488
-0.1500150692220949 -4.056615955964213
-0.22131072071147287 -3.858361410290717
-0.3541239149353124 -4.439846473223142
-0.3835959315563753 -4.314165655801702
-0.2787310574513107 -4.198638491319509
-0.13530009378786012 -3.8749320180597513
-0.19921237441693662 -3.9176994729748698
-0.2551130602761943 -4.044325368504935
-0.3656480951783067 -3.833590530130211
-0.18009007907030014 -4.097278541312345
-0.2534756225614644 -3.9758486181435058
-0.16729734590442769 -4.100667886317581
-0.39614934889007436 -4.261165255533316
-0.143338392023717 -4.436430063854745
-0.3524733009904829 -3.939223840512664
-0.17953451534324244 -3.900929676010771
-0.29195487974598106 -4.375828981394154
-0.3451856031377455 -4.271274914047808
-0.2650697536905935 -4.24930698603387
-0.37833226667868236 -4.276393831068857
-0.3875893896422063 -4.38639670059588
-0.17282095656889973 -3.912302154614447
-0.2636556178897219 -4.47160309520383
-0.38024790766996863 -3.9532723543837207
-0.22504898626491962 -4.485520293108083
-0.2290364531859595 -4.302032468882166
-0.2802850704517156 -4.0956182308519935
-0.38183331925060965 -3.8878659881134365
-0.289233089532548 -4.141304075031744
-0.32325791155765554 -4.112371994695698
-0.3871633173313131 -4.203457202871164
-0.19688639653491097 -4.039420978128789
-0.1516874771677083 -4.039114705356157
-0.23297747353909562 -4.398355185280057
-0.20715627813262064 -3.8666876656015234
-0.2957260275247433 -4.245606272703105
-0.3741702381710609 -4.127646676302032
-0.3293858910373407 -3.8345553516170705
-0.17631863447870927 -4.005530614971261
-0.2831653824563267 -4.2281591576245505
-0.3735648824794828 -4.443672894995492
-0.27885527646315583 -4.51782730616156
-0.12369689495269315 -4.342659469842547
-0.23295862966651848 -4.443843315230113
-0.3990675977779124 -4.169731395311807
-0.29580538794952715 -4.282941558969024
-0.27104461698941795 -4.575111677991307
-0.2948181482804964 -4.447431787268643
-0.17652848539302585 -4.3108110849267565
-0.23248126659491142 -4.451081127839049
-0.10740686947158334 -3.991504327004739
-0.2903891500069089 -4.34983789907518
-0.21262359645819542 -3.9275429036675256
-0.3099983749923461 -4.568798829051154
-0.11292039137577092 -3.8514812085308616
-0.14731673257726718 -4.2459597891362115
-0.3116990942743236 -3.8480197285510305
-0.24784618293000238 -3.8919286905654187
-0.3642432042618441 -3.846879362849994
-0.1426159840269412 -4.147503423902901
-0.2367036708055428 -4.331318550064865
-0.2849840353109848 -4.583986292250275
-0.3936236829375437 -4.4183212934362945
-0.3484901966704673 -4.1178372157971355
-0.13054057275639214 -4.256087405418619
-0.16670894738686942 -4.209797219396866
-0.34693632420905174 -4.279150684557887
-0.31849188881898105 -4.577830982469793
-0.14223957326654807 -4.031565501368975
-0.3378120654131181 -4.351687054243554
-0.18935788474766466 -4.294817345598519
-0.2708042665487389 -4.01998968794196
-0.351752997441227 -3.9573608721680262
-0.19810579755362112 -4.54975299165475
-0.2164302246150913 -4.300594697215973
-0.18549105606403885 -4.100587239453223
-0.3372810812861152 -4.57831756037214
-0.17784070868268737 -3.837502747710296
-0.284267225041636 -3.9850777593846285
-0.26341370683107157 -4.1167584349959325
-0.32461142042631386 -3.959193200867897
-0.3384588188361381 -4.221414619704789
-0.1489551815596945 -3.9612076652546118
-0.31422091642979266 -3.850461904603174
-0.2510202327204086 -4.505001494948752
-0.23931450243774352 -3.998565469297268
-0.2703048526825794 -4.547942563816302
-0.19785269286216114 -4.069706618049322
-0.17608122710811233 -4.231219243455208
-0.17310006675668774 -3.8326255235926174
-0.37572219317790717 -4.472211583901299
-0.3878068271243664 -4.20366472023629
-0.11685398697944666 -4.441076565319947
-0.12320760357047789 -4.401564951556761
-0.37520662153941464 -3.902209508535517
-0.31908947384043473 -3.953009807654097
-0.36620780109311063 -4.097560427223198
-0.17974645101050862 -4.075347582275385
-0.15812512086521652 -4.154569572710425
-0.2905660232693176 -4.203252247897985
-0.39038488958097295 -3.8879882807704087
-0.10739229530146194 -3.835036112940386
-0.2808100374893794 -4.406495246179175
-0.14811978734071268 -4.037365256591936
-0.18424381178036553 -4.525873979968431
-0.2808041184955961 -4.2756972639724315
-0.3865458778257513 -4.47991869217347
-0.24452250214379234 -4.067965557075339
-0.21168895027746318 -4.028820900272632
-0.10836685209370828 -4.434349701862072
-0.16323719136322667 -4.527324247208327
-0.17297960531758713 -3.9651624892404866
-0.14019167796904886 -3.8562846993571505
-0.3460825878195254 -4.331964724875358
-0.3389243592605917 -4.479334397580207
-0.19661308871018926 -4.201812487720429
-0.2849262120471257 -4.454459886579587
-0.3065573896779252 -3.9001000300826423
-0.1008644807514712 -4.041507906546007
-0.2621993153838619 -4.424954507934522
-0.16142717631040773 -4.5683609130550344
-0.24210541887757017 -4.426369136258775
-0.3290171396122145 -3.8665245833719704
-0.18184168363836653 -4.21781523520007
-0.3060863492695948 -4.477433389003439
-0.18749782124631542 -3.9413842572154563
-0.3923958271790493 -3.8575705997434806
-0.18873697089066183 -4.092688159535627
-0.11954464915477636 -3.8847203720249497
-0.10228939626276773 -4.4768499959416195
-0.23451484509858977 -4.330720012426539
-0.15510932176452832 -3.8433417546437085
-0.2446230880974208 -4.004968849462323
-0.20495732402504796 -4.119237458772152
-0.13614288479600883 -4.352111575777697
-0.32648746833385867 -4.433493334363203
-0.30028126613258654 -4.365237973429148
-0.3401400338348605 -3.8949121455840436
-0.35993250686806866 -4.187247332456071
-0.33246189825361405 -4.257939730038911
-0.2613384460820273 -4.135039168309462
-0.25032056151129733 -4.559682453759195
-0.12403776465776695 -4.328859436133303
-0.11908586905389568 -4.38265029691039
-0.31997504116410436 -4.290745753009723
-0.3827865495024021 -4.223379516785759
-0.14565760502850672 -4.183773449418079
-0.2641715698327002 -4.578188413008093
-0.1497976012762428 -4.069149108633878
-0.2792204833071885 -3.981589006897244
-0.13622894848255057 -4.112472217310832
-0.3906413348651257 -4.279521584671592
-0.24058116247734448 -4.1322960680820096
-0.36956325824364294 -4.1504142069921155
-0.1048721133003695 -4.1526070385571705
-0.3070793676782801 -4.239648596946592
-0.3991494478140391 -4.119939872505124
-0.16500878020704352 -3.8640098814605217
-0.356339760160857 -4.047682577979396
-0.1230275223292494 -4.525807543354753
-0.2757755146098887 -3.889979856533334
-0.19215070256745903 -4.021422563468321
-0.39980717764111456 -4.035585503058848
-0.18759460185764787 -4.292180076453664
-0.15701554980412802 -4.326381524513464
-0.25645123277720694 -4.262017332184463
-0.22141790256807606 -3.9366773667767223
-0.12135441984565704 -4.030024668823852
-0.2372375525722017 -4.49809614864157
-0.2984864937760198 -3.9640646078526895
-0.3913370818514657 -4.507583691334401
-0.2558616463611105 -4.041574230928727
-0.30649076470847636 -3.8552789693036384
-0.3135088663943664 -4.372354596665653
-0.1009460745208211 -3.839401310775085
-0.19009797704540143 -4.042403741414176
-0.3740418501051742 -4.069500209631138
-0.2564526175617582 -4.201612696775054
-0.2791541061272341 -4.250367431817743
-0.22216964917443713 -4.232806037636234
-0.25827110864048614 -4.429967915275582
-0.13996832543114934 -4.266605429477412
-0.12247935792384745 -4.239042332075108
-0.28632091861657244 -3.9930660380144865
-0.16687486764591564 -4.221071673979426
-0.11343719204055941 -4.542472040766773
-0.1034421798283256 -3.9459762014619684
-0.27644224536912076 -4.518852972327192
-0.2638523573779567 -4.341267424534077
-0.31900439147220094 -3.903059062715717
-0.21235276497061367 -4.354733617365844
-0.18796004515143616 -4.323107942209468
-0.13873782635749066 -4.333674439267593
-0.12123088669731663 -4.557437179086015
-0.2923660018473193 -3.9491856473710527
-0.10683640986657278 -4.377348136035939
-0.12416505024559032 -4.237544101544948
-0.352682509431335 -3.8534522370115933
-0.20030263369711887 -4.429003304588593
-0.38308488171126387 -4.555043298741916
-0.2290261177665832 -3.8426628447540008
-0.362728494329345 -4.096537600621753
-0.166896605500751 -3.9411305888329813
-0.14956922702191022 -3.981785875882228
-0.3282492111782077 -4.5638647190118755
-0.3577405823475834 -4.427963360170492
-0.14529890577813354 -3.936417488862798
-0.12229580461860273 -4.143077385763672
-0.1395329008530321 -3.938317347380294
-0.10859627614256157 -4.315144265038076
-0.28420499013593126 -4.365239568278764
-0.37374762994440935 -4.524536531078714
-0.1681493999685708 -4.017402445138656
-0.11627952091674043 -4.014603719553678
-0.20145104370662614 -3.8944541881012187
-0.38364769234876567 -4.258326640807555
-0.21868043455512493 -3.93776766640601
-0.21895794697910176 -3.964588183191806
-0.3079679489425772 -4.131946279854809
-0.28218219152956814 -3.997312136352046
-0.3770800961042206 -4.389865766549501
-0.3423056423607786 -3.9124096808741777
-0.14595021026835048 -3.9706395928463385
-0.20272029174278963 -4.090905046126808
-0.1935577062490517 -4.503300804812397
-0.22129564502957363 -3.9834757438465296
-0.18990080168368076 -4.050896037190618
-0.207717420992815 -4.106888224821856
-0.2270058909504733 -4.190504124758246
-0.3435977863875342 -4.199223170200364
-0.2787830582796599 -4.453222189509357
-0.35503902403382953 -4.297976867127652
-0.3207870868251441 -4.020112858352143
-0.37333249705996696 -4.271750568943689
-0.24252277351312168 -4.403395730129635
-0.13329570365971355 -4.304493366724158
-0.20176271643606022 -4.546745311912588
-0.21758489797680594 -4.297180501091684
-0.20833857059426925 -3.8420001025967
-0.10449420731885395 -3.9859650492066727
-0.14623144555231382 -4.084461342535258
-0.349640225237834 -4.565116557461644
-0.30287140151128417 -3.8352175379171447
-0.33785596327810985 -4.013361029415331
-0.3388414075792741 -4.106707132812438
-0.15916919490551765 -4.104623560227728
-0.3548206344853716 -4.067457312545182
-0.38888312488791865 -4.186755437125746
-0.31416043637269425 -4.5582072650035155
-0.19287916121795562 -4.048037682054101
-0.1500147378106113 -4.575900266924931
-0.3783882146255565 -3.962061153001785
-0.3784059561143792 -4.1242649250320955
-0.3250566694547672 -3.958095100079109
-0.36501188031901405 -3.9682437792878145
-0.2891923758400971 -4.050295544191191
-0.1985161216028014 -4.290530211486567
-0.16838359971694628 -3.9026467278004677
-0.2659969025096125 -4.475009670728692
-0.2885101694048209 -3.9767260510595133
-0.24708870364386892 -4.091817956736121
-0.23880807950961727 -4.033033474057758
-0.11460729860306657 -4.0227106986666925
-0.29744356632631674 -4.165164259696625
-0.13768704188942665 -4.369132269429363
-0.12093821354774958 -3.9328504462893834
-0.28555200710449913 -4.498217492392338
-0.24842789310380375 -4.420131419125765
-0.12392380926338659 -4.260562882079445
-0.10838538300637668 -4.394245091279034
-0.39171212540528955 -4.176799421276775
-0.1664029674090881 -3.9955226595159954
-0.22440104022274823 -4.134244186691034
-0.22912789901191025 -4.184341418525701
-0.16585761751404954 -4.452801694654361
-0.10475072683487596 -3.9656038362989428
-0.19748562067274147 -4.280347994037109
-0.15003058752961576 -4.521272014418674
-0.21865128292545533 -4.400285837990369
-0.38687824848226404 -4.024093821197457
-0.1932058675342071 -4.105263212849103
-0.24764603882943617 -4.110969141428715
-0.374349672572902 -4.578324616022395
-0.10418124105876242 -4.306745424898879
-0.36220084469159813 -4.40945721084264
-0.18605789311111953 -4.214739764433053
-0.1490477390952264 -4.47304271870481
-0.27394361243261434 -3.9846700613017196
-0.22184000357743636 -4.489994986158961
-0.21514200062032687 -4.090970470722537
-0.17436590122843784 -3.8670231016808465
-0.1899571235414699 -4.315067442459238
-0.1868641871901918 -4.336270965189704
-0.36234749766754537 -4.441097837396088
-0.11345765856749973 -4.107668614227999
-0.19296681299317306 -4.516703100574999
-0.3138492402806168 -4.289184444347437
-0.14066966363327854 -4.513157897420663
-0.20756113711561355 -4.175346927887183
-0.20650915668704073 -4.427516157611754
-0.2024697096088199 -4.174925377972262
-0.24728335830153314 -3.922485238041476
-0.2476770369458917 -4.554284029705917
-0.26698921712695445 -4.05619908166044
-0.3161149781931239 -4.483458548100558
-0.37010899120812524 -4.248216229898169
-0.26374763123660405 -4.1978437517557685
-0.32107740054405604 -4.549664876264005
-0.25774273611371495 -4.166035442403849
-0.1468096059060513 -4.476254554639231
-0.21349321461389112 -4.134145597910588
-0.14819991546715383 -4.5021397091395965
-0.3468682466213182 -3.845559076061776
-0.2181828241728244 -4.052658563893633
-0.28070166105274313 -3.977410765838308
-0.3589636376727361 -4.249824581899139
-0.30300566756977493 -4.551315926442147
-0.300488294059997 -4.06019163329078
-0.39402103848299735 -4.2631405039207
-0.1693959428498995 -4.299425908800779
-0.371438808834278 -4.445187641051125
-0.289951304659235 -4.273542216350994
-0.2620892326207175 -3.928433380645177
-0.2731094152682433 -4.478035223770498
-0.29097937603762075 -3.9272985831780733
-0.3740778813964077 -3.9111506500511974
-0.286302754457226 -4.564769966069461
-0.30555854703822516 -4.568891211936029
-0.19842931487391474 -3.933324060990616
-0.13470610474984213 -3.8876843361254494
-0.32044757073612795 -4.030881237579741
-0.3942221141812674 -4.233628616716424
-0.3498706784881633 -4.559896115005429
-0.14521824598394228 -3.922148281652442
-0.34277440608123144 -4.390902211488638
-0.2931276378928693 -4.472582701648567
-0.3422147446296105 -4.546474306407743
-0.12032087708620481 -4.363052565374419
-0.2021505320780265 -4.1396078194656
-0.19347946765921242 -4.584158150871914
-0.3862684056916513 -3.9515932261623785
-0.3983190606024535 -4.275247349872454
-0.20107006578229614 -4.280218423666742
-0.1475190081918954 -4.1559643769283845
-0.18719043215001635 -4.301711507654531
-0.27741231520257825 -4.0613221212849355
-0.2464673903107743 -4.367047247958956
-0.3776756712469593 -3.8497959945219478
-0.11426133934644084 -4.249413419657713
-0.31334118046179854 -4.517160327464422
-0.17045095452759174 -4.0807059405620585
-0.33080413006207515 -4.266428649509546
-0.2029536269363267 -4.4068326673920994
-0.2857918889598343 -4.443484843423901
-0.2704519364280844 -3.834490973860495
-0.2553103977155572 -4.572380353131542
-0.32752943006539625 -3.8754614779454237
-0.39781230045705773 -3.842518497758161
-0.23832418261954452 -3.8788277488615406
-0.2153773579417851 -4.320524699365835
-0.13575886313400143 -4.3685407175536755
-0.14579637461017642 -3.8805023569788264
-0.287561880750617 -4.035257866445156
-0.3143549083092014 -4.481924701987902
-0.3518374564550883 -3.856882330160951
-0.13265587824251507 -3.9327855567944714
-0.3739801707879416 -4.475482651837758
-0.35766553746335955 -4.487048243568432
-0.22208199213072816 -4.2055745279115975
-0.33560829540471193 -4.230307280490924
-0.13007179102601424 -4.129956840460559
-0.2268571846563114 -4.297131786197258
-0.1251013522008546 -4.079581580872432
-0.17909392930413431 -4.4401639139428495
-0.14800652207999426 -4.364884922334844
-0.2509216141989581 -4.171165275904649
-0.23447510854055253 -4.13504106559013
-0.38264860583051913 -4.249591282696081
-0.2473502545008931 -4.1264948744038294
-0.34010246186306686 -4.480350950543329
-0.23052698338784236 -4.4490887768951035
-0.37852129520296446 -4.2495423374511905
-0.21466323585840374 -4.3202956417233995
-0.19491248295444033 -4.203719949803183
-0.24270629146153389 -3.8775046944079996
-0.2962927607491747 -4.361274088041037
-0.2902244118355698 -4.206961520909317
-0.17422079093276485 -4.432601736683967
-0.2386687099027951 -3.843416422564831
-0.3129817789455589 -3.918810792573534
-0.38735120659753286 -4.054043509192193
-0.3887246964650582 -4.4304516570256105
-0.368575237844625 -3.9016621235345053
-0.25133531790530783 -4.075024107064221
-0.1454433667832727 -4.058358815596807
-0.2679473178472208 -4.160921376399987
-0.17362262050688515 -4.472869738607911
-0.23511684796193824 -4.129446713129801
-0.3034507597034654 -3.8975673977182095
-0.36469624855561994 -4.223793923266825
-0.2741908323735635 -4.384194233075986
-0.2293853235301524 -4.105049333273172
-0.2506549337034961 -3.91328943151554
-0.25094353654727425 -4.310181061826128
-0.28874811671229256 -4.488906119926095
-0.1420543705703839 -3.876934699880433
-0.3835515148028793 -4.489975660108791
-0.21189966708015234 -4.262338045901676
-0.10651707514038761 -3.9540465805079137
-0.34663765757354603 -4.583736973647877
-0.17224975721806193 -4.084232342407322
-0.33693781996178435 -4.048958638123096
-0.3636366252865342 -4.4851557083426385
-0.11876664125376302 -4.020433187435827
-0.10124989420788699 -4.384927135643208
-0.3638100600537291 -3.8490543461956572
-0.11636284624112964 -4.253330328429559
-0.3266885079624717 -4.184118326804524
-0.21483316992234636 -4.078660504973582
-0.270719309707096 -4.119974456524552
-0.16914460328216266 -4.344613039144559
-0.32957618884231976 -4.518786758662947
-0.17714811583902204 -3.925511453989887
-0.23444085200178155 -4.537529629198808
-0.24417716826458646 -4.4970024585128385
-0.3475341480749969 -4.011683769125186
-0.3984494800504214 -4.3960876479651505
-0.10007113887052027 -4.063677566692282
-0.17621921230913662 -4.271471793902433
-0.1432527473240417 -4.306904416263386
-0.390407751397764 -3.860915671539662
-0.19375009757329098 -3.975704806112229
-0.3976436142139786 -4.083354534849804
-0.1968796927269051 -4.34136529288415
-0.2906277025143581 -4.160408538458389
-0.3205474973987799 -4.199409273900492
-0.29960391255571756 -4.093908713198515
-0.2863044488400887 -4.365353761364377
-0.1274788517856032 -4.124215690496087
-0.2570040460775139 -3.9888752169036983
-0.2733112730924906 -3.952388937651764
-0.37731288609364355 -4.2040055458589825
-0.10863963485808792 -4.426652682393096
-0.3043118854724898 -4.042145749759831
-0.281384619150304 -3.8710542114652116
-0.2138692887367207 -3.97042427381299
-0.22340356767564315 -3.97329276075744
-0.2867537478121976 -4.4394191826947
-0.32402382881521086 -4.454873374862224
-0.1702958272095134 -4.391804416834682
-0.2404119262606361 -4.52702212468012
-0.3562333003463011 -4.055462998342735
-0.10983926087074364 -3.9249330285408224
-0.14417767272186216 -4.583612057080076
-0.14529215006093354 -3.841432578087482
-0.31240016715962965 -4.352320609996028
-0.24085534971460604 -4.414658731525432
-0.23630300866483026 -4.411378573014932
-0.3303343535351379 -3.9206005579445518
-0.3455230793553256 -4.180627960720109
-0.20293990261244496 -4.216851340119922
-0.3299284188339904 -4.491469601581534
-0.3121923090031592 -3.9318455272684014
-0.20890391824059606 -4.138057776315099
-0.3695805124812777 -4.3594250328377075
-0.3150194305856885 -4.118907562080921
-0.23687923485605164 -4.16878821343066
-0.1108717546468686 -4.314678159199199
-0.25620326862791304 -4.203938051117666
-0.3572666947017883 -3.843212112374143
-0.3395065223694527 -3.990924513047762
-0.12295718712747938 -4.133428369843343
-0.39388064652905896 -3.9287671013185026
-0.20422415374348943 -3.9661617524007404
-0.3560577991692595 -4.362598609796508
-0.22313826590814786 -4.164368125208736
-0.22639319368235658 -4.492331872318695
-0.30644568166557934 -4.040524960628361
-0.21161002106521543 -3.8761536649591055
-0.3845920720943372 -3.8664336413008145
-0.13381676697961936 -4.228370568853476
-0.25319476809939245 -3.8450910926570177
-0.33248306042798925 -3.8414164955032133
-0.1539193394281193 -4.211388314512694
-0.22127611495695818 -4.195376368198279
-0.15466664836883157 -4.203635562741785
-0.3211569417527894 -4.202865395771218
-0.2224020652170073 -4.369928383093709
-0.18691970994223714 -4.039864633973237
-0.27470584575683943 -4.109206788789387
-0.2570408775166763 -4.018877185677911
-0.3795883779959824 -4.296004873935243
-0.2939024885091166 -4.24060456745201
-0.28729638137965563 -4.07759928357445
-0.30189872115041744 -4.466409673255279
-0.21135478674847655 -4.370915052197628
-0.14763842710643083 -4.25065972021025
-0.3095595328669919 -4.094402576538548
-0.2592341465375492 -4.250205486078405
-0.11227647544125308 -3.934775489771929
-0.2945993880780194 -3.9326809735261485
-0.12176680755334773 -4.018243017196999
-0.1770037525113683 -4.181970503316941
-0.16030827774738238 -4.497297653901132
-0.14474817852979915 -4.275656306226828
-0.3141339877800512 -4.453578441287772
-0.21834382810346514 -4.106241668185444
-0.22603713546579113 -3.9735387799871464
-0.1098828316149359 -4.002812312858422
-0.24331975147650153 -4.275513365268054
-0.30243316774712464 -4.273373070597168
-0.16873378989950127 -3.9645784976206033
-0.17544403587104843 -3.862400465675723
-0.3690759421625228 -4.464885294301959
-0.11145847119462832 -4.534084129883987
-0.20947723450735492 -4.219197199361171
-0.13813207367406072 -3.9039656787337647
-0.31144420450437404 -4.488214274112769
-0.14248708610818966 -3.980581503954491
-0.3532726984845618 -4.268540953501167
-0.2414329869836575 -4.476121726015327
-0.2873365597673299 -4.406966559134819
-0.2661733270320804 -4.486102265669596
-0.22963404892957556 -4.468927639062366
-0.3245191888394185 -4.536207864272886
-0.28947169823536684 -4.081786197915
-0.1317680954286235 -4.558867335503943
-0.2532465923944538 -4.1278335460627265
-0.3312623366063134 -4.050815503669378
-0.2770120184671729 -4.1599932670660875
-0.25942982557247213 -4.553586643924754
-0.10064260234652211 -4.359363121816292
-0.35493739501514826 -3.871842902958358
-0.20452021146805777 -4.172423187723709
-0.24337246169151164 -3.8606222788053746
-0.19862055223009897 -4.178581455448936
-0.23162602311240837 -4.4291599975483384
-0.1476539216860911 -4.495312979649936
-0.18541844546570752 -4.452615374304688
-0.13109378811700512 -4.231141087595586
-0.14513799533315258 -4.472627194794492
-0.1530416035340506 -4.16823493833636
-0.13321111697582444 -4.007911397724038
-0.2148505013297222 -4.172310530907875
-0.3725509252872572 -3.8562425160120597
-0.22077020273273867 -3.9233905657212054
-0.3612099932269717 -4.109461318146313
-0.31359851171760006 -3.9026136872321384
-0.36002785134026405 -3.9844150384099635
-0.2561651376916615 -3.9267563687967613
-0.13911018866020758 -4.08755694587259
-0.12157430898525662 -4.23819007217949
-0.21005691254094205 -4.578374447958873
-0.10212908141007554 -4.0635265389267765
-0.22454303951306037 -4.250359579506041
-0.2761034975723476 -4.4554313321445855
-0.32226387217960806 -4.151456121902388
-0.296416397263362 -4.433900324501254
-0.1543555606163965 -4.154169504422312
-0.3442960755729594 -3.84560234764194
-0.21638578183778415 -4.136489609090425
-0.1159755252826205 -3.88821824762465
-0.38358617031944775 -3.8808081542310244
-0.3745777745978422 -4.094134273199405
-0.16278421592333184 -3.868272301950098
-0.3218707661858511 -4.292910874615043
-0.27860065009077195 -3.9498986934922518
-0.3165883276942476 -4.377173992135275
-0.26440280772914926 -4.4039551180818135
-0.24477086271359266 -3.9825240380108715
-0.31244939489454615 -4.124063402286702
-0.2839086204629083 -3.9536304999213416
-0.12381419004320637 -4.571928110954319
-0.3768500211734091 -4.406747559864726
-0.1733503887413664 -4.303318629449213
-0.29070398905912986 -3.8987975615642703
-0.11600135983735027 -4.58413116023372
-0.3475983593418954 -4.345974235727593
-0.3153934637236216 -4.494011351794646
-0.18572257747081666 -4.203790020680973
-0.287674694029864 -4.293343514810027
-0.28331599152154996 -4.542835194705639
-0.16310402922892697 -4.245862905842065
-0.2122348434365033 -4.16855828030239
-0.30001455354805573 -4.0808607773763175
-0.31607094107184586 -4.162266493115753
-0.24318436927189996 -3.91063344072706
-0.10040198334608391 -4.136546729366435
-0.2604160415909701 -4.536887251639145
-0.22687564188513634 -4.214541028704801
-0.1529349556672214 -4.406599309549998
-0.3433711049325598 -4.239190333165462
-0.32284105309368233 -3.99390646970014
-0.15682805909755246 -4.159097847564049
-0.30392667227306924 -4.371453863754955
-0.1862465506207807 -4.313156937155637
-0.3087499878903664 -4.121957246109836
-0.3252389499829171 -4.222636537699967
-0.2301206092202022 -4.151750430350828
-0.3918056627629651 -3.939298098686706
-0.16771380375137007 -3.91100723457361
-0.2607274934141133 -4.288244299557087
-0.24621415590841905 -4.140298975419189
-0.14456854619523019 -4.139614173060793
-0.27898370366683806 -4.320662014842633
-0.38149894616417956 -3.8526352380159623
-0.1537223696611405 -4.086870184093998
-0.29808607845144003 -3.9914009084884103
-0.19559389395786356 -3.9566630989451217
-0.25059445108641737 -4.121910938604582
-0.275314442911273 -4.000694435399664
-0.30044673322160875 -3.8836173572474832
-0.2116923675160251 -4.276320834290702
-0.21943879896428264 -4.042840318854033
-0.15667181777465478 -4.399973790483551
-0.2908031572630099 -4.486075815817048
-0.38048419283537854 -4.377994918828323
-0.24481362103956197 -4.4172454867649185
-0.15875764289374328 -4.089969898034003
-0.11390203210051086 -4.389386492252856
-0.33274532840782534 -4.023353225039683
-0.15415186512982992 -4.351865387737204
-0.11360215880326652 -3.893835011084998
-0.16780646810771002 -4.0545851009003115
-0.26458451087451784 -4.40358715873843
-0.3984451633502824 -4.200250577484178
-0.28787293073462716 -3.9748374681478458
-0.395342901358455 -4.354442357094214
-0.10840377503511944 -4.392713003712935
-0.16961124100620642 -4.174376866499195
-0.16105942467127432 -4.4442037041630185
-0.24785563626026028 -4.317129049427339
-0.33834190534740105 -4.134774863956192
-0.1364554404272068 -4.005612242425876
-0.22271457430195685 -4.558989064439622
-0.28959914492209565 -4.557805882799748
-0.37364979478086435 -4.180381746387506
-0.18005125022999965 -4.312555004572458
-0.16379385185297862 -4.5157243127847915
-0.28536435141944294 -4.313993691187544
-0.3819151703181623 -4.00133166970415
-0.21429873232560848 -4.446212470429966
-0.2972146614034941 -4.482253019822148
-0.3357809784451635 -4.384275937370384
-0.2542148714838732 -4.078976552247726
-0.23902432092973475 -4.205595890928146
-0.3765422960057606 -4.152985539484817
-0.18720846456143006 -4.356652129925644
-0.257195327917692 -3.8792309501611073
-0.13973085110144595 -4.236848503557834
-0.23958769664068283 -4.23653956998743
-0.22365556676486079 -3.963307494428534
-0.15058121420085233 -4.516853290218397
-0.325731399739217 -4.5340277054880085
-0.290111869728033 -4.32394963847961
-0.3217076935624824 -3.8883802239081238
-0.27672829240905333 -4.265192246835547
-0.2969873874629478 -4.287816966879202
-0.33356613067978363 -3.9510626167312894
-0.28449753273170436 -4.298533341994973
-0.21122066875502102 -4.525559608477776
-0.26585193732982804 -4.1007872958633715
-0.18187381557973148 -4.210557173693187
-0.1754606786706111 -4.502171407900255
-0.37467349723956844 -4.564197147524389
-0.2501830343726669 -4.366582125234736
-0.3522449388341961 -4.241199374423037
-0.20868903655685214 -4.113007072792589
-0.20523515460599456 -4.350795526165124
-0.18580655186485293 -4.0963970374529675
-0.38610621346011503 -4.10610131017888
-0.2758218764350649 -3.9990547395003584
-0.35199352980704085 -4.292743623972978
-0.19340583664233818 -4.323018328972963
-0.11083952430224225 -4.239035872180226
-0.2382566437343748 -4.2902688118247445
-0.20986237182769915 -3.9400383154036906
-0.3388501758190785 -3.8656423583116446
-0.20802571751615276 -4.010869153481862
-0.325111955060328 -4.169577786570411
-0.19881345830648806 -4.096233664148446
-0.32352538873998726 -4.057809050418772
-0.37924897469500085 -4.295784965063532
-0.2172501104567569 -3.8489485033228754
-0.3957604311439763 -4.101768496382034
-0.20585929851055895 -4.140721593269566
-0.13273896597204332 -4.453020774899555
-0.12101647912909519 -4.518645011383204
-0.3639094464673858 -4.152363828194805
-0.11398946510700492 -4.512286638010654
-0.2555272301232681 -4.449754806355945
-0.3014113271987206 -4.092492192813236
-0.24204219653226172 -4.432130746606364
-0.2332876810695937 -4.344276918790136
-0.32827326809595314 -4.268331680861783
-0.31627460774064275 -4.277244129531765
-0.20126142343154527 -4.437964692251589
-0.19089129834382276 -3.832335822204537
-0.3236186902035748 -4.313085329079497
-0.15297979747067036 -4.215243993245423
-0.198539547898103 -3.970087958536723
-0.1878556043502878 -4.30094234444994
-0.1558345850962662 -4.089707736662776
-0.18445605514340158 -4.565085724258927
-0.23914290286640652 -3.991289076336883
-0.14059991173563868 -4.0330200201291
-0.238510236893195 -4.184547920053041
-0.102294085028174 -4.241465182551064
-0.10259129987384785 -4.313652729023185
-0.23132823447436374 -4.216998378233538
-0.18279983045323103 -4.44521072809897
-0.1216948171751297 -4.037400552143791
-0.37616962323401626 -4.2713754150506755
-0.21027641097497546 -4.320933932882116
-0.14517443672032254 -4.044334847525139
-0.38540929110787325 -4.532288709955575
-0.2633271422193628 -4.230516871107587
-0.38520641844707326 -4.114309411200303
-0.1079751763421326 -4.455365777705171
-0.1732642092846749 -4.274541956610376
-0.2603123417248281 -4.366838345513306
-0.11482836841506178 -4.5613436037488775
-0.1222382462840702 -4.418345950971246
-0.3760280469657846 -4.344582057495433
-0.18639510793825817 -4.359833738931848
-0.2806184341120887 -4.320156610971035
-0.20955449559839423 -4.247703488405012
-0.2980713102245599 -4.165396717138121
-0.2745274615223404 -4.224103661390576
-0.3877927829221765 -4.386555975004608
-0.17555601410320523 -4.001210096479394
-0.3467565533100109 -4.5494594249636915
-0.12379537431602122 -4.023142588581221
-0.37719706421316135 -4.388993571652029
-0.24802107306321758 -4.043897495525614
-0.38382927477343526 -4.0150183302233335
-0.3362290631635082 -4.533015975278924
-0.3342100677343449 -4.135003039311993
-0.21159830845666786 -4.147553025787974
-0.18172113753467947 -4.268517209397288
-0.22983704346246694 -4.278935130256937
-0.3875960857200802 -3.8483708150154023
-0.3456634789090893 -4.2127536680209925
-0.2949966783977678 -4.077716756016026
-0.1673526389224408 -4.139350607499331
-0.12878404146622408 -4.491463197050687
-0.2749346715834293 -4.174676909807293
-0.12952558420591304 -4.518946748811335
-0.3345324907550133 -4.504407871271083
-0.24991849779046485 -3.9222006023838882
-0.1537857357735052 -4.192582825054554
-0.3806661920021312 -4.328998791179033
-0.3420087020141005 -4.501985971622609
-0.31359969559779016 -4.290965044466205
-0.10909380664985646 -4.07429487434421
-0.25081232029120626 -4.168992712047996
-0.34363637270410374 -4.39762041671754
-0.13148044120008323 -4.468826945428863
-0.19750652462032428 -4.0158289382789905
-0.3735105490406645 -4.125788208948439
-0.18454392499792138 -4.497302346790889
-0.29359122729442394 -4.1982075316042815
-0.13079633388545525 -4.023179569180636
-0.21310976520451524 -4.31572857019237
-0.21253092606447616 -4.31190245119898
-0.33651479518166066 -3.8864455609761945
-0.18568729716028115 -4.152680383117112
-0.2807094340355243 -4.275860926561862
-0.1675639129302809 -4.546472958408738
-0.21960096987351632 -4.046070823671357
-0.2328201281019276 -4.075131548457556
-0.27727051004411035 -4.453365224764942
-0.2688605824691953 -4.566137404208308
-0.11893536553099748 -4.3620808197301155
-0.2679995237944243 -4.125891087527132
-0.26626604982316004 -4.064066838692094
-0.363594358714244 -4.460070745998752
-0.13278960872167606 -4.277995429736302
-0.2811485074304386 -3.870588999096862
-0.3637639410314002 -4.248159267395092
-0.27516141995113275 -4.178675690928875
-0.31056007479165165 -4.436611809865494
-0.18006607250833795 -3.837321082954894
-0.2830498563228391 -4.170546182367135
-0.1505370310075231 -4.351852545585607
-0.2121276024652981 -4.18961008977406
-0.35428178078524586 -3.9832785372121506
-0.2420987374906914 -3.8437179814749967
-0.12319277018843161 -4.426661802878558
-0.24229486547986584 -4.023959450148115
-0.2573572618235581 -4.31851237001117
-0.3444637417666616 -4.4747892813279035
-0.17478676727863657 -4.312999324839798
-0.27900590015540006 -4.181857660634967
-0.23414609741587125 -4.320060006877671
-0.19931161235102557 -4.452600342364708
-0.18404947054236404 -4.291224879023489
-0.18455871682263847 -3.8812727257070883
-0.2990678578166824 -4.236631221588235
-0.12503271368470625 -3.9272055553228356
-0.3273163135183727 -4.345157298407681
-0.39253845957089023 -4.545115076501822
-0.35899499953260855 -3.8522860581379264
-0.37698994176815204 -3.922097236893645
-0.2615235608484826 -4.317668419658202

0.1400525694965563 1.2111901407774328
0.06571119088024722 1.7600166501105485
0.14863836024578944 1.4998224792086288
0.08301071711477147 1.706853059613025
0.09426931477337247 1.5246553642918885
0.11368969324604136 1.212616290453924
0.09516073656650179 1.803106407118592
0.08325625642689707 1.7467766287470468
0.15444532850846682 1.954752546639452
0.12830133249449496 1.959973006904464
0.13780471917606302 1.6561401122999122
0.11861136684561097 1.4433073670819971
0.12519012968388432 1.4927838545363326
0.11151189981718806 1.2326073671866313
0.07099765005353212 1.6356504378786507
0.14415515244462762 1.9121633166702106
0.10459883072415328 1.9597796939042105
0.14007289361676306 1.5091409444773525
0.14191837961392417 1.5679920275215493
0.0966282545134454 1.8483680732555088
0.06954105191863552 1.304454557509921
0.06911328978119188 1.3509861250189927
0.07737758905792105 1.2220096759240333
0.13733586755745442 1.733863091650002
0.13517295374138066 1.7785948323579772
0.11882922133459181 1.2748112932669033
0.14072497628506392 1.3292522223113135
0.061528450032013016 1.9877199870970774
0.1576589204732404 1.8726199218331527
0.079490416739076 1.2092782585305417
0.0836161039768092 1.945237374588118
0.13013006411253336 1.298329426597918
0.06628013596523835 1.3618571428982587
0.14754204043132035 1.4713896108000823
0.09383996832414457 1.3186202066666615
0.1489653287598699 1.445067660623146
0.12106925845231406 1.4952866484773792
0.0715640136260205 1.2074691518196394
0.11224772426783233 1.8519813933354192
0.07720807349595413 1.432151245524453
0.15477877913700894 1.8463684137644476
0.09362520636823063 1.5025780629469352
0.1369197211318784 1.5068358361983312
0.06547953082114419 1.6903144271119273
0.07404738274187697 1.6239075834867016
0.1200904534958937 1.3382258337355146
0.13119981412100662 1.6478889660133231
0.15889801576545842 1.379331901982115
0.15482024955367824 1.7508907312211135
0.10955949696208285 1.8847184830219552
0.09661490999753275 1.5917326778806031
0.11816853671457814 1.300210674033898
0.08165261606909571 1.3770210583858558
0.10818145796743026 1.964239041577944
0.14751297483159276 1.8065899188902255
0.06670307619076386 1.4117794119310265
0.07983878794730363 1.7182725489864639
0.1595237990008534 1.4459570748793782
0.1537062381288794 1.7254932671803098
0.06882531389803694 1.5742698207483994
0.07741130234864915 1.6398336112906524
0.12394614690190986 1.867540844043555
0.0897303695113302 1.8705813584301925
0.08314470757864023 1.6770652177795735
0.14547898796574144 1.401748694669812
0.1316821092622854 1.3617069668350126
0.1422517416168503 1.74625388520113
0.14979352934162798 1.5047637557767075
0.06786258294639524 1.2984112761707116
0.10087280494664874 1.4658955885071072
0.12205703520341556 1.573708492095378
0.10939441154637504 1.7405822474592818
0.07219429732168045 1.8291527396951688
0.07971247927913193 1.2896381171900917
0.0812104779113813 1.5776011192117274
0.13600730790862972 1.397334828228341
0.1337765429939321 1.4975620891044676
0.12432266824767264 1.3490544233576816
0.14991141537192143 1.3865462047004906
0.1469133078826091 1.9283138725250721
0.14082922645134627 1.2258158902372907
0.15679590009340805 1.5471568879676225
0.12451340744950858 1.6777854744310976
0.1453870142871894 1.9505559979163523
0.15202998241964405 1.7638626230360228
0.12607410211155978 1.363150364620071
0.10772283563909857 1.638735430795701
0.14638553661131426 1.858385112060867
0.15262586179452237 1.6586237021505623
0.11907013946801692 1.2231582877742575
0.10956135294786229 1.6866017932237598
0.15552231456929197 1.4625127419678783
0.09766340154758074 1.2908555246377602
0.10671047927604739 1.6554395873438685
0.11029279048470222 1.3274358468182872
0.10226416604700828 1.974950633423172
0.15929025924130713 1.9273394377626683
0.14612628921254678 1.9205605711339708
0.0985275600954821 1.404387239120977
0.10499014471799764 1.3605883545591304
