10 100 40

0.3170396749534842 1
0.709691143217322 1
0.6994298840282063 1
0.14926173894890615 1
0.021489322087351326 1
0.20754626571215828 1
0.3626422824616322 1
0.5782088281937316 1
0.2305839182042666 1
0.3000980496585197 1

-0.19649453691472715 -4.338233847749046
-0.21971523003061905 -4.024288907453697
-0.33797867519537395 -3.9481441367197245
-0.1599582959326338 -4.352998263877329
-0.2026999162724612 -3.9190790562183215
-0.3229239842102646 -4.233927580754635
-0.21410955252181005 -4.195452410723546
-0.150240747501203 -4.084375423591423
-0.3827560197197703 -4.02751220337095
-0.18831078913961494 -4.2162724696409954
-0.3775535619306107 -4.194299130104009
-0.13519659310108467 -4.248590761220621
-0.13734960256289058 -4.105980422449235
-0.21316834984723843 -4.5594043080722395
-0.12547311331947825 -4.01573761706007
-0.19199729567665455 -4.056434615408868
-0.3910690209292269 -4.463381267721724
-0.11528869383031737 -4.46795977200011
-0.20030073842127147 -4.313446242272513
-0.1732989195725223 -3.9658508966682766
-0.16492772137779732 -4.582568494187832
-0.37637532938426316 -3.9366039153880568
-0.21329620475873387 -3.9940817326073246
-0.20070461206570853 -4.14578372460195
-0.11589562974667794 -4.1194454219980505
-0.2240140698766327 -3.917941156123982
-0.38734109388256927 -3.924617581631293
-0.1856260118836634 -3.937651154048454
-0.2207576464082005 -4.126059599096262
-0.2514763699609414 -3.8726954890658942
-0.2706940276242188 -4.583975112700774
-0.12813629140410487 -4.419757586936335
-0.15643113413806514 -3.8395167346021153
-0.199348231597339 -4.09343545481777
-0.12094948018196117 -4.409342520537164
-0.13100630001117775 -3.98814058325443
-0.29165040624744515 -4.161727298590958
-0.17894910862507946 -4.318980102717269
-0.23257116703052427 -4.098466130280266
-0.3474676147920556 -4.052474985927691
-0.12081966833408903 -4.344315473516971
-0.2801996165258671 -4.224432281776627
-0.10228275175185941 -3.9137398566490864
-0.2945103942930511 -4.058154859008248
-0.2550823117703159 -3.9378328989441065
-0.19547597940118938 -4.402185017256376
-0.3884973196158331 -3.908075273253175
-0.10235784212426513 -4.323078791554741
-0.34744719165708104 -4.210586940867266
-0.11614251246754159 -4.046206968060288
-0.29005495883741594 -4.060491214580791
-0.11237772023303161 -3.8534531875511857
-0.16974837316159921 -4.058046390992253
-0.22815563664515012 -3.9916638017558723
-0.2978566132064436 -4.194516699957899
-0.2108901049151074 -4.181618280345587
-0.3700308751429101 -4.416583314112575
-0.31591346844956764 -4.076374467433552
-0.10171199962718097 -4.569664922195966
-0.1025668825510403 -4.095163018535625
-0.27583037835266855 -4.183694410972288
-0.39013650706628833 -4.051058700166348
-0.24636880720726945 -4.394573721978378
-0.2520859457657747 -4.149606935908709
-0.3445224986524431 -4.453322051198363
-0.14743912134985077 -4.0754256986461765
-0.3579978789762057 -4.150187417836068
-0.11183569576721752 -3.9916501005890397
-0.116324267125136 -4.262650588629057
-0.12066487317776603 -4.435987741312514
-0.1634968033762612 -4.558352204410032
-0.3444825222451763 -4.3715887917504
-0.20866585977574933 -3.8355566520003492
-0.21174141777127228 -3.9454857994859442
-0.24181608657191106 -4.546415829371486
-0.2979361244032187 -4.272101125873033
-0.2552284612018146 -4.031311909196458
-0.1823135251810316 -4.1752704543386985
-0.37732866392573844 -4.489460390844977
-0.11199556246810921 -4.131770003024417
-0.3578313616369101 -4.353685437296397
-0.29130941545827205 -4.237766668722247
-0.2320551338678824 -4.167810004350109
-0.2476659538419132 -4.072482496366673
-0.3029404863205187 -4.352401714488723
-0.2371985940968065 -4.18238567019879
-0.15846451043981635 -3.994639370115623
-0.1107491224185963 -4.409695136848107
-0.14750593797965272 -4.445800436527474
-0.3531512276593362 -4.021682673009686
-0.2445418305351969 -4.560121715302529
-0.2511277733792806 -4.537460491555646
-0.3991928524348042 -4.442131890740443
-0.1946535192721728 -4.083076259198466
-0.16953927641039246 -4.291325163136159
-0.36579358607641765 -3.9311406924233747
-0.24287936865813436 -3.9829661366212874
-0.3038494362655067 -4.110766309587474
-0.14696277648597733 -3.894023257717581
-0.37153871943499506 -4.5728841957881405
-0.18329443485605093 -4.349991042567017
-0.17656340885338093 -4.352531260871352
-0.22752010054363922 -4.329203858226765
-0.17096078199422943 -4.550700823070596
-0.32999215304774554 -3.94503294101018
-0.18071111413614627 -4.032942893771425
-0.38032019651614757 -4.1194677539044475
-0.13475296243004997 -4.216686741229896
-0.11830906951625825 -3.970618896164298
-0.19861892372733148 -4.184057259945074
-0.10939469589010486 -4.251078338615997
-0.2798056813144237 -4.447119193615064
-0.3318694726428676 -3.8330762090385777
-0.2368306064372968 -3.8947151311676427
-0.2485442089229048 -3.916359985521783
-0.21895154986632626 -4.312777842144367
-0.11794797853517203 -3.992171968128118
-0.3423792254348029 -4.203054386651691
-0.23760371019011756 -4.2644937093553414
-0.18087440176639524 -4.2047969012587085
-0.32334876421099734 -3.875069346235523
-0.2545298937252466 -4.401461288686224
-0.31314231773726775 -3.97680921260411
-0.35368860749593367 -3.8862609397348225
-0.12976560126693204 -4.251811901646494
-0.3809773761595875 -4.335785490818134
-0.22455214535473234 -4.404099141070605
-0.34788297877244595 -4.526544607405336
-0.3359060968726548 -4.1573350356517444
-0.35479030355561086 -4.393931955620946
-0.3516713425602122 -4.309057302003207
-0.3289974400526482 -4.015050067508506
-0.2435301008912022 -4.300754503493371
-0.26689542838312935 -3.973840648455296
-0.1950737722966987 -4.257356870315131
-0.38672703281027937 -4.494704840328278
-0.3687618078081446 -3.8672431766234014
-0.3327834564551175 -4.058896699905242
-0.1504376670462268 -4.383893158746112
-0.287704949168102 -4.579264151810534
-0.23604963349940344 -3.931590499356395
-0.16411757567544244 -4.173587161124024
-0.14252087585981604 -4.107225136585262
-0.18622198266071288 -4.2254611677786285
-0.2097556274410998 -3.9859980194048306
-0.3670264280321668 -4.230563149303962
-0.18397834084783654 -4.323395475302038
-0.28284471437476527 -4.380858790721264
-0.2463384966951087 -4.10234306440278
-0.11577264994433484 -4.001658565701661
-0.18499907862105044 -3.983422494626963
-0.2447804883290203 -4.422430430624628
-0.1989410720743847 -4.412470232708979
-0.28925549024143016 -3.873248841910253
-0.20708601858528708 -4.371431992808171
-0.23912190145695877 -4.2960467365272965
-0.29159438355609313 -4.133237216843112
-0.23035545016428324 -4.029837142972726
-0.35530781679718587 -3.982908849004913
-0.3436660841730738 -4.1044437997052015
-0.26714836226484695 -4.330989634710029
-0.2508333465409961 -4.339400051330822
-0.28136813016025963 -3.8844036114994074
-0.34426397905968786 -3.8645935483013982
-0.3857519373630894 -4.031997393279565
-0.39125805423786836 -3.836787820568047
-0.18042476389540799 -4.438479176334333
-0.31312108208577555 -4.431032460966554
-0.19323622712448674 -3.8707886647840857
-0.1450053745086366 -4.570997068534678
-0.3954938160748414 -3.9094080470721972
-0.2510900224666056 -4.521083768125941
-0.24682923326345643 -4.396590323812664
-0.26508098592720125 -4.512133661058464
-0.15835412503922083 -4.195271991063312
-0.145779142863536 -4.3537782444449
-0.13137186104853965 -4.530071796522939
-0.30806964518531027 -3.9117283387353585
-0.18374069346804428 -4.221115614347084
-0.16060316698369304 -4.199105664982932
-0.25842348097524165 -4.170673252425275
-0.2115106829654316 -4.476915613112184
-0.3835548448263987 -4.571237572633175
-0.1979158758032463 -4.047299937962783
-0.21232371949574178 -4.221440769509325
-0.263734331616562 -4.18125491561329
-0.1366390331960775 -4.057947098692244
-0.21730955500206126 -4.152718128375386
-0.13788423949972917 -4.025438769397755
-0.3067322423917469 -4.482564536711631
-0.3958896584553981 -4.395356197291545
-0.2041430914899056 -4.296053037074703
-0.27188266366074576 -4.447133515604974
-0.2395050553076542 -4.005610271942489
-0.34028974549807967 -3.8935266257146868
-0.27154957208926833 -4.136902194838299
-0.14568859544317392 -4.304024589599727
-0.3632556136396421 -3.87430028141448
-0.3576857341169928 -4.415683577178806
-0.2788408213535891 -4.225484456490558
-0.11050481934101264 -4.427179890116877
-0.25630641717463354 -4.502385541751282
-0.25009320542992863 -4.302812419827051
-0.2574309549964474 -3.870670721157204
-0.1671715277277082 -4.258885670109456
-0.24108550011602103 -4.170265316060709
-0.28112887027711414 -4.307561389721778
-0.34211876789992923 -4.400462964844229
-0.1424670238600032 -4.524633122405315
-0.12795308343058337 -4.18799888279899
-0.10446938381458865 -4.162135676042047
-0.2380910422858337 -4.562813234042649
-0.2462303326482422 -4.0889393492079185
-0.3689219356136947 -4.475101966149961
-0.3382813240570752 -4.144513850483942
-0.1252481409243364 -4.336180758367144
-0.3788492793967996 -3.9111249438805986
-0.15296259293803213 -4.355156935412994
-0.2678676081266851 -3.9717206002636
-0.37321415048703305 -4.206896257849115
-0.10323246874277064 -4.187976582721099
-0.3738522932381555 -3.939071843756291
-0.3622184343186696 -4.578123411109413
-0.21684987858588511 -4.320502509288609
-0.3983720565244532 -4.188779270491443
-0.13883782584389032 -4.493734561471435
-0.3867903637321038 -3.8922767809825713
-0.3565124012897032 -3.869474394780471
-0.23824107923876442 -4.472091372826662
-0.3459721337702681 -4.293363031030964
-0.27661161960293623 -4.52781005779363
-0.14407091402226208 -4.164689020450736
-0.17714233197951879 -4.082245459848676
-0.21977044820861882 -3.9490924077430005
-0.1422548763348081 -3.8458307632190945
-0.3254816745641106 -4.010205831482805
-0.13395202963316116 -4.002769207745011
-0.13824165079982725 -3.9030682727963617
-0.2357912063408519 -4.496332618508209
-0.3914841137491578 -4.449535798275606
-0.18938823847213543 -4.069188414914782
-0.14778412970116434 -3.925666112132222
-0.15397380688346504 -4.120396671908787
-0.14610186350526383 -4.40753835498087
-0.2906939351922258 -4.5721687607687835
-0.21640800250738118 -3.8352550873972717
-0.24521527125571102 -3.83251348087694
-0.3902174751785709 -4.065972270120924
-0.2994535903241805 -4.285971808940485
-0.2937650708362335 -4.334246523918878
-0.16503041151393205 -4.536061339821191
-0.2006617853420082 -3.8682090187078506
-0.17582409896871065 -3.9579130472865374
-0.2686276146453332 -4.092560855484285
-0.3202537686762321 -3.866172174337434
-0.26843732451294827 -4.427230793072483
-0.22641927845235563 -4.449743349457828
-0.19709966560647377 -4.5770153514732135
-0.39192579628554375 -4.515834201606366
-0.20818673986232486 -3.9949702544493166
-0.12492004319565897 -4.534562250493538
-0.35158481788973395 -4.251681337931804
-0.20997829573050872 -3.9876185883946835
-0.22879570479788489 -4.377738329789306
-0.10079729709738028 -4.175636031276056
-0.19647327584026328 -3.9884350975690523
-0.2055586951520268 -4.253024997125709
-0.27934433631937067 -4.525099310429669
-0.14684655271768499 -4.178692242851504
-0.1609614385086456 -3.9252299121111474
-0.15035401270986873 -4.284760539825605
-0.36703938773624334 -3.976217975042208
-0.316394465244785 -4.282978828672413
-0.2866007768402126 -4.19804681797737
-0.3386286283079822 -4.529470761856613
-0.2883276998448197 -4.150066805610072
-0.23784033432158883 -4.342190681511904
-0.3433671965690659 -4.169225600463375
-0.39670738429091706 -4.286822339218342
-0.2968991962791981 -3.857605177641018
-0.185898911046976 -4.28402434875008
-0.2993640084105995 -4.0534852624844815
-0.39660440028216354 -4.534506428342475
-0.23725378387334975 -4.0321782143227125
-0.33899133641824175 -4.331940009399707
-0.23188870466355035 -4.470844697440663
-0.22761976646810933 -4.3234580163522764
-0.28661503726653076 -4.4259548324380305
-0.15387746677922545 -4.5810211431099646
-0.11272122443674543 -3.959695360983479
-0.2329578516471406 -4.113259307017472
-0.15557555043032398 -4.52768779714764
-0.1486549951428045 -3.906011040414869
-0.15263285327777168 -4.342952059250388
-0.1328148159725726 -4.177762757634553
-0.3523343934167719 -4.193911915824088
-0.23030163633699458 -4.203487564570297
-0.28230395628664184 -3.9186880057739533
-0.19445490100984777 -4.049897281811058
-0.326401730500709 -3.905156289404676
-0.3245996614730898 -4.321413129654352
-0.22920770325220138 -4.504772800062404
-0.2882946325491044 -4.534322251074615
-0.2904369850705674 -4.193086481479785
-0.16289746570161412 -4.495095425016823
-0.2941020637186729 -4.372305188427507
-0.3794357756465811 -4.182259330792239
-0.2015563241939114 -4.18870123499625
-0.2121454832137817 -4.495673696619518
-0.23959041187956548 -4.294799593504949
-0.3094915764793627 -3.836318879013029
-0.174865292809788 -4.114580147056226
-0.36074685279547275 -4.282630911157282
-0.3852023417878601 -4.095679156650741
-0.39682384063543896 -4.207347844067539
-0.16570340950280724 -4.158503734578496
-0.3855801310671495 -4.34628526635521
-0.15157431629803234 -4.560377034684922
-0.31833683459541195 -4.368491493739894
-0.2991653120421667 -3.884285243711977
-0.23196490056493685 -4.334410921704236
-0.3140325447461427 -3.9713939477595854
-0.36075105389315815 -4.387894402045094
-0.21526774197227463 -4.551626253487783
-0.248743922904269 -4.378214941975353
-0.16827572246185513 -4.355534389123788
-0.2849858536984643 -4.199192474202052
-0.13377851299696514 -4.206953249563883
-0.33009803745676985 -3.8516332887058553
-0.159485126110444 -4.36180567635352
-0.22333901104404996 -4.369130595754494
-0.20169101311146811 -4.270499015311594
-0.12396357939612468 -4.153376893026213
-0.2873088796711597 -4.082587926489771
-0.3113018840322982 -4.043293419803419
-0.2723207101299368 -4.539102363281505
-0.3940429373829343 -4.163226710051497
-0.14314157279441303 -4.134737835974038
-0.19692571998107328 -4.114750915288308
-0.34766252148014953 -4.038320093957946
-0.18659719370889172 -3.8353418554663814
-0.2742658226572581 -4.360188989023512
-0.1811297301015246 -4.162043888985268
-0.2497803974082503 -4.294758902972868
-0.383057186056194 -4.581844878519376
-0.3872703819587734 -4.208102368901916
-0.24731608150722684 -4.431778475200587
-0.26392029676030143 -4.11270063431212
-0.1483304289672815 -4.006467994724342
-0.16291658816759805 -4.095961965563474
-0.3886682884893102 -4.564227101324402
-0.20892967337942633 -4.009753942679621
-0.3370795374028671 -3.898501148890518
-0.2618742196456822 -3.9088862425807624
-0.33014040803396244 -3.962261809999467
-0.25393499999405217 -3.9170198269465404
-0.10827680435266651 -4.016045468056656
-0.1979698081756809 -3.883916157642399
-0.18622532347257742 -4.359369358209408
-0.25075764903833697 -3.889368091025476
-0.3102980948805729 -4.22744486192603
-0.18571771630493822 -4.0293692299277
-0.3519136884869885 -4.18379378666496
-0.10684844867220822 -4.1167984168824825
-0.194852427707723 -4.55039589178932
-0.26007220349430366 -4.137199310437573
-0.1949863223543554 -4.042279159212254
-0.38137222390972936 -4.203663439782852
-0.20975740924921565 -4.270036888970071
-0.3651534510574912 -4.262069306201539
-0.22222703097324545 -3.9952857712130125
-0.3390943208833378 -4.351169017109627
-0.37631626467754115 -4.192312327713398
-0.2729494521579399 -4.115755007273725
-0.2906500893784367 -4.38770661423606
-0.273655715597208 -4.1451808225960995
-0.31284359591279104 -4.549946325711183
-0.2575125092568298 -3.891753843815672
-0.11607195067580917 -4.0938351557879615
-0.3032469708703259 -3.8849821631730945
-0.3670329921467875 -4.457629343299186
-0.3862106699214522 -4.227528488093691
-0.2682231283260825 -4.174386612177537
-0.38379604683967344 -4.385426253796343
-0.2948150666361292 -4.409939086633591
-0.2515614288514783 -4.523542904686074
-0.17083148908473356 -4.335329347692945
-0.16230951007682873 -3.8370924787124037
-0.21051254623552584 -3.947447628180478
-0.24743720486162513 -4.233325730978219
-0.19252675406214823 -3.9340535656904865
-0.35074559304647146 -3.9816869846825753
-0.36682948666093956 -4.139712312264067
-0.38507067899339825 -4.525179973149767
-0.10774756229597321 -4.257938260956034
-0.2689134557047589 -3.8343619749025786
-0.3764722505696496 -4.197938764138685
-0.15019488592678232 -4.081856237484652
-0.16943166699379664 -4.306181911422271
-0.1615470124276298 -4.064881002787935
-0.3179260058165915 -4.272366252264562
-0.2519590196212048 -4.27823921966777
-0.13404956115078198 -3.974140561566707
-0.17337328723114376 -4.400358791907217
-0.29215585388757864 -4.25681027180438
-0.1094856796621283 -4.187826030744174
-0.2935455870257788 -4.140245927153773
-0.38782257930702535 -4.429167660448018
-0.2881745003435572 -3.8339580807197065
-0.2518899042112388 -3.9160384812856743
-0.34604578683351506 -4.353415478952075
-0.39431054775726393 -4.45621489016248
-0.17263566184229 -4.193117344649824
-0.32689104214789827 -3.966697334592387
-0.3121958639217816 -3.9426788581139403
-0.3921838469660609 -4.415488972478385
-0.3404449476725342 -4.011384465038073
-0.20588438867594405 -4.170489275132049
-0.3515633893235116 -3.951275074932582
-0.3763759332330422 -4.227147869198065
-0.10480899437620622 -4.4181453108852375
-0.29930207753486776 -4.313323697889127
-0.34564915755088255 -4.19605423326326
-0.25942187429773866 -4.222316829093973
-0.2997779085245609 -3.9462076788962377
-0.2548574197591072 -4.058319108207746
-0.11560875639142754 -4.115602067177333
-0.1347023882964249 -4.125778056614519
-0.27626003627993523 -4.1092023165514995
-0.12036460725175319 -3.964744892569006
-0.1514665630093542 -4.370467368427794
-0.33786063632460056 -4.053204977093302
-0.3924469998538794 -4.128568642959763
-0.15284508339194233 -4.201659343666121
-0.2802717280510398 -3.9167741466063477
-0.2959125981388247 -4.02598533278143
-0.28109428345094334 -4.139025603945208
-0.3043502120596773 -3.8828844480530416
-0.32211300141487026 -4.33535870286331
-0.3110591422408424 -4.246075076162215
-0.23134572223508823 -4.565110359167401
-0.29806473162645725 -3.8477404708020213
-0.2624830647791684 -4.077600327865738
-0.194315971279025 -4.559888031681734
-0.24566888856369526 -4.43256741960948
-0.3605500727930894 -4.270332776648438
-0.19658947962780887 -3.9121472504180326
-0.222432224771171 -3.838439010904521
-0.22553033583661813 -4.046297056505099
-0.1529315011834818 -4.549533981002002
-0.23710398399863142 -3.898072886001687
-0.26678644040960864 -4.07896444232152
-0.12915207730516193 -4.322364346572215
-0.2633210507237703 -4.310852857084617
-0.35318573195924824 -3.898075923988066
-0.15057106298764747 -4.065766815583535
-0.32185399703104023 -4.302585939132933
-0.3861559891590691 -4.224077130284493
-0.39621067478542277 -3.9276659103936797
-0.25561626746343935 -4.410614650405867
-0.39921977189948743 -4.038649400474476
-0.24721781108959398 -4.433102785540493
-0.2851903694254305 -4.184221716697042
-0.2363922370673365 -4.151804537240408
-0.1339229562626788 -3.991921529307188
-0.37970002287762655 -4.197890585584124
-0.11689188094488234 -4.332055760401531
-0.33550795245217646 -4.069585046046787
-0.2568255571402506 -3.9314080761862646
-0.20867400917930712 -4.196943706052055
-0.25531290673597534 -4.400755154501993
-0.1387101131554282 -4.035969237952447
-0.13150368468120838 -4.130102910583845
-0.36764072170931206 -3.9890535136438725
-0.35742733105631125 -4.359196254883764
-0.26871621228719833 -3.9457156014921075
-0.22743226716138532 -4.124300676414839
-0.20781888876743096 -4.18823839674205
-0.10684412006117833 -4.259210133152184
-0.10159383581033932 -4.537210191455876
-0.37028026110723106 -4.3074975583608754
-0.2977314294380711 -4.214451831981394
-0.3410338799651096 -4.47058987864677
-0.23562764838614092 -3.9172238094507787
-0.2634561180717294 -4.446157887498654
-0.3409466115875376 -4.50574511595738
-0.11131449617150524 -4.204213099391053
-0.38240760295304577 -4.073293702659135
-0.3653315537594765 -3.8879127413952097
-0.17719489244589504 -4.10051643972016
-0.13511357928736906 -4.186441693993679
-0.28211382459366335 -4.329651143470603
-0.2599883333855408 -4.159799498793825
-0.3830517062794654 -4.226364399942724
-0.2743667907905982 -4.371139274969438
-0.3410553140239613 -4.53231885779441
-0.36282308301207317 -4.377830074598447
-0.39045354538645144 -3.9438369132306788
-0.3647585560441666 -3.9635262843208423
-0.1119525729787621 -4.267003283482551
-0.30346330051377546 -4.327260076367807
-0.34193447694776075 -4.283181713516106
-0.14884214750031072 -4.257608892650908
-0.3749052375396492 -4.232585062610595
-0.10963556095586063 -4.121138678214289
-0.26057393079117186 -4.423181543326529
-0.2482395184726245 -3.832313485069222
-0.3829858592842862 -4.0373897616450725
-0.2840367757561414 -4.522027006263486
-0.325375845669452 -3.9673993354537966
-0.2325074675717149 -4.433497683899897
-0.3726586101899343 -3.8411790049244146
-0.1532229622149457 -4.017005447593318
-0.31612801268561064 -4.1010102938239745
-0.296934892304003 -4.116136887547728
-0.3150849635512681 -3.8836314773974
-0.37183080344289554 -3.9353964777593795
-0.39585997893049796 -4.169022610366831
-0.24097325125998093 -4.23349088174051
-0.1401357870510755 -3.902686092323241
-0.3303009771062043 -4.175166389068989
-0.3415480751506186 -4.255720121543035
-0.2068811671335799 -4.2396319141291405
-0.30120431836491146 -4.08231926429227
-0.32784180199543217 -4.267013763396708
-0.26703306971715063 -4.10846021306837
-0.2911169735574309 -4.357033729315438
-0.2190204622875826 -4.084815888779792
-0.1114170708831867 -3.901638544582927
-0.2882280081729276 -4.155082959033072
-0.3485708806583844 -4.5363204443448195
-0.2308382507723253 -4.063622419232124
-0.25469176855172504 -3.913556126342456
-0.19696342297678948 -4.476805521337575
-0.27592252793265065 -4.0164675835145935
-0.21999591509146443 -4.544752771458052
-0.3280007393864553 -3.9194837751513143
-0.20131273284672124 -4.226620024336055
-0.21425389396740865 -3.9599452479055652
-0.2088184118017242 -4.231153754589855
-0.1120062792749636 -3.861573264988384
-0.2605511462824189 -3.9498295205974294
-0.2501591909164932 -4.2866855575962335
-0.3220328935781068 -3.9529067151247093
-0.13243609224360214 -3.9885992342068053
-0.3286261158023858 -4.334588607839183
-0.12757991426715637 -4.16904798510736
-0.11024105879870572 -4.0971207417744875
-0.15609129883469314 -4.550169225424137
-0.1162778594140888 -4.3681464176474325
-0.10300837855987693 -4.144019140173825
-0.3776493136814774 -4.574681862118311
-0.2100516344696347 -4.209568806407337
-0.21557890879169647 -3.999947952469357
-0.2412491611397452 -4.0788462397733545
-0.1338224700732884 -4.583424111381421
-0.3573317957254129 -4.502537871539816
-0.35051827328958896 -3.975692296417843
-0.23970109462675354 -3.9364220802553174
-0.28735620212389673 -4.52233249601845
-0.13122357999315437 -3.991791299436928
-0.14467097717316868 -4.25150356001915
-0.10572201742987691 -4.0209947145157665
-0.12637120229731347 -4.466972340599584
-0.2316927668511337 -4.324841528775597
-0.3803087357939926 -4.33824487507779
-0.19252250110761665 -3.9291821087051
-0.3754392721505366 -4.232387426937456
-0.39985976447113547 -4.3604845243064325
-0.18356245708787247 -4.31339203565198
-0.2746186088140974 -4.1547752164566
-0.38486447525218925 -4.018461252843652
-0.10847353761157957 -4.413343219343596
-0.20094801044933228 -4.169649839844067
-0.30288350725982227 -4.0937185194171315
-0.3403684532008632 -3.8436426363123335
-0.15611185022434673 -3.872680861475829
-0.25598558821740464 -4.001467356568212
-0.32805075391472827 -4.006776655233772
-0.13582414513366559 -3.933399505961387
-0.2223971983193502 -4.051413569213971
-0.3573000429877497 -3.9718712878284608
-0.11017467664762237 -4.4356770204818945
-0.3565900018845181 -4.561256734458473
-0.36988580758388334 -4.008954515206794
-0.13883978601737823 -4.432201152980229
-0.28742813493564867 -4.462944753007088
-0.3284381929966609 -4.3415169675236625
-0.3935240600501925 -3.8854982023886517
-0.11760721008516956 -4.243685353714999
-0.34134102862640214 -3.9300300679264835
-0.13611709223055496 -4.270159393074956
-0.2936340842083598 -4.3202194549565585
-0.3830151868656301 -4.577639060988116
-0.12612470624373134 -4.291704705635806
-0.39858290748216113 -4.046970367461018
-0.38353467058071467 -4.344204088900585
-0.2727072054783411 -4.574134999529698
-0.3964568076456937 -4.269457214672942
-0.27827470888587796 -4.181454786606871
-0.16671520651888933 -4.300656437167005
-0.29790611104378983 -4.136964361567418
-0.17334988274468058 -4.013044437212605
-0.2803103241500261 -4.244826531229087
-0.23480616235011756 -4.303428380403123
-0.27111069003018207 -4.405641499814509
-0.18794534393675943 -4.090718154957613
-0.16196820078676197 -3.8771851448504306
-0.11069201108380833 -4.112964696136077
-0.38103944869938794 -3.9423865137197067
-0.28125910348244804 -3.9339607183111642
-0.11991567435520684 -4.436356992239592
-0.34964183367387336 -4.08384566686971
-0.22798808311767688 -4.287345839334834
-0.2877808803463754 -4.088957536120985
-0.23350202894375852 -4.0216402807792235
-0.1557277771078463 -4.232953850638019
-0.29602901905142015 -4.356549995847744
-0.155891483845741 -4.17771933599071
-0.28391045626676337 -3.9464227197592825
-0.3711467972788102 -3.9790109549201014
-0.186797806950478 -4.534406709668365
-0.12535037960659895 -4.110127134737588
-0.28955921684143915 -4.034236405320827
-0.1151661924855048 -3.8930337482199056
-0.1146953412660065 -3.8365198603840667
-0.1117074210921663 -4.218401163353112
-0.1588358214404875 -3.956413546118478
-0.310653836605474 -4.397210790394943
-0.3534880933349413 -4.419342016060015
-0.34120213528599896 -4.466732102908685
-0.2177217073151223 -3.929793846720135
-0.12222506067804145 -4.149067533538254
-0.33782766397829367 -4.0280169394129866
-0.1573048539855476 -3.9048550406581053
-0.3319471858698415 -4.442290022500056
-0.31543263681042394 -4.388127189617879
-0.33698543315725504 -4.138767699232447
-0.3838099240862772 -4.1849554607788155
-0.18118225241189212 -4.176601864973966
-0.19265664753750847 -4.468532738085482
-0.3007629674553762 -3.8689079841136134
-0.24715313446291337 -4.391002515128034
-0.21166759984054392 -4.4834934603224665
-0.26357385248645226 -4.051811193999884
-0.2725796487864779 -4.404590404917074
-0.14670191671167931 -4.474353426560121
-0.11842690097121966 -4.506051112683379
-0.27098979560453457 -3.899356874755906
-0.1262084416674314 -3.847694695279185
-0.1935954694224487 -4.438349845279045
-0.2922206449030127 -4.253645990702752
-0.21448896358680372 -3.8942166656799997
-0.16989866401995962 -4.409891659205331
-0.3943113905954746 -4.158101149498125
-0.1666224385780792 -3.9476928348085933
-0.15463979042002668 -4.515458281761435
-0.2563061389415611 -4.337440724322684
-0.35916534767526725 -4.2329570379378545
-0.15711744421270568 -4.045144662003195
-0.13531365711520343 -4.146859677642021
-0.3455097635002579 -4.356840528019108
-0.34999226301421504 -4.281820516117792
-0.2972726180861766 -3.9587514320618493
-0.27130347999899207 -4.1797926185885474
-0.3869631662815679 -4.103591827138169
-0.1798310842174663 -4.207268352933453
-0.3085176731897875 -4.109749005541881
-0.14424693665200483 -4.48868982983369
-0.37925694260500076 -4.302329392272488
-0.22796670567298274 -4.204878646992005
-0.2952989657974346 -4.009921116691711
-0.3719009808766396 -4.223466986410078
-0.21417185033835492 -3.962297362415311
-0.16517054102631268 -3.8926182252572943
-0.13105396589823576 -4.514657419381512
-0.3372099903891975 -4.467708266457384
-0.14792513583406813 -3.8550470542573776
-0.3567915249211164 -4.36050193400084
-0.11661053203786126 -4.544552181024844
-0.2030404659100502 -4.087823213491121
-0.3071381936934858 -3.993825669229727
-0.1397073683768223 -4.421269455497831
-0.3761925772740721 -4.536962751708346
-0.10439654956378619 -4.4174207910459335
-0.39667544666604077 -4.353959213881612
-0.11758501612441685 -4.255168487464721
-0.1552792148902483 -4.262391209623057
-0.3085672298585322 -4.398773272094147
-0.2411753059306844 -4.30136816152204
-0.24577879243175288 -4.110388288171906
-0.27722021973709976 -4.281280965104555
-0.3187941934164442 -4.526744608866313
-0.1465564582902476 -4.172703116520273
-0.21743658804122656 -3.875144087872357
-0.30110918627278443 -3.900320501284744
-0.33229631232551765 -3.9837723468974215
-0.3049061375497941 -4.364860443887826
-0.37832000663948795 -4.219694650173695
-0.2033959322957824 -4.466491939491682
-0.3346691250323583 -4.106944342416457
-0.10244364509086723 -4.30584302988431
-0.1478069186778277 -3.8771849961919136
-0.2773698035088264 -4.353810397690968
-0.22111552956211042 -4.211146214872222
-0.31484872586757295 -4.1998254794220395
-0.3613885622102276 -4.581253156434798
-0.3296999016819833 -4.3118948913794615
-0.14151240764701029 -4.052091689191814
-0.39150934602807186 -3.9805326360078346
-0.362344669730167 -4.182039146202468
-0.10708676958770874 -4.0070031258646335
-0.19015743484643693 -4.428258024520293
-0.25112632825692016 -4.172786951040552
-0.2200046246701283 -4.022548311832824
-0.24115894081001313 -4.28754212640407
-0.17144120683180483 -3.93288455155134
-0.17493184555817037 -4.525038724842266
-0.1176387858520469 -4.070876279559688
-0.2313300669808902 -4.21907776867004
-0.20834065824187303 -3.884455911688071
-0.16848269588927303 -4.564942808193345
-0.1042909670045698 -4.465146861541325
-0.15537991187022146 -4.2896310667828965
-0.37359547694606443 -4.36281100729498
-0.20181683651249316 -4.3623240243961625
-0.18626818895159394 -4.564985611259275
-0.2630515476940963 -4.549647855095595
-0.35375875805418444 -4.528936230138294
-0.3500367344775824 -4.2944708675409125
-0.21801544110755913 -3.996985055219554
-0.3431643380430183 -3.9981793650611177
-0.3496207455563494 -4.011721158261767
-0.35372987111595516 -4.225152593631776
-0.17147398112427348 -4.1878049184671875
-0.34918354736914425 -4.447639164998955
-0.10610816464562983 -4.14638116558422
-0.19447664792328126 -4.578921759337007
-0.22236463216538208 -3.869223416689226
-0.13147229875986904 -4.034587900946244
-0.36412236480944793 -4.545439759902093
-0.21616041389469196 -4.057275412132377
-0.20900637370992411 -4.582139914789492
-0.3345292951800461 -4.112705257896072
-0.2638004414076152 -3.8458202492002664
-0.18217434502616317 -4.149323556150166
-0.18103784957746874 -3.918007019251434
-0.3804294549968542 -4.355998474066851
-0.39705813556826103 -4.290842066340901
-0.34791398764069703 -3.858687152363078
-0.191769947132556 -4.574889983432419
-0.17164131784239628 -4.13924422508543
-0.18207868574263286 -3.8810355537208934
-0.35618641073585067 -3.842294988842813
-0.18841368860686702 -4.098216357403224
-0.33149548780259924 -4.192892799548116
-0.16969972673320735 -4.0612948220693506
-0.210101314039816 -3.972725848192819
-0.211197571386625 -3.9158447718104386
-0.2819241240229255 -4.4256663934208245
-0.29310823683966425 -4.259880421945058
-0.3721697258773434 -3.9016499056818317
-0.27303892591366485 -4.462772571434162
-0.3824881483479596 -4.338738229140844
-0.10290687527121428 -3.847566044076601
-0.2781126173486187 -4.1925246540647
-0.33066113561418786 -4.371864067194579
-0.236945642408005 -4.071988850674808
-0.16565828060504387 -3.958401050412282
-0.12862973122710536 -4.088665155202224
-0.12873081844620543 -4.502518692080804
-0.16876062144015677 -4.550009587676822
-0.12227140685736532 -4.192772411084703
-0.3039141060000554 -4.405478293917411
-0.19699045298936496 -4.061987618030356
-0.37422366191786754 -4.131083007262289
-0.17445229148169109 -4.344503665676992
-0.1681087742236217 -4.087232508053169
-0.16350604140473396 -4.573626599819693
-0.2756060378796487 -3.8733310695219014
-0.277984054743863 -4.514608573107842
-0.15918691303608945 -4.266120352271436
-0.21951934900305523 -4.173830841114935
-0.22036887746186745 -4.191662293608052
-0.2612894197992855 -4.479383344496512
-0.32058672458089577 -3.9460954244155304
-0.3032993829843046 -4.073438768900853
-0.15868536028686409 -4.089421084208422
-0.34349073403739183 -4.298080171928947
-0.26130075863743607 -4.154490004982414
-0.2344752127238791 -4.500246897773917
-0.37700335211092495 -4.178712916210644
-0.29321725302331586 -4.216824782912067
-0.39247863237318564 -4.090988818016351
-0.2904895655338898 -3.861711628780628
-0.11325609708286033 -4.365754530514936
-0.104503536338518 -3.9429806647435868
-0.3865331498177982 -3.8336508083508822
-0.3485692394881157 -4.408302563593864
-0.21974362273356354 -4.282222043770662
-0.31404724171640364 -4.1994210435176464
-0.16290618893923658 -4.112773891243603
-0.19080405772344206 -4.264069621363708
-0.11665225453053418 -4.241147393001766
-0.14387156299529913 -3.836284428406085
-0.3613452665154712 -3.988142413440134
-0.15587744551074453 -4.430170425250396
-0.26912704865691706 -4.218849186548976
-0.24563798992828778 -3.9604860941721807
-0.35055514026816764 -4.195230893322006
-0.11052100518518632 -4.330418030551902
-0.3683874569529496 -4.46466304069115
-0.13002499445161325 -4.165234992878894
-0.28756394106920824 -4.474148395936001
-0.253058775889893 -4.280500156954755
-0.2795071479457512 -4.3537939558127245
-0.10159037469107923 -4.375345241547506
-0.1276732052253678 -4.238715517312789
-0.11674264896781411 -4.402417550000332
-0.21180024990192572 -3.947464257169279
-0.21216818364410528 -4.392633433965988
-0.24044986306603866 -3.9320383049467704
-0.18412178861734557 -4.270516301701942
-0.1150187030711009 -4.0946985623394205
-0.2379609834889621 -3.890187772544003
-0.15611783141699354 -4.2810020566121745
-0.1617431634270446 -3.9381754003991745
-0.3281968586220042 -3.9861306836804706
-0.19593019139269183 -4.286377490987833
-0.14256047656035026 -4.3940838905789885
-0.19632987361939014 -4.0330208338314995
-0.12967551021518048 -4.140252260523852
-0.390793313955188 -3.8380957800622033
-0.16537213938947204 -4.580317062304789
-0.3624415418853083 -4.049319081139696
-0.27700816309596926 -4.28562869154611
-0.24340327898488615 -4.49754724919124
-0.11937771154718024 -4.389098492957373
-0.38045405164596136 -4.543805487694073
-0.10795779306901826 -4.262060378987568
-0.17855995420303145 -4.326320290875644
-0.29528944518477396 -4.048283936540457
-0.37011875594584337 -3.863329111445693
-0.37071790896275164 -4.427797148420011
-0.37255650710801314 -3.8850757610652487
-0.30509860942813655 -3.9468722793975126
-0.33332308054716486 -4.529928641797509
-0.37506911742872845 -4.314064046435709
-0.18106036957862062 -4.010229910132181
-0.24745132929620062 -4.341551878766457
-0.15941632949084877 -4.360998395482694
-0.3185137451138895 -4.502193677551356
-0.13040702644898433 -4.044621350552109
-0.26369526738893084 -3.9944474293251373
-0.3390805489336207 -4.297349004478496
-0.3987343837808392 -4.139068016253977
-0.1331331400129946 -3.9296484777224467
-0.3884413241549135 -4.030707204798687
-0.32928575484137373 -3.912714872694713
-0.19493074202129448 -4.416580842297149
-0.3288569362317489 -3.9350252667419734
-0.2111443021288163 -4.151769375264085
-0.1782948029042322 -4.429156475979862
-0.10663730498185331 -3.8332045551164793
-0.13349402522070897 -4.531807583928463
-0.3674918863090939 -4.532737985837785
-0.3564644074340758 -4.546947375075989
-0.3951377011362554 -4.292381356096866
-0.25048576747379486 -4.208069965643028
-0.32544593758892826 -4.294943841985438
-0.37369247832933855 -3.9749438069625844
-0.2709867511030116 -4.282683987237021
-0.2173772903220005 -4.3731863640122155
-0.38851655182447264 -4.2548203083008636
-0.3289541575664776 -4.172985066573254
-0.3057107567444519 -4.250423905623725
-0.32089516573559523 -3.845346037087418
-0.2124681231139942 -4.2517179950301776
-0.3055365400690184 -3.866021546495743
-0.3116082095460494 -4.5833682893383605
-0.15816807850810868 -4.570765260229012
-0.34959790375088745 -4.017639056217784
-0.2148034815667097 -4.196944541837966
-0.19360301335290286 -4.043456886422645
-0.12575142333091488 -3.8976488175446926
-0.30658611958171206 -4.2995185532805715
-0.17284503731519635 -4.220430916364108
-0.14443788459378293 -3.9990860189125734
-0.30739769933405725 -4.3022773405020205
-0.30903644089503635 -4.012524222502564
-0.28624065136967125 -3.976199317854773
-0.3018491638245379 -4.113396706734033
-0.15416632479583073 -4.383167918649498
-0.3352920752369617 -4.020209738062399
-0.2988726756030653 -4.008919612052033
-0.16481527557950706 -4.252033977021265
-0.3821428733306426 -4.101066683564996
-0.11482809948401684 -4.006904339197878
-0.17246220247653352 -4.2336021624059645
-0.15364788133774945 -4.026211388692492
-0.1506885827591889 -4.497148910857189
-0.20929859053990238 -4.463189990606548
-0.3388863811691964 -4.274852757022833
-0.251912706486447 -4.2819025055603275
-0.10289503973632425 -4.2081470286485905
-0.3700728878135287 -3.9603460372652144
-0.10775515312874889 -4.019849839595079
-0.25421196320920547 -4.497542307266896
-0.38234797405943793 -4.2364569471361655
-0.2875449249437052 -3.8337612582944582
-0.13293869949209486 -4.470561359470022
-0.39089978344518106 -3.9182076506433576
-0.11110342302413234 -4.000001533620665
-0.33733254895101744 -4.084189252881388
-0.33853195746858233 -3.9265639678595545
-0.1405468031332956 -4.182316865079237
-0.21204443300365994 -4.22034835388155
-0.12169254812845004 -3.8668508170132823
-0.32605228510163714 -3.904077252668962
-0.10763619368537103 -3.954506546199924
-0.28160680877510186 -4.2136502046677435
-0.2297342421179026 -4.307891417296671
-0.2596908840666169 -4.529488985649583
-0.14966980613186542 -3.944517901168935
-0.32545173724372867 -4.415632864491091
-0.32547326034339824 -4.121919603319072
-0.334916692109009 -4.228190633021696
-0.24300125016242785 -4.022280396050583
-0.21762659038257676 -4.542524712248551
-0.374416246810998 -4.268914169703137
-0.2632780152064874 -4.248763103112602
-0.24629915285445286 -4.148312221675183
-0.35295889997688223 -4.3802692922483795
-0.10984481313767103 -4.359765451523889
-0.36579207820170956 -4.246235630951429
-0.17687059529469062 -4.06064978952851
-0.17610175765444921 -4.5521559860203835
-0.38981767551661545 -4.39706766222773
-0.22768329836082385 -3.9928717898001542
-0.15026327396590297 -4.324029132719981
-0.14840463211505833 -4.286295795327858
-0.14759636499629325 -4.076732203434134
-0.18033349561591905 -4.520220750554312
-0.28395596878849694 -4.564882411874968
-0.17366165677070014 -3.9060025968404
-0.3155180840703812 -4.527439480133688
-0.2549119328045617 -4.0879278724186445
-0.19717841866039662 -4.473020382497303
-0.3050427874701587 -3.961750152820473
-0.20506555649003383 -4.1008775327852645
-0.16723543268218116 -4.362664408850763
-0.3414639888505437 -4.346934185156125
-0.16853064173785393 -4.172231452722364
-0.3939662744237059 -4.108235974389789
-0.35530275212495777 -4.0597863427341485
-0.16604867496521974 -4.135027057596293
-0.392675346490676 -4.209220760730098
-0.11628494781378912 -4.3432573220930975
-0.24381677492448728 -4.127502278238126
-0.38542017401933637 -4.0324773760693
-0.3143996392805386 -4.1598987419345494
-0.32789773461089344 -3.9304962551466796
-0.21967715325957082 -4.544716852495011
-0.3936935799815276 -4.12754088185949
-0.13456225731076016 -4.5149971909620215
-0.18870577591784451 -4.145437540256862
-0.21373605630487105 -4.3953327184809705
-0.10895864397561139 -4.197977092456706
-0.21332444359214206 -4.374786520879605
-0.32008193179130096 -3.982326832075166
-0.11692474294503341 -3.9888080317622236
-0.23884732016739105 -4.422068009224775
-0.2623676976391793 -4.21871222329652
-0.2904896913020173 -4.544475271723497
-0.33826601140409746 -3.8788169456956423
-0.20858445235994166 -4.576119497858874
-0.3907860372259793 -4.306724061345413
-0.14137129808374405 -4.000620943039061
-0.26285277767929616 -3.957008698971006
-0.18941472416789382 -4.041287474342768
-0.14638714783864493 -4.20117372140329
-0.18343190250416483 -4.3968214418000615
-0.10712641506927556 -4.275959211296625
-0.3707176642586504 -3.9265960587103352
-0.13836424663074975 -4.26147616769079
-0.22577523795071688 -3.9088251001811
-0.26334643870265384 -4.200227993501688
-0.15071380386535496 -4.03587345230876
-0.3140710478104738 -4.341922136122569
-0.3765627190497377 -3.9470708912044192
-0.180891599137144 -3.9395269771528505
-0.29409959369843264 -4.1493922167256425
-0.14767107828605086 -4.163811125183511
-0.24443962796176705 -4.028745424169452
-0.3744660350116003 -4.493071612906087
-0.32526448999649804 -4.2372279788504645
-0.2347879433810555 -4.033741169270513
-0.2536324167463941 -4.512799417237238
-0.16027815264799544 -4.0109581654466915
-0.3598260725511745 -4.560277638105376

0.12607201738085025 1.5626345561457504
0.11365259537748362 1.8569091523782424
0.13514126710133725 1.7007993908850323
0.15022944087601764 1.5984266935520575
0.15585010423130388 1.8354343887676476
0.13691639414943702 1.9201153889316385
0.06935942907653185 1.6239335887872568
0.07432977505864383 1.8136263905534944
0.14359385007774958 1.5499852111736867
0.08464528767159876 1.4210585596648408
0.08737125281529848 1.7866447564327474
0.11912105360736905 1.6569042744267066
0.15574100047497208 1.8536567236801456
0.09327326608871994 1.5040930185108752
0.1409304060809251 1.2041285084838642
0.08083205233756341 1.7885647434407357
0.15025381725713965 1.8469667978048083
0.07245560256065102 1.6097821634469254
0.08189974307425608 1.7282837566797862
0.07984445814446939 1.9566818476022325
0.06636855739791445 1.5098361834579987
0.11608449101495816 1.4492375907732278
0.09624461310346899 1.3665686514115423
0.06024699504395481 1.7275709919277322
0.09387575999454525 1.8506362091311679
0.13846248637916037 1.3414651347051898
0.12939298375502567 1.3801510316785324
0.15135523084444008 1.7426411141937814
0.10693545024505381 1.4822202305088221
0.13113978386358177 1.3301648223113383
0.11397196032067197 1.330012056907966
0.08501549397362577 1.8567572607751668
0.0746056199011417 1.2684081953851611
0.08658640069793143 1.8290451107099155
0.06482412548202046 1.5738351828027377
0.11939005422299943 1.750051382596102
0.09109167403132688 1.6168640789062936
0.13727075922027512 1.558835128056315
0.12404557735970015 1.3508263136863237
0.1076450344432823 1.6618930871446018
0.06263100374470112 1.4151632836154322
0.11979437834198255 1.4333763020502504
0.10055076899847094 1.7168793260323647
0.08270102411704239 1.526707248298299
0.13798425592399105 1.4876527727919155
0.1263502306140298 1.5616994803183641
0.09761455989425355 1.76179378589022
0.11329161857654431 1.4288174932789668
0.15895354076554857 1.7596292227477321
0.09705938836725758 1.3788585847687669
0.15751398718151424 1.5779299645502278
0.11296304916610767 1.9701050142899637
0.13690490339557732 1.2164133274241749
0.0801488815205521 1.3784321275094165
0.11243650685317513 1.6073397879663673
0.1237433036294624 1.465223577747884
0.07503888589712657 1.4919490738143897
0.07145401388236174 1.3568796338392093
0.11749102481377272 1.5179316018034266
0.12518355314829868 1.5721696279027295
0.12055600710769566 1.5728691818225047
0.1400575574419184 1.5644072945561278
0.06409211897353889 1.8434734345738941
0.10074166879567215 1.8691021493202238
0.11553678017054952 1.8469415120399957
0.11380133974369501 1.630190447684813
0.13701573096320258 1.3868325718523342
0.09399327400515387 1.6259737171824626
0.0799722313525563 1.5998933579221863
0.1374511977345395 1.8213355733199805
0.076627411977218 1.607650378674111
0.08819611281707204 1.4002908417410618
0.12765427134788365 1.2158629065488258
0.07488206225100513 1.455298621035912
0.06384373087577036 1.775922684393474
0.13104815787252788 1.971455447841877
0.1594427379661477 1.4473452357491474
0.11043176353091966 1.3373086801821066
0.1211439157875265 1.252671643495773
0.15100130831722894 1.9700789260329976
0.13018333854961256 1.6624568765796706
0.144977886465336 1.6049164792996544
0.10840769029674205 1.3526872394351168
0.10082673276879703 1.6557857440343344
0.07562766736783327 1.5090365264162944
0.11789643208346902 1.912341598488326
0.1277316224757065 1.9336383926181206
0.11689680730459678 1.453672638692082
0.09436797673600718 1.5457727265240035
0.08327948837049161 1.7518050538762568
0.06693028226240133 1.8338871584026537
0.0887975755736434 1.2139611232897083
0.09595672245210832 1.578548207638495
0.091488451228955 1.2382186931647736
0.08921190405290709 1.9006670289952303
0.08835570880158318 1.9907663007157161
0.11308795190182266 1.8340455478006896
0.1517530737884612 1.3308902648491705
0.09923999711244638 1.9063572476610715
0.1554901805123714 1.9509577708431314
