10 100 40

0.7050250101202294 1
0.18348032537180248 1
0.8478782615806435 1
0.6663817776595709 1
0.5734114022569763 1
0.06985145217216626 1
0.6569298900151895 1
0.9943284114761481 1
0.42981099791824096 1
0.03816030977479712 1

-0.15600376213456138 -4.106965960302599
-0.35542728178290783 -4.537225950564185
-0.23567749869594812 -4.4337031149555095
-0.11411773915719153 -4.1704012514225175
-0.2668816039473555 -4.322949469824826
-0.2007583401595406 -4.439957632741011
-0.105718019699999 -3.8795669358194713
-0.2637261154108418 -4.379441533069919
-0.14301189257777702 -4.420124443147147
-0.15300921690853822 -4.335400939485493
-0.3452093181921606 -4.435000547345338
-0.12685463232270394 -4.420326634588069
-0.3217395373622536 -3.9694165041654648
-0.13030775417466206 -4.240697416039244
-0.34101606811045637 -4.336949255351054
-0.15381825148188663 -4.54213092751123
-0.21639055999765391 -4.129479323734157
-0.13313650880317657 -4.230425130944035
-0.30192978662591086 -4.4858047864457085
-0.154275192734842 -4.393653042537781
-0.11632833955326599 -4.352038803727816
-0.29299412286812915 -4.16047249055664
-0.21073270164613955 -4.272773705663511
-0.10796986771603861 -4.538966086350327
-0.10898259654495279 -4.142224295818126
-0.3496845003120913 -4.1983009893338465
-0.12423099153895495 -3.936826902632256
-0.39658022071620486 -4.098689554982625
-0.29575999452403406 -4.166481880825728
-0.28823008032075104 -4.37276282376681
-0.270620247369029 -4.251269184317494
-0.2597152387434427 -4.162831418163343
-0.1361318979493059 -4.035118729479971
-0.37634916957352177 -4.0394556330720714
-0.2533270141582968 -4.421660955102071
-0.3029608451863349 -4.0398260701054305
-0.21929671557136013 -4.430622533402926
-0.26451246333540596 -4.024283768491491
-0.3375231211560594 -3.981106279280194
-0.12031085395605118 -4.178779509246946
-0.22282085058548715 -3.918223327332547
-0.323035344534798 -4.327273415417397
-0.21018450288090698 -4.337165900957654
-0.1992263129590159 -4.573205362026748
-0.2510883081259234 -4.329537609100578
-0.24933638293699556 -4.58049398236167
-0.15162833529240785 -4.378296824065587
-0.2693260394912886 -4.1424784807353765
-0.1450577113657165 -4.395893506767888
-0.30381275003218783 -4.379121879549062
-0.32895756107767904 -4.470152084345962
-0.2856201448317632 -4.260580466507167
-0.1286837872095034 -3.970669488819196
-0.1875267444864432 -4.357704220898926
-0.2929547706105928 -4.253862707825972
-0.17250792831614326 -4.37495672029153
-0.2694812099266321 -4.421906877785501
-0.142248648114295 -4.122191168529704
-0.39513230536546834 -4.171576018525443
-0.15049811913288816 -4.531211116020488
-0.3930943228336238 -4.118508262179504
-0.36202102865210767 -4.5375185146892445
-0.34927535873147986 -4.422127116618865
-0.10115421766149219 -4.491549532416667
-0.3785284862868592 -4.321410263108464
-0.259292143636051 -4.508788407048073
-0.2875901065555947 -4.106973953449867
-0.20427142398541867 -4.263946684368833
-0.3641472158976509 -4.008408865816747
-0.3953030904621337 -3.9547117453405995
-0.20248962329317843 -3.9660740522370648
-0.3210742181452367 -4.292741382441932
-0.3581621297692666 -4.048342331867511
-0.1352207911320376 -3.8363173506261807
-0.3028680958872627 -4.322832652063958
-0.15117377862386125 -4.571851608516619
-0.34259731318852465 -3.923895619111639
-0.11527837609128039 -4.469139331642354
-0.38318736339596127 -4.2483758752649905
-0.2445741072171192 -4.23268986185846
-0.17626541056611655 -4.435989911174757
-0.34138162723194126 -4.152304386043516
-0.3556703074444442 -4.434518414988954
-0.28273089134638074 -4.303564134471289
-0.273613355991967 -3.9642289061067792
-0.1888143725587931 -4.5733150923997545
-0.37079317667519696 -4.249184261156499
-0.18786283096394474 -4.482563722031751
-0.3360315989307901 -3.981620786392383
-0.2085311759100749 -3.95746679208169
-0.14421371681840495 -4.2699773880665415
-0.30279648167771267 -4.561304388652059
-0.21748665880057563 -4.009495771046552
-0.24937730315021292 -4.546370465039414
-0.34875719727877225 -4.096368974638741
-0.23442730752100133 -4.3203065232597115
-0.36489775874332286 -4.476703717280254
-0.34858100351473037 -4.489498784561349
-0.24145133027958723 -4.187961490497971
-0.16862940759942702 -4.244175616346027
-0.33529951892006954 -4.503993150488276
-0.18085408712031065 -4.296455772350637
-0.34195432512781326 -3.9955019700988323
-0.12624366120217728 -4.13562315218973
-0.2801505957974902 -4.494779093304739
-0.1466812009019416 -4.043509500112116
-0.25720192116713186 -3.8901382603151924
-0.11511206468083235 -4.5513627358792474
-0.17078587231379366 -4.428602930930783
-0.1147425419608663 -4.421082036820914
-0.13053286607680042 -4.263596177892004
-0.25568688639988846 -4.209264710566409
-0.28222100179498144 -3.8642327451254306
-0.3803228991069279 -4.235825873902582
-0.34141698955206573 -4.106240488637162
-0.25473221246833067 -4.302588969374053
-0.23218757670630716 -4.321580807886198
-0.2046727345191066 -4.425118753971877
-0.2263007327084254 -4.344712402803036
-0.3476246605001014 -4.320547979804418
-0.16669930673150823 -4.269869985524582
-0.3223601712133228 -3.927095714676745
-0.35551448873318914 -4.5623533863603845
-0.1639085102255551 -4.358291925597206
-0.20749242143722677 -4.563376724008273
-0.16406410874060506 -3.908631912096131
-0.15870260445741535 -4.064838082479259
-0.3520859885583227 -4.2156158159017725
-0.2971073513289048 -3.9074838868321846
-0.116561093421298 -3.890900389693824
-0.2969508323798389 -4.158685190923202
-0.3050903671321171 -4.279490319298087
-0.3141174586195964 -4.0823371758959714
-0.30357638717241003 -4.343758925395058
-0.180457723489174 -4.477358443540331
-0.3207416777695331 -4.032972056282839
-0.1800934342419165 -4.20649046066468
-0.30703347310065715 -3.8751846095234415
-0.1198685635266925 -3.956643427456121
-0.1586624475705717 -3.932872880863802
-0.21925174230730923 -3.8458294295418454
-0.31800345467335367 -4.053293981968679
-0.25922662405520797 -4.255767737479609
-0.24632922958493736 -4.483655529156245
-0.294274695183871 -4.23490740302675
-0.18342324726308895 -4.546809972262949
-0.20652846196894856 -4.0116765777441605
-0.1995896636447013 -4.462812327322422
-0.22554843866868696 -4.267569689639626
-0.20212573138892045 -3.958876683816488
-0.18901120587126102 -4.453920161486313
-0.3373346592357726 -4.4598530774959695
-0.26008983564531596 -3.922454330268902
-0.2943493728101709 -4.346747931839484
-0.37386537878819054 -4.549603904753521
-0.11605370692528455 -4.370509521973095
-0.3516996759073874 -4.068185638854338
-0.229965978852861 -4.033151182278893
-0.3486418724275022 -4.537646152913752
-0.2385255640847278 -4.227317764232624
-0.16292954768038276 -4.28118488216354
-0.3228054103845661 -4.507467704386646
-0.10651565838005034 -4.442270121185416
-0.3350466167440794 -4.34601920635592
-0.11530914059667885 -4.320476608458979
-0.1315228704549644 -3.836177660545986
-0.14440597454137294 -4.125442189932548
-0.14774111056324385 -4.310826510924221
-0.23044478353433323 -4.2661522847561235
-0.20264472725839597 -4.4102755070873085
-0.20205134626534482 -4.47690428848608
-0.22448124792806098 -4.305227641968144
-0.2952786097670338 -4.306640262535107
-0.20885880547014263 -4.137401827761039
-0.13755246680593108 -3.897723468894113
-0.20582332542296888 -4.070392320118218
-0.2911520261038134 -4.030524966984101
-0.30232690555398867 -4.443503963031522
-0.20452657735158006 -4.53491759761183
-0.27857518897631633 -3.899529600912165
-0.2005481644287416 -4.54771938760698
-0.3082639270053107 -4.301606458632689
-0.2547045443618924 -4.476956642670901
-0.3108310210327785 -4.277165168394942
-0.15069608406951765 -3.979658377894661
-0.23859990753574922 -4.391699493957015
-0.2702050020998784 -4.5819053581442
-0.2067502323266497 -4.238557603494748
-0.15452775422854745 -4.582154700207322
-0.2458843599710563 -4.030902126561939
-0.3601188346274268 -4.301017072914473
-0.20359263366924296 -4.390417490593682
-0.1620146274780719 -4.422480171058607
-0.2566246210405496 -4.048405919479583
-0.30430602846692045 -4.440293823067923
-0.11066420685455242 -4.464953442013816
-0.18758253555105875 -3.8498464457125543
-0.37269831036398143 -4.562755101767089
-0.3113396724825849 -4.479286463793614
-0.244018105591416 -4.178525116847926
-0.14386506845162972 -4.536912229419928
-0.28114353855714513 -3.959939182790097
-0.2148502826110029 -4.125857994970727
-0.1957910469863974 -4.498547875607228
-0.17402533901954753 -4.055863364857701
-0.19203580460790654 -4.2416072477311655
-0.12886738597692587 -4.242874313152185
-0.24846064968728065 -4.534782757679382
-0.11397157464836039 -4.2635589452474125
-0.15609748685820005 -4.075569907114253
-0.27880089085031184 -4.297757906935122
-0.36187698531180085 -4.195634598948634
-0.39105098184580395 -4.22135707776578
-0.20989020335119546 -4.264734656184634
-0.38288262896880465 -4.4912445398590854
-0.3055112653830894 -4.468881420112235
-0.37898949918778846 -4.241733860648853
-0.3130987457817178 -4.386847915113822
-0.3132762031754797 -4.090351143483283
-0.10859158162478932 -4.49542020771876
-0.18952083691675473 -4.387514199146293
-0.3792076207663254 -4.112425231648776
-0.3503023062131809 -4.23687174602509
-0.3793350077551415 -4.399856826078422
-0.35782495629099914 -4.513188368581079
-0.3524077113777019 -4.035286587510073
-0.2046432625002673 -4.290966412348258
-0.1842881926064108 -4.365256880321713
-0.3480933263345816 -3.857101243445812
-0.3639152189629498 -4.169394127450671
-0.35175784732847387 -4.460155125687912
-0.38509333495257375 -4.0878107208619845
-0.10064403359988394 -4.05698587056029
-0.34807447708185524 -4.034875138467889
-0.34344414765834697 -4.390070786430864
-0.1763036054850164 -3.8821047956003953
-0.282140356456862 -3.9778640511217804
-0.22347132382833182 -3.901600888845448
-0.22313758354147076 -3.9735762883142636
-0.2880449014183936 -3.8937601966466353
-0.3723887942341587 -4.504312278628639
-0.36296170952267126 -4.215002632148246
-0.3630926319313359 -4.012665449793699
-0.36116731647500766 -4.557740403868401
-0.26329620437379214 -4.162824863694693
-0.2710784321538443 -4.129216438625628
-0.2849341686862739 -4.326742427595988
-0.3203341473349168 -4.545727963089123
-0.2858701225623673 -4.024792403775369
-0.16073877315536306 -3.899694086431979
-0.21520849871621878 -4.49358576135171
-0.1461358938573747 -3.991548393607604
-0.1633220255468297 -4.342241890049422
-0.175239929985751 -4.404184577091261
-0.21123752960964592 -4.311054950553674
-0.2933044231589547 -4.158195071576754
-0.11854242403347309 -4.479853714474937
-0.36301813805162886 -3.870250341281936
-0.22023380099629702 -3.9795688556245894
-0.15309056443661548 -4.292809769599933
-0.29534324309426013 -4.457334115827923
-0.14302362310714223 -4.400220618203265
-0.10245172605932557 -4.055864236307801
-0.30688530878273934 -4.415812420867804
-0.17172898726676922 -4.081684270270551
-0.10636434875055861 -4.213197624488461
-0.11858794877140577 -4.475242775677881
-0.17421334786303783 -4.51134592739805
-0.37959280006293616 -4.565286932515906
-0.21620105895440897 -4.433898986857787
-0.14415068641716272 -3.8513020647291523
-0.19802100023826266 -3.8671969920677856
-0.22982717795317253 -3.8667000392608584
-0.23366961519534127 -4.444500387683717
-0.28846884313450244 -4.009195158861465
-0.18764655601083813 -4.468561731622015
-0.3978540846797578 -4.410789954949365
-0.3138233740419233 -4.084328369145158
-0.13805573053520837 -4.38624088141129
-0.3435160446571137 -4.569963447934466
-0.33326143007750286 -4.3326512932664665
-0.20500505080638562 -4.4686111431584
-0.16876880718843873 -4.241733110345598
-0.33553196245557665 -4.045803198064518
-0.1025829278237233 -3.9112471737120935
-0.36813455899088904 -4.397258275659395
-0.27816927984393774 -4.140658426693723
-0.2830842448510545 -3.9307408531358767
-0.23329219976663532 -4.007466730960935
-0.3098761225848182 -3.901078755880235
-0.22547331691493985 -4.276986891739616
-0.2795974446520516 -4.038319073596868
-0.16888752719826128 -4.1903653671227445
-0.10825746417757398 -3.954282985211158
-0.2048864329591715 -4.274216522256175
-0.25996068296253305 -4.1327561244471385
-0.19568197142300456 -4.240779303061351
-0.3869737137435757 -3.925091486032236
-0.2681694193310534 -4.061535011795055
-0.16128096101033199 -3.9753922197119254
-0.37950865762240366 -4.366197599832336
-0.1615203611970666 -4.462229684912325
-0.23486529268922315 -4.424766132233558
-0.29780315409931685 -4.07989939378801
-0.20605740618306517 -4.049427261171504
-0.36562163403728903 -4.170824711148551
-0.15755624783497532 -4.360763313568442
-0.28895512942326995 -3.888521185950864
-0.38319129000766095 -4.124078867566894
-0.22370025040190428 -4.387166213103315
-0.12389037120305768 -4.016529698317457
-0.3216389598318696 -4.430251847522024
-0.1964526961260065 -3.867602474828981
-0.38851243056304596 -4.5798708866151046
-0.23906490351487156 -3.9260746369635164
-0.29147126172255866 -4.235197814998376
-0.19869892762684851 -4.0076741003870024
-0.31025471890910294 -4.283534919671307
-0.3209000382320509 -4.553636181314608
-0.2335741078304013 -4.4997060097952835
-0.18169890298534824 -4.401285048192839
-0.10960301776991732 -3.956539647979363
-0.38939491969036866 -4.180284804034934
-0.3174910873589443 -3.8795831298969716
-0.20054427496218097 -4.210477199351243
-0.15079078768213677 -3.857582951934669
-0.32170891997541595 -4.428617160510367
-0.316168574037618 -4.325414600595435
-0.31473470330805053 -4.526530865442947
-0.3836282617505499 -4.2649357577677725
-0.37160054378604473 -4.535822174013503
-0.10907264008315548 -4.488981047159197
-0.14120931291740546 -4.5310440870748865
-0.12858002129849144 -4.196084216016159
-0.12394508204688387 -4.1392382006004995
-0.2902239254537436 -4.05602082213364
-0.1352659240010804 -4.111626994819879
-0.34812505386688986 -4.284481595625434
-0.22457162239209208 -4.505060617665545
-0.23053971267628998 -4.031106696131444
-0.2806663419046762 -3.969765215701649
-0.23946715260803458 -3.984738833971168
-0.25086350337770535 -4.324938625201856
-0.2009093294689723 -4.46664085853615
-0.11266544726150024 -4.1856931341561765
-0.2696483418898167 -4.260541636228882
-0.3000901044622964 -4.426726742613943
-0.31969936395170984 -4.1584371042126005
-0.36216899545046705 -4.560607347679507
-0.3963905214245625 -4.169015189984851
-0.10472558746462318 -4.495161241986445
-0.19791109199838544 -4.0528545453874685
-0.2923078519950216 -4.226075848830338
-0.15273972607559738 -4.506128053447145
-0.13376673897882674 -4.191465912699529
-0.2526633740675822 -4.3060203257192
-0.1403316325412245 -3.858050887898613
-0.1016254139539089 -4.289887128730207
-0.3847756075820335 -3.845400288857206
-0.35391372158973117 -3.953135240614963
-0.2615172679839304 -3.8814063494215456
-0.18517916787598376 -4.558324655763939
-0.22306528139503035 -4.095581595785953
-0.13872882546446919 -4.064596252877172
-0.3281435872306326 -4.197967762145114
-0.35062293335757805 -4.244181401190599
-0.2077699896607665 -3.9841073837032197
-0.18032391799031955 -4.494786053861383
-0.17411730611070275 -4.234354928355944
-0.24039690302062816 -4.058353718095335
-0.33372328750528635 -3.92273628434916
-0.33201963202842555 -3.8801900360537243
-0.34716855839090843 -4.24795909628685
-0.16140827369879157 -4.4340399841449765
-0.22951018997184755 -4.5666029871880705
-0.19828587318466676 -3.9230787488625345
-0.3493492940673183 -4.391009597838764
-0.3167781782178908 -4.347475153228048
-0.2948266255581658 -4.076696852220721
-0.22515741444949633 -4.4336916805147855
-0.11902072064297037 -4.316945613198525
-0.27538067555153767 -4.1946787530677065
-0.3142504377323993 -4.085625127057761
-0.30530160727476857 -4.03670975755616
-0.3679954445123266 -4.563124076448716
-0.263948382244126 -4.313975268289307
-0.15059001788335247 -4.383283427940913
-0.3313868065488593 -4.102901214348514
-0.36185058754617755 -3.8426494784035405
-0.24307326490128023 -3.969500588473239
-0.30758478131122763 -4.463193463650438
-0.3254384485018057 -4.510360026406127
-0.18866204905297815 -3.8713375013090063
-0.18143285129932082 -3.892825138572609
-0.14592596994972817 -4.100867893714688
-0.13185820149761007 -3.890265989227818
-0.3096553112631431 -4.222986913164988
-0.37744776490064796 -4.290967012353772
-0.22791723755817783 -4.130200000598178
-0.18904015883091307 -3.961023104487939
-0.13751028988875136 -4.236698041378915
-0.10530086767107211 -3.884765501853108
-0.25148947499138885 -4.1439092431749796
-0.3295291875865124 -4.215603597406302
-0.3545967534648945 -3.9857529289113813
-0.17300012176832003 -4.492671564683348
-0.2639672048209015 -4.576964947674399
-0.35374758561924796 -4.0250894677009095
-0.3136803868660184 -3.9004880595316083
-0.21098336526681669 -3.993443853478269
-0.36188443249846913 -3.911045616007625
-0.30590593115401543 -4.37817456032604
-0.1875686616038695 -3.9888385131256667
-0.22443977858658107 -4.037115067831612
-0.13101480664096327 -4.402973367883207
-0.3103222083607851 -4.132347479903855
-0.2914878231234155 -4.240235844781205
-0.23788842571927193 -4.533170388591277
-0.2825731033689076 -3.8525353114143916
-0.18069773300394015 -4.152759777959921
-0.22633276339977304 -4.122517053485478
-0.3661780280603224 -4.477211305038906
-0.39984355189358567 -4.357270304790889
-0.1685933798914508 -4.454760527141548
-0.22194092480993474 -4.300251727095727
-0.28878813526093255 -3.987323439199253
-0.19284549793181094 -4.521068506948845
-0.3491776928280875 -4.154595845562339
-0.21549260341383347 -4.334887570684814
-0.3387073523034317 -4.37676703729955
-0.12538010796806515 -4.284823704175395
-0.16328374117997665 -4.140915977822448
-0.3052589642486287 -4.290897352292449
-0.3228775739594544 -3.911946616268531
-0.32687585144588416 -4.312924709577476
-0.15956466831897284 -4.218609220382951
-0.37749808081808023 -4.34426270488789
-0.13905860769340828 -3.881730684667389
-0.32667098876706824 -3.9556310817748273
-0.2689385286702525 -4.556754471461471
-0.3518452525751335 -3.8758607810700063
-0.20516008351446985 -3.9506750781367987
-0.3501872581781782 -4.116149196433273
-0.31171476570123746 -4.3660445026889585
-0.10226709802114786 -4.092992754724097
-0.2294091039210074 -4.201379254618885
-0.19358793024798443 -4.115426942838557
-0.2300956853161477 -3.9394127331728934
-0.249104442485007 -3.980975694587719
-0.27715193083030687 -4.35782983763587
-0.34311333218323786 -4.184788953434677
-0.22844232484288035 -4.380994162221378
-0.11090025950192361 -4.2461815671935685
-0.38035145387923874 -4.198702852174162
-0.3022987536010887 -4.513977384815658
-0.1557905025135822 -4.2009685898056475
-0.19129945718414143 -3.9029231063521617
-0.18862128519633112 -4.2555988408681085
-0.3395561984858733 -4.294720695355404
-0.2819788008782478 -3.8488725391701237
-0.1417120661811055 -4.373513081921409
-0.26696982133243197 -3.948852631094799
-0.24916686121915885 -4.112312328634587
-0.33389950931782414 -4.3483860025800665
-0.14081900890548815 -4.4584988468538915
-0.26568019059107195 -4.214468158375164
-0.3992394114217151 -4.400796607415808
-0.16522790716899396 -3.982172801012296
-0.10546084872949868 -4.5129902388488095
-0.3052593087627109 -4.117835759295595
-0.2063329790319014 -4.407710110445025
-0.24121745604516054 -3.952058189385139
-0.3787127765694718 -3.9004428436183978
-0.10639030104401409 -4.146654789531734
-0.26417373485911744 -4.053196190368892
-0.19090881042162589 -4.51928460568425
-0.14861320067035028 -4.036908992673772
-0.31043979510514186 -4.098518277171357
-0.21954965885780825 -3.8736345852517475
-0.3060811288925928 -3.943414154697669
-0.28474691236721184 -3.8427297987319986
-0.399625550622814 -3.9888370112372877
-0.1997431032604877 -3.936090961511458
-0.2297382076942207 -4.401601134267706
-0.12010953946689479 -3.8417502609182606
-0.22184932371589464 -4.2879496158496035
-0.11538811657942194 -4.193772514444252
-0.25685752723406613 -3.8432647752499243
-0.31926779107701253 -3.890437580636902
-0.26612317473532043 -4.250696907641414
-0.3628801255868738 -3.9019729100492366
-0.25471529418161665 -4.530916169630469
-0.357982027988404 -3.946209729920822
-0.3413042599702101 -3.9354336776073477
-0.35815642698734107 -4.395617872463376
-0.39897837128515623 -4.25926936476373
-0.34409007369247685 -4.127520654036872
-0.15552980912682404 -4.505687155363257
-0.3616721527572028 -4.4547532268930405
-0.22260397921528682 -3.992889543680428
-0.1146809386490566 -4.179438721543768
-0.12357014617458018 -4.37620493841525
-0.15481660502848577 -3.9572588840355394
-0.16064693263708513 -4.306339292576501
-0.33080679842235 -4.162234759348558
-0.3521676179711975 -3.8596975715334985
-0.39473742028796194 -4.125868731890839
-0.13171848993138707 -3.9591675248477682
-0.26505023815530715 -4.5542576087898565
-0.337143666955571 -4.260289698211897
-0.28239905511594815 -4.582256896510986
-0.10541374034591183 -4.534484610863765
-0.33687202348417983 -3.904291063334756
-0.3936736050106055 -4.164053595724814
-0.18370801291704345 -3.89414671927302
-0.10456450164975262 -4.149992106417508
-0.15246586620884262 -3.977576558906516
-0.12294434116738334 -4.268229520236263
-0.13994028529157515 -3.942192098818765
-0.19478158186311995 -4.1141428831452895
-0.1471175112910852 -4.580993378721771
-0.32882342896827765 -4.4760256581094415
-0.2706144583011965 -4.4500560653988845
-0.15743673985122705 -4.05195521891344
-0.12863426415672508 -3.8750038255763015
-0.19686493772921035 -3.9368164739565024
-0.2676153770301626 -4.460700352542345
-0.29644643868802856 -3.9695852203553694
-0.1528074358778098 -4.499098288157957
-0.280667557397865 -3.933466400259775
-0.3533466287701883 -4.135830143876489
-0.3619424017448043 -4.284568629533824
-0.14679434417083131 -3.8745734496094077
-0.318087349404639 -4.12386840947606
-0.38217112988346547 -4.524573641740257
-0.14751504016235345 -4.213430380455155
-0.15163035674368275 -4.410504358859753
-0.32760195565632255 -4.557436472093398
-0.11028888612219756 -4.466298687087165
-0.3665755236478551 -4.350418706761145
-0.3313951143078869 -3.929566518079315
-0.11459960084846998 -4.485398533305852
-0.28220922276637 -3.9950983571965253
-0.38220394325347556 -4.5565135349966575
-0.21871065320616492 -4.249332339761776
-0.3901782817150693 -3.895359378720657
-0.1402702399961231 -4.491404823760739
-0.38012779919768697 -4.091458845762741
-0.21693698272130268 -4.155496822784094
-0.3545043967243646 -4.282398908245715
-0.20717436156011568 -3.9354110887180505
-0.2397634505743683 -4.158386040294516
-0.3434646901114903 -3.882180565219797
-0.2352410090931681 -4.045934860237352
-0.1169754329985524 -4.192057605370511
-0.12941154194722204 -4.139808053649096
-0.10273849357967907 -4.409382179422528
-0.12866272907134546 -4.51550078663403
-0.25716845232295465 -4.159674989653393
-0.20761428824171535 -4.524981546055249
-0.32947463139920696 -3.8738916238472156
-0.288180216030331 -4.131634638426922
-0.19552374408422415 -4.1727422909427565
-0.10327409773991969 -4.3922111129745405
-0.32443891633810795 -4.453285089990323
-0.11766156237542469 -4.513899529590835
-0.3966745894954455 -3.8407642733916667
-0.24727521321882442 -4.342391222366183
-0.1971847904649205 -3.8491629539828165
-0.17615213613361472 -4.040138523899074
-0.34544267617958285 -4.315506217169375
-0.25350279179906754 -3.876104166559448
-0.13142248640428367 -4.3355228620754165
-0.13324653061035485 -3.9709371066891626
-0.22558634673553687 -4.575174322927357
-0.17736773485478344 -4.051813452523161
-0.32340761236520266 -4.378117173378819
-0.3293367662243199 -3.9730398978700676
-0.29380893297629707 -4.484496154037289
-0.22112652394916138 -4.225414837832812
-0.1239810695415402 -4.539284688743614
-0.16699828604649572 -3.8886383075337587
-0.17037928685100795 -3.8966137977561552
-0.1518840767660477 -4.431910484543695
-0.15592690112328603 -4.578681713673946
-0.15000417208209352 -4.239443814859097
-0.153172444536279 -4.171786637551905
-0.3417755336322514 -4.418118840412475
-0.3113276342770422 -3.8620740743607413
-0.2910749244846527 -4.242446384552595
-0.23293316353592294 -4.0791249595166645
-0.3846881503563414 -4.583624507076057
-0.23819375744784446 -4.1169572335782005
-0.27357097299523825 -4.375478078024475
-0.39443763263023174 -4.267464990605578
-0.2722607734541861 -4.468010009677808
-0.13701627066323252 -4.559586735320405
-0.24169591980700558 -4.271149195467655
-0.11905068949528813 -4.369831823512671
-0.16183129350311892 -4.3595156339308865
-0.32746735213709194 -4.568746389711705
-0.38729179293857546 -3.9240650271625706
-0.3874034624335888 -4.416476600516289
-0.1905438739394057 -4.4579735643176175
-0.1146713311641826 -3.8541057051450496
-0.18158577554129468 -4.5089893134035846
-0.12709836222863308 -4.436626782212796
-0.395607675907992 -4.492882321422811
-0.21805255102779378 -4.430560826661976
-0.20241261558883816 -4.431101704388606
-0.10309640478285159 -4.574697964578788
-0.19263777296169018 -4.113987438538537
-0.39819033723908137 -4.474448472094343
-0.10635928233745884 -4.129724208987917
-0.23875730235258563 -4.173995958995333
-0.3745863614401743 -3.944801346877891
-0.26704492540531144 -4.536879021459987
-0.12739669099893924 -3.9844232164032958
-0.21211143105068633 -4.438010720826165
-0.367057366142277 -4.568612981596667
-0.28702832689057717 -4.557022578311051
-0.35397448487980365 -4.401030944867426
-0.2983937349057553 -4.238905359304124
-0.37162370353633967 -4.3676831549490815
-0.2770135181353662 -4.25943064483396
-0.2616416886054528 -3.9898659842790147
-0.32847155008653284 -3.9042904407049615
-0.3379207278781241 -4.073896585862637
-0.2729285641418616 -4.206522546729195
-0.3014401990410506 -4.521795893929382
-0.31940923940114696 -4.111489977410293
-0.2273592726413746 -3.848061439612016
-0.38386320073132046 -3.9554665488705
-0.37523366002096686 -4.160973146716373
-0.11766662460136645 -4.20148530120077
-0.2644237032950155 -4.210881206212951
-0.2905113554317615 -4.416793216661659
-0.24079655060186317 -3.8861264552327603
-0.10502345565102517 -3.9090367581827827
-0.3787555718408057 -4.384624622567134
-0.22411822309111248 -4.485080020627476
-0.24999425577937007 -3.9636404067878086
-0.12856745690111365 -4.059372866868906
-0.17021456748183694 -4.448663404677863
-0.341092577303482 -4.090351008659593
-0.21560594547277037 -4.158948833037723
-0.28841316695153657 -4.286326514736004
-0.17735922071029092 -4.283744283090769
-0.367575565815745 -3.8607077510820083
-0.21349232715436017 -4.07413243713392
-0.34778648305650295 -4.20618885575349
-0.26016003919307074 -3.8433846384178834
-0.2867964086947089 -4.4142783919249595
-0.21179105659304875 -4.107948962958241
-0.18458883264662507 -4.488566180265832
-0.18452535081241075 -4.520268859083831
-0.27072217979402613 -4.070754287919852
-0.10262084965148671 -3.8334959404242266
-0.23092834233445797 -4.337710022796341
-0.2158426494931653 -4.144376556066658
-0.22659738963205925 -4.338636677433292
-0.18625050488507838 -4.193979393158655
-0.1537244637604582 -4.3995167617353
-0.30159437105046605 -4.217276005115903
-0.15723839326535755 -4.260247138660259
-0.3229625846450107 -4.5478472360956665
-0.18517897537057856 -4.204554020740151
-0.2801856458275046 -4.285112891070146
-0.21381904825860007 -4.073815300114475
-0.35418247339122755 -4.15532864668902
-0.1801140271421437 -4.521085359165387
-0.2599431902746593 -4.4587824918866135
-0.27902972524149683 -4.2075314911076855
-0.378051255454416 -3.874167207391118
-0.25117763000290777 -4.381816198913374
-0.25043265127885717 -4.298155734406843
-0.3987055412671959 -4.045125147695607
-0.22916039877626107 -3.9268397224356577
-0.3163288958338273 -4.160388747410213
-0.3979458147762549 -4.274486499544689
-0.14381798055342399 -4.423077941371999
-0.22705423145424808 -3.914262282570034
-0.20336364564936865 -4.017016028900506
-0.21139386443601088 -3.9992407970008554
-0.3994362872847331 -4.552833875918141
-0.16099725212082214 -4.443787447027427
-0.33385889901926535 -4.0997468122290375
-0.1577916579059793 -3.8360166305323316
-0.23148544358093945 -4.405217255130935
-0.1738620491877813 -4.462103059144243
-0.1910960598710592 -4.306907237462971
-0.3195818246824166 -4.154323179692449
-0.3708424022945409 -3.8504056639847555
-0.20523329129490211 -4.3816117252089315
-0.10946066125954551 -4.470950245447898
-0.16484959001933547 -4.295216521357768
-0.1920829877347707 -4.017874619881191
-0.18594039255920083 -3.969113137311507
-0.15633482755162426 -4.27331211585917
-0.3277500955288737 -4.091452729409425
-0.17515982962780063 -4.034844107413249
-0.24803647631251347 -4.278947103300215
-0.1541882484408582 -4.095095717404037
-0.3286230724716871 -4.51148927647408
-0.17897211486517312 -4.323012314635723
-0.30553072181735025 -4.025512598837846
-0.1966786252334568 -4.516793964497239
-0.26756091771085605 -4.353175772743517
-0.2809057892307027 -4.32941042051041
-0.16530177126729356 -4.490491001164186
-0.3096077781131268 -4.565611143554747
-0.1222174572463422 -4.0655352650427865
-0.2913343279583378 -3.871616214993646
-0.3581739514669913 -4.521677616807307
-0.15765610809866248 -4.238187448137083
-0.19921832853582233 -4.575294004464739
-0.319652779120018 -4.410383452750319
-0.2817724364250004 -4.11416173038137
-0.23656027110251368 -4.092195565833044
-0.38488510853237823 -3.8682579284326
-0.2734389927535261 -4.051304121000629
-0.24026139763663834 -4.119359879568205
-0.18501497135720338 -4.241145766875061
-0.12689649889979088 -4.279376829421307
-0.19536220340587976 -4.581806288571288
-0.11537552778443927 -4.336537615072255
-0.31262311825390376 -3.869160427211179
-0.3799239165062133 -4.073260441492664
-0.10886984951107426 -4.070613706030344
-0.16114919545950696 -4.136509974933085
-0.19447320459007372 -4.2629382834921214
-0.19232778873801537 -4.277180052716349
-0.39329193076657654 -4.458419154969333
-0.16706977009675889 -3.970104998802098
-0.2414155810146072 -4.368856770090853
-0.1677065587950797 -4.0781235871270285
-0.15165802655087568 -3.9383927424091683
-0.31510135963116526 -4.543307738460429
-0.14559517800853372 -3.991793964661556
-0.169194917402858 -4.470058467845019
-0.3882291744407085 -4.488012080407673
-0.2880891057519838 -4.156082435386526
-0.1622250493211177 -4.559885849475999
-0.17964881630266366 -4.559834635509557
-0.3456123794409135 -3.9365835912065474
-0.1370241825014411 -4.110082593446379
-0.27329601621335653 -4.257703541553558
-0.3037983038060974 -3.880607404754332
-0.1762342976794345 -4.16267862634233
-0.23038572941263483 -3.905033440473378
-0.2633562025001391 -4.212396081998922
-0.30826931715571665 -4.461191319922223
-0.3172378289242263 -4.04600132152631
-0.2636912676271277 -4.436986521960083
-0.3664558875736856 -4.323483332722597
-0.22642025022375542 -4.4828039109778235
-0.10173607779003357 -4.444221511333609
-0.2584780347979866 -4.05275953469047
-0.28678208614261325 -3.9567892801736906
-0.2573173597106314 -4.144511168393001
-0.18121844428248993 -4.244462358377244
-0.2344428550045183 -3.9597546367382286
-0.20566875090539777 -3.856184547564208
-0.3811717472896181 -4.429346398876258
-0.34795299201349444 -3.929182092901768
-0.3073075006048815 -4.029247038612844
-0.17529111842066525 -4.348617612053147
-0.31975410410671784 -4.1353429416312455
-0.18995915100641975 -4.485699291308483
-0.22063188290144195 -4.102227844756785
-0.3526955306344486 -4.117281580863763
-0.142922518424491 -3.8585100676868618
-0.27579574529948414 -4.343384743034933
-0.38406186103855056 -3.9750761768976526
-0.13902746667537697 -4.091241751924017
-0.38222669578039425 -4.175832552348569
-0.1346058361824572 -3.9890849634814165
-0.12628761732087723 -4.581402772722134
-0.2608498524432324 -3.9007570964201608
-0.3614470839706062 -4.231732986076844
-0.18668717019708667 -4.423031572281038
-0.3694874692254452 -4.003836258253674
-0.25606592814906376 -3.84510949902469
-0.18967393012307912 -3.9502723622601206
-0.10989329632515726 -4.138308011475364
-0.16496325425804922 -3.979709718034905
-0.10745792147823663 -3.972274624365192
-0.2972908243088561 -4.19644138361651
-0.27536413817355565 -3.8785608979839967
-0.14963146469276306 -4.11543560737751
-0.3865871229513451 -4.236639269737547
-0.390140047263102 -4.354959743793366
-0.34399901776066827 -4.5353230529446185
-0.31212529785548626 -4.397726855975315
-0.10027236586314076 -4.004681180069502
-0.373145822580923 -4.495651234619746
-0.205104421961685 -4.344730696509625
-0.3855766879643741 -4.516716384249531
-0.23006539024021297 -4.429687513110021
-0.3976020373278249 -4.4466004549498725
-0.2876531839616201 -4.086740750184325
-0.37739711655836033 -4.452505685143454
-0.17744455946004664 -3.8751578146909624
-0.13973950571768728 -4.1986568833066595
-0.19184601028187878 -4.1887259541369035
-0.3575294184958196 -4.461273172650799
-0.11764998039093 -4.320111763521825
-0.11073887779551178 -4.126649957219349
-0.21672497759360493 -3.8762297908137513
-0.24174893641715517 -4.461598787615404
-0.37811099876974574 -4.0569948340505615
-0.10460953293787983 -4.056435718562392
-0.16583367655464037 -4.580090608928892
-0.29737281845147434 -4.338355541055909
-0.28463716514468884 -3.8514343102921638
-0.12468810175323347 -4.095811436855043
-0.15841848027150812 -4.4171830379322445
-0.3018311928466012 -4.379441832818481
-0.26849959195190126 -4.374614110607688
-0.20903905787641613 -4.4099053348839234
-0.27559871804804015 -4.166798207879083
-0.13995855864803908 -4.2687255726536
-0.18453975207629741 -3.9849990156276593
-0.16852244366844088 -4.250351463850125
-0.3167483037919529 -3.89826614644446
-0.10123036412652009 -4.231884679249333
-0.19141896693048882 -4.4266624636003895
-0.23823819502233 -3.9398092035739403
-0.32298022000820703 -4.468094098077547
-0.3204663267443625 -4.5471453726231
-0.34293126953405534 -4.468145629945516
-0.28537723615056093 -4.540289327271294
-0.24461536129800243 -4.123381661829697
-0.2334574997984558 -4.145614288723425
-0.39266613474163486 -3.9150349576480954
-0.16440332807299812 -4.393019454515286
-0.2686427017068635 -4.1359199145964585
-0.29059590739211244 -4.080407838396952
-0.3950604347843821 -3.9889991072439948
-0.27696043772937756 -4.220591551567482
-0.16201560639332058 -4.140745444567947
-0.12600055592070897 -4.366490978983179
-0.36496746635134114 -4.223163785500517
-0.1499173411236035 -4.280656646094803
-0.3987896676748669 -4.294074420408196
-0.10044236446053906 -4.218075900909766
-0.20274938613570753 -4.375644022348948
-0.2367665569039463 -4.399231644959113
-0.2347645255725075 -4.56253092421335
-0.36693934271678286 -4.099607433385125
-0.198264716756984 -4.309937589253212
-0.21579721695168297 -4.057613051866398
-0.30114500744408457 -3.87723566464473
-0.2315602020051748 -4.373293163611937
-0.20769432145333425 -4.384625271594378
-0.1572808909778989 -3.9499947536265445
-0.24311167452828306 -4.123631599989396
-0.3586939535810434 -4.145689516542311
-0.34076751534121763 -4.162019614706563
-0.3425722559799309 -3.9833350940833365
-0.11124612632046249 -4.292376896082131
-0.32376396087654824 -4.045200070378212
-0.3831271981371119 -4.061311164285392
-0.37780290723083243 -4.423284451513816
-0.17554241030156856 -4.436377502747589
-0.28515611048652284 -4.282690112373772
-0.3385349785616031 -4.196321124685086
-0.15686573716150912 -4.2090693221822635
-0.22922854216755045 -4.018072272241626
-0.3970541264582146 -4.004290076660517
-0.3410213548059025 -4.030443845792276
-0.14721955951264948 -3.9502523266276874
-0.3539747753890713 -4.084856834959648
-0.25353683431205754 -4.467960577033488
-0.33321169277019835 -4.55821152543219
-0.30141966272786624 -4.1524223356065235
-0.25149970048609016 -4.363297471111004
-0.2614028662645091 -3.895490949268285
-0.24288423566251316 -4.163240502476118
-0.3212957434384701 -4.155310714646652
-0.2205167488892091 -4.092261040024756
-0.3613893565533825 -4.559294263759474
-0.29626717939744995 -3.9287202566426105
-0.14248543379039935 -3.8462198474338436
-0.17741967923658258 -3.8859596535194694
-0.28760122344182276 -4.273801719037831
-0.22529405016575627 -4.40616132246151
-0.39181762650954116 -3.849551093439479
-0.14275070949184537 -3.9554332794172993
-0.22121969234474362 -4.485559336326216
-0.306541014842997 -4.540607651470238
-0.27326265219379287 -3.9743854108241594
-0.19564319902171085 -4.0715578691409195
-0.16266384276436185 -4.51054940499269
-0.20497768377596545 -4.573642320091235
-0.15816351400738332 -4.4971875880334755
-0.3176804386609821 -4.4995024036212365
-0.26836112832572595 -4.571446790875035
-0.27892969891431413 -4.54750229976741
-0.14693081250524231 -4.158525134618355
-0.21150744689104126 -3.920373099208143
-0.13261607384195762 -4.082821587350971
-0.23890028529673218 -3.979606440125561
-0.16998522286601322 -4.252786192248584
-0.15508522259318971 -4.057009565021736
-0.15832898812173318 -3.8445035390132842
-0.1976935061289252 -3.8856417823514677
-0.31726022359029193 -4.156740621949986
-0.33999871638246987 -4.483692060237926
-0.13817850899836354 -4.040059594830506
-0.14992693005279323 -4.021123339731894
-0.17383317347533753 -4.0817407430403705
-0.14901829293643593 -4.1962600628448605
-0.2919021151099105 -4.260187600378828
-0.1236461027262249 -4.439060550940488
-0.1266368879340271 -4.076113664720411
-0.35039030506839786 -4.562188411859098
-0.22575197887483783 -4.191837866230524
-0.2245074296228411 -3.9441229402516935
-0.12432304945389294 -4.067255009133985
-0.3895417815425821 -4.2770859344523835
-0.31115905136886424 -3.970531895904046
-0.23115958190608102 -4.230072338557408
-0.2763703178717599 -4.039695536052007
-0.23937239512929814 -3.869627430393421
-0.29275360949379287 -4.112543883004637
-0.3085219859496906 -4.0201889652842056
-0.3120866727755832 -4.577750364125822
-0.326367143899964 -4.343153225412947
-0.1661840537989683 -4.184165598296971
-0.25204234758722244 -3.9423502120178133
-0.2991693966189798 -4.27782342018593
-0.3789330672640322 -3.989577064708466
-0.2705588968335182 -3.9386032558448902
-0.39926294847112853 -3.869602867024132
-0.18358179720900167 -4.07793121143184
-0.17743628378908982 -4.379903661881364
-0.29524411935844597 -4.438179972802732
-0.23268479711192613 -4.39787657764021
-0.22964470684554142 -4.514226539078816
-0.3130644514540485 -4.079918718930266
-0.347783589155535 -3.854695697877856
-0.2300191380924382 -4.402344632140526
-0.21117009791697097 -4.266511488969986
-0.3916966904170148 -4.395195091474427
-0.12248070689895796 -4.507523363097681
-0.35740509776287643 -4.437366121004037
-0.390322419496065 -4.558455558023072
-0.17180359545641313 -4.155799106167932
-0.3442905072756235 -3.906817785887784
-0.21105571882288426 -4.388970800455404
-0.3854099767357478 -4.412330838988375
-0.2463369757235369 -4.028011313073108
-0.22231521395612422 -4.11680119966463
-0.19071715504547676 -4.568825312602659
-0.37453531604366774 -4.342166926291992
-0.2462455269285512 -4.4541728955962965
-0.2387351645372242 -4.58271443780518
-0.29493918780032485 -4.51447036193116
-0.31422136022521663 -4.2863174055861375
-0.3273020967312479 -4.07953638547335
-0.22809184979227745 -3.9874123352559296
-0.3070629471058862 -4.079863611714944
-0.164241146943883 -4.481712644436377
-0.12910270329315837 -3.8642083579729865
-0.21981799839830793 -4.523944113461924
-0.2542798980581925 -4.472400947346008
-0.15966114444461896 -3.933544002463816
-0.13091391579005207 -3.9123940768031753
-0.26515252615840446 -4.4121779088767985
-0.20132113946264815 -3.9175814123188704
-0.1702880545003167 -4.491834409352903
-0.2340868949482881 -4.462627282259899
-0.2640745683410589 -4.312215921746606
-0.14367636699859498 -4.032758131123613
-0.2036988340201177 -4.020578557719237
-0.11383760386770414 -4.02930141564787
-0.31849559766453983 -3.9202571506261297
-0.33424566221124785 -4.210362905012084
-0.3869242563679926 -3.937776532077094
-0.26385209243290947 -3.8735549079282237
-0.22146751471332662 -3.9848458371217936
-0.12431806100089093 -4.14785554466085
-0.13985411209551024 -4.336521246757283
-0.17588451433150884 -4.245473653289968
-0.33124977995016813 -3.931423855901139
-0.22867667231888653 -4.269536268138361
-0.2597402200609712 -3.9502644212280686
-0.10270228806689707 -4.553670278456281
-0.18478688072850522 -4.1988585474073545
-0.24926385136261564 -4.247272268854547
-0.2657243899812356 -3.9783752455532126
-0.2925181278756317 -3.8759231129515266
-0.3641784789658792 -4.255887081850782
-0.3819065686455739 -3.9098856578030428
-0.2672362453682204 -4.3221018570095
-0.23622920908960743 -4.222915234816757
-0.16010807816512074 -4.510122119829733
-0.35461713292142727 -4.523751927660239
-0.11901180188607174 -3.950801766965064

0.13828456107268094 1.867333852597738
0.0969631498363547 1.5680669805000518
0.12938710482475307 1.2142750253790522
0.1498551207874088 1.7268269633348694
0.11046377414791542 1.4737980905382977
0.15419312216581518 1.7705777068415136
0.08215949033403393 1.9039823867165966
0.1577585277903471 1.4553048660740056
0.10064728390073432 1.5381695887353017
0.08699952626906701 1.5480774641736956
0.07601649137822482 1.9298922853626774
0.13576510896414817 1.5587061635619448
0.1333960035794749 1.39143656349457
0.06630455638095492 1.8242047729158102
0.0825036580824964 1.230946226128222
0.1115063255430735 1.570328137476356
0.08085173523705269 1.9181702069240305
0.15696573989686047 1.999390319511865
0.09690854777610469 1.4863517125377597
0.12028114862404995 1.2642461051000637
0.09789040402937682 1.550548183740229
0.12727869923772261 1.519444182053976
0.07198338607443913 1.5209406156165515
0.0790571106427818 1.9409919527968866
0.15917654963949077 1.4429432143452685
0.14501135762769363 1.4644372428770493
0.1378655565662658 1.3238905948306343
0.15042585649818457 1.3573447470248405
0.12422833856042312 1.7775914102725667
0.12173205821543123 1.849093116471366
0.1276302727386482 1.2714480835755484
0.14487985848398133 1.857826693034406
0.14114052968017043 1.9693177633921757
0.12946495915115386 1.5497965420724453
0.1469393436612516 1.8890601160581995
0.09727952992170369 1.2971315453209644
0.07319899548834127 1.529081951713314
0.08801205589482422 1.4832593487781929
0.13595646759498092 1.9683770550982702
0.13909241965254113 1.3194134757183036
0.13196392177612354 1.5833356497551527
0.07677552016384132 1.2847015389227192
0.06662871921849776 1.5323429646714044
0.07403581053775812 1.9842186563428368
0.1427447752522078 1.8470765091743522
0.09420894270757203 1.722282629073052
0.1513264352284462 1.5493950072400424
0.08054010803389877 1.9230200554738437
0.07415639494901229 1.8513539230116463
0.07650402421340405 1.5225035358726853
0.11575784609674117 1.9938633626283455
0.13264237873940143 1.7931266444579093
0.1361354613227184 1.9784546456099672
0.15340833586201713 1.9967131694789633
0.14021323236376548 1.2939447067059346
0.133095713393515 1.8041627143360948
0.09961224723239273 1.6099762525381216
0.1448493128405279 1.8102457050699172
0.1295457609446153 1.5926257165064055
0.15817681969909012 1.2201861821607318
0.06494557771453109 1.9312543265565618
0.0803826652666202 1.8409036219726076
0.09053942196618005 1.786441918613914
0.1552626927801852 1.322745199991589
0.08410897791278216 1.4568022177616637
0.07430547094108264 1.8721385700680386
0.1311697916030554 1.2027998229633121
0.113152839984702 1.270903429255983
0.12280185466874706 1.3283915772950297
0.06310513096880083 1.3263582642341356
0.1498017231866221 1.663650035486299
0.12288045330465806 1.3908034367173991
0.1469680005915291 1.3626528087144285
0.09368123679033144 1.4025906938641703
0.07648420486327291 1.6695922085003998
0.10615159998043562 1.9020954324830825
0.06930106792624305 1.7001066645001357
0.08744041755388321 1.5380503231309965
0.11410368389259548 1.9925637391441888
0.09226599308494135 1.4252623749381075
0.12256335114956238 1.6459398297300112
0.11140782357587832 1.4425685959492176
0.11489079926729634 1.79534622556279
0.12231874869163356 1.7552273264846152
0.08445593384039533 1.3883056780543226
0.09058065122208082 1.8810312116358365
0.13279205237527794 1.7721654666283126
0.10141781247057022 1.7698367258587853
0.06817960715831961 1.6458482534167589
0.14660040242812677 1.2050866924052845
0.07688312105601085 1.551245533539174
0.14483326193857882 1.5274173655863894
0.15428629958515278 1.7226310850987487
0.14720862408677166 1.7664011900903773
0.11713134642216351 1.5214385731754543
0.13916854238460707 1.8819845869422804
0.11490688307059108 1.6198370212977973
0.09705565912417659 1.7086786237030553
0.1289779798894224 1.917119268896346
0.10591341436994034 1.5640350751018426
