10 200 80

0.6340380379084982 1
0.3600742587492095 1
0.7947284182354852 1
0.8038623682136482 1
0.46593293612949416 1
0.1033882397708824 1
0.20847563141359815 1
0.10817655995473563 1
0.15398143608130832 1
0.4952585433502945 1

-0.17294136107353147 -5.012507931770573
-0.21094263085496248 -4.605067279830602
-0.2705249610451407 -4.761296755522137
-0.3180435450178175 -5.260188104404214
-0.3372405202952724 -4.605952657300963
-0.1274136813758378 -5.180710388517602
-0.27817635647080763 -4.830686768832829
-0.1474303529895905 -5.202865560488455
-0.33449570542518225 -4.815196224588546
-0.3086123673086856 -4.595394037236058
-0.35722725986785264 -4.696915622573361
-0.31663731524338845 -4.745170153570445
-0.2603260866079664 -4.657268050620868
-0.2868439080745887 -5.057974655351822
-0.1278776330874692 -5.1540478168264245
-0.30105570179109725 -4.764086899218724
-0.2969238314110636 -5.132800796347984
-0.10649729862841284 -5.175320308785339
-0.23694901178619687 -4.770331940497222
-0.12352823723906509 -4.810015494963226
-0.38983251112039863 -4.936236217921136
-0.2216046697717926 -4.737449329434549
-0.1377386881053378 -4.566262810602013
-0.39982807469864756 -4.682115230411074
-0.14202799341806238 -5.0936229575038325
-0.21600304543084164 -4.9234976846265255
-0.2214622597508833 -4.946459934368136
-0.28229522545520946 -5.173386497059215
-0.27759101209002823 -4.729642034417807
-0.2621522155259953 -4.757439834601296
-0.21064625036788187 -5.047500327253203
-0.16898542803080308 -5.157953017732862
-0.12030047657315313 -4.918144238819281
-0.337755436239006 -4.589799021758971
-0.18184953744336196 -5.104409907542796
-0.1997138780058583 -5.172227870820068
-0.1512587329434865 -4.853913554952442
-0.27481985547964066 -4.968627004462595
-0.1264564854523506 -4.9891879609582785
-0.10092707387343758 -4.794834930784312
-0.3928896408360995 -4.791898907259291
-0.32238535458873063 -4.789804182127395
-0.3997197377461181 -4.868738137396573
-0.2508508914636112 -5.041475840880619
-0.22830930664125354 -5.128882454128671
-0.16956675198605736 -4.5551991657282835
-0.19317057530806064 -5.20816856750944
-0.18302076725337424 -4.79155613425275
-0.3266724641339692 -4.668346710644051
-0.2646728866582631 -4.601557943077416
-0.2838470867997199 -4.663093528444603
-0.16687921876948353 -4.531949110113446
-0.2404056452275332 -4.598590982823545
-0.14874859325394418 -5.243476010480956
-0.35670102848949525 -4.979947137220798
-0.23662215597544792 -4.763640225629144
-0.21758201356730883 -5.158408253420471
-0.14762678571072207 -5.233558680590832
-0.3145316692525135 -5.074490407947179
-0.1568197126857254 -4.681767213853204
-0.16129397651241564 -5.036184149182503
-0.17770831147311478 -5.245547237415336
-0.124843915958751 -4.716959380147316
-0.13476004403522346 -4.621461188137615
-0.3940375959007296 -5.232587352457846
-0.25075054844622036 -4.882210737383307
-0.20458632744853167 -5.008632664393339
-0.39642778378743054 -5.01469491162751
-0.2300884572299898 -4.803040435828187
-0.29695620195073313 -4.73803698239756
-0.18703084950391147 -4.723520051439361
-0.3904935700359859 -4.786724765457046
-0.10050897032900075 -4.674702744492512
-0.22213143253705556 -4.841038071279233
-0.304726210213833 -5.154879900916292
-0.3986448044095241 -5.158940968314567
-0.10931511139275468 -5.185161453138743
-0.36554989349369504 -4.801584169073419
-0.18017673576590953 -4.565045997708064
-0.34322266553584885 -4.840611232747955
-0.32464825763819233 -4.579550749196462
-0.1413606107943628 -4.874627414670031
-0.1835029254634611 -5.059832778994757
-0.36058732705133506 -4.547375260745136
-0.12115477805779934 -5.109229461072269
-0.19274803160094864 -5.189845549331614
-0.14551439439490388 -5.2548177194324035
-0.18559071029930874 -4.756736357194919
-0.20706558971897748 -4.548468167041014
-0.3386703905502914 -4.615377659294493
-0.15044706461938046 -4.709065405947375
-0.12347985396987549 -4.619132586245607
-0.3381106662359729 -4.6272822387852095
-0.26262641528726793 -4.969253855176636
-0.21432692869994105 -4.946074126563378
-0.38834100232820074 -4.857478462539451
-0.22375895254026104 -4.797719372669058
-0.33824898818783833 -4.993850033263279
-0.14583095108271338 -5.262248715808025
-0.33221689449153086 -4.739937028524173
-0.17210889702483995 -4.733619049762776
-0.2178190008953167 -4.723385913966661
-0.1443217572041428 -4.98281785067634
-0.35102496459182597 -5.120051984030091
-0.14089402408431423 -4.555818752303088
-0.287665636863938 -4.910366737264556
-0.33094329830847186 -4.78835112423677
-0.1708779025568195 -5.1216116668973255
-0.25386026811871265 -4.763582424683382
-0.10835783887593392 -5.050607837192927
-0.32357365635317703 -4.772216298157226
-0.14428360042702448 -5.119397868785194
-0.11903246187356736 -4.766887793145493
-0.3977723959019369 -5.227439061372141
-0.16497744662041655 -5.131316634533446
-0.1219940977511807 -4.587334496922884
-0.19387469934027332 -4.692790722901597
-0.3454180893283898 -4.68557625688493
-0.16112965573974003 -5.094323244884532
-0.12738112268077412 -4.642911608597843
-0.23048350034627893 -5.056554793114423
-0.19824863249346156 -5.159844324140905
-0.25721670569427235 -4.807791602832195
-0.2446887688725112 -4.542060297230199
-0.2694535564947538 -4.946101602699718
-0.3357588391722891 -5.0318103905072755
-0.32080688977990457 -4.627632250232893
-0.2883755890021381 -4.86462038851379
-0.3621670797571108 -4.721042968677148
-0.3930936226603138 -5.191846387067515
-0.15630199220903215 -5.057334754590675
-0.28055867199481627 -5.197764395332455
-0.21596821888892576 -5.174477245850922
-0.26512950454478823 -4.76572112013825
-0.33244094421416925 -4.9168433337068915
-0.10866226714402943 -4.908771499776112
-0.30292303643576324 -4.942935045182535
-0.14473337062017172 -5.123475849104037
-0.19754223461046724 -4.975118992891954
-0.1331267806407952 -5.101705434209994
-0.37813852335889087 -5.278274298283487
-0.3877720204001052 -4.666886132488765
-0.3556415397147635 -5.104495893161463
-0.24019303713763687 -4.72478691252939
-0.2375248517736224 -4.71293453025062
-0.2822704671672819 -5.260179030409895
-0.10826874682604298 -4.968799687939548
-0.14403326871960165 -5.191468495745214
-0.12148703409789552 -4.777598328272195
-0.39872241115937235 -5.08506711574629
-0.1484595800347976 -5.2002927740385685
-0.23457441492466233 -5.187420424628766
-0.26326045393365327 -4.7215346600252
-0.32574794634897464 -4.901328454795908
-0.3054383886886277 -4.993718733862158
-0.3808872484151272 -4.825962317250633
-0.2768603297888532 -5.269202516911573
-0.11137066737048568 -4.680833944759395
-0.24924772179190105 -4.809324447335307
-0.28360509508543225 -4.730514886200214
-0.18571655572059273 -4.95298962273608
-0.34738717500495814 -4.914103390803865
-0.15466086253087066 -5.129541550968239
-0.22998833851785808 -4.954437791587995
-0.1362189243807987 -5.183172889072478
-0.11849980018796225 -4.687604003068137
-0.12548250205209527 -5.2745858385547155
-0.15356053240195802 -5.003704545061623
-0.22788535188762912 -4.671846783207583
-0.1359433276666956 -4.725282618133984
-0.3390751811505869 -4.58097483225926
-0.3766490080793241 -4.6327620399238905
-0.13758637406619595 -4.8773172861567895
-0.3401327766950105 -5.194221976023068
-0.26988281215700227 -5.104097561073884
-0.32959867184854663 -4.62608790360172
-0.1433448711795859 -4.8799758274812906
-0.11472357604925493 -4.783524899598605
-0.39764438243348443 -4.873168373605627
-0.1920975704149671 -4.597272092872805
-0.27373923069211925 -4.89433272445137
-0.23439619246947838 -4.827946505553106
-0.343475259624605 -4.9645738753662485
-0.23691685933574397 -4.7596255433045735
-0.39482802486329 -4.807358759958591
-0.33916044825564423 -5.011965517507613
-0.20363365000490202 -4.770391215201909
-0.12054749778840956 -4.671287991088194
-0.2976932270090485 -4.753070770588745
-0.17552480017755412 -4.552734904460422
-0.22891754041091672 -5.1493313297853245
-0.3190722965832048 -4.881587832169706
-0.10496400821173224 -4.7475022335286265
-0.24274626579799932 -5.010238442690443
-0.3772463170155046 -4.783523282715201
-0.3317566962189821 -4.549164978792512
-0.11537495937926401 -4.908364460736987
-0.1942543662752863 -5.092520961255024
-0.3672148254800385 -5.086216105099287
-0.13750807730243408 -4.954384388931451
-0.1336342064783766 -4.853313029282752
-0.3536916431922376 -5.23858351593077
-0.2896308603271934 -5.045908110394709
-0.37087343806749173 -4.684176377341191
-0.12363210518477202 -4.640997013330419
-0.2217124437049958 -4.793524574687005
-0.10115350004237289 -5.04290845528556
-0.32077306752168766 -4.54288704751785
-0.17604513427517882 -4.817682397105533
-0.11780406932740989 -5.215912785646522
-0.20569229593798208 -4.74525123952996
-0.18718046929244453 -4.533502216604113
-0.10308744028761985 -4.595903319638271
-0.32127161681183136 -4.797961308595534
-0.1367546837004775 -4.672514461987512
-0.3308433617748942 -4.572147572398986
-0.2585924163440545 -4.905113183369531
-0.10190019000276612 -4.819081443949177
-0.1548555459003385 -4.595387723644153
-0.20209306795544324 -4.817743450002719
-0.30386013807021683 -5.0843820850688495
-0.3727961238398374 -4.533754034321365
-0.15386170459999407 -4.82643100384714
-0.28167560510833134 -4.7908983117737725
-0.33198993178705144 -5.000935648277189
-0.21610820610992215 -4.623639287087619
-0.10507746087444009 -4.820199461117272
-0.11151114120989941 -5.0310257285041
-0.18374415047276876 -4.830984271329207
-0.15894263988965338 -5.084733853462315
-0.10149240724131237 -4.757858519571189
-0.2966403252033619 -4.7330190812025625
-0.35611247297735527 -4.803147819915369
-0.1461771398889215 -5.265698745580721
-0.19131029206481515 -4.894803198981419
-0.2902052540701556 -4.590482335025187
-0.10980563786738512 -4.913924242516464
-0.38013570060189256 -5.178138648982002
-0.17814368448491047 -4.745437708005392
-0.2460013415759379 -5.109827826013449
-0.20619421238181504 -4.898250818774726
-0.24418904513620485 -4.943455674024459
-0.3033980312486466 -4.776902064746268
-0.395140888181785 -4.906228126921897
-0.2971066551337651 -5.124310099236678
-0.3627558765172255 -5.263742525814413
-0.33301262120133035 -4.918846069454514
-0.22440729433343243 -4.541627598148497
-0.36755237759708603 -4.866208979236015
-0.2564765224164899 -4.559656067370957
-0.3622299359860855 -5.2468847121716955
-0.39458361096293515 -5.011980859080161
-0.11611046360773569 -5.1079238781304515
-0.10965296354778131 -4.6000384790879885
-0.1397218877039389 -4.727367751146419
-0.3181676277678486 -5.12958641388279
-0.3022088780734108 -5.034268437892819
-0.18261897315135328 -4.669040802209697
-0.27937529909539865 -4.7353408940257955
-0.17367399465909172 -5.186741879866998
-0.1411313547769949 -5.014231456202337
-0.39670213012695227 -5.165359466694747
-0.361029911045485 -4.640607067407788
-0.35736974393174276 -4.58642298523327
-0.25381619145277595 -4.916192456950637
-0.3567588817547239 -4.750395813812522
-0.3885566826339772 -4.736359943734527
-0.3398908411887194 -4.929762272763633
-0.34768169844184293 -5.167227640667919
-0.1335315160527762 -4.574933126418756
-0.2801363029347348 -5.086931828340785
-0.2651469408664765 -5.237178284524317
-0.3780912159609402 -5.20017485843814
-0.367834158151784 -5.210148197729267
-0.11559737512932056 -4.687107680223467
-0.27868163658006195 -4.757802156033395
-0.39496805669070395 -5.154997382538142
-0.20730390404849608 -4.816270752970387
-0.3043078561249777 -4.662315427095609
-0.14258566329327865 -5.18006001627955
-0.10383034587076578 -5.229334843474166
-0.20065005585281856 -5.00452929027262
-0.39155550819122664 -5.134407952884911
-0.13476925480919694 -5.2541656479279775
-0.25404360415638383 -5.097064806858635
-0.37576285251337666 -4.892275893668674
-0.3526281458052516 -5.231251483945701
-0.25182060534297934 -4.575729364938454
-0.10576267748520324 -5.042859502143649
-0.17086011091193362 -4.899967517750552
-0.39848230927892775 -5.032395788958271
-0.20860930772107503 -4.936914901281447
-0.2714829816286501 -5.176910712446159
-0.31180291081774536 -5.131288680629203
-0.32245304069424974 -5.175280101758469
-0.392068882916673 -4.539798590513758
-0.3120531016855081 -4.974423185175087
-0.309684209253128 -5.134152864155739
-0.11940835642219833 -5.032269799704895
-0.19459019795529633 -4.9421734703982825
-0.3392696262641236 -4.584934490348081
-0.24882153736882215 -5.273459868580962
-0.16881410705376693 -5.209815642192845
-0.3154376221823962 -5.120099380066513
-0.15666729721198236 -4.8044322293713595
-0.2937452984366966 -5.228172477697872
-0.38862911661900534 -4.755289716501409
-0.23599727601979545 -4.74194125154905
-0.17589800248252924 -5.0755848170949776
-0.3991290121010557 -4.932091192309516
-0.24270340205361518 -4.671813519202372
-0.2916712788147841 -4.829896951578979
-0.300407503643902 -4.988060156258993
-0.18833117226744805 -4.610565409704571
-0.30631782992188283 -5.137430367850729
-0.24885313129106823 -4.747235102306026
-0.3059491382697604 -4.532943041547015
-0.14667892850739428 -5.231634420887607
-0.13626187616632263 -4.881690090446606
-0.20701321525050018 -4.84906674240485
-0.3172296463055492 -5.047168496068584
-0.1560912460464804 -4.744705159747621
-0.31438229480039415 -4.767755136861155
-0.33947122391143375 -4.973965586203664
-0.18224549317932792 -5.076593652925115
-0.1862326247823659 -5.060784015818332
-0.2917555952665362 -5.1075033688328535
-0.28661632877565524 -5.236562777020004
-0.18001083065434564 -4.72172324217584
-0.2245814135671124 -4.848536810729284
-0.24289869843631218 -5.17832341609365
-0.1453306750369857 -4.821116281464104
-0.3225611927150551 -4.812992084822193
-0.14808257740352987 -4.842185103902716
-0.19608369384266555 -4.5984830165918105
-0.12582503862546657 -4.751876510194565
-0.2576769084363316 -4.81813440634703
-0.23708802602056056 -5.059635288713726
-0.3251829945277697 -5.2463126411659555
-0.36623723481583265 -4.562822938268987
-0.1902401030332019 -5.250810673784298
-0.10004222898526277 -4.619258544002701
-0.33139201357673054 -4.65566666267893
-0.3942582007552936 -5.264105514800664
-0.208875276479452 -4.545063535822091
-0.10327410418434502 -4.830293601838585
-0.2856567685332437 -5.123540536730932
-0.33651036234026727 -5.024116486814469
-0.35905990945733274 -5.2517963259935945
-0.1953760496297449 -5.179309742435235
-0.2666813657822691 -5.033209818441855
-0.3272475987225878 -5.123851813448628
-0.3433307686256203 -5.123326656884081
-0.15169619029108464 -4.608509334772565
-0.20253795772344527 -5.023889835467311
-0.24949082463614025 -5.017514023998665
-0.307311664085149 -4.65202186349111
-0.22671316229985683 -4.853449988516057
-0.20701400880819534 -4.8320872517088285
-0.3600493309452817 -4.822052688093667
-0.363371165878287 -4.905002692182644
-0.326685146768788 -5.034546291949439
-0.22116459049619172 -4.886082951955715
-0.3465807814112178 -4.727811446311248
-0.2525596424816714 -5.2474143278599
-0.11914947088633193 -4.814643774177718
-0.21736363616291457 -4.9925550356569985
-0.2788275436177896 -4.5765049560312345
-0.25659755631205505 -4.646482860638064
-0.10713673593330181 -4.623379992855364
-0.3582820212172307 -5.167291561996716
-0.2648173073442641 -5.038515234548582
-0.29843592530362917 -4.954759623609949
-0.3073230673966634 -5.110548407636857
-0.2564276175567297 -4.936042887664048
-0.10511128239733192 -5.0710944643351
-0.21396566629245445 -5.214625928887859
-0.204634624956958 -5.158175910904445
-0.17835911523249665 -5.183535817406537
-0.2582121040888694 -5.230486788372275
-0.13473269736068832 -4.925376070588254
-0.2615510063850117 -4.721958073446812
-0.3640360688498079 -4.540278868779643
-0.20678494118577298 -4.934730663793936
-0.3104623859680945 -5.165656526387747
-0.271589393351071 -5.010161055323785
-0.39030181352688553 -4.922567394421206
-0.1290687830610759 -4.542918286757146
-0.39614758581548587 -5.101384495155562
-0.11868687320208049 -4.741977905378498
-0.2363185613369526 -5.132728681948413
-0.1383488686605402 -4.853246664947805
-0.34366861966388257 -5.1130991840900695
-0.19435476755686482 -5.042263613453372
-0.33883594313478327 -4.55920827451488
-0.3010589048459037 -5.2398299165046645
-0.16044529837922056 -4.785668978433602
-0.17393545707180086 -5.1184541047325895
-0.33959952591587406 -5.117191136977651
-0.3523681601179288 -4.545549943065489
-0.17513594176841146 -4.914378836778508
-0.32240721324811594 -4.88817917471082
-0.2753603299687149 -5.008998623956032
-0.21197674912324135 -5.0733984050872225
-0.32365193582966373 -5.136349006384501
-0.188355745686881 -4.754774853301205
-0.3507770808295392 -4.9141067601705455
-0.394706201107988 -5.049329204700334
-0.12219805918118232 -5.039639916829812
-0.3331953406226757 -4.623926714050345
-0.10111003983724876 -5.083304425866787
-0.15854122737864343 -5.119148674936592
-0.13020859828715853 -4.663674795783619
-0.39900034995995143 -4.853907526974701
-0.19672276116763873 -4.609734182542745
-0.17751422219977853 -4.83451954628424
-0.24140424208654776 -5.085775605548946
-0.34102063094963797 -4.821767472789235
-0.261806439820532 -4.881750026201287
-0.3776265147113471 -4.542690516505932
-0.2942443232274487 -4.883151349131239
-0.38953735182726323 -5.167828442807305
-0.27897205719875007 -5.125308547968727
-0.22061142853688565 -4.572599579868542
-0.14576932219046695 -4.690416292489244
-0.3977339862386997 -4.848072015843384
-0.22292548623612987 -4.848110956988527
-0.35607149905422963 -4.724125547311642
-0.34766009955679766 -4.943695680106054
-0.1749382727444828 -4.553971780041293
-0.10244664724583741 -5.242035474415602
-0.2824366073738388 -4.9214491512648895
-0.3715547480701341 -5.224175117891662
-0.26327327636053816 -4.939856916458384
-0.1923906389208726 -4.695250944676074
-0.25880257068511026 -4.608909347706286
-0.34464880215282573 -4.765107566959916
-0.2083095235658724 -5.08054930788444
-0.2766812083217808 -4.595093988663249
-0.2709651175615561 -4.713594563193511
-0.34504344885235183 -4.910325375535094
-0.21542100277130424 -4.986939092367328
-0.348022160656313 -5.0506678154628
-0.2931561979158698 -5.053676703144863
-0.3355010952199649 -4.821028867763309
-0.28340338820816113 -5.075868209718852
-0.261674947739998 -5.070755723697575
-0.3960060745459308 -5.241457869308547
-0.14441784304168598 -4.652858030208829
-0.28095836982961275 -4.560911409361491
-0.2379059933704042 -4.896171254600068
-0.2950137562027119 -4.70401282258227
-0.3555905181850154 -4.88843169116424
-0.261131061610539 -4.901193311178216
-0.13563030066789306 -4.787870973796837
-0.2838508530308152 -4.977592190476721
-0.19035474367002056 -5.15039798586482
-0.20023623529471027 -5.115894792138974
-0.22068416807436217 -4.711928299546819
-0.18730658971663922 -5.036124956079738
-0.24844090169592115 -5.22208475247447
-0.2788086718856976 -4.842745437235774
-0.21662961176867104 -4.739355244748531
-0.2661249610004774 -5.156698191501035
-0.33695482586137526 -5.0865152692425015
-0.292607341952084 -5.212999236294269
-0.2029556540700672 -5.035697124301411
-0.16028670149512358 -5.152813771363085
-0.34237662387980394 -4.941763164764757
-0.3714453986422394 -4.533245482450175
-0.3760370673107225 -5.260310962499848
-0.100119253087461 -4.542398667451186
-0.31278595424187405 -5.193605567426527
-0.34922215741781776 -4.878921356174729
-0.3955097729198661 -5.217604378165936
-0.27507083199373794 -4.608204697666552
-0.15935287533138237 -5.151844920632164
-0.3390872792740309 -4.996568571822783
-0.24488011608704835 -5.0631446387675325
-0.32380203325608503 -4.897125597817696
-0.32624701839897796 -5.114244171552443
-0.37716610380416216 -5.107509511139392
-0.31679992440238725 -4.677203791139649
-0.34281878808374694 -5.019347359427457
-0.1654429170884314 -4.721108895112158
-0.2441513789092175 -4.7517673738819735
-0.2930970569754061 -5.052704573742125
-0.3069487413214635 -4.749236000775113
-0.2279825849656767 -5.263046126467289
-0.3026282958000128 -5.0781480655491995
-0.2141665819402012 -4.959125728116246
-0.2926136579214199 -4.978697183240013
-0.19207528346467634 -4.997400266443759
-0.3903028830750136 -4.577096924442464
-0.3263679016155087 -4.845728067951202
-0.23273763187651417 -4.775863130433994
-0.11278068858009316 -5.12130526596846
-0.22272984949462188 -4.854014063496041
-0.1845712054013126 -4.816634485558336
-0.20111388427727178 -4.646045475412545
-0.24115771968305555 -5.247248215766594
-0.3043987526643711 -4.829166392387956
-0.17935620688893877 -5.019135449236719
-0.38303273995056336 -4.950965094980422
-0.18030928380679961 -5.190557586081066
-0.3922389551082786 -4.906300935267018
-0.2455137942075637 -4.667058545360449
-0.14005995487278472 -4.932901244568295
-0.21702182240239695 -4.565458342190857
-0.3058765595198646 -4.53533232181871
-0.1861281533908101 -5.269985426408971
-0.231151647918997 -4.741959194204734
-0.11975344044759773 -4.5588433302503155
-0.12535447905830288 -4.803596213890516
-0.11907259906452367 -4.733664539485369
-0.2899201357266871 -4.79989042628185
-0.36953629312321623 -4.868159154457324
-0.14235394110823146 -4.774616442451098
-0.11869469962618034 -4.832537551125804
-0.27161071330191516 -4.817524377454954
-0.10797459549421246 -4.782212416773073
-0.3243652453028987 -4.9721176959294695
-0.2692475057763591 -4.742718715622848
-0.27278471638163587 -4.886692778832674
-0.3512208129281835 -4.761377302821161
-0.12716574355987337 -4.754536788240896
-0.17387176157162418 -5.200404627423267
-0.2877166719022877 -5.132148386407125
-0.21426694325530446 -4.9925883517897525
-0.269043042204468 -4.61592397040938
-0.23111838478500146 -5.273460207128408
-0.13448947871017186 -5.050018706404769
-0.23795662913551466 -4.68425462747982
-0.261195464450525 -4.744354529153529
-0.1978565896906866 -5.236180992254404
-0.19552168236612835 -5.258635560663413
-0.3544179438859193 -5.060330671725561
-0.17684224029927725 -4.55562827037249
-0.3535239190833828 -4.85402518337069
-0.39966129033990305 -4.7746626670394114
-0.36440328965041946 -5.151481176424393
-0.1604027918059239 -5.093678150490573
-0.13106042077912072 -4.911148293125231
-0.38573370303272264 -4.577240990738678
-0.3870476110492872 -5.232662289412966
-0.3287349155724084 -4.553374873259433
-0.24366722999353713 -4.736476990843609
-0.17877379990010364 -5.157277002914563
-0.3078786468690441 -4.80537089807866
-0.3424819020851806 -4.557284689625532
-0.11770433631494592 -5.265877819629269
-0.19992970436534468 -4.980366320579106
-0.2747364319311298 -5.215117252842982
-0.3506113598894006 -4.70961973845154
-0.31038343447649275 -4.977209141924067
-0.13080450207750344 -4.797825820343182
-0.17768471060774324 -4.667043512489686
-0.34437355229168365 -5.135842653553819
-0.30267942648638324 -4.822014078525934
-0.1999738198283601 -4.536012581032977
-0.12813445175218685 -4.806555675616021
-0.10257347852395549 -4.755111473871724
-0.18544154469774904 -4.9407887574529905
-0.37092961060691637 -4.91811069065682
-0.22464900245791683 -4.694368417670859
-0.11174842716958144 -5.092247750660643
-0.32072864234160536 -5.240469181861353
-0.10193737670096331 -4.594499254325289
-0.3150224821843867 -5.083037464264867
-0.2716412530350968 -5.045215571456672
-0.37320319681777997 -4.78004789443869
-0.3718078140787586 -5.048432086692336
-0.1200532599886246 -5.090588721888171
-0.18268515335388344 -5.176356418075403
-0.3362252255140033 -5.048325772731098
-0.287090683283817 -4.839705227764377
-0.22195549916085602 -4.706589179746394
-0.24344655350648675 -5.133793838182781
-0.18378234573084545 -4.897586549412544
-0.25830413687807285 -4.574925044262123
-0.15028777419954045 -5.1961625624801675
-0.11172634260120112 -5.255353775458535
-0.1273353343226089 -5.172116568872121
-0.2366162731122847 -4.729505980247734
-0.2089646221691474 -4.976687342069919
-0.25490574332350713 -4.708843187253182
-0.27233638016271067 -4.543469222116176
-0.31527271272131696 -4.650187008607353
-0.28083101938384997 -4.90961735084895
-0.16533953263458195 -4.8546769282897095
-0.18674424197359882 -4.834471278667479
-0.13087598623978797 -4.594400174010675
-0.18886206946539322 -4.588092822168833
-0.2250041154097627 -5.023239907581441
-0.2933275676218051 -5.242906906557729
-0.11362569505995285 -4.6680323374794
-0.10524657440175816 -4.689937669207507
-0.1258189608204769 -5.277676043033015
-0.2376294821488206 -4.82476533872051
-0.1276391513296884 -4.721546014719848
-0.36468783492705775 -4.90366295355761
-0.23616198940631872 -4.72393733540067
-0.2719033450926407 -5.03698210934134
-0.18971811244483033 -4.7722493151190015
-0.26362637566126335 -4.997168052423477
-0.20324107329780622 -4.537594480816335
-0.34077032801164886 -4.781407770882934
-0.31337878975112743 -4.655721158240213
-0.27364761355968625 -4.969828660215849
-0.16538333723429893 -4.79395767011856
-0.33393078519244573 -4.604449072764268
-0.2888194985018137 -4.659964560086841
-0.1899105278850145 -4.937781458307333
-0.3413509981847356 -4.858438456700869
-0.2599848031137047 -4.763335416282604
-0.19817903987894459 -5.1100003879117555
-0.1913675037288907 -5.232431474277272
-0.16939196373307755 -5.221045978776591
-0.36963535441683226 -4.625761083972475
-0.2172537752037584 -4.921692926312248
-0.11298376285208245 -4.558793989502231
-0.16227069017133317 -5.195434012097485
-0.22384226848922734 -4.890734759244558
-0.2072304287885283 -4.636137441577159
-0.3590017812432726 -4.919481510236141
-0.29716847729717544 -5.222556327460351
-0.26662046849148613 -4.747271808007632
-0.12334781579941967 -5.140384076274197
-0.19834769058527038 -4.736012955319007
-0.2036229092377395 -5.08091932603308
-0.12689300388154517 -5.033269564221108
-0.2447670749335794 -4.860579275433033
-0.11805503854686195 -4.981783402899457
-0.36562522039111267 -5.04841032860915
-0.14731344533974755 -4.903496802094948
-0.39525921172224515 -4.608192354412774
-0.325059701361915 -4.694109887699533
-0.20763715029969826 -4.858695548774738
-0.16414131097989382 -5.039625296744411
-0.249160590715555 -4.6564898013320954
-0.3676677317893213 -4.623958116349092
-0.28407840041994353 -4.560641090007703
-0.22630152853772056 -5.028727829394049
-0.3245975813957952 -5.200471061383255
-0.19263828251184545 -4.641046237906137
-0.37943517245663677 -5.274674752785344
-0.18849680834724328 -4.810094190411489
-0.38405836076363487 -4.690891475304699
-0.23592233424275366 -4.820762594547121
-0.19355866146892425 -5.0090505426762855
-0.28076629734840114 -4.996378327884028
-0.26960134052228035 -5.218231497175351
-0.19856815095001984 -4.866139463324999
-0.33465283114360994 -5.008376613571466
-0.16859693167939493 -5.259971095590614
-0.19950424505630956 -4.659023961844915
-0.3080975572538257 -4.749805922430319
-0.20055614985586234 -4.731010517819744
-0.32203917413588323 -5.087661547908235
-0.189240706393845 -5.117511019056172
-0.2733954313810681 -4.84956446756709
-0.2041711056516231 -4.546950595167689
-0.20992858187999178 -5.223238215209564
-0.12492036796593747 -4.908937951792368
-0.28667128463134184 -5.231627827758463
-0.13917370013647706 -4.714198691762076
-0.1962246207829851 -4.621221185887641
-0.2849104345315081 -4.891870464136004
-0.24030888902567454 -5.079124428719279
-0.2168386480397644 -4.8919453440715515
-0.2192742671872077 -5.1769951292890015
-0.1972632905715939 -5.019854627790657
-0.3564502500131642 -4.849815171837578
-0.1963736272334787 -4.766926257731044
-0.17056308962121136 -4.752995977307932
-0.3972953664341325 -4.643540668115525
-0.25183961561241486 -5.161512453880289
-0.17313227370068648 -5.22034753559106
-0.30078946737693757 -4.642638377187914
-0.3303385694392741 -4.813055053316449
-0.18903062324251893 -4.713490999898527
-0.34913941328020953 -4.8302590474423335
-0.21654214519791173 -4.972307026778499
-0.32012480157122314 -5.176739492091507
-0.10462438433977206 -4.644088695352645
-0.39969252241722286 -4.951686170195583
-0.3759089205123287 -4.645965762721135
-0.1745790884095181 -5.097363736347469
-0.1947717443829419 -4.821360543474952
-0.12194689747361082 -5.226212421523914
-0.15289423450811465 -4.832883978047356
-0.20720608414149652 -4.962964875905752
-0.39654713784795664 -4.6752424950038085
-0.27789613731941143 -4.600083663772457
-0.29621976578548326 -5.25018202523199
-0.11252403940333694 -4.901781158457142
-0.354876099858222 -4.659564406686557
-0.31254783416079457 -4.61856131281406
-0.1442136330249429 -5.137616162430766
-0.2560437551867748 -4.905647712965887
-0.1722141088621974 -4.842710794937539
-0.26709455664103443 -4.787478306806815
-0.20652575767023956 -5.136631479085472
-0.3391407459425693 -5.019006825386142
-0.13209933374552973 -4.871491224428609
-0.20069769845097263 -4.852591141913787
-0.11143196337512457 -5.208332568423167
-0.14944822135092106 -4.803193973679758
-0.37549911698502286 -4.929116764905189
-0.16567775883502314 -4.79838722350051
-0.22266198447821683 -4.968760775230075
-0.14430671298057268 -4.534395418962806
-0.2964471633894387 -4.850130019463885
-0.1216002025126795 -4.690417293818061
-0.3914320919984161 -4.691593170107378
-0.14169549230003964 -5.151292411258121
-0.117246433962795 -5.129840900901613
-0.3100757890450384 -5.122818749093086
-0.3094575761905784 -4.595788550953925
-0.3177678114685837 -4.772261396349351
-0.13056661715081175 -5.0839515978458065
-0.3267959957120058 -4.667565694174741
-0.20729627456096678 -4.797509884561116
-0.19665238157898463 -4.828681827921025
-0.3390502643274481 -5.015073641851638
-0.3616857309549315 -5.1690410028091875
-0.1947124695638922 -5.136421649975612
-0.3356217327824162 -5.122342366900091
-0.322581544162527 -5.001918499914011
-0.1685032190338833 -4.893454610838468
-0.13337712748932246 -4.910220961154176
-0.3841550462266629 -5.246678932450575
-0.17521167771320503 -4.92309104444628
-0.37364044019504533 -4.956639542833824
-0.359661172825398 -4.767142324945807
-0.2805837880575733 -5.20895933644788
-0.27484858709724336 -4.534194872863398
-0.2982740266990763 -4.8654441526877985
-0.12042916697151235 -5.17326373776718
-0.1557556330596633 -4.951414838637985
-0.28473283067562416 -4.872878824088697
-0.23477813115828483 -5.204085231450602
-0.3455113771319537 -5.022857428331766
-0.15788044095607245 -4.7862839796971315
-0.32311349472198947 -5.104641865176341
-0.1046712076689455 -4.951154423123698
-0.3131126303625053 -5.211742642937654
-0.3513552546984958 -4.994659783265921
-0.13122918907409686 -5.206675077078091
-0.2731769955546051 -4.9358441525875545
-0.10915707125383134 -4.895604116680634
-0.32239988339038783 -4.6423574139455175
-0.1330335615406965 -4.565895562143324
-0.13760069319498558 -4.85171436200999
-0.24913436227651295 -4.7743139263677055
-0.24614068280932042 -4.63123533023631
-0.2812155205718957 -5.24514396545575
-0.13901431366597755 -5.241163412122644
-0.3356651885065948 -4.9065109315453626
-0.3886833940155044 -4.745374386200512
-0.142116320585136 -4.862497804807006
-0.3144444432770192 -4.886060935584117
-0.26526750664131216 -5.241962098103524
-0.35053343362085415 -5.245317979616786
-0.204802364110944 -4.7676969842769665
-0.38871496117967996 -5.045278727053353
-0.29577195151457447 -4.826237374791447
-0.2614661095237547 -5.00783888941186
-0.35814122504897405 -5.207194677583802
-0.15535482495918254 -5.143489838772732
-0.10201860415566993 -4.832328688160361
-0.16344089887346355 -4.7115102173995655
-0.17897492776711815 -5.027505993223732
-0.11281816144754925 -5.129083567890099
-0.1873197178413212 -4.748132499543845
-0.19403028932543756 -5.020176796431985
-0.1757423491708292 -4.749553687477616
-0.17319884031317784 -4.529245365185894
-0.1957113145681055 -4.8465649387249865
-0.3540994619476157 -4.733996183997072
-0.2848564147216618 -5.003398593709692
-0.3599547974966982 -4.606466912703165
-0.1714201511504946 -4.571398263503367
-0.3809785645659938 -5.141306017158279
-0.16556348872674845 -4.711629125640473
-0.2904474549395101 -4.918225458683591
-0.3481780754370073 -5.0659969322216805
-0.3566056070018794 -5.0686839304465
-0.38992636259508096 -4.731734447533796
-0.1661899753849378 -4.8506620918250105
-0.13229614742790774 -5.2403737204208305
-0.3753281280740724 -5.23484432871622
-0.1113935540746217 -4.550199374648115
-0.1247379957772422 -4.538595411586565
-0.19422221205557863 -4.757605706602311
-0.3707900990300632 -4.546887210905741
-0.19645511030152982 -4.649808121602961
-0.15253595991896987 -4.903178982349525
-0.29193278924704985 -5.217793720899568
-0.3247785436315642 -4.65724807902808
-0.165136015328647 -4.6707206033336135
-0.2726240927177237 -4.84377595769255
-0.14453733627740467 -4.992073422967663
-0.12062358240455828 -5.11395055364531
-0.34073972251808476 -4.645832735121633
-0.28744237022136515 -4.662724602050961
-0.240458839616704 -5.2640496055618184
-0.13079351581769788 -4.945070645835681
-0.10870003807856987 -4.881852177315353
-0.3632800651951297 -5.118222920186369
-0.15578250832957527 -5.209311670960153
-0.3898136996640605 -4.684978040467165
-0.20281380882152664 -5.151472040113969
-0.23127698663263582 -5.051791495038371
-0.19128546691499723 -5.234348283049411
-0.1592149543587737 -4.595774500422767
-0.36616636517026324 -4.694905005074564
-0.21166546257580118 -4.948779288031181
-0.3761423079930518 -4.917545999950053
-0.16978118560028424 -5.121022895397807
-0.25382142952274855 -4.815085846228741
-0.3392700575017901 -4.784876778595947
-0.2860988730071 -5.044268512447435
-0.3065648163599619 -4.565777031300485
-0.2539416099736962 -4.969695346790118
-0.20103506178146532 -5.23586611407772
-0.1916162981170629 -4.972350024986166
-0.3201105638331045 -5.026608017991072
-0.3459111703431572 -4.906871604589214
-0.26478250565710204 -4.56148070666113
-0.3785142054962193 -5.264234218620473
-0.11638431375240799 -5.198995983478091
-0.33971368070767727 -5.140974110899002
-0.22238263113877146 -4.8614423375929725
-0.3083068611523962 -5.24090527844179
-0.3279128389672479 -5.127957115830413
-0.33782900619657974 -5.253960390820096
-0.20067093600288932 -4.873948668001662
-0.20605709747204962 -4.600975228540262
-0.2526242993001579 -5.024360397469583
-0.15044661078491045 -4.856304702191221
-0.15161388923517843 -4.895036111709443
-0.24096732299008716 -4.571828416855461
-0.29484821325129246 -4.9183652297299965
-0.32420565324629874 -5.031532072689619
-0.3201892372233175 -4.832269529262881
-0.2678827132614085 -5.209993512388766
-0.2935982720424297 -4.927641287922831
-0.2324848597417688 -4.745557355537498
-0.33209100633706345 -5.166565824665033
-0.361699536855095 -4.811230633449747
-0.3447782706792388 -5.057102163763981
-0.16891189845954166 -4.661353178070177
-0.14045063612372177 -5.148402878801255
-0.2887044391499155 -5.016245132488677
-0.1360770329905368 -4.880229552572655
-0.2728432796610364 -5.199147927145671
-0.17514875176537553 -4.671551086199229
-0.1818768310189932 -5.030831887988391
-0.2159004693171134 -4.835182145856575
-0.1403405942617938 -4.846163718286437
-0.13444344317286205 -4.966175365263968
-0.364175995933786 -5.037497185841579
-0.22598127916152044 -4.945533922072583
-0.18772316885744111 -5.120133519605247
-0.1376209899925086 -4.999770720564682
-0.28937466500499304 -5.130364837893502
-0.20366518174175835 -5.25234529852813
-0.17520582969025264 -5.148723061738489
-0.27304572158551166 -4.62315749535431
-0.25380595157619923 -4.6528086210502355
-0.3951939521450398 -4.659631759830926
-0.10492870767473095 -5.216401189214102
-0.13942395577577643 -4.731034813652984
-0.3451307495857364 -5.24461570656349
-0.29660813238717665 -4.798000779426004
-0.2968145942572977 -4.538216945555852
-0.3906165691232897 -5.09771976194408
-0.3274538076316341 -4.614592575652721
-0.23071513924399137 -4.823842152668665
-0.18271294651367076 -4.580326805150067
-0.3840544191766786 -4.537418181560876
-0.388924610275176 -4.588139084008157
-0.24694154353860281 -4.863967221555536
-0.14049405960671885 -5.227536873084329
-0.2643871957396906 -4.708245252208115
-0.14278193591806115 -5.206573642243757
-0.1375624569504308 -4.980428590939927
-0.30038784081587694 -5.051979974535808
-0.28624853994482363 -5.2734187045267715
-0.21863823161673873 -4.7289604743798295
-0.36101194678073956 -4.770775044053555
-0.11249380203977727 -4.928698687639454
-0.18637306903572282 -4.896222620285097
-0.35152748164041153 -4.6984965550208955
-0.12208591581050737 -4.748036074493479
-0.3148217799606732 -4.56863943880889
-0.30632604383167994 -5.065239060689284
-0.2738827715390212 -4.91097238745052
-0.19178162698021103 -4.575898399808642
-0.3074257813351309 -4.725661818855337
-0.3862515683148274 -5.207525392892146
-0.28481038171909406 -4.74114151306777
-0.3557354803634526 -4.9612247258424205
-0.18337365834555824 -4.958283001328267
-0.1695715771705522 -4.534354372386632
-0.19943727678033882 -4.6228334336808485
-0.2372085180823102 -5.205327428087998
-0.16567132350098673 -4.792227741341721
-0.11997967406672305 -4.753604791743363
-0.3767406598731762 -5.132840900352693
-0.382313541790482 -4.849675723724113
-0.20468674790425825 -4.581643610702832
-0.33368179021962097 -5.236226029926697
-0.3049023113169833 -4.580413564923308
-0.19051145057513066 -4.727406821302337
-0.1338797660435534 -5.051827762958602
-0.2623198603512534 -4.783937228793476
-0.30126204969376486 -4.907238555482657
-0.18516966146265865 -5.195504002166325
-0.22315914442083293 -4.759449714057338
-0.30150873460734307 -4.7625309167506416
-0.17867532720636345 -4.5814334425832985
-0.17315221916392637 -4.882943648652361
-0.31120125386078346 -4.9169110244615375
-0.10970844049892114 -4.663695273650383
-0.229186642141895 -4.921031630807926
-0.3909109157444968 -4.965423529703443
-0.3407878357848437 -4.756291179950684
-0.12704870749876557 -4.959436824740518
-0.2044011142864224 -4.734964100657864
-0.35661191376157975 -5.047989473786167
-0.15227088912545797 -4.982499153428548
-0.12341192317506766 -5.135453351877752
-0.21010755746999293 -4.900645581167937
-0.34863412756087764 -4.681612708751917
-0.23157787539464927 -4.555440545411519
-0.15514510407009308 -4.550682101571802
-0.3133201481985679 -5.271412973190906
-0.14399709614375722 -4.968266231375739
-0.21228653234504646 -4.724784803151614
-0.2645569542551839 -4.880748313108728
-0.3824588225423233 -5.116200802281448
-0.23346947243240762 -4.703196743313095
-0.18668823079906202 -4.807716016175679
-0.308083152035069 -5.212787562544318
-0.34321736861683233 -4.565620960028572
-0.2575546904510452 -4.627750716949402
-0.2466651499871509 -4.994995721356045
-0.30497536957683125 -5.274806248263533
-0.18977331074191128 -5.038426127263472
-0.13652601022110084 -4.939057712232988
-0.11554823841670198 -4.633657894252323
-0.23690355659692994 -4.804858480689873
-0.33264489896669525 -4.899470385209897
-0.16249469305511632 -5.149053378715204
-0.36535287834770663 -4.732816093841799
-0.19549640228180737 -5.2596976875754065
-0.25280645941852353 -4.968051491994908
-0.3944960751770323 -4.691662116463418
-0.16206432211400412 -4.962128827488017
-0.20046717680561482 -4.753177739254619
-0.37326706389376013 -4.831449373945537
-0.39662606272272766 -5.152752177627148
-0.2809092215743043 -4.527364387406471
-0.21257741985864342 -4.921133921164776
-0.30149809771735503 -4.700869831481288
-0.3562763644622367 -5.127460451712691
-0.10800975065719476 -4.656665360493027
-0.2914547766532577 -4.783802840670851
-0.34045373028400955 -4.960869650332011
-0.2885538081811416 -4.887869545842038
-0.1748368827198878 -5.1283740950547
-0.3638417027150831 -5.044592363247797
-0.25947756478491457 -5.068111376705212
-0.10457378396806388 -4.703918202108152
-0.3397853512589183 -4.794831354848881
-0.21100069023240478 -4.739682406123858
-0.32613519507536914 -5.248358585697997
-0.17667249876062055 -5.0971441932743184
-0.33441900337901453 -5.127842574427915
-0.36447122599636683 -4.7453632233094405
-0.1178766860202019 -4.550089509607698
-0.3430350065068209 -5.210550740168371
-0.37525132287381285 -5.222214026084417
-0.2631790182412278 -4.732450886714867
-0.24470837811843707 -5.192902903558761
-0.366652682950294 -5.185800810752102
-0.38479765642706504 -5.075434567785865
-0.35028507285829846 -4.946406620289285
-0.16987344244610375 -5.01944357206431
-0.12243088705445204 -4.731113440785013
-0.14783807446357294 -4.6851801289215596
-0.15010634080815483 -5.262119679814683
-0.18465955145365873 -4.725364685578993
-0.3885677759005165 -5.050314822962237
-0.1554823999715217 -4.558799676255497
-0.22608449071713665 -5.046023174972251
-0.3452025129712419 -5.182215318144241
-0.13190111317169467 -4.96809488110063
-0.38055693226624876 -5.0266502684919185
-0.25443545572572523 -4.549289133126539
-0.15994389380262758 -5.036360529098534
-0.1828701769397884 -5.077841891905351
-0.25242281520007426 -4.796002990834115
-0.23003785438114904 -4.5832209587459225
-0.2357288719216577 -4.561560137116678
-0.1722027454944603 -4.763328477022803
-0.20117783776471315 -4.735152447962011
-0.2447017739061497 -4.782896015122404
-0.13085324315013597 -5.114823757873336
-0.27414837913533746 -4.726382334404055
-0.26888439828660504 -4.822704303552971
-0.2102609288400895 -4.581497934753701
-0.1507764026933638 -5.1993401500685765
-0.20860776200748796 -5.0066887178453525
-0.3174108562939162 -5.106503203924379
-0.29661436031974564 -4.615911096731455
-0.3401771993889303 -4.616173724360767
-0.3806147720838853 -4.800236611594236
-0.19485199650950735 -5.012619584609305
-0.3568555817330472 -4.63038341165908
-0.21038541961797003 -4.925399303540562
-0.17326272758768074 -4.720052165233216
-0.27850542035660875 -5.145801135033932
-0.16385401566987268 -5.056163096909521
-0.10399236567439113 -4.942977521942388
-0.2596809854486684 -4.785068577310502
-0.12002254789283301 -4.710824334675274
-0.25185563552104495 -4.567596391292814
-0.2590396275950173 -5.270655635780574
-0.3556066283134691 -4.759467226703238
-0.1957651250281095 -5.253898253256075
-0.24908135228607076 -5.162246383123016
-0.24854070369970607 -4.754823864205152
-0.31651123701503314 -5.244218491697117
-0.248518241168546 -5.187142293843275
-0.21336028612539087 -4.991742471919432
-0.26864119856485413 -5.239566634511949
-0.15186181934368984 -5.044575293759983
-0.23056874741685227 -5.185367610660159
-0.2725852915789466 -5.271627299937038
-0.1984423461043092 -5.0314010443787405
-0.38747460536965106 -5.25648764029829
-0.31031252302785584 -5.113670385393615
-0.36550215550208326 -4.866619832588554
-0.244188479213028 -5.191547964760951
-0.20455209371227592 -4.819077783382983
-0.1302363262210831 -4.840857170716033
-0.29042787039648493 -5.039383116065844
-0.36864339492686593 -4.720884300290943
-0.2979789761078596 -4.54730313391277
-0.24211381460571968 -4.805618001444933
-0.14974066107302958 -4.734741269301519
-0.390575777849635 -4.719979561501834
-0.1094024786906943 -5.0247430688291725
-0.2959678159394961 -5.053593366562203
-0.16631972580979054 -4.5573708346293875
-0.307202662542341 -4.698792695413339
-0.2948333510177223 -4.719854461268339
-0.24384281761814425 -5.023361531484452
-0.32269183922342304 -4.981226184886486
-0.3620127661797276 -5.055587948212959
-0.26322038382637586 -4.871343734663952
-0.10588821759622064 -5.103998431481555
-0.31144847472961984 -4.592035180674604
-0.32936853651398484 -5.010903268220827
-0.2892993802059188 -4.6727052308572095
-0.2986234269744775 -4.556694313277815
-0.23817897403908378 -5.175347662531245
-0.15759370824468838 -4.900108999605861
-0.18977858370557546 -4.7636005504344014
-0.31825074966173705 -5.2575712620929185
-0.29609086519927813 -4.696572121681897
-0.38768784591346156 -4.687620304064134
-0.15397727120049035 -4.938601518836296
-0.14938889089388285 -4.755449310430474
-0.28820117111096527 -4.534534727398483
-0.11057012316324483 -4.63428640994255
-0.3355096574234717 -4.671926662393368
-0.10611165645610521 -4.7838160157642164
-0.18381490387351831 -5.239068622393885
-0.3239502746765834 -4.942985784960336
-0.37122979698484826 -5.113597227904163
-0.2149550223211786 -5.212689341306412
-0.14598789837255183 -5.056310891976179
-0.2046393274055934 -4.53378307003264
-0.3976820824864295 -4.896514925373846
-0.36016162444499195 -5.106290633470617
-0.38971778669789126 -4.652533538085027
-0.2765945472028353 -5.118980193842648
-0.27401460679478884 -5.1626473152628165
-0.2404389485346992 -5.197863310954711
-0.12416229255122252 -5.035162658066722
-0.13727404237530644 -4.647401015426033
-0.36216974966602505 -4.818154223882118
-0.3160853657666034 -4.782748815346508
-0.10305089185703087 -5.0894287674485845
-0.1611259845009595 -4.6176204135600685
-0.36351074891079205 -4.802959542683088
-0.15636672589062903 -4.844758701123633
-0.2532919204012696 -4.998160656824987
-0.1977382394156534 -4.858376092665569
-0.25034324149718956 -5.036358769740999
-0.2264255085890928 -5.223113423675944
-0.24973050538279423 -4.592098486111693
-0.31182229549868445 -4.8654104385426455
-0.2642222443397244 -5.128864312518915
-0.16981190504998359 -4.708439000690541
-0.22228438199686398 -4.532277187672224
-0.18392524824180298 -4.565004359715924
-0.19052267171373152 -4.684577683505303
-0.22248076430358874 -5.149050554394173
-0.24848569540634152 -5.204817498652262
-0.2798483419871078 -5.216612193792089
-0.26131874627215296 -5.239956486562062
-0.3059766568226948 -5.109444900478072
-0.10792716182021234 -4.968848571057956
-0.2698469759246124 -5.170766471932098
-0.36247665911502364 -4.946964054959383
-0.1146183530185349 -5.194122970108924
-0.16060869374585876 -4.861527450319459
-0.2727646132921562 -4.5780944801551735
-0.30855138918078073 -5.066082438783729
-0.3167009845382337 -4.541194299337601
-0.10938046865122719 -4.862488659518906
-0.14845399035027768 -4.8008694100863645
-0.3360035659458741 -4.889963258662358
-0.387725442600231 -4.761132773015324
-0.3957151570480861 -5.199899969585808
-0.32319704332807825 -4.922885469717153
-0.3942443005198342 -4.6993073145762265
-0.14933804379912957 -4.791702111700718
-0.1457190858643681 -4.777351380989291
-0.12781786759952207 -4.989564973647282
-0.20210249838164035 -4.877546412400466
-0.1747512038532353 -5.0078360205289885
-0.36838811491900536 -5.088847955309226
-0.2631756232625393 -5.157370998650561
-0.1472815143197863 -5.0345924356628835
-0.3761081467062262 -4.90766571842437
-0.2558095032462193 -5.071192008968824
-0.32933568674414027 -4.884123719252555
-0.2706790770209262 -5.217339128704298
-0.21949612596547569 -4.743560393299458
-0.2753340401772367 -4.837600182630942
-0.14207824754407244 -4.823626036676274
-0.35991162654511405 -5.118659621518584
-0.10378052294761225 -5.15105449963449
-0.226197106291548 -4.659775917618495
-0.19053720750874054 -4.670399989238258
-0.3429341392736851 -4.5883336634794345
-0.34372058808492884 -4.7951499283083265
-0.16763657276511554 -4.962506994874397
-0.36555011732426446 -4.663667303166225
-0.13961550276790125 -5.174416093871174
-0.13377911841927947 -4.909137619926981
-0.3876512385751463 -4.632992107719854
-0.26568453550294 -4.721443075858587
-0.3252734817851874 -4.685634417356229
-0.21503161024078102 -4.862688395468169
-0.243304854208079 -4.785177880050463
-0.12214071505572988 -4.791894334541589
-0.36954642333244786 -5.139366579862433
-0.13387391861041809 -5.042138965167787
-0.19550435958471304 -4.7246265491486445
-0.30169913800796244 -4.81801649499899
-0.11285406106706442 -4.874395508905487
-0.2759750637728284 -5.2776807625355495
-0.35271772811419094 -5.17009393396103
-0.3685998124200911 -5.265776953741995
-0.36267823483652556 -4.932737457706668
-0.11316301814970298 -5.106509655899105
-0.26095753146906836 -4.572233346493245
-0.2703636441170554 -4.616193723456097
-0.234818089042112 -4.970222208956154
-0.18087054932593152 -5.092593960409321
-0.24539073321586644 -4.689868933424848
-0.3559980746121869 -4.731901146933053
-0.15577042692535006 -4.655312668090711
-0.22145359731351438 -5.088599344877182
-0.27126548879224477 -5.004370918870053
-0.16373402809787196 -5.124743208511214
-0.10830256165219015 -4.580050637809473
-0.3942759992391261 -4.577541780657683
-0.2306728165995693 -5.231942189631444
-0.1918467942941384 -4.68877573061973
-0.36510816757766273 -4.6534912000175845
-0.3771286861801231 -5.1033343248192296
-0.17823132300151756 -5.10012072640509
-0.2564272979427966 -5.076318388140939
-0.2797695257753293 -5.244849041648824
-0.2330215269557344 -5.11958424269904
-0.21401033666617356 -5.077208088219872
-0.31777014468026277 -4.963949924196904
-0.17158986522646658 -4.746728986173405
-0.2726244230565179 -4.7751886172246545
-0.10461382348751358 -4.761930252490214
-0.36288417974037995 -5.04159465401621
-0.21474803220252575 -4.776638901061237
-0.32161795524868386 -4.904162884185952
-0.34456916224938366 -5.156090370221291
-0.36124537324849754 -4.5866792002490895
-0.12741815650678912 -4.892269741792224
-0.2589183815227642 -4.753636478552658
-0.1577703594978631 -4.649376617560006
-0.19683713855017002 -5.232986741293647
-0.24369992065588927 -4.753214400219621
-0.39435017394485 -5.028124087229208
-0.24512187475488081 -4.63131743188858
-0.33839523439080915 -4.609309681100838
-0.3196653700427888 -5.1263224430618894
-0.21185882150120522 -4.778134350750245
-0.2466495363715553 -5.050600324564454
-0.3969681738901013 -4.7379008918806615
-0.2386756297502713 -4.761341667072594
-0.21093191423324142 -4.968892415861678
-0.2584380946142901 -4.847331465595841
-0.33575349354247136 -5.236203177531979
-0.33168647550218855 -5.050333050632701
-0.3385851451319572 -4.75093632212881
-0.16217647178239514 -4.9754840018325766
-0.35259555634207895 -5.007250453691187
-0.14297273757119405 -4.815384257944669
-0.30065089947651635 -4.819721738044713
-0.33641692732837125 -4.939818031842806
-0.2698756050376819 -5.192867832593448
-0.34270888454614 -4.773525389646519
-0.2762039406100524 -4.7941030792771775
-0.3653621499556078 -4.885078845681646
-0.3483716924503285 -5.072284746602496
-0.15965205525150278 -4.79948636190974
-0.257489997145742 -5.03659369395025
-0.11979468922068492 -4.715200935586209
-0.3707541027514489 -4.661990429996636
-0.36501290268890874 -5.262011541671937
-0.2573023188333509 -5.257895078317038
-0.3507772702562353 -4.910585229424983
-0.3518631912858947 -5.204684697465728
-0.21491648226648316 -4.762470152708236
-0.17230995770066843 -5.177482591610861
-0.3505336599629443 -5.069788511389375
-0.21947986308542522 -4.894521470778672
-0.1516741284527034 -4.651647972487094
-0.13844121580475482 -4.9629565533560065
-0.36415715154889106 -4.757322236791047
-0.21760567822181 -4.804250049180473
-0.32230619110679076 -4.749977602193296
-0.3476685330318417 -5.178559282590159
-0.24635769726025677 -4.775323701399774
-0.3608667197441328 -5.15815915592224
-0.29510674390364405 -4.934697369339825
-0.3205878000717747 -5.027516899839573
-0.29684307860097625 -4.620973291688789
-0.2024748331947463 -5.0781249974200025
-0.217366286449527 -4.937059236341738
-0.16486021341836013 -5.195143513725279
-0.17698027748863301 -5.166491287451157
-0.18148088486387853 -4.931015919871185
-0.1714490579174716 -5.234409372979283
-0.283608951428496 -5.029045022769045
-0.1710972322019202 -4.756208345439891
-0.21022218702601836 -4.8450116765345355
-0.1587940336827544 -4.856161412555054
-0.2668404465761762 -5.081259257611566
-0.15637598369786432 -5.084265620246334
-0.18850799961541947 -5.019107960300141
-0.3438216054650493 -4.746414177241242
-0.2738900888634181 -5.2634349365601345
-0.1921908341884539 -4.561201939307281
-0.3070143552871752 -4.856576740169562
-0.21424441129592814 -4.870747446331246
-0.2566988563837817 -4.731511517143108
-0.3721389543211153 -4.806023903817475
-0.31190541364567254 -4.786514064460001
-0.19698134995810998 -4.590903952567338
-0.12973148343778762 -4.895253587789506
-0.20799239822770732 -5.2713201254378
-0.23472971441505902 -4.5348237209890465
-0.2380647467616984 -5.119231761817454
-0.17211639933193196 -5.006282477934723
-0.3252532652071185 -4.639762235758665
-0.22504085333440157 -5.266389940671315
-0.2874897187973182 -5.101252738490417
-0.31016696950865025 -5.061268055230068
-0.25896170870358065 -5.265620971098817
-0.24638979894980748 -4.567568316684458
-0.18140926447736977 -5.048616062823337
-0.2819841966637871 -4.695051649061437
-0.2985165142477942 -4.847240098279458
-0.3564516573593267 -4.609636938279886
-0.11997021640839584 -4.610603436383982
-0.24325333236429125 -4.962623332163463
-0.37292369469604747 -4.579998870891545
-0.1784424908493909 -4.6369738870459125
-0.14805916226447285 -4.896591065470183
-0.13478706922975714 -4.8568511916774995
-0.31317002811118044 -4.95525429219493
-0.253560227578661 -4.939829754663671
-0.28068065085027666 -4.997669923407481
-0.1588594603969006 -5.187331762731097
-0.3619424069493009 -4.5372373560160195
-0.12535525187660623 -4.812341282223985
-0.3760872383182799 -4.720519347809361
-0.2875014307837458 -4.939463429347242
-0.23924708951103732 -5.269073765039201
-0.10079384239630701 -5.275484131334114
-0.22161855673101746 -5.25125645511549
-0.36926036720010735 -4.655077346749946
-0.3157041477864393 -5.02352649637346
-0.32107540403530643 -4.920309530475307
-0.2413239905716686 -4.585558808400897
-0.31704848276816006 -5.096798600315209
-0.10510076508417887 -4.758894890503744
-0.2580814875502273 -4.827693644328124
-0.3766147558588328 -4.9680474473309175
-0.27640700161656323 -5.0755307622759105
-0.16959728669936794 -4.577116599151036
-0.2935406506483735 -5.0088701148316135
-0.21631895929547884 -4.858734162472943
-0.14050894796049584 -5.169272750264838
-0.29735953857245073 -5.260874052427674
-0.38238379027551145 -5.104915623323542
-0.17790715554724673 -4.5299703528144075
-0.19002184057667093 -5.089893851992199
-0.31351285401591905 -5.1548132393119035
-0.19124155446986163 -5.257905195214174
-0.1583469590438892 -4.75655800282672
-0.2629134299800564 -4.7348521811760165
-0.24974259810827418 -4.544065236334432
-0.16752898575520656 -4.958758003956075
-0.2676451327665538 -4.660997880216617
-0.34141345963653263 -4.900493937921672
-0.3078902263226202 -4.877776480883355
-0.2449142603048289 -5.0509458533805125
-0.17941962463001626 -4.847798310541625
-0.28125048751366355 -5.150073787508301
-0.22035288042373913 -5.020175154907117
-0.1961209012724096 -5.045788669228454
-0.21174365215056967 -5.074956067303471
-0.34311299200626166 -4.875976751893775
-0.10428499379271594 -5.184592767614728
-0.32331306375545743 -5.157494076383287
-0.328880553565996 -5.031606333673974
-0.18390378294824947 -4.596036618971397
-0.25932288654712854 -5.1016434960975285
-0.1555346533848808 -5.215990701509864
-0.28051091537960204 -4.679762270401575
-0.33567701775200925 -4.528880722724079
-0.35402649096281996 -4.801573454703743
-0.1622854375162754 -4.752354681336703
-0.17684114326727304 -5.223266737837955
-0.39065629110044775 -4.740896059919072
-0.29270566631999206 -4.786355567253133
-0.34334615301956095 -4.5538140068571105
-0.3512180348604296 -5.118642269143939
-0.10562266954941862 -4.987284014986099
-0.10671225403011292 -4.8083172878792535
-0.1648360214013625 -4.553812903648865
-0.11381631739213666 -5.141116917295603
-0.10030780121528299 -5.26582390339943
-0.14589061766334216 -5.113960549089712
-0.12523335319767287 -4.720427644429081
-0.23048278175518103 -5.061859079970395
-0.24984533572129108 -5.11069986607621
-0.1384677734763054 -4.766790059104081
-0.1630383942812536 -5.090071794118692
-0.36972322755451725 -4.597349912445797
-0.26891703610050743 -4.55323441726524
-0.19447990436700083 -4.583143375176368
-0.23270627732617244 -4.8741910288712385
-0.25353449131102634 -4.973027572705722
-0.16360781007967387 -4.962708969652717
-0.3923903260928375 -4.6842403368052095
-0.340582316948582 -5.226402922354263
-0.19493554929965076 -5.207400358862036
-0.1574799032942352 -5.113734397051926
-0.32909373911871176 -5.009869543790532
-0.25843593893054395 -5.1198750803251425
-0.13109178848930336 -4.755457349566014
-0.19994322323981056 -5.044485695033375
-0.10094847166272997 -4.729234580179446
-0.11418007934027052 -5.1960610032336225
-0.24558747023529284 -5.019655263579011
-0.15667164690253196 -5.263217384811247
-0.20824558493555553 -4.871165320487205
-0.19046705263605332 -4.96059337090378
-0.2506878644773909 -4.828194844646435
-0.17094517841566678 -5.016015818300313
-0.16775049344704054 -4.7452614121734396
-0.29819366202580694 -5.051940107609541
-0.3426829467106285 -4.78304322742997
-0.11676704616712891 -4.916298666038251
-0.2616262405508879 -4.9154995459767115
-0.13100813419627833 -5.222442707390627
-0.23910086882646878 -4.664650027627805
-0.3761868623126984 -5.263005665956799
-0.16375196709448642 -4.725461272259531
-0.2376700956034823 -4.829482545683899
-0.11265212697047683 -4.9825645445326385
-0.1481879167549195 -4.834480482049184
-0.2016365130838599 -4.673427190462981
-0.1084502411735992 -4.943437900910221
-0.22673701677063776 -5.094685350048486
-0.29010436522631683 -4.8231263450858295
-0.25076087150119064 -5.261797939632573
-0.34210437033264174 -4.795528208794467
-0.20275647055226717 -4.619566749964669
-0.13071250659456712 -4.663164445958143
-0.24316115814375258 -4.9493790765528205
-0.19394933045383203 -4.653020983111554
-0.22770474883054795 -5.089693735405111
-0.3158114088991816 -4.901120773981015
-0.15446743749362343 -4.872515267492054
-0.12240337554593972 -4.998944748313925
-0.3931790397488687 -5.045847831949706
-0.12752105161837407 -4.95453462392079
-0.18974510091626978 -5.087223659581785
-0.32238968528193523 -5.161952629908797
-0.2344679827738868 -4.84044906866898
-0.17118680053382718 -4.731224457207972
-0.19061345683226857 -5.181525152923672
-0.35868514051826195 -4.877761494069014
-0.2581004633963535 -4.893433430619543
-0.3569868423332957 -4.753660945428938
-0.17310460291003885 -4.956216030299021
-0.31584055349367535 -4.82025208403781
-0.3896831782491445 -4.757741794020369
-0.200543998221523 -5.130246818656729
-0.24269304774878078 -4.894942668827928
-0.38779017491543055 -4.921280458246128
-0.3278420082678065 -4.7251459870840264
-0.14858019836863212 -4.87634942307079
-0.11356550291624884 -5.090763028472064
-0.3260382416235116 -4.90277137622591
-0.13289290614377214 -4.582782127046406
-0.3398805453213332 -5.033801164651
-0.10031243078407392 -4.898389885496908
-0.2734522620264772 -5.220957127406235
-0.11997207017444178 -5.266920835216301
-0.1242092797868598 -4.6678683779889365
-0.21193892244602955 -5.230447562936544
-0.18472810246102567 -4.892330824246167
-0.17900383301838524 -5.064540548292611
-0.3614665648042562 -4.559738240966848
-0.10501188724843064 -4.966248028164006
-0.17120335070687334 -4.945285691754189
-0.11704824743082443 -4.734273090876236
-0.26714535092541924 -4.790188132700802
-0.15524022951710661 -4.747527050394969
-0.2698458719185899 -4.599696155000947
-0.10057238656645007 -5.005599314832618
-0.39769044200808573 -5.237058952027363
-0.3007042061387409 -4.668781341397268
-0.29552555288007254 -4.771249964889425
-0.3544132227013956 -4.59890721556172
-0.13301871098455936 -4.911781727193856
-0.3787879677528657 -5.12747563669006
-0.25998476259929276 -5.015983859121707
-0.10725131655285536 -5.078140561605073
-0.2450365195914695 -4.726623348965852
-0.32570338231377505 -4.998142968864404
-0.22853308327960706 -5.163878630590125
-0.29080642626595365 -4.672990137359072
-0.2164490780512863 -4.52862427114942
-0.21853997573589765 -4.839486032950089
-0.3108305177448536 -5.2047676897918835
-0.13485952479841434 -4.6430481278547795
-0.20138761064409016 -4.565865894159653
-0.3874273106045543 -4.690409787131331
-0.3158751363520358 -4.610238204341174
-0.24084614179321076 -5.236643062516632
-0.18143525393302073 -4.763880695647255
-0.1463584577791625 -4.698332597932352
-0.21138715467088834 -4.562732013162051
-0.1867856624207174 -5.232748617249443
-0.2677837754253878 -4.820831768346762
-0.1891905984084269 -5.101205677811891
-0.22238992874719513 -4.713405682998773
-0.27977430716208024 -4.696270380338175
-0.19888278068794538 -4.946704153561967
-0.35354106986834855 -4.596711441988189
-0.1475553221307126 -4.636463719376612
-0.2901040153162281 -5.112053064946332
-0.32794272395400414 -4.807311797178916
-0.35574385552355486 -4.8358235617192165
-0.37767265183703297 -4.713529386851561
-0.2795637212359356 -5.074951508647823
-0.2530484488481395 -4.687250557312686
-0.26495303396949954 -4.807291980083684
-0.29957953245051855 -5.1879818902498585
-0.23442214799029432 -5.227825532182285
-0.17765483433931417 -5.021678259450971
-0.11857439651267404 -5.032996424044278
-0.34482478029218794 -5.044432756538177
-0.2011631053689307 -4.922815618883565
-0.26145540369095377 -4.74922995166994
-0.11957182238654257 -5.0425850862179145
-0.27527602562918885 -4.797235899208069
-0.12660674757201668 -5.147262351824425
-0.23105958291421175 -4.989444089028975
-0.1264182151257543 -4.916056853653678
-0.23769547030314764 -4.983567410373548
-0.31043764267810786 -4.586252283794709
-0.39356148580517986 -4.782951154998544
-0.2240914928749281 -5.22909793815607
-0.21436145902583403 -5.075363123276116
-0.28707098369273965 -5.069266502252202
-0.1690695209267747 -4.589715019813338
-0.3787104962969427 -5.25796382411271
-0.2442808363544428 -4.8865911591934115
-0.10554548569312527 -4.7291614582911095
-0.1577950427388155 -5.1687913255810995
-0.13578230488550375 -4.937683246940907
-0.39218512477273104 -5.023190986853634
-0.305310078271794 -4.734662353360614
-0.10880648409354932 -5.217503004851841
-0.12255267926959706 -4.827639911786211
-0.20653925850382024 -4.845455898935112
-0.34655759654947155 -5.098994697840686
-0.18701500922294012 -4.625245642483513
-0.21353529705315713 -4.693674146281409
-0.18904572742448436 -5.113116838387046
-0.34413793661410974 -4.958875216905967
-0.340342707284147 -4.848513831264557
-0.16134363445412458 -5.152753741335701
-0.13732661044431027 -4.643516228232358
-0.10443103310599616 -4.647827948789475
-0.3008692097329897 -4.621958900498052
-0.3159506176782064 -4.942570797223167
-0.10500124610239614 -5.0151931171565876
-0.12755640512709593 -5.209279139580412
-0.11021595353862157 -4.77441990793343
-0.21461815978201956 -4.819850784292257
-0.23319256018074705 -4.579985345783144
-0.14625736714346976 -5.21093396277506
-0.23338308424013204 -4.598777272486054
-0.11630028178711821 -5.084191407271743
-0.35145576300696735 -4.6606750275192965
-0.10007636606010623 -5.233936361449238
-0.2947113612337961 -5.16330419947058
-0.10577566770098246 -5.049261014891111
-0.395583480753727 -5.052254801662355
-0.18325151103058138 -4.732511409134478
-0.2790727998501541 -4.7144568951976416
-0.16472889797876542 -5.2301448902904655
-0.1806383122398195 -4.669831044362234
-0.13010183246626827 -4.942903302075207
-0.11152134302618172 -5.1638437588027175
-0.1273742602244875 -5.146525930559853
-0.3413164017633506 -4.718824268920677
-0.31753474410347793 -4.98927593644224
-0.21974384843614772 -4.589479859349049
-0.24001548769643846 -5.133618967076081
-0.31309196284890783 -5.055701351346269
-0.36222495926500065 -5.178407666895421
-0.1816340532696435 -5.26046725431489
-0.29628447807621866 -4.934672305321437
-0.3459982061831397 -5.10909307355899
-0.24522383313560348 -4.805175938001712
-0.39979861840352715 -5.141234530470649
-0.11747046536786893 -4.936082806609733
-0.3593822195512419 -4.808819068198428
-0.18161983059647904 -5.02314003531083
-0.31096456387595883 -4.6098430795870655
-0.3298351100860484 -4.589909807044044
-0.13481113172914705 -5.141785023636284
-0.35407327927609505 -5.0666761454725755
-0.3592407560151256 -4.615539163163047
-0.37582629041961974 -5.017784843085861
-0.15348933740079743 -4.766340024082992
-0.2898282933999712 -4.6932616626939545
-0.19504506876095182 -4.568335930469118
-0.25002393576768506 -5.234305645028809
-0.1779888071689369 -5.189187145303356
-0.3939148541295032 -4.876771854045501
-0.2796075140382239 -4.7645582364762875
-0.3272999186537583 -5.104007800399435
-0.12079987320064445 -4.90480855090074
-0.20825565401995758 -4.770345354343563
-0.39558898089826666 -4.5350344461152705
-0.15241307287752662 -5.073896191438795
-0.12147144849756181 -4.713978437217905
-0.22299832231010044 -5.242606114212025
-0.2121620118089434 -4.550439057341205
-0.21961052611394669 -4.638437871713311
-0.33065166323635353 -4.54474909052118
-0.20752234133415473 -5.237600824785102
-0.16806450821150892 -4.855851179790056
-0.18551713703827694 -4.726584129447469
-0.3206243571855074 -5.113165849002296
-0.28258525927052924 -4.8165311171168135
-0.10697483047875012 -5.266289261772635
-0.35490346685619345 -5.105412904360049
-0.11521798893987267 -4.980949891499319
-0.23219243691204208 -4.865779647768134
-0.37324594796125155 -4.87864060075939
-0.36485948724475625 -5.27817409701587
-0.11794326651406645 -5.11599222634759
-0.1933302200619854 -4.747244430068664
-0.29635222210622836 -5.204118233287995
-0.34552526682607365 -4.8538394690908
-0.23780427083627464 -5.202046319255905
-0.3418893425043852 -4.702709904624447
-0.1417144638223855 -5.246550627969281
-0.3028474986021542 -5.051857814227458
-0.2366806502015955 -4.766651187852295
-0.3954055382437129 -4.566660544426906
-0.2919949452415078 -4.777604767586091
-0.15774258539858282 -5.2642139970493504
-0.3611084680274973 -4.984761667880232
-0.16104975958970755 -4.843601582328
-0.23528549656405104 -4.717887752498556
-0.3452186169980375 -4.924702959290077
-0.18263471838556464 -4.908952338419577
-0.33967419615689376 -4.989333185043609
-0.32000342675033755 -4.743984292789545
-0.3279714684707612 -4.812296241553334
-0.12509266999004343 -4.970195699934679
-0.304118533791453 -4.787725946364477
-0.19475218821516238 -4.6070371719122685
-0.13312364646087993 -4.711174321750032
-0.29592014659558724 -4.764321983951092
-0.3768711141733173 -4.9753990842386955
-0.113955066239596 -4.6611852505344435
-0.11001095076329948 -5.1999348954430795
-0.3942799860387727 -5.202705500154277
-0.22439813314791862 -4.640646714778593
-0.36565404395979473 -4.565064149366378
-0.19161697324420712 -4.936566084919499
-0.17003007637237405 -4.692767104491056
-0.271107111652578 -4.655477729086063
-0.29369779127294676 -4.670913313646906
-0.26792500973835887 -4.922083199849258
-0.3053786481090326 -4.816533773756475
-0.3032431512637021 -4.629087658973344
-0.31376248569310855 -5.206013701523895
-0.2977519982591449 -4.912580104361221
-0.36272177956041923 -4.706487301256281
-0.18967304849654334 -5.2323810961792425
-0.3384712184664004 -5.045990291474831
-0.2829241966035551 -5.268857076961917
-0.3390778348107233 -5.244640164527389
-0.20529872194879237 -5.188560433312106
-0.39596135754782524 -4.789334628716125
-0.2896167938992203 -4.768879150890916
-0.23543785136218934 -5.106668032153368
-0.3103260855181838 -5.056564819392471
-0.23948366835772025 -4.694157696060014
-0.1821338391341735 -5.041098833326264
-0.19174949370390745 -4.963897411295832
-0.10782111196931188 -5.215611113951359
-0.300065278369849 -4.603556171436238
-0.33074628427481656 -4.656054855979814
-0.22743239766288406 -5.014321570513145
-0.2446499571369346 -4.669633725618209
-0.3965353004449359 -5.100587374453696
-0.39506804780210947 -4.7948003914133235
-0.27288370282280205 -5.13133366888745
-0.22226950717823826 -4.926392578967791
-0.27261724771902407 -5.256587068027098
-0.17154761557388062 -4.85969012752909
-0.26740202743971564 -5.113593515962567
-0.1940749332292697 -4.540512280545478
-0.3816445738562845 -4.688095711302723
-0.3454350939453542 -5.0124140260228796
-0.3930571255527246 -4.598386840528679
-0.39643304782439076 -5.230925188154434
-0.18951992655414265 -4.902246877174783
-0.11715932566243509 -4.721149796925745
-0.17296748419306301 -5.106498714543297
-0.22689534339594536 -4.61473854570524
-0.33801385546702667 -5.082968346549417
-0.39767613386090495 -4.956603900281887
-0.21615102972051975 -5.166489720945505
-0.18152997717555866 -4.812611658372477
-0.35507694824105585 -4.549184361999695
-0.11331250490552097 -5.276550699550648
-0.24425271545924362 -5.142724910189548
-0.3672856418726312 -4.854390931609773
-0.27576111657479807 -5.012974039676836
-0.26116647304242535 -4.8698525408763595
-0.27713711370298744 -4.571139984051411
-0.38885308207359814 -4.680898042643179
-0.13845843781270867 -4.961176812807284
-0.15285911570964678 -5.162229372616368
-0.13161831502428528 -4.895079739482303
-0.2777367479549062 -4.612605859073722
-0.19741010721641342 -4.716022721992809
-0.3105312342340426 -4.747270229313075
-0.3975814453642067 -4.5831639282652885
-0.11047079837123014 -5.239661140229298
-0.23044994129426624 -4.855316814739361
-0.20393924515338155 -4.889384092439772
-0.20463694802366886 -4.7247121964678485
-0.2818779717854143 -4.981493753405501
-0.27511604581982646 -4.782781474830646
-0.3417784868518734 -4.653568956078902
-0.16467208606393186 -5.269747899758691
-0.24384986809432918 -4.7684594104317455
-0.31460050895758834 -5.124996230538871
-0.3782893973596908 -4.821027499331047
-0.18788974653048135 -4.788435247168164
-0.16820738706330926 -5.008827523691497
-0.17541838787729863 -5.0497007151871065
-0.12170942323752326 -5.242588060534369
-0.28921184751299545 -4.844589440119773
-0.2503220582657114 -4.716003109554024
-0.29004109037580955 -4.92773704359241
-0.1043754338203371 -4.535112540449346
-0.18571719639605191 -4.724713861021342
-0.19205099165226686 -4.553759612949688
-0.3371220799261155 -5.226689004348057
-0.14941098607386583 -4.8985739626250675
-0.12620850921217824 -4.549499296266499
-0.33345060136249927 -4.544985118523251
-0.34300107843942323 -5.0372452232305855
-0.15630590127095728 -4.677571333063548
-0.25633929165299574 -5.247436404673415
-0.21517298918738217 -4.895677348031791
-0.36242531593291794 -4.533788013608085
-0.38074737547545756 -5.055422762747097
-0.3181556148486112 -4.837052000769909
-0.30585645134619854 -4.637254508024755
-0.19836044409731265 -4.805586767179331
-0.3174585515771883 -4.863894354673735
-0.19493257554982701 -4.613501250558588
-0.17206578128882621 -4.591201253621551
-0.23612525341195595 -5.191577728177583
-0.37918564133171606 -4.696174588855777
-0.3322400820765699 -4.990016187264807
-0.10302588044818406 -4.584626844819521
-0.2342737763451719 -4.9577726342587045
-0.325512105615616 -4.589232911309738
-0.3787323749479799 -4.761271493588863
-0.18504354115702415 -4.674607788523197
-0.3876202429951793 -4.846802833244235
-0.3550493540978065 -4.808148475719506
-0.18642089658463823 -4.601808443915322
-0.3468184423026631 -4.949649692061325
-0.2749683553501973 -4.608799438065166
-0.18677885064515037 -4.806491571781359
-0.14893727370320392 -5.013964905112211
-0.11615183300103837 -4.830791637043044
-0.1849815903509269 -4.591176493371089
-0.3227844520319084 -4.593533434935306
-0.37655153637349786 -5.197426242799729
-0.36964292577550595 -5.202896667713571
-0.38826363654216767 -4.705064393729373
-0.2224602606286663 -5.276772047132282
-0.34919688742315946 -4.745284235782004
-0.21542992929863966 -4.552325886205364
-0.23822262373833725 -5.134542993083656
-0.2407377742157647 -4.8856845735233305
-0.20067217980449156 -5.137083428804948
-0.22443655631547826 -4.662839383487569
-0.33747571434609813 -4.835014214614371
-0.1857334900732701 -5.156945181495349
-0.3553619433053327 -4.884859930270509
-0.3325085504280369 -4.778806977497869
-0.3471658785528191 -5.210927490882346
-0.2978116351220126 -4.7385617475715485
-0.3648170817854047 -4.590758046408683
-0.3292184454890074 -4.916839235418495
-0.3693965271068657 -4.956022501400581
-0.3165996914170277 -4.67541025140647
-0.2048283583429694 -4.5496349906828835
-0.3333618581179054 -4.95557910109813
-0.2268831459739929 -4.765069752018191
-0.38598000194460225 -4.789502412483891
-0.10539483219877521 -4.886633775407755
-0.3093525605329715 -4.712928309842958
-0.3562216607127982 -5.172169210762852
-0.10465780445916623 -4.596423698755623
-0.13987507972248542 -4.868992527259991
-0.2722522048780072 -5.078437147043676
-0.12046205808634941 -4.879653396172554
-0.38952864428391876 -4.7897230395514345
-0.33544543446435254 -4.575936946777256
-0.3486901852596538 -5.176059992994107
-0.16189297869713146 -4.712339035778543
-0.2600458181865661 -5.0420465844309215
-0.2765250818997929 -4.59427338940556
-0.17126480514522716 -4.835563560359233
-0.372753940162763 -4.712892701714378
-0.2340252260491803 -5.272700898833737
-0.17207072719510677 -5.082213150414691
-0.14511331970958075 -4.562567522345747
-0.3841895901185855 -5.017375427500229
-0.1186894423924868 -4.829044646040408
-0.18897084501297182 -4.587942098632318
-0.23308761427850083 -5.030967165165662
-0.34301912984064536 -4.8066490518321565
-0.12769752839133824 -4.927258804029875
-0.2838971222569068 -4.917282105117343
-0.28094176064152476 -5.238103586164392
-0.10672136240251823 -4.7610713531480515
-0.35912077245177904 -4.769762008532945
-0.20594152417493602 -5.040000158177008
-0.3529863282733911 -4.743888074254421
-0.12257180559336278 -4.886893921565272
-0.23620752280948537 -4.9691407245879455
-0.26808993424608546 -5.101470570383689
-0.1046805639495102 -5.172104288797405
-0.1965669025768125 -5.071891251014154
-0.24655317970976035 -5.181783450887636
-0.18869783149714664 -5.209013855665451
-0.1385280197814825 -4.713309690349083
-0.16659795097201985 -4.599233863261272
-0.38346264149688924 -5.263793638505408
-0.2256214296525207 -5.218525598327233
-0.18887129970321878 -4.704373383671633
-0.16213735820927713 -4.886027867315299
-0.2032109927698021 -4.8131505859240304
-0.16348716361686602 -5.18033650573112
-0.10035998028768062 -4.87414651096767
-0.18381131264281675 -5.248527463947705
-0.3662681064202561 -4.691021875081564
-0.1831910853050642 -4.633247370956926
-0.18031516892492175 -4.689616565381511
-0.37552467988363986 -4.725039998620877
-0.11635193431728613 -4.689061842823362
-0.15831386258673116 -4.805104683341627
-0.13197244290836152 -5.084103635802005
-0.12618297632880693 -5.044274202936712
-0.1346875907573145 -5.0623334135899025
-0.179905175212214 -5.15888185842197
-0.21566476531993797 -5.187015660778965
-0.14754255652633702 -5.004479439430753
-0.2851505432221516 -5.034904506702904
-0.30515052282659355 -4.841847829453109
-0.25274892486580525 -4.789668264380579
-0.3686707816143975 -4.817310176517441
-0.22438570833393992 -5.074821739078354
-0.18596323386389052 -5.022180166040216
-0.387740519458971 -5.1410441616655405
-0.19453484148359074 -4.675253048387914
-0.18133292996786035 -4.6875782234470735
-0.28592548569112763 -4.648836360693784
-0.2195777981413963 -4.7141653594471755
-0.3932890186905815 -5.09964292912839
-0.11470751934474593 -4.807891428173922
-0.27316805541090966 -4.941997666450152
-0.23387803962899584 -4.614426026811343
-0.2501819082414638 -4.78657085887829
-0.2758719074045808 -4.553321242443514
-0.13978757318985519 -5.18218685696978
-0.26612037181552683 -4.729431409061298
-0.3180632925604159 -5.0006481877155045
-0.13998232077984196 -4.6107842380113535
-0.12217795199656495 -4.924566401873391
-0.1048600579386435 -5.098111075047846
-0.30379399060441725 -5.00980645463918
-0.2452180174924978 -5.269799471936351
-0.38637110574306166 -4.678742931281343
-0.3744885050546318 -5.16619978700608
-0.15255533770654062 -5.263754907051532
-0.22097643426262722 -5.080342990740185
-0.14385977662508104 -4.744882032505832
-0.17473975937882158 -4.944019348109968
-0.1568685501721121 -4.571915434036159
-0.2837822116330285 -4.793828011393796
-0.14838019890775977 -4.652710444343132
-0.22679250858439237 -4.859754933838332
-0.23518524837568466 -5.083355628091909
-0.1155834373793988 -5.058292078880591
-0.1845377055301649 -5.247470793167517
-0.27608823228312623 -4.963130088416893
-0.2640536359903995 -5.109691492370654
-0.13171300194364127 -4.783232756387545
-0.2437005780979894 -5.005603285584745
-0.3568778686209566 -5.277852566461865
-0.10000885937432841 -4.881512791192215
-0.32664023551391597 -4.612507132104325
-0.1886632825682904 -4.97448345099787
-0.20454792977236125 -4.672793071567163
-0.11790798396983015 -4.987271056642593
-0.20215899692662698 -4.998891791092194
-0.1818088042399969 -5.12857663590629
-0.37432119117639406 -5.11874268669056
-0.3784772189609563 -5.234495937298176
-0.33557662374787867 -4.640558140079953
-0.16724161991266775 -5.059799558466271
-0.3364074758753998 -4.941502475632547
-0.15633127958185558 -5.224972908799873
-0.12930851478041477 -5.182455599818164
-0.28219920230693407 -5.125709070256554
-0.20465338178723147 -4.6708662930251545
-0.23681463743640935 -4.73365571647742
-0.10672065271568293 -5.071720851478215
-0.20679269151004356 -5.053424182050861
-0.25617858138173466 -4.6471259416267365
-0.11967493380621502 -4.873585547319755
-0.13755569990087746 -5.099062456945061
-0.11561465943243204 -4.626161589752917
-0.3010826997466477 -4.847849379160938
-0.2908274803871186 -4.720967026517466
-0.15679132466056284 -4.595966899161563
-0.23498168914558362 -5.18316599509532
-0.35262479775971106 -4.920646413199807
-0.20731378803153225 -5.077087872762525
-0.14291181063293096 -5.245818265689751
-0.3720523897515797 -4.753823810000797
-0.22207177943738834 -5.061978295809291
-0.19927091595613425 -4.5696852586948475
-0.34240006973700116 -5.103078748432543
-0.22566452655336275 -5.107483004784278
-0.15322952343873572 -4.722668053628738
-0.11400361306207951 -5.239363411006995
-0.12881598894059348 -5.1074674814505325
-0.18462391276592485 -4.777524583484803
-0.19409300500907525 -4.608412438027598
-0.2665182108353385 -5.253894759027767
-0.17489306029069676 -4.906811054387491
-0.28477490348314916 -5.244040026794993
-0.2922688358454331 -5.195952242346688
-0.3084523952590657 -4.758095227742182
-0.11839627612102038 -4.5509779223103495
-0.3736743870743035 -4.693008723705561
-0.1321066754810981 -4.715922457284966
-0.10341297900668145 -5.197905110154788
-0.1937205179978144 -4.846803022493027
-0.1306359487343664 -5.002219093778299
-0.25471180011794325 -5.1078776564358535
-0.11222007496623404 -4.657191129913365
-0.29863371436930053 -4.911830997371194
-0.14345115864508073 -4.735223441245193
-0.38653375778435584 -4.927109596382227
-0.33797528472885796 -4.944771434985256
-0.32863750449209445 -4.557747352886152
-0.18890554135774346 -5.019195922609491
-0.33173277699354575 -4.760056333632789
-0.27011934605684884 -5.268089604610009
-0.36641124745116244 -4.861241900769711
-0.12581749220905192 -5.0993417116152475
-0.33262678928109507 -4.915264719189642
-0.18341811321213455 -4.941259898060752
-0.13798663166053504 -4.730631050215348
-0.30822914657457895 -4.950227761386413
-0.15668667991312415 -5.090844475599028
-0.39785436075200853 -4.722065764263843
-0.3366256877537031 -5.185922975873922
-0.2604162408775066 -4.9175166936971255
-0.10032473532254238 -5.078899271493166
-0.10718084051757809 -4.843509798389898
-0.17229222191525534 -4.630975609699669
-0.3909658944807358 -5.072127695930975
-0.25824391662750434 -5.1789813557294675
-0.28381574120117253 -5.252310602272067
-0.15672510341992416 -4.644717061639032
-0.1133965160464479 -4.992439094259688
-0.12709579326698733 -4.865592525194604
-0.29697624849985627 -4.633849527043666
-0.2501702815384999 -4.915117415754502
-0.23987015432734618 -4.636079681424477
-0.37442427120633126 -5.101081170805923
-0.2487846667894571 -5.201801521160642
-0.2098475232856655 -4.925264501022618
-0.20467889244849888 -5.257522698569882
-0.38260607139675856 -4.573170537202914
-0.2734842639688607 -5.142655787521265
-0.15780023371731802 -4.537364273128522
-0.12047354590037074 -5.109948070093321
-0.19132728446121977 -5.218315549793076
-0.34151964869997 -4.702025522893381
-0.32956350042428484 -4.7530987296865606
-0.35350068160502374 -4.756027182928974
-0.25404663905949165 -4.743434684388656
-0.2735933138925693 -4.553496386353939
-0.28805021193081176 -4.852416732643595
-0.27654673677915725 -4.879623976511432
-0.22226609842417225 -4.82114406742113
-0.3984589151122105 -4.698197752061054
-0.2588413848631686 -5.254010125775934
-0.29945149688169453 -4.888258843233785
-0.3517741316663176 -4.64380526628931
-0.3391646441494652 -4.570539335240996
-0.2568742318972189 -5.221356225399481
-0.25802701380715126 -4.562070822243921
-0.3903743668849682 -4.531065900261158
-0.2618773037875163 -4.9411820821032135
-0.21359270853145812 -4.821799734004439
-0.1534335164279942 -5.210881086899574
-0.1345405983837466 -5.012450537202906
-0.3904677956592388 -5.054489597843163
-0.2467428787636355 -4.963321203298588
-0.1441426795745489 -4.739740003252063
-0.16505703687611986 -4.9028141886353085
-0.15942948491006084 -4.823796676567618
-0.2012138559029999 -5.178086546964355
-0.32800766128244063 -4.967553878367518
-0.3609262529896364 -5.260197544467157
-0.2511609322267787 -4.892105371589502
-0.3245229221053523 -4.904077951751299
-0.15039939046596112 -4.779596241568584
-0.3785038384499045 -4.586581099907521
-0.10518268913914708 -4.967224319047312
-0.24979509257496182 -5.251251192881273
-0.11377066387416807 -4.658996756988879
-0.2783218119573846 -4.7556135850255865

0.08134844710179881 1.2413112546934433
0.15701523291687403 1.6536315409852567
0.12426497890613297 1.669375182523058
0.0861848826092175 1.7865762003278527
0.0904110613864401 1.3627274529251565
0.07383228310989223 1.773940026830075
0.10355111522929533 1.9025202127690903
0.15212973236530472 1.7692331192974615
0.1213731054398218 1.9060857089156875
0.12504205959541104 1.6690486293223605
0.1403747969645627 1.9056353296246573
0.14841558750909623 1.8818817376696957
0.07545524335311189 1.367400354857873
0.12628996950281873 1.3800047750998972
0.11702587683385625 1.805338043119049
0.09693645660518876 1.694763897917633
0.07075164064422643 1.3498888051719102
0.15723672093187063 1.4235539017062135
0.06827873792551392 1.840229735963395
0.10599214293602877 1.49046761890254
0.09916940962168735 1.5350571872171381
0.1457208239837754 1.2621620295840124
0.11128689222380794 1.5486334470789156
0.08057046633918462 1.8637350839667128
0.07728012741445912 1.4537006493455158
0.09717925326422641 1.9319399382444216
0.15545500256418232 1.3307228423903898
0.10720100216324019 1.5145985499627828
0.10813326344565906 1.556685238964787
0.1387249851134693 1.9810113988535902
0.10878188585661708 1.3041679001901363
0.09413503253969863 1.3152269433334787
0.1331911133270755 1.3904741880815
0.0865306901321482 1.827924700056725
0.06109743693077928 1.407959672785126
0.1497922845338257 1.8357234207825917
0.15081876789630594 1.6775356350168487
0.0953218002861132 1.8704022782371323
0.13994776987416394 1.2284179384146265
0.09360318653845384 1.6425348361572247
0.08439444386823372 1.4052638757541436
0.06705771098774543 1.5231312641742756
0.07685926377983102 1.349981430124811
0.14532780539755275 1.4925746750024216
0.09871781364992238 1.8290942177187195
0.12172743620189866 1.2219661573212264
0.13687506286450085 1.720006594968789
0.09354081682147447 1.2058818859305693
0.15089743191457028 1.6839753799613073
0.08103807637830841 1.7180435586066025
0.06425954308064383 1.7138006215110677
0.06035931001226006 1.7880179914058645
0.07487950639024803 1.930707525731601
0.14397827937652669 1.454983981424884
0.06424279981241579 1.928049235067589
0.09529005094540041 1.4062984862472525
0.14558955810057034 1.6520717562570424
0.15745296533291017 1.9158865227146018
0.11797361862833386 1.5358180669403219
0.10105696377091392 1.743255035054151
0.11748781076602344 1.8887187145860906
0.11009256646357407 1.541688786568785
0.121735486953534 1.9798590428746734
0.15910045061642109 1.3156864016821799
0.11912376754168921 1.4088516398647613
0.07450185254461023 1.9380130300205354
0.0671205109677542 1.3072078265873939
0.1170101585371548 1.4258233563452118
0.08869118811028245 1.6519642740454317
0.1267349783071754 1.9862246484279833
0.12607044630012848 1.7529042256995453
0.08538608981258364 1.6084518788697786
0.13385008550512695 1.3750548928410464
0.10017622293087197 1.935185454057368
0.11541012029207678 1.3399090511710319
0.060425967513847434 1.8489381977084287
0.15654209963696192 1.3733475101738053
0.10050985942702204 1.7419407683650419
0.08569525838287687 1.880686631208711
0.08803452250808942 1.6874885474951349
0.12055677862879863 1.9544090427863212
0.1427494158121116 1.9407903555687327
0.06401288151392076 1.662851630811188
0.14210349494623314 1.7474642956504884
0.13347279923563923 1.883072664944301
0.11187008569274211 1.7437614880221552
0.13448993499657141 1.6887460866822037
0.10615295579653858 1.9743628748978315
0.07484999395149104 1.7745361734451115
0.0607814126779582 1.9118690205055038
0.11539336670918479 1.2831346226702054
0.09506698379465908 1.2089927417614288
0.07694925850274083 1.48745765522714
0.06725798565612465 1.971582851788117
0.1325780868309281 1.7897394884892854
0.10150534716979068 1.5913054809250586
0.12428251873736278 1.426285474801543
0.15371458500965335 1.9161355399966589
0.064575214185805 1.707264021704514
0.0662278331961928 1.6471189787962621
0.08155431772623686 1.3251846162604657
0.15993294969609845 1.7119553979086035
0.14248040055643674 1.444600496040489
0.08795840591371346 1.9672156942484889
0.1150877313725246 1.347007150295699
0.09219369504628534 1.4228826479163836
0.08280223200714174 1.5909444728191442
0.14942109839681897 1.2843690674305432
0.1523575366809119 1.5431700383930689
0.07000853679953846 1.9534298008054793
0.12365498239925207 1.7014334245656797
0.07515632088180388 1.2557339440113835
0.0948013472549003 1.3379029754017566
0.09096972691392674 1.6980810182524606
0.0803733050437311 1.4586333462648429
0.1359083857075426 1.5393031363328955
0.10436800278645275 1.9369188074695587
0.06011082990481091 1.728380309396997
0.08572426944205004 1.454736198237595
0.12567611155998717 1.2972655752151077
0.09095990765352094 1.7763231432128177
0.10547466408342066 1.5351690812341356
0.1584162837412833 1.450031637110777
0.11637847669621221 1.4752026174194772
0.09643800600626606 1.905779998297071
0.10734297204691715 1.646215108876774
0.07139614511328848 1.4016555514548976
0.10366799783252226 1.9874872662759144
0.08801259014404847 1.2123004223937228
0.10130034005290875 1.6730841024601648
0.09783300148548307 1.7516616950108277
0.06694726166887584 1.927539388847049
0.09548792351608973 1.7254533906569791
0.08211784092862022 1.998553638784656
0.07493809841602424 1.534865302688026
0.1467752741352395 1.9981447764552072
0.07990129801049231 1.4145396134134134
0.15363687449291719 1.5366837608148933
0.15993740290365333 1.891578437131791
0.1367897471327812 1.942497245953645
0.08507450660210666 1.87851712598961
0.12242064761685464 1.221271142426476
0.0757362265953975 1.539062880214033
0.14183307276544577 1.5877998745171953
0.09487955014201949 1.453654495646577
0.08293111606406252 1.9937927881007058
0.13061814796400517 1.8781627228356463
0.08353290598013617 1.5505339105782385
0.13355065788109777 1.3769366899570143
0.15696521479070413 1.9605244223598228
0.07650689707067984 1.597598794747367
0.10891213943601943 1.989985389626612
0.1094739064113581 1.7779472116481267
0.07256146961065521 1.8924869152473498
0.06945833601943448 1.3708724209957994
0.11535933598294629 1.4381802195126583
0.08274621051360434 1.324547131035389
0.14949765697026357 1.5724327136892373
0.15299854722343126 1.9052478458488427
0.14079136042222956 1.2384886089850244
0.1362466523852666 1.9652751158519992
0.07107935110275113 1.2133517729179026
0.15347021688140322 1.5878589745185798
0.09530074598128263 1.9263806848662755
0.14741135750622586 1.7615939389433692
0.09949369094037053 1.7153637552419565
0.07385312981895104 1.335741793857194
0.06716840595463472 1.9657373588466087
0.12821407512840854 1.376520631864395
0.0939818445294952 1.4903207974188681
0.12567948593127437 1.3415314303835177
0.06488609169826176 1.30311888897
0.12467057213043178 1.840225935959297
0.09500007565961084 1.7422410372546064
0.09522052536610183 1.7209530412266274
0.10967620360228382 1.2610316319414818
0.11530950938510937 1.3727721387400256
0.07484610397599974 1.5468212010466784
0.13643244985461594 1.2621854712502951
0.12110227324608143 1.9258957845535623
0.0661713472610464 1.2193944984941985
0.06482476822749281 1.362632525160604
0.06612537316185323 1.9092543955186907
0.15145375105183062 1.6576093784687789
0.15035156302210706 1.6420401723914813
0.0746790202249128 1.6116361068437377
0.1556490535634986 1.9435386686314162
0.11295976720683501 1.5794955141305893
0.15031145971530574 1.9622308160369175
0.15470264728475874 1.4001254432632968
0.07868286069397765 1.7781416302858033
0.09097390569806445 1.3401781309707481
0.10807909108904726 1.740936440284032
0.1451740857891275 1.7643465747157028
0.09709000604871076 1.9437539093982095
0.1007171276380405 1.6897421190933577
0.13628621341133773 1.3023453406849488
0.13594100433096346 1.4534022158372588
0.10746892304761835 1.4706737687003177
0.07783331148740591 1.3031877886960392
