10 200 80

0.24524040664203406 1
0.9415994295906975 1
0.9005688855850956 1
0.05403698718235528 1
0.4953819315489135 1
0.9686533841561455 1
0.895012748085011 1
0.4810857480673072 1
0.45913355959950486 1
0.9762025866938253 1

-0.3687404723315536 -4.63781841981858
-0.11872467968701989 -5.148663572161665
-0.346072881965051 -4.729205020365095
-0.1326478064657014 -5.056478522235831
-0.16325746174385372 -5.26804326385473
-0.27169334616348884 -4.554057717436013
-0.11780744276301103 -4.679766816850393
-0.2456722696121232 -4.897975686167991
-0.18512948208990476 -4.623808982507498
-0.1594016151729415 -4.7344064924379445
-0.2516220199051244 -4.725813630768771
-0.39076411853309456 -5.084307309076244
-0.15957561118544542 -5.152649531320529
-0.1564551749959467 -5.220641994778035
-0.10375880846083624 -4.904058811216925
-0.3969120871627672 -4.7156182288142405
-0.34212265931385394 -5.029924778555146
-0.2866030272541634 -5.144495945726816
-0.398752206272054 -4.532779601357163
-0.2568769282306004 -4.7792390160412905
-0.1494687118367472 -5.036846357723017
-0.12982066274599474 -5.215300948740085
-0.18266144933925121 -4.928526378865419
-0.37641413768102605 -4.842032451812324
-0.1621684560946288 -5.2477770314922205
-0.1591316616476984 -4.680750607459903
-0.32792619179826277 -5.212069688743313
-0.12207439357929034 -5.052451933670874
-0.3588349721851809 -5.067015536838827
-0.13806716331795105 -4.732891455829205
-0.1664808025218578 -4.535910740858589
-0.3110777055453429 -4.912330235297473
-0.30214468021002605 -5.269687071732165
-0.37110617769849286 -5.192628890961252
-0.3388946456557423 -5.106750720399818
-0.3265690683045961 -5.079702643377672
-0.250923846747727 -4.86501998625676
-0.21486329394226156 -5.076826031763432
-0.11963403211070606 -4.638296950812405
-0.23328887454125077 -4.551284463443959
-0.21313384279469644 -4.9502042683816825
-0.2121881995131973 -4.976890995852144
-0.38200257024572043 -4.568436086607326
-0.2692560978133246 -5.147461535883641
-0.16397308486634402 -5.122712833573284
-0.36587261348970745 -4.5815589850135545
-0.24079217673254094 -4.957158949768816
-0.10072894507460811 -4.657943783714019
-0.2755259032724384 -5.171967824976733
-0.3978775415306519 -4.719565927138298
-0.20770271057682674 -5.01550582882333
-0.2571030723865876 -5.104963766550881
-0.24834412883885612 -5.078436821547987
-0.21679443964598483 -4.583468741841789
-0.10991335316361867 -4.734584861214539
-0.18649093962586688 -4.913214645917958
-0.20360937285064243 -4.684583286988029
-0.3029000393643712 -4.974303156100341
-0.1824682862252237 -5.017072128405418
-0.37217918309016174 -4.949360192905584
-0.18584362908330043 -4.624779164375233
-0.3736493597263631 -4.859404917605873
-0.2581635227277781 -5.156466801492858
-0.21696791721969896 -5.112327648238895
-0.3569636045192609 -4.832180111258793
-0.14177600530558693 -5.243848110415722
-0.18606802829315633 -4.585182496786278
-0.33323702576549347 -5.155775788190108
-0.3259061157421122 -4.880545009386499
-0.19715684238983175 -4.938483642281939
-0.35265265185968864 -4.638721584315148
-0.3339000049332157 -5.213490153998497
-0.25083887639637 -5.272355129698522
-0.19484878013465207 -4.858845978726523
-0.1078237377733186 -5.116991024601564
-0.2417283405864454 -4.724911671617805
-0.26489459111908925 -4.669010974893043
-0.10319651577060185 -5.218302487647757
-0.3390257088724115 -4.772243597625184
-0.11643088209302876 -5.262962715747267
-0.18704762170260153 -4.694129650149966
-0.1833811629693951 -5.151456961532136
-0.20497652832917918 -4.784709264588785
-0.12985130035863435 -4.5947771839212255
-0.3802972502963534 -4.996820638116822
-0.11270802181939538 -4.970974928513902
-0.2210716000985898 -4.923936682232101
-0.3917222777254719 -4.587481975195176
-0.30494953895806964 -4.938528593817258
-0.10296222990678772 -4.920918101127642
-0.13507152814689366 -5.113905596852318
-0.2562109090555076 -4.628376006929153
-0.1693833820330551 -4.836903684613673
-0.36697132963412765 -4.807026216875494
-0.2723702911554051 -4.832204949429524
-0.28640550445064805 -4.937911711312672
-0.19171958751683443 -5.107858913145376
-0.13073766058526204 -4.765320134557746
-0.2362812335406955 -4.726089486845491
-0.2528336992860686 -4.921674928969935
-0.26845050286709904 -4.82138599661765
-0.37511750447991127 -4.909189838068564
-0.10465564409482703 -4.9219642594250175
-0.3941475962485334 -4.580892839267242
-0.32262718607732976 -4.53477856397485
-0.3879850652144143 -4.584082335516537
-0.13053247998234108 -5.100242808816644
-0.21203597985471329 -4.542498032162546
-0.14296018552686757 -4.882373085217577
-0.2617750821281258 -5.14732379979093
-0.21462752546035788 -4.653840699468879
-0.31526716603869953 -4.851082921112415
-0.12016860600353924 -5.167346140658864
-0.337071903518384 -5.103272840306496
-0.2405202372480253 -4.773747584079623
-0.171592645678542 -5.206755560006416
-0.36944979946898365 -4.739980164639993
-0.3852745823860411 -4.762755828196152
-0.30804446560946913 -4.949083441125991
-0.326909368450843 -5.016903790225198
-0.39663339562753536 -4.689478180333959
-0.2760505540122331 -4.556665899351214
-0.1808787955717571 -4.928185674217833
-0.15484898577867762 -4.974676827897026
-0.19274129010687682 -4.975272044090464
-0.2131084689470263 -5.149409364987882
-0.18460201716742897 -4.835047086374285
-0.3218258508562052 -4.7195231286992785
-0.12062754676725157 -4.689141066209804
-0.228891222650797 -5.031049049698432
-0.3508533615723445 -4.8147760816950536
-0.21161077051549906 -4.859554383651956
-0.3854592911978365 -4.980139959175821
-0.13566896283958335 -4.632103003786452
-0.3603019089360509 -4.6204629177301815
-0.20807308163485486 -4.898579774793507
-0.22467522983066038 -5.173244577154755
-0.29241014922118785 -5.263616810043742
-0.2740908320810782 -5.102300437594621
-0.1907272370607299 -5.0807266456342886
-0.2251055734011874 -5.274891190762441
-0.32438775820432064 -4.557846358686525
-0.17351481370181407 -4.922126742244113
-0.223740198226026 -4.77914014238348
-0.10982256240981697 -4.965887222215413
-0.2825007474288376 -5.024116774042495
-0.287203923155706 -5.030109741896249
-0.18215581520559887 -4.898050564542784
-0.12395305955151092 -5.2427706294817895
-0.248202667892094 -4.663514722751591
-0.1578832162515434 -5.089650017805878
-0.2558972416491583 -5.093388731335177
-0.20066566080453402 -4.830099379160708
-0.2584665583164155 -4.577409789983322
-0.1437156905931511 -4.67799235318272
-0.23303437100750835 -5.032424835662257
-0.20368627380916887 -4.767549044333185
-0.36320092042415236 -4.554932781533571
-0.22538397148553818 -4.997742947740221
-0.1402337183785427 -5.085724788443803
-0.153771189615632 -4.594959272617962
-0.12666790804433614 -5.019602421711966
-0.24692449952042436 -4.973166286523809
-0.17236052618871056 -4.590885202622546
-0.12671434258179604 -4.950689538211763
-0.3351823105743553 -4.79168842660393
-0.254405646543596 -4.855183574605739
-0.3001936086140747 -5.113841973408795
-0.11893274845543589 -4.78542479578607
-0.14730555717283694 -4.632020336386862
-0.23224561416802803 -4.860847380265925
-0.2529901364105954 -5.123696776262334
-0.19986754712162574 -4.580819872187521
-0.38875029983124637 -5.199319123246446
-0.2797774669542765 -4.8048413525962035
-0.12458712247346404 -5.001416149410377
-0.39439272700957845 -5.003405339838535
-0.3517226551194136 -4.5754872038377945
-0.2615780544059736 -5.139498737018507
-0.2622014136338673 -5.052910216333571
-0.31076584711832894 -4.531865347026291
-0.29888489451584266 -4.931444877926211
-0.17796236120793119 -4.643630496246745
-0.12001273737966894 -5.0211180108694435
-0.13090156525924107 -4.567156147459947
-0.2931287393644046 -5.0052467950597865
-0.2738363824137492 -4.8487320338187665
-0.1501698433940289 -5.081018041684515
-0.34520993385153237 -4.675479971800311
-0.17860828768243922 -4.827550282401859
-0.33644987744875055 -5.074574742357656
-0.32055577223022746 -5.006035614297435
-0.22822805979555932 -4.701707547839696
-0.39186128418303134 -4.88384844744509
-0.1564469427376181 -4.5686759752407875
-0.22314254354398955 -5.013541773181036
-0.20232041681170018 -4.865678229049942
-0.18690871470550185 -4.724047661528288
-0.1236877571781102 -4.992677197315612
-0.3216110064814229 -5.1107120267683035
-0.33053861411854324 -4.828829513670244
-0.26890805408634055 -4.650173710880136
-0.2999009322185304 -4.678792191069887
-0.380307660255562 -5.214920018295123
-0.1212478403897233 -5.031545406723213
-0.2618016720216726 -4.815445875833807
-0.15171568750811693 -4.782345795632669
-0.3462560444053453 -4.720455669955303
-0.32877451152014636 -4.884648859877291
-0.10747069486913918 -5.258279246942273
-0.22648536803995717 -4.983914317787458
-0.23024553115531723 -5.270071670328317
-0.3641903082054795 -4.9338758800110085
-0.18039284183819976 -4.820378345489152
-0.13264789303064933 -5.259011314386591
-0.15830760676675412 -5.1600397121338375
-0.22419822539806417 -4.568353227955861
-0.37206482134693547 -4.636729223273527
-0.33343410506249105 -4.9143913921750775
-0.2658798799720714 -5.2782629068724916
-0.28949579856664015 -4.843566467935948
-0.19849410790604197 -4.8356944750025885
-0.38789380284348196 -4.926736931209339
-0.22471408108675195 -4.585421542809733
-0.17352790538865814 -5.1429108659078935
-0.394295196277477 -4.873376693014618
-0.25032504887714985 -5.2777950092854695
-0.19696453636059028 -4.827266115381044
-0.22972589006626518 -4.949136967444463
-0.2356140020354126 -4.691602684735371
-0.2753311059637126 -4.67597539514436
-0.3370131757982273 -4.974780536782726
-0.2043624844945202 -4.8738845719437975
-0.3039266059488097 -4.768931669015667
-0.3183017956178409 -4.928170467297067
-0.13562477175905074 -4.863662255341573
-0.24194289348196915 -4.739768558273055
-0.14880466897771366 -4.907971799783778
-0.28640855938123794 -4.606477775878048
-0.11562456645175417 -5.138180165459736
-0.21467528264758223 -5.121861424095569
-0.3271130798661813 -5.045058435586794
-0.37664369928187613 -4.862289392452477
-0.2020824649710748 -5.11010949209045
-0.26376025170285844 -5.028338118876559
-0.12110854017902489 -4.806971317887555
-0.23355699151415746 -5.178390058577258
-0.3419393796815552 -4.62100363813147
-0.2288210078445502 -5.069302446125458
-0.2740137598993314 -4.910458801696338
-0.26242606483496467 -4.956394392088862
-0.3839070601810229 -5.004067449016001
-0.12412319113202913 -4.59578296059303
-0.2608098354786864 -5.093610129613327
-0.19662791990224424 -4.650121949588081
-0.3257320848044432 -4.828671384031185
-0.3860444637229188 -5.169561795981653
-0.13963379001565884 -5.113161438111393
-0.22951007187274833 -5.10070918292485
-0.26669040964284546 -4.705357914004909
-0.12589545509113265 -5.169122378656032
-0.12776708483345395 -5.079611767985851
-0.3050146823930658 -4.62047957030815
-0.33857902446014027 -4.737269017471268
-0.13172771062225447 -5.177936066506662
-0.15708774239468282 -4.660204417733738
-0.3513436416312051 -5.11939960458761
-0.37062632962788755 -4.982263337930859
-0.394517748796232 -5.087361639810514
-0.2605195915341131 -5.160869397171099
-0.3378125709316984 -4.913758337564143
-0.192504070440583 -4.806990506033023
-0.3494240052387297 -5.0165270579476395
-0.11913385484013245 -5.129902674323333
-0.19825228250907825 -4.598027535216572
-0.24749000145796585 -4.6463627896549955
-0.3049468300062298 -5.010194154576771
-0.15159511184177493 -4.626361224930215
-0.1678950778745705 -5.150495063853485
-0.303727507715186 -4.6932704964418255
-0.38993177881963687 -5.0792027465251675
-0.2524911462147028 -5.164698020027218
-0.10077354480523149 -5.194317238893765
-0.12757984801961553 -4.550980966570949
-0.38989207703809536 -5.098985594772305
-0.32172850955276683 -4.827958540881528
-0.32517411347142045 -5.1633783277151855
-0.11569309177240816 -4.59153907068284
-0.10494790472825921 -4.553329590733586
-0.3299964194876643 -4.637531101910341
-0.3843571431095145 -5.04349653642883
-0.352789134573532 -5.236832426998217
-0.33379165918395143 -5.065868489783607
-0.2551942272413875 -4.60279119336601
-0.19850499976499322 -4.5426087338852215
-0.33741932207925895 -4.9801642242344
-0.20543976500631275 -4.9287849698039174
-0.19433662698564305 -5.165419472193007
-0.36121181374583256 -4.703725951773167
-0.13914588833159025 -4.578371200414094
-0.18759046702813292 -4.894803062328325
-0.1935248749371907 -4.581825802069181
-0.28569164704888694 -4.753052341717483
-0.32504904109384297 -4.835740512887435
-0.2632105838472073 -4.819278094643979
-0.2973755620256937 -4.618147133175253
-0.1081312238421136 -4.9552325910338775
-0.3842451939728046 -4.772103738144286
-0.23765887100924382 -5.066766846742118
-0.12962704550771809 -5.1964990621554765
-0.27281838036132344 -4.609844556609738
-0.23601383475166784 -5.021539779833153
-0.13147020761495504 -5.166710624709269
-0.24188657927133903 -4.55672516629529
-0.34612231408110633 -5.183024389791094
-0.2879382619254467 -4.557978907891823
-0.22255683063707607 -4.788297027199479
-0.14689627635966945 -5.10948179390172
-0.38848082147229446 -4.832545116223085
-0.29330500117686337 -4.653122159407323
-0.32010089075909676 -5.0761993573916335
-0.21285443440021587 -4.92124194667748
-0.15372333466512586 -4.774282807319816
-0.21998338015834412 -4.55207346905029
-0.2667001706486385 -4.942325904212746
-0.3006833316749568 -4.575529122078776
-0.2535195516634682 -5.271994842569277
-0.20223141443945106 -4.996655940527528
-0.3931427755701046 -4.61777492756424
-0.267655871818395 -4.908822484289169
-0.25248997001219076 -5.01712963065909
-0.3542447767644368 -4.79165407476593
-0.19583507709020256 -4.667483233467307
-0.36134966275589725 -5.211431453404823
-0.3108702279087281 -4.664208126893285
-0.3192993125991393 -5.042710945368197
-0.18513666902016132 -4.797699230749344
-0.10917481619916614 -4.547274355567808
-0.16554660506038513 -4.614528220129069
-0.18777998973042198 -5.156225808383759
-0.3800699212312066 -5.035380532286501
-0.3297159899072934 -5.047600098291853
-0.12502507283997966 -4.641195494158323
-0.20978142478641118 -4.619729003259061
-0.18700826444809435 -5.270635575999147
-0.22254561663258374 -4.605330189783754
-0.1762745909885974 -4.893039439429905
-0.1199634786206839 -5.253085678365286
-0.3141331928762406 -5.0403150924465265
-0.1856959752034969 -4.53132312966285
-0.2906123693699154 -5.276640031815164
-0.24954386876743703 -5.214896739773919
-0.36329732104262574 -4.549498426347142
-0.3053235553386173 -5.080130764841536
-0.21717539924303023 -5.138214836549697
-0.26923632856018953 -4.92288054018859
-0.102397067256989 -5.162857214388835
-0.34791395050522234 -5.034732319575098
-0.18269818946487829 -4.692462050535233
-0.1715778795801372 -4.564982835321392
-0.2660356572085911 -5.153829282995024
-0.2175784124930959 -5.117682719556948
-0.28442423618008694 -5.264819043204628
-0.2615488917537761 -5.110534226312524
-0.2964946820290971 -5.187820323942066
-0.29594112210748436 -5.045185055400036
-0.3094820204635147 -4.93190746157058
-0.23043874968278466 -5.180786528512232
-0.3388451495970019 -5.229391358801593
-0.33416021755968656 -4.942056483261993
-0.1586944372622051 -5.1136166083879715
-0.27170190169122554 -4.6816087110111475
-0.13059141039364636 -4.948388013553637
-0.17755087579648518 -4.9577432928336
-0.32178866282467544 -5.276368419348284
-0.31214705096106243 -4.653976587553721
-0.39878272368460854 -4.946768664193355
-0.2030082279462654 -5.2399916183175765
-0.2537616160418236 -5.1194391424780195
-0.38841810296824747 -4.922456815855601
-0.10830498980762093 -4.84066816261203
-0.20547424300035216 -4.600826810430996
-0.37348039792500204 -4.965337099894427
-0.2611992183700299 -4.71173677883228
-0.3911016409121491 -4.984720372900045
-0.19337780492390738 -4.7647531035133195
-0.3360374293839021 -4.953741123262361
-0.22603571564736388 -5.212070503228402
-0.18333640281949473 -5.197929304283204
-0.3381991781879699 -4.569104289398359
-0.30720670197439176 -4.571861232175074
-0.32724676792050056 -4.892188674563666
-0.25250045244261576 -4.940714303171111
-0.14337360451675496 -4.680697869583491
-0.17720708551924177 -4.895797109562276
-0.1551763796332658 -4.967932702798177
-0.33517568536109354 -4.750694382808794
-0.17478536828251812 -4.8412128735908535
-0.1740253876646216 -4.918955493692764
-0.159941126429433 -4.753046409440815
-0.2924885765119405 -5.240030647881489
-0.2830785402971684 -5.120551199543651
-0.12172419144656516 -4.829075336090501
-0.323268062308279 -5.204043944179622
-0.13867538048824313 -4.839123452418625
-0.3863805213301556 -5.14494964679462
-0.2552473005621855 -4.841659481007902
-0.3909318672144245 -5.01993785732899
-0.192899612473859 -4.761106737977258
-0.1997667093942485 -5.276005008517161
-0.3877754386873512 -5.234665875107143
-0.26508848395916107 -5.240827430408791
-0.2877717939236283 -5.268384589592568
-0.3552260714597021 -4.572869707975143
-0.24064006368034763 -4.982218919269785
-0.2569989792786797 -4.9317819908547715
-0.28626440030517475 -4.86568723148288
-0.36974015041214886 -4.606054021852309
-0.23196332803226802 -4.87191571966484
-0.2565022645518235 -4.9434538476537915
-0.3986275986708977 -4.6599964094889765
-0.3082379744539879 -4.778705078093335
-0.3570664288770757 -5.18756212298294
-0.37358877020025283 -4.987237326268838
-0.13038337490700347 -5.210657763695982
-0.20867178180973167 -4.649931582479132
-0.38853562925885743 -4.585245371427987
-0.23617915030998873 -4.789860380937938
-0.35271889501386344 -5.059150758595451
-0.3516451426701217 -4.5522128494239436
-0.20109346137288164 -4.993809668918073
-0.34628561437107536 -5.026790631838691
-0.32925872054551697 -4.831257360022602
-0.13159386289362968 -5.190455109298883
-0.13306480757461253 -5.1967425128150095
-0.10925888750522234 -4.621794001594582
-0.20309147173258943 -4.988657027873461
-0.36064432179795614 -5.081442849760395
-0.3606977590878201 -5.26557932053628
-0.12218444360300634 -5.011666097426887
-0.3431241509118326 -5.16852425090646
-0.35450332093072157 -4.929393120241237
-0.33952954583866557 -4.68672968250921
-0.21080991939516106 -4.767491949033621
-0.11312433239383596 -4.669723442582194
-0.25913963127111955 -4.911948375864831
-0.21966532484343812 -5.244685658456449
-0.22778719062728478 -4.605884282140627
-0.18234269108154977 -4.958004536056456
-0.2442699527466382 -4.6142053315502
-0.2490109900737822 -5.169957591038306
-0.10531962328758349 -4.83593020925092
-0.18152743673556312 -4.544169587847561
-0.2702277961650874 -5.125067397694985
-0.3522517703944756 -4.925832510190072
-0.31150829277573705 -4.753146042100217
-0.34929926154350077 -4.781001551415346
-0.11569824090931902 -4.9164872369116495
-0.1543775846205913 -4.652980333555056
-0.2538605817973557 -4.542553623666106
-0.3158415166201342 -4.963720676458376
-0.32639535080502285 -4.5863310641622865
-0.23932385600680678 -5.20894765056354
-0.21522726616040047 -4.920084641689984
-0.10766999015068812 -4.572767102319557
-0.10595930226014438 -4.748085111115544
-0.20099367012146038 -4.867927120070249
-0.29395400575261343 -5.052758207202115
-0.3251757336000063 -4.7270688793642375
-0.3824940559130256 -5.201265686707545
-0.3500920159484834 -4.563687792281051
-0.16563202586496004 -4.553261061484089
-0.11918938029472415 -4.729332762175854
-0.23022469028591497 -4.818275530686282
-0.2936096799540927 -4.645207209535066
-0.10181722752985256 -5.146269561763664
-0.26964784721964546 -4.98672888777986
-0.2765332032853772 -4.916028268399761
-0.31091293678324505 -4.866560989098633
-0.20139596681405927 -5.189469196459418
-0.3533889963875688 -4.873358533096018
-0.33791462268564215 -5.086406622951427
-0.18669419213735053 -4.580838326776585
-0.2628230932789654 -4.679592659284528
-0.2404167080676695 -4.631463497432962
-0.19272207961960675 -4.642918296112923
-0.12001675139426093 -5.061998922706237
-0.13972679281806338 -4.616629633357997
-0.3028967266357089 -5.070081167383818
-0.11484293461226086 -5.146706271214191
-0.15569346270450235 -4.742928688314953
-0.16406841783287485 -4.75705635995018
-0.1722377208122427 -5.035657920712518
-0.33427440907588285 -5.08122388154511
-0.10160985704370595 -5.17294288902478
-0.22145001064587289 -4.868911820797217
-0.39576839810584097 -4.628754113482813
-0.29114113198629266 -4.9793380599105195
-0.2877957915669647 -5.207506208260577
-0.3827128685943277 -4.654183197234629
-0.11856654051523818 -5.01047303161399
-0.1887662800277693 -5.2565799834356755
-0.14301948253078361 -4.728795392292838
-0.16696731305964782 -4.893539381676142
-0.28328744383728993 -4.698245534441247
-0.2631865036682678 -5.003914321725993
-0.3615476722089505 -5.0795806101263326
-0.1238057785149641 -5.058185323182454
-0.15176004345052646 -4.804225673474345
-0.32425956951213464 -5.272032554414576
-0.35827220270082866 -4.535999892220077
-0.32549314442642285 -4.900351591740307
-0.39731266221006944 -5.147250929640838
-0.3356087041775122 -4.993155040461431
-0.25205552763509165 -4.614588701528893
-0.22734987627848563 -4.913291035782063
-0.3783303653149333 -4.799631382657298
-0.3267108708947237 -4.712876770703676
-0.3292059202598125 -4.790695807797182
-0.35130082078045743 -5.1857185712261815
-0.12924161691299008 -5.247385246212401
-0.35029315568686054 -5.076938569381826
-0.2509574638932338 -4.934794652441732
-0.26231537082974943 -4.9879634500130425
-0.24106358482377732 -5.112643660070696
-0.12083694646227111 -4.814130507911146
-0.3337915982250995 -4.85576477511954
-0.3117102207406101 -5.059923151274121
-0.27394151967048463 -5.085170014202676
-0.15087609643458677 -4.611338197869518
-0.2574490187397568 -4.968726339903507
-0.15055068224024873 -5.056373846004834
-0.2645233581000111 -4.999398086095348
-0.28543625645799153 -4.722651534944171
-0.24649659674570118 -4.72165797634687
-0.21349414513870896 -4.938964805101053
-0.12790893265533987 -4.567451564726333
-0.3945383055446245 -4.8586562480551425
-0.1487793440222146 -4.732337961931972
-0.3575027250120156 -4.870607055215859
-0.11159840859506404 -4.708817054129009
-0.3250561670241447 -4.568905011791976
-0.24224136570490215 -5.1143074129005015
-0.2679101266648811 -4.879875434803416
-0.3235276126887915 -5.16643628549321
-0.16584446076703432 -5.252439954437596
-0.21229325573124772 -4.942638150835697
-0.1228226358835508 -4.8512903630843125
-0.2922963211459001 -4.846362390634212
-0.21161354016381462 -5.226434815280245
-0.17863395242387065 -4.673844747028349
-0.15397263425740002 -4.83040367912813
-0.2998147180959255 -4.533303257057967
-0.17504339764322835 -5.081137728036694
-0.12816716433055247 -5.193948542666291
-0.18291121993474885 -4.886721392855739
-0.20637608302836763 -5.19976466066926
-0.1479556776206961 -5.01649757859892
-0.25027309293212885 -4.914223055180838
-0.3899418747019455 -5.020825679502123
-0.2483883636536074 -4.560258057290987
-0.3067303672129475 -5.060508883442
-0.3797746774258534 -4.569180995280924
-0.3173373784741318 -5.098971413567556
-0.13127667802092335 -4.885427627516473
-0.39356611258649454 -5.075284531326197
-0.35726254941762436 -5.2619844807600815
-0.16872259640748244 -4.781058879456373
-0.36822935669279444 -4.964337421281652
-0.22132530648429793 -4.778444945218173
-0.3849134105085596 -5.118438098673577
-0.14112465606318336 -4.7069158993571145
-0.27685773758579685 -4.95441223343842
-0.3367989627016493 -4.658733979606685
-0.3745852086583504 -4.865584454305708
-0.36388590552104527 -4.767821914958313
-0.11449424010981102 -4.993220626565589
-0.20194501926495378 -4.808602772327224
-0.17461614846592222 -5.207739820152913
-0.22183467742221424 -5.134160858576317
-0.2205553117761597 -4.629955066877369
-0.34892558980941757 -4.892281536550783
-0.2630358812499107 -4.5492439241107245
-0.3942906312708932 -5.126354887555208
-0.2541949137476356 -5.019088154475869
-0.22436979513443045 -5.190566473689646
-0.32671575198579383 -4.942609397073138
-0.3942688220367824 -4.599309315703067
-0.35163570892957774 -4.857789483972587
-0.13961827915099279 -4.882669733189601
-0.37048356566631313 -4.687895905239147
-0.23717628571033506 -4.957437248244084
-0.27317962766039583 -5.041426350841356
-0.10897676124058964 -4.838103382974667
-0.12189693978545574 -4.8287652172152855
-0.3529145515075365 -5.235360778988742
-0.20506693051216993 -4.740749143685536
-0.2890666430777569 -5.077752609124646
-0.2482120454660626 -4.807625328407362
-0.3657208296526189 -4.533435372479073
-0.22980067146520616 -5.271873073680955
-0.18492855462516508 -5.057315579000699
-0.15182033064564893 -4.684000001530731
-0.3534809260159548 -4.600848537155813
-0.3895941264337741 -5.083111906556788
-0.2445751246505878 -4.95919544221282
-0.14872796861179655 -4.534209999380844
-0.29107463940727796 -5.026183700238651
-0.2078393901217958 -4.749012050562054
-0.26142877064342224 -4.674758535441385
-0.27660143661049996 -4.54207576099169
-0.12163900018578139 -4.753893990154068
-0.11694499533343772 -4.656092920871175
-0.29787698272505647 -4.564316822832485
-0.20127000553515006 -5.0074061032501715
-0.2707165832078624 -4.54755075676296
-0.32918582288257925 -4.930675436416185
-0.1494591855413881 -4.53121214450272
-0.3988584805179553 -4.911130005149314
-0.39709237118599744 -4.73922426125273
-0.3414641772866568 -4.631378350600373
-0.2556757420981085 -4.966171049980323
-0.19292572992218068 -5.119158783586599
-0.12706606004547344 -5.262542891845422
-0.2713757314124624 -4.840194316472183
-0.27159286872104277 -4.921410088800445
-0.19485399132652806 -4.96322308808803
-0.32661725579029494 -5.094654725130341
-0.27878192986814476 -4.708779201557716
-0.33005813087147506 -5.1514757109098195
-0.2805369899598593 -5.208712414591338
-0.10569618504967676 -4.910371693260586
-0.2791274996628361 -4.829204637260731
-0.2108384601167765 -4.570070154157553
-0.3072708128747978 -4.546090163188819
-0.3712808219441699 -5.119319781080808
-0.1786897825122216 -4.78768552447018
-0.30889315373713544 -5.100568604035986
-0.3476708273091361 -4.61430891478712
-0.3437844560328599 -4.8084749535574
-0.3721041733045998 -4.896073852655317
-0.14826397644559924 -5.152533815288033
-0.33337278554593974 -4.814045109199922
-0.2602382361912891 -4.5920749791215085
-0.2505242633187049 -4.761427520000202
-0.21532101393875724 -4.905896701366015
-0.2560158934492234 -5.096147451268681
-0.14557980889277605 -4.660339240730834
-0.18199417573267695 -4.690958357594812
-0.3751684566413452 -4.665980628346794
-0.1150979705059792 -5.10826162175215
-0.29147483175739486 -4.75983343871119
-0.323352169887034 -4.854225950491339
-0.1983915763758074 -5.049835953563631
-0.18437411333312287 -4.637183807109338
-0.30702101247133246 -4.549058336648783
-0.12753441068715093 -5.02456085167383
-0.19881078247408096 -4.654161415376992
-0.25213850608332417 -4.783177354522096
-0.22514436194519635 -4.898965162626921
-0.27715364237144124 -4.834740879227675
-0.3954993901820248 -4.88615834103753
-0.14471235632913182 -4.710787498156512
-0.3933084520081473 -5.1026266988964615
-0.23598179749863768 -4.899248944548522
-0.2705440450384433 -4.719713200384035
-0.16293727841158923 -4.839799707726404
-0.31781254774027135 -5.0380274324996135
-0.3486837884507628 -5.027015863638017
-0.3295115856974985 -5.228347584959605
-0.2853006453330782 -5.199116045339209
-0.23236766202260006 -5.0385642214129795
-0.1118360391567243 -5.0010725288880895
-0.30743250632449465 -5.169206375703958
-0.3288790109512548 -5.053272263390481
-0.23020242966017573 -4.901448109624313
-0.27349601404461465 -4.6404299805717955
-0.39911706096423755 -4.623067700747406
-0.21672266150687494 -4.62274245504996
-0.17289514177555013 -4.54747997471443
-0.3354891308262374 -5.035182425806189
-0.23909467440407514 -4.6997994715471725
-0.20916472153147644 -4.816034526960834
-0.3524559549004043 -4.714909792183459
-0.2613451382777112 -4.8230874241573
-0.11156446770781492 -5.057988381598596
-0.1087002302532522 -5.015659013534579
-0.26839806992625104 -4.882717031097004
-0.10317232001671511 -4.550382563303694
-0.21784915111485292 -4.590048157064038
-0.3974641867641872 -4.8931054258766675
-0.30348037159107877 -5.052589029707072
-0.1999555883145646 -5.170933087779555
-0.2019004000897828 -5.06822251069669
-0.33898623898878133 -5.043187578284463
-0.3466114087595646 -5.012869474470342
-0.3070646711980875 -4.9802830699869665
-0.29097589308131294 -5.02435438497764
-0.35491655882260054 -4.684936637893242
-0.38567137054158035 -4.701264897351347
-0.17378118455170122 -4.793861037882301
-0.18149934983975446 -4.936159027489945
-0.35295445349716803 -4.618615825242841
-0.32585475775482126 -4.554036686941741
-0.1845384023381712 -4.907663205588686
-0.20023606479353825 -4.854895728655183
-0.11055024046283185 -5.154373261003755
-0.28102468902153155 -4.72258937103758
-0.38624784942917934 -4.778676380300408
-0.29381021681725744 -5.047613555302562
-0.1531594831837698 -4.837255524759444
-0.23111807036284007 -5.010454845799705
-0.1373950625243946 -5.246463576448039
-0.37930197777403096 -5.171243373946654
-0.3732565142144691 -4.897984780964354
-0.39874123457958655 -4.743589130133237
-0.1628276476674892 -4.581286096064065
-0.34586268961250105 -4.674065660959072
-0.13692615298012256 -4.981967952395956
-0.255741539521556 -4.642173507454768
-0.1830057332730115 -4.959264668509281
-0.32181484741471844 -5.1900790619996755
-0.23650285126196785 -5.2475989489676484
-0.2834730239312236 -5.264817298189615
-0.2193627999632123 -5.107242062287479
-0.2843435123704181 -4.794010379232475
-0.2484009321794035 -4.708471239772994
-0.32205784296306417 -5.06070350594118
-0.21798499788054695 -5.182774937614776
-0.37492493689260925 -5.002568277633516
-0.2504693981863906 -5.1477289147308305
-0.27122805181760123 -4.619493630245608
-0.3796307599621693 -5.009929073311969
-0.286328940193636 -5.117940342119592
-0.35236666718493537 -4.615861624243436
-0.1942191778655213 -4.636466241864831
-0.1311258168986642 -5.124626526240776
-0.21875952276876334 -5.271781555862144
-0.11772399607149564 -4.626143348701657
-0.37433333737624097 -4.606306906176046
-0.15289827958472318 -4.750674094268778
-0.22479333812841615 -5.203391974864009
-0.17304179948324588 -5.071853248979701
-0.25216237599533575 -5.03795513673854
-0.3724001313003773 -5.0223184531765845
-0.1644614796035208 -5.17149177141347
-0.18157320154862863 -5.273678357876079
-0.2066645584668382 -4.724629308031172
-0.17938709596051816 -4.862512488996963
-0.3731768062750892 -4.827908759917691
-0.2000391818274433 -5.075611087303081
-0.2940726018141834 -4.897528718316284
-0.21562177241506936 -4.764877373572851
-0.1795347508317668 -4.776633798638059
-0.156963810475131 -4.949328370829357
-0.39483422272409385 -4.848189759428527
-0.10807920479438471 -4.788556034197783
-0.3392904549969472 -5.216425430745387
-0.10925103061928443 -5.137540047927832
-0.3091768592252038 -4.993511857020154
-0.2380207650951488 -5.140836127912611
-0.23628077794433755 -4.770286481495915
-0.22073032556534883 -4.5466874469052065
-0.18851929799684047 -4.7812740983070015
-0.28103148384647647 -4.63743458182888
-0.1222453761974509 -4.7901207238012615
-0.1522255317174845 -5.073486027790985
-0.10548117975415156 -5.010981363486788
-0.13807678062893647 -5.248615009735235
-0.20730054201895248 -4.930439557562459
-0.19555719605484484 -4.989095218734057
-0.2187323021513512 -5.1602856689503485
-0.14479610396622677 -4.692948759266821
-0.394998445140513 -4.7518702069824394
-0.11267481190380901 -4.814516341048196
-0.18105114132368394 -5.143207990324809
-0.18040788610083597 -4.7864390749525345
-0.24884558865377263 -4.589227015459555
-0.37308108829164477 -4.7090348993640845
-0.25660733796053403 -4.811130457343043
-0.17665623780343992 -4.9550663277132205
-0.2649792511954958 -4.884989070733104
-0.3422196567521138 -4.867102350215892
-0.10684950708593743 -4.848055964363041
-0.15019385460084483 -4.6463982250691975
-0.1628026753152432 -4.6808696307444055
-0.3143145826294832 -5.187063277924562
-0.24813080700587575 -4.732310884456556
-0.3247553154578789 -5.174443627289283
-0.16473182374693265 -4.877535199879924
-0.13148573047898632 -4.591916744318589
-0.24783002867864495 -4.705027723305923
-0.32935607618367 -4.610478500839532
-0.31906453556126935 -5.188690059279635
-0.10019116914505477 -4.783827916385203
-0.3018838342168453 -5.1342332833371636
-0.2996305975746797 -5.0794595831803875
-0.37995963115171355 -4.820886347511362
-0.13815192049598596 -5.2025595368789626
-0.13780170320967394 -4.877910353783808
-0.3763089092759495 -5.1415780662925386
-0.2781290731472622 -5.070792591494867
-0.18124895210108963 -4.975704507656207
-0.3739127587052524 -4.809652501616481
-0.2620183226317758 -5.01729962849265
-0.18475754047374784 -4.793806921465729
-0.345085955652566 -5.199230674515517
-0.23731621634458724 -4.962528145139253
-0.3734833149312008 -4.955282075561254
-0.23696144061785213 -4.697054829725382
-0.18954620211883685 -5.12968448197499
-0.3198576390984777 -4.722335787990605
-0.3233806461710754 -4.8325801351303035
-0.3174591296692515 -5.14245848575786
-0.24848725493188048 -4.9202413623644485
-0.2802141377902377 -5.049255345332504
-0.38600110379089636 -4.650984861288462
-0.29623732503785816 -5.264025793855797
-0.3852279288658173 -4.843940074626659
-0.17716060119961446 -4.884708101369877
-0.3063272251891772 -4.816611330120375
-0.26236428158035363 -4.807705578904557
-0.2238270345597218 -4.561613648775296
-0.15948752698989324 -4.760757915518511
-0.2704296160682812 -4.577469223300031
-0.14254584955555644 -5.188354984195406
-0.31916228677590763 -4.805724533679774
-0.3108165945079845 -4.908258486181417
-0.3998887724421509 -4.821585840155773
-0.12011023185794406 -4.943604730424807
-0.3754930803733731 -4.84035452842553
-0.12053387425749762 -5.127698885713078
-0.23809925679551439 -5.099316511899956
-0.34757710261749997 -4.83647357094345
-0.3630893017836139 -4.838601493173177
-0.31558514427470064 -4.527979649392567
-0.30295888483433453 -4.942315267367035
-0.24305642518079038 -4.9864156992134046
-0.3454977373331865 -4.8086258314784125
-0.23065945315979566 -4.6340482665685645
-0.3556920318148078 -5.239642256807106
-0.2967106153042539 -4.525465415408259
-0.2352925507765141 -5.112316585970824
-0.19096818731608833 -4.988524965609122
-0.20934242297997263 -5.051891156161164
-0.29738103247774833 -5.088850054547722
-0.17625688840091933 -5.135238250757781
-0.3352772603723728 -4.653002311819225
-0.3033462729391455 -4.938724652493822
-0.16534608731723258 -4.685782034692943
-0.37445511227097283 -4.59239186882864
-0.1619138438749438 -4.7466452791375495
-0.3407722021400923 -4.921627185098613
-0.2657951444560007 -4.6245874785267205
-0.3475516732337483 -4.974521483218194
-0.27492029936411777 -5.043887161707119
-0.22007702561957757 -4.722636148943846
-0.2938843085023538 -4.882635362669136
-0.3692534526313327 -4.870520139251634
-0.3971545928118 -5.2075176297939345
-0.18459947705233348 -4.540659909349712
-0.151931083065375 -4.760956797798939
-0.10163295786073623 -5.175384292559334
-0.2920610305888729 -4.855629240118609
-0.37109309475133023 -5.192979093548918
-0.37792703722619414 -5.192105374615878
-0.13575394256069623 -5.026895775273274
-0.13894419104568723 -4.792462899167992
-0.3242388426631373 -4.716040102478902
-0.10206772263147074 -4.624255956169437
-0.19916201801656036 -5.076151066941211
-0.26334352651325516 -4.715751067835215
-0.27471530980465275 -4.7783686293058905
-0.3192100287013928 -5.163180691652056
-0.12760373079435955 -5.1949772073952785
-0.12055883098191211 -4.867453175007872
-0.2470107298790014 -5.104220874630897
-0.303687943567701 -5.222471323946667
-0.38825309610384806 -4.880889434567152
-0.14017570462203233 -4.72591120295967
-0.30753731291301567 -4.674861195156857
-0.22583818115206258 -4.805342607368122
-0.2714855343210194 -4.803846588911125
-0.24891725470456544 -4.565997043205722
-0.17044767739833613 -5.274158586159763
-0.22070048386956054 -4.620685989670106
-0.38991749912200047 -4.710127939644963
-0.3430195869599121 -4.696716861358756
-0.3002518394773623 -4.6456591323873
-0.3014546343896621 -4.89999003458374
-0.32844959638661464 -4.842696860287173
-0.25309665163976974 -5.235891926123439
-0.10335183438127782 -5.085797299390231
-0.21765905573274796 -5.250579112526361
-0.3216501118721832 -4.798427185769808
-0.3252945771037506 -4.6363648568501326
-0.3189599393433272 -4.6519562843482625
-0.32019119943642893 -4.845311995228696
-0.2648433386393941 -4.598372009586293
-0.2935207712223318 -5.20708795376314
-0.17202256893986517 -5.019037244713815
-0.19137094921140144 -4.932074667599263
-0.23129893996741183 -4.75071435552059
-0.14118114850571217 -4.651493291165001
-0.19141024284293784 -5.0709730071799735
-0.11200587556062314 -5.158554384040031
-0.2484125210177082 -4.871391481097663
-0.24353325610523152 -5.056849913576298
-0.16415812162508253 -5.190888866978121
-0.16406081651438664 -4.782381358211547
-0.1646844493511152 -4.945832551158361
-0.11151217878111042 -4.954901037003889
-0.16233021710053575 -5.0243183173259185
-0.36576926168894686 -4.904521556321155
-0.3313938478609698 -4.733983773890005
-0.23347608193223468 -4.98926516521177
-0.2592351214371862 -4.563140882512434
-0.23211148096094147 -5.258557821281917
-0.1412158565942821 -4.695219597203756
-0.190826663065957 -5.238530528662428
-0.12081915094740375 -4.8678680322509145
-0.2772554874856969 -4.750673024161331
-0.14288872574277245 -4.6416884568004
-0.2753878811284964 -5.237957595935327
-0.12570453200928372 -4.698566026145772
-0.3833148304238497 -4.567247277716528
-0.31249752057865193 -4.573087550803891
-0.15288305560834328 -4.917651659767405
-0.32157495061487124 -5.151635188115944
-0.20231893860157282 -4.837367329992549
-0.3306708276607639 -4.537799712220584
-0.136963562484884 -4.84839348949734
-0.26764067681980386 -5.12661810297669
-0.3868833367375641 -5.173054162927784
-0.1038423391560695 -4.620776358538551
-0.10858256306596997 -4.716965796135096
-0.2371499007259779 -5.161672791664734
-0.18733320650112048 -4.849566500154167
-0.20886974481661788 -4.685216975975081
-0.24928865135553424 -5.185501966823347
-0.10254869164003244 -4.991118807860325
-0.28258938551797563 -5.084078959500696
-0.32908886234413814 -5.215361982345941
-0.31326294533572063 -4.945628343069717
-0.3632358538637739 -4.808885846279647
-0.20859088000408252 -4.641119638824124
-0.20590433422457524 -5.000201271715827
-0.2746306078630997 -4.893391438893442
-0.14896386192410738 -5.015682139458675
-0.10587343330457866 -4.645639062587733
-0.10465861702479096 -4.669567167049175
-0.14083646880827122 -4.583402310346616
-0.328726919788502 -4.619161194193162
-0.2071783180123316 -5.2047210537066935
-0.2624734322221941 -4.970097988853075
-0.32339162576056013 -5.162566807655936
-0.24421270096225853 -4.779062409879683
-0.18977100644585518 -5.0034652912215405
-0.14981382474883398 -4.559981012102133
-0.24359638115780027 -5.042352276277098
-0.25572005993113883 -5.128761223053653
-0.17921113101190772 -5.083094322932379
-0.3242802390508272 -4.699384659309651
-0.14569721380679052 -4.996078651214241
-0.20673105525211832 -4.95050793355357
-0.38945167461471925 -5.188128005534295
-0.2226715630175012 -5.167142587711329
-0.2272543728654176 -4.809355779096956
-0.3121429811368262 -4.922903440686705
-0.24610375608728324 -5.261384069650608
-0.14630829308101062 -5.266947604242813
-0.13568365387101988 -5.139787625694194
-0.2894992376563571 -5.25710621838244
-0.23012815453374671 -4.839638673530942
-0.16297379207730345 -5.177404892556265
-0.26977390709006255 -4.67588277720393
-0.2991989866237244 -4.844291226925451
-0.24885253409774014 -5.261472938814874
-0.3839468106747558 -4.94452218661568
-0.2385612270347574 -4.882498023108959
-0.32069298365171905 -4.8790367658750515
-0.20171820891490796 -4.939162477305241
-0.2962130042636765 -4.526807997632928
-0.24649831094314217 -4.986893281706447
-0.2332035761450843 -5.154272905837064
-0.25612226818486933 -4.574932284747909
-0.1288041471752947 -4.882708331961821
-0.14252665173959805 -5.222667291919974
-0.13808883221760665 -4.566381931318319
-0.11507428952252274 -4.6767693946430855
-0.2581776268215566 -4.6331970772057876
-0.29723851203413526 -5.266071617737245
-0.30671510701970256 -4.923817603457035
-0.20942059469580443 -5.178577256589185
-0.10349102640678665 -4.741277366606815
-0.11375227278928396 -4.77910702807144
-0.13328198649967132 -5.214987045576895
-0.2902891239070778 -4.8357663661337424
-0.2126080393499039 -5.207352588829253
-0.2582961590431221 -4.879962860169166
-0.20958381548702557 -4.942725448762404
-0.15317620916211508 -5.195318830620136
-0.26091432110496243 -4.5608172077964735
-0.1090050030471666 -4.842607243665849
-0.1810252523571767 -4.565665533778345
-0.1418892348288346 -4.986708768814986
-0.2741010646287161 -4.596662780707638
-0.2060153802365795 -4.885424868191384
-0.1783802862496606 -4.604920798178476
-0.39136102465980477 -4.69827273325425
-0.32835271669590504 -4.732780587355999
-0.3982423353466333 -4.739874993860966
-0.26317050630510674 -5.025113056869435
-0.3897597641563607 -4.595063075435377
-0.2024186439265789 -5.090004590400527
-0.22416655671988708 -4.9302039203243755
-0.31641795297453656 -4.75756797601469
-0.3737982627898552 -5.144806880178934
-0.14692079675438957 -5.135179863044621
-0.12868649939408566 -4.630311794877257
-0.26930765278905977 -4.67380409213902
-0.3309192412549067 -5.22684728089542
-0.1130436989726104 -4.6349024512633665
-0.3382668763893638 -4.9294668393507415
-0.23699509698117083 -5.065611965633961
-0.3113269420317799 -4.632548900607117
-0.1647574972673363 -4.528226242889776
-0.17877270304921247 -5.241982529859382
-0.13106658801410037 -4.820369470261504
-0.29992972206718005 -4.726956410624116
-0.10091518226112506 -4.5360992344382725
-0.3863956344102764 -4.686197193378379
-0.19589201720052724 -4.5999284640552105
-0.171447533070396 -4.657562400301956
-0.10199612336650349 -5.094110041980948
-0.3864476431236783 -4.654063460993918
-0.21054987649120782 -4.592872753525814
-0.2917421160850789 -4.850023352778504
-0.20551140015836275 -4.847691693229788
-0.269883071845997 -5.216779489663017
-0.3384041256691716 -4.808124523539775
-0.31158815854196203 -5.204068717923024
-0.18087171819734382 -5.0130624939345925
-0.3637178272434984 -5.249589323778303
-0.23039464160936582 -5.054487329343623
-0.21887399042264769 -4.822071046946594
-0.23384370257181716 -5.037842465255352
-0.195401744842963 -4.747296711196381
-0.2644496130009434 -5.210987376061605
-0.38870386538956525 -4.844236992347038
-0.25415121219238096 -5.270588602153392
-0.311494098508615 -5.059569802058129
-0.1391081108777153 -4.944163978026605
-0.34283615595972433 -4.580575786136587
-0.18664539870893515 -4.733662635713191
-0.11839518556714596 -4.885892136921652
-0.29840542850471036 -4.61292939915413
-0.15042107487862252 -5.162250766725121
-0.3218151728053113 -4.713783882443237
-0.23346866630382646 -4.91924454047011
-0.31699049353276115 -5.004713352516987
-0.1053611640588748 -4.6393744648241935
-0.26150451069866076 -5.07801517046483
-0.3631967685525777 -4.823419207086974
-0.11569031261847934 -4.61413289529225
-0.2827822299379426 -5.235948704595531
-0.22222967723671214 -5.091758593736586
-0.3995776678504724 -5.084299158415169
-0.3019814892303997 -4.876129677903687
-0.35698553433208685 -4.80145643416363
-0.39811255237993165 -4.639008303680657
-0.3914327198794001 -4.774732887404862
-0.17444391598709819 -4.913867805313281
-0.3075108762020249 -4.957243093063872
-0.3453645167631425 -5.076366228394159
-0.22258618700749944 -5.001740356026914
-0.10481693702615219 -5.171193179692117
-0.19397636802369833 -4.919499375698501
-0.3475230470878667 -4.554469271680058
-0.39298875099382463 -4.876989272001469
-0.2230539080733604 -4.618729744472529
-0.29447844525269085 -5.091913261628632
-0.270019181881648 -5.167241145749562
-0.14218316742227777 -5.153066174162985
-0.1544503809176877 -5.205917033347237
-0.3492024261817234 -4.913186908505746
-0.10002296964925322 -4.602456550246433
-0.26545269672101757 -5.269981385701788
-0.39433944557800116 -4.929359453742162
-0.3140009110776333 -4.887849344912903
-0.33708619394686523 -5.236990789591645
-0.25647970549584675 -4.678681514009736
-0.20503585060450621 -4.914175861882429
-0.29857123577271943 -4.893111909310808
-0.29482346220810907 -5.079757322871253
-0.38836908465853553 -5.213267600245342
-0.10119261756995895 -4.76323800017504
-0.26775380753682393 -4.545235466351385
-0.2980067481644838 -4.548588536589639
-0.3884277676035556 -4.711442506860929
-0.2898518589032177 -5.0021331118201
-0.10989666827473943 -5.08552626629249
-0.38866557995849055 -4.696916771850842
-0.3498360705054093 -4.730258888835779
-0.10728229695801406 -5.1622839414367725
-0.23120046068861652 -5.167106499170642
-0.18515889784176992 -5.157611669455004
-0.3824974551800432 -4.666478808764155
-0.13765524234524412 -5.228227791204213
-0.30316407342436474 -4.579967966258996
-0.1630263753974557 -4.722348063774662
-0.1778403913788323 -5.067899582421498
-0.32532805953809174 -5.137640794177486
-0.17289193307650133 -4.619926664595981
-0.24000502277995636 -4.671970511501815
-0.31948942181796236 -4.669478231812969
-0.2156477375022455 -4.863787929624079
-0.3004678721048017 -5.184113980307052
-0.30687995964356696 -4.606219580007746
-0.21686672667842521 -4.8069335885931865
-0.13552474075919996 -5.124056975625771
-0.24783173192078345 -5.0371993903710335
-0.16673255662210656 -4.623865668360579
-0.3637935538845886 -5.04627872303748
-0.1832260759218464 -4.639546913649917
-0.39828357030250244 -4.930750816868168
-0.18399516751987757 -5.202685774398062
-0.225694277373482 -4.7529122465262486
-0.21580068727629279 -4.9444249620530085
-0.2841863143490453 -4.562050104067696
-0.12577796926216972 -5.1671630315864086
-0.23311968687711593 -4.587025374432427
-0.21014154661075649 -5.072600971133509
-0.32411273813214403 -4.607622138965042
-0.3795615128693649 -4.926082885836328
-0.17587598505037352 -5.048741976033604
-0.35332830873365917 -4.875983568181122
-0.3456921475762146 -4.710524078982166
-0.3467381460050297 -5.109700390808267
-0.20653344132392606 -4.739886275171405
-0.23113462874173427 -5.1681357511655275
-0.26771256527931164 -4.964294708688788
-0.24330089565308605 -4.641813398466803
-0.16685070512226916 -4.97546696904785
-0.3131724785530521 -4.826225448446968
-0.1725352966676689 -4.764586180852557
-0.1900448818529744 -4.6716897998921985
-0.34961946379257197 -4.86423952815296
-0.21557032009301486 -5.214064597179325
-0.24879698700606584 -4.748094561327662
-0.25091608753385086 -4.745339876638143
-0.19606420344398115 -5.13372338323178
-0.3842287803332075 -4.556245181802099
-0.3342674170878882 -5.199816786728851
-0.1814104081765399 -4.820947883983385
-0.2772142055384519 -4.535409249321206
-0.12398045730610324 -4.942568463812226
-0.2180433408371616 -4.753698061738672
-0.28048520227692864 -4.527312432593386
-0.3196620599630321 -4.749366212526842
-0.19207784466772493 -4.769768445217091
-0.14249985469073873 -4.7753078507972795
-0.2935365763992656 -4.788550592323437
-0.31147758094149025 -4.862189042704466
-0.32493211981249237 -5.090902384775393
-0.31666031335401224 -4.724683130967577
-0.18135298285675325 -4.822195621134727
-0.18989417516741555 -4.605939143681155
-0.10611774619530417 -4.991051845166778
-0.10965132129857608 -4.791198368968583
-0.3479191094050784 -4.675199998773629
-0.2171088038124547 -4.952204412804282
-0.21709223018919635 -5.237876020515789
-0.30856642411652613 -4.999473533198192
-0.2804156754318069 -4.966674071979526
-0.2462383254100443 -5.192373137557368
-0.1223775569677138 -5.272679736298657
-0.34381852844290783 -4.549155978418652
-0.2014170179723136 -5.119011687252831
-0.2726526359534692 -4.738655268275688
-0.17548301726480198 -4.797736611048715
-0.34092613863296906 -4.979570961771593
-0.10028053222701366 -4.931334914924699
-0.177606944166975 -4.733881865276284
-0.222695870910831 -4.984976071090541
-0.39093192647295044 -4.7174593779520695
-0.28107768387130594 -5.193445114682225
-0.13112476867120837 -4.943791098738548
-0.3915449741257642 -4.662412728349848
-0.2045598939373208 -4.893278883584704
-0.11947617729632287 -4.634913397152676
-0.365744055858754 -5.1620472375625015
-0.11222468398659874 -4.9432808362866805
-0.21478846781804004 -4.97577497367098
-0.3261895445330748 -4.802603388935372
-0.17120179791606657 -4.567403381226222
-0.2947184712207922 -5.070889827413375
-0.23891187564082567 -5.176970426302374
-0.196593590253139 -5.119206079555611
-0.2551946705802315 -5.08405889226277
-0.3620282056923389 -4.78605187606163
-0.3840257258811534 -5.26896738650688
-0.2019011793333806 -5.000684241895313
-0.35034406330718976 -4.840676401234661
-0.3043295552524178 -4.774436609296188
-0.22995587377980908 -4.581870576752141
-0.20177976941770484 -4.927991720013707
-0.2869446605832589 -5.131395528761469
-0.11183888197019387 -5.033735988387713
-0.32656311794573123 -4.640212750599775
-0.37877613919311015 -4.738247543663389
-0.32240065735340295 -5.1696183851468005
-0.2088464049619975 -5.144228165242828
-0.3699815408167104 -4.815579186618576
-0.3434213391674374 -5.233009498907724
-0.10418021963734692 -4.797323761748608
-0.25391778297046197 -5.041117929319242
-0.2717267061365044 -4.7825309218917775
-0.35365036018207363 -5.207974201521434
-0.2998740245253324 -4.638022402669311
-0.3577626799542321 -4.597198301474704
-0.32389551419449253 -5.193370984097612
-0.34874456560705125 -4.9303488860725135
-0.11976591458687214 -4.758143443313794
-0.15099098500445746 -5.098866972662703
-0.1424366888857757 -4.634472783754875
-0.2672681588566682 -4.539432536350613
-0.19517451479451514 -4.744017286239269
-0.10345651976949466 -4.750261625249988
-0.33594553872611393 -4.9237993937699684
-0.3553146708403319 -4.863768971491072
-0.13092743465022944 -5.030331889107064
-0.31466008235633564 -4.616844246438436
-0.3753670384428207 -4.791318596414773
-0.1440700714092084 -5.192455363606921
-0.13968876925603846 -5.018016003430909
-0.13589776228938183 -4.854086492497841
-0.14784094131963144 -5.088200394872744
-0.3190800708372658 -4.899278089511925
-0.11990807386066177 -5.024758003508861
-0.14861263545200143 -4.706125872445451
-0.1602710864875861 -5.259964428413941
-0.12359089218012453 -4.557407088603468
-0.23089229761954821 -4.78721658204317
-0.23322322928522904 -4.82059079656837
-0.3298563230131464 -4.885256391899775
-0.17730348004881774 -5.220003778072407
-0.10782625428884751 -4.545447806910248
-0.2949569274426024 -4.758909564189264
-0.37665733668689444 -4.740342249829536
-0.22833920456066162 -4.636777034750789
-0.16782266169062388 -4.891243610534791
-0.22535852527160108 -4.667514051578644
-0.2946116123350506 -5.163510576836064
-0.325195496527382 -5.046211545820996
-0.14341781710416096 -5.118467023375817
-0.3999149347460465 -5.015097791863658
-0.11809744235443903 -4.8431132353382695
-0.1376878139972697 -5.020058373318988
-0.17397256551851376 -4.804276412620707
-0.20824429479711612 -5.150441215485222
-0.17277649330364686 -5.267453510672492
-0.1633764173115741 -4.9624023526111785
-0.3741530866524054 -4.961764540191714
-0.23574521951987498 -4.599040991129757
-0.2156242322815129 -5.0146064309715515
-0.33203589293431895 -4.550267043201059
-0.12283364132344843 -5.1874160014393675
-0.23124539647524775 -4.76262485465973
-0.34288457111758647 -5.270452975084033
-0.2138206767606175 -4.882015725774365
-0.3594982991101762 -4.781621401487412
-0.2735822698373447 -5.047828687952181
-0.3130516123687629 -4.656077859679674
-0.2433600869770069 -4.64942298013956
-0.12491291144094036 -5.1983304443929885
-0.3785657425496613 -4.903311675279071
-0.37543657702175903 -5.238404413645541
-0.21630542523029603 -4.844910806354602
-0.1568968862792551 -4.689903511412563
-0.31176513415975066 -5.243616858698018
-0.3605496131837626 -4.876457051338179
-0.3852780214085146 -5.003302408656571
-0.19095750155512958 -5.195583710143756
-0.36536132961805584 -4.96336847688785
-0.3142803263811273 -4.748417438151558
-0.22057498985681726 -4.862487211373462
-0.3315267258274938 -4.554150183408985
-0.15024166168127415 -4.954387102767486
-0.32622295823327396 -4.906069806095733
-0.354477156866596 -5.038911911153246
-0.1796924169480328 -4.7126516846150235
-0.10828126885470246 -4.868888978826658
-0.2513748952843513 -5.165881317408594
-0.31423467595773 -4.920462692140818
-0.23011110467803972 -4.867972160457238
-0.2670088221834087 -5.096388895803158
-0.13132207111069955 -5.1353681134475
-0.19396627612014788 -5.099148461375623
-0.16217235162436625 -5.07059877565721
-0.2068236986451086 -5.108705297072305
-0.24099191347940663 -4.707034745116668
-0.12349576467190487 -5.167952223901827
-0.2747598324245675 -5.254457390990095
-0.17385402453186416 -5.198634239465901
-0.1416597995208091 -5.101196412878765
-0.3602528979570295 -5.157115749787789
-0.3372955455470327 -4.547897495460218
-0.3494813764719399 -4.825745522372078
-0.13277302362586274 -4.592879263701486
-0.1894973443160177 -5.188635623902081
-0.12122275770796687 -4.537877762398723
-0.37538725873090323 -4.896703499282758
-0.2708272121948781 -5.246998316986761
-0.2980659389395438 -5.071389468654457
-0.1959659511902083 -5.191251544516775
-0.3982312185203573 -4.842965265512165
-0.15886965869345016 -4.591994346475324
-0.28637959800413415 -4.680514017289606
-0.3635188684524129 -4.603840460040486
-0.2962118739724299 -4.5766783614948965
-0.3576429284276047 -4.691777687805249
-0.11158162642242253 -4.757754294903011
-0.3995406522448744 -5.138861392881761
-0.14105718455466265 -4.649737270911803
-0.28273539284920746 -5.017584365054883
-0.11632580872889398 -5.012336333515461
-0.3367898793038026 -4.538859994032732
-0.12123870978225931 -4.961430157131969
-0.22988290927093913 -4.866925324359315
-0.3938003039235047 -5.01141740149854
-0.2561384021954195 -5.021814411725924
-0.3584874743471791 -4.6520325053604905
-0.21351126368843154 -4.861997058108748
-0.37171127769048273 -4.774984788495657
-0.20360376647256587 -4.96698239511386
-0.32900407070396276 -4.718603775246048
-0.27300572258311384 -5.143101184356007
-0.18033867621335792 -5.272593692734301
-0.21989080155769852 -5.201079344310452
-0.31382373124598417 -4.64398329397472
-0.13455003923718695 -4.611252939025599
-0.27837957148401615 -5.167572823013077
-0.3984059218543545 -4.817981446529548
-0.10252250165156102 -5.174569500814244
-0.3201593521882882 -4.646983527774045
-0.3210398896139711 -5.163254977316718
-0.397734794937063 -4.739626867950875
-0.16304610152684346 -4.54806833870856
-0.30950951223813306 -4.922016264894828
-0.34042058236369754 -4.745444878949761
-0.1320593318709508 -4.821764618472799
-0.17862810620683836 -5.074550379956921
-0.32861930992153804 -4.717067451354276
-0.18264462142426954 -4.863327340609944
-0.28198625308145436 -5.102392085990509
-0.38140855023914716 -4.839199891787798
-0.2666985837631182 -4.785226986593941
-0.1785854375127017 -5.164514246469551
-0.35597292179299256 -4.89994328661016
-0.193742866567318 -4.866787946973797
-0.3115461905618458 -4.716725167573445
-0.28890877979824087 -5.210158094563643
-0.14554660623165394 -5.23761470242819
-0.33411795836843894 -4.952065033656678
-0.30415915110987435 -4.877955859269232
-0.2462863808788391 -5.062610223842437
-0.16103066500355143 -4.791874103809127
-0.33818032092602607 -4.949493907911614
-0.33489990843888867 -4.869186476298567
-0.1900600046597703 -4.673872656847033
-0.12006577288217801 -4.657640197750325
-0.30841887071752716 -5.113224714516454
-0.19214465794320323 -4.838308947339645
-0.3353692978116763 -4.886552848448742
-0.2587516299065803 -4.822835780272783
-0.13152907556109217 -5.223377661403008
-0.2735009628902192 -4.81272132431868
-0.21670495559955624 -4.74459610583839
-0.3425879935817248 -5.1629588278717105
-0.33228963947775236 -4.629199163833878
-0.3812764281367184 -4.728382431969248
-0.11884419640567145 -4.885085981635342
-0.3584550713571051 -4.768777814739373
-0.30707529960615076 -5.217996870084338
-0.19590918625939402 -4.990616979497667
-0.13506345089430988 -4.5902077859771735
-0.38650205611376426 -5.184224565078951
-0.23052550301021185 -5.20650188286667
-0.14204156906251408 -4.955780923173058
-0.3581881769831356 -4.994334296535833
-0.3631427476761116 -4.546661836519566
-0.12510145791247806 -5.144959505992453
-0.1415482951264277 -5.040320336946779
-0.39731821690941627 -4.689373437221463
-0.19573748465380006 -4.830411999918827
-0.19284817160382894 -4.574963782081176
-0.31222639858119217 -4.8127264878773115
-0.17776403809717822 -4.973957583982946
-0.1903911865190111 -4.730937429114602
-0.2852012599551971 -4.829049015938651
-0.14162765860085152 -4.555769604656405
-0.1664791417506719 -4.529743010870033
-0.1474298597759714 -4.785920859453635
-0.19490921708074346 -4.620241989009132
-0.24781362345353886 -4.7741628888394665
-0.3519882458490292 -4.817222336286557
-0.3064631813872787 -4.8072640995077975
-0.29841488894881024 -4.713005481102209
-0.25985293380373753 -4.777002441912991
-0.2571286451711796 -4.734908211819556
-0.24118053494855532 -5.240849333523184
-0.3107685280390643 -4.836039239814975
-0.14162365827973644 -5.166194624466578
-0.13390364441877722 -4.630287282742823
-0.1719072179777498 -5.252691139831664
-0.36796191758332036 -4.528936308439135
-0.3288594305643232 -5.041585178572648
-0.21783130055642067 -4.925219060719338
-0.17878933513383666 -5.174576384370411
-0.10233231327672848 -5.21476679627467
-0.16478399411444766 -4.808530681337185
-0.29651334402134405 -5.155216682505836
-0.19133465450116083 -4.784454651378643
-0.11598105766528216 -4.715922748881766
-0.18182235573848426 -4.565148834329178
-0.21271113677387496 -4.731547846406459
-0.182136404833334 -5.098361709730742
-0.10003159200696132 -4.611393033747079
-0.14161732815618844 -4.85480580364693
-0.10328389307595287 -4.85707214351801
-0.331488178135938 -4.782319311530368
-0.1545325764453183 -4.753002238854537
-0.3050188606811045 -4.61817386340627
-0.2741296422208121 -4.665248696106684
-0.26786496343741917 -4.773567476970972
-0.21918714931101677 -5.1709217990579095
-0.39031981547227185 -5.234625774116847
-0.36593331670710283 -5.214483149553841
-0.10362552456587071 -5.0391294863817
-0.11797131715165826 -4.75292834752673
-0.2323226312954459 -4.709836771351324
-0.3054821214437886 -5.008211456974848
-0.1067333550527389 -4.719461986473457
-0.30678641877861645 -5.214873566259556
-0.3558656437637503 -4.7254359324356345
-0.17538419061923655 -5.231994030497224
-0.2550743821357195 -4.59304029753392
-0.20563874232023116 -4.530803795675216
-0.3660228703317221 -4.734679772431185
-0.30265434680402303 -4.655840300234072
-0.16005743304893966 -5.116395564609038
-0.15878037969207548 -5.149111315748798
-0.3471277858658658 -5.112780321860622
-0.31303217799986965 -5.002507990967144
-0.21091349271156573 -4.742824930424008
-0.29085997564072147 -4.8178645156500455
-0.3068909573324885 -5.1873255023608715
-0.19971383810712587 -4.698491088915888
-0.23187560632047277 -4.819863797930426
-0.25120593461200547 -5.03020009341466
-0.37415086266941006 -4.573268809821564
-0.16354444853841882 -4.737283331732902
-0.23814504532586223 -4.723642999346993
-0.175034114794926 -5.044090557652759
-0.27157170449555745 -4.934087711875806
-0.3809261094795905 -4.624013485334368
-0.10248336111419509 -4.712884851780052
-0.17591981566871523 -4.791591250996554
-0.25320758759968215 -4.599914791021619
-0.1572293089971214 -4.763475373193936
-0.3917347162782916 -4.667763949374227
-0.20409289454548155 -5.026047628512878
-0.3816838846242 -4.695280554703764
-0.24465796940637813 -5.074370235826011
-0.33756570372169226 -5.194795794693723
-0.35480215185927655 -4.878726878300186
-0.15817192930119556 -4.786754481645542
-0.2820374735497952 -4.836063978969291
-0.3358385382381769 -5.124330054160684
-0.2308299186110991 -4.884027665095704
-0.24311246934635422 -4.611611986181283
-0.2914588901773517 -5.238828753880691
-0.14137241240927523 -4.866777452738799
-0.15880639917913347 -5.27804892235153
-0.2329784446303491 -4.596189905791833
-0.2419303356474757 -4.792349705403502
-0.19978983561870142 -4.663305166067712
-0.3932610645033206 -5.076554242446096
-0.20255983049893098 -4.674412807405816
-0.1708271187231983 -4.712416927131059
-0.28505720807690954 -5.114345229657173
-0.3832849591310997 -5.0732356837912755
-0.35313860406434866 -5.032673490652323
-0.2686807839528453 -4.53474302796618
-0.30898038259189764 -4.991307119785518
-0.2989331301011751 -4.582885937824234
-0.30750693980780314 -4.6065130432020895
-0.12621432565903912 -5.173092174442975
-0.11001040010664026 -4.527976251158677
-0.19467295166374746 -5.0169474684496755
-0.3814493860298665 -4.993626210365505
-0.2573902607942915 -5.083443298301311
-0.23727123492252766 -5.1496104049445925
-0.3994225794022672 -4.786354567918775
-0.24940424194217206 -4.913618249206898
-0.32697008030023744 -5.03293505825849
-0.3751542407211262 -4.851895982231756
-0.2739001579560269 -5.271582151580189
-0.26064083659194753 -4.542887099501747
-0.3943406870418796 -5.137615423449044
-0.15600852593322534 -4.715652113077962
-0.3257220985535743 -4.710679073616637
-0.37969230707384927 -4.830550530458173
-0.1332329605962475 -4.981860336954785
-0.25953694848232767 -4.911061225679201
-0.17635382607982078 -5.154376230234627
-0.3264447864689351 -4.97574227528558
-0.2382501527587762 -4.971288417052342
-0.30525081852445224 -5.0831757617452915
-0.10527772765876886 -4.909715791151667
-0.24054368066990697 -4.720466853671532
-0.3680477181578669 -4.7877192727756155
-0.20446321430514086 -4.690603191418644
-0.19447226985353708 -5.221136951486998
-0.16968385355665272 -4.704117125564082
-0.35227282830180395 -5.064488317955589
-0.2125155958907433 -5.045867393876004
-0.13962729981394234 -5.101425616478192
-0.11707586079929866 -5.1019062981742795
-0.1469942203884697 -5.135919918177576
-0.33405835620328905 -4.74248139663172
-0.3992260686336215 -4.846003250948166
-0.17607880659364583 -5.2626000650398925
-0.3013337333480529 -5.1041838103121195
-0.13115782187415798 -4.919878339657737
-0.2570836730331033 -4.754375445314157
-0.21889707959606608 -5.181709491101338
-0.21207088004586425 -4.95257257621655
-0.23101362820730398 -4.582185934671099
-0.12754764518753015 -5.252507787624803
-0.2684852435504894 -5.139981496674404
-0.3547709228473719 -4.947552310862002
-0.25711564267783715 -4.6605461851806105
-0.3291443611896694 -4.646069063377401
-0.2367644437203213 -4.9491960445904715
-0.3184057241787466 -4.766073127586696
-0.10407962926908537 -5.232145968769777
-0.20225852602938796 -5.056675177443545
-0.15866953656382585 -5.203005715483676
-0.14600039858346803 -4.881041388664071
-0.11839449470032976 -5.196871771483041
-0.2585015081112104 -4.654443287171894
-0.22928033169722414 -5.116374468055146
-0.2548924650694846 -4.69979720522098
-0.24054115473755128 -4.668055739709954
-0.18742406305420467 -4.544558034634596
-0.2129195711866596 -5.074415951076751
-0.3059065249304611 -4.599145569610672
-0.3807542010743166 -5.21595095209056
-0.12330616479187578 -4.771166220277171
-0.1972682688816345 -4.573094935059551
-0.3628684564373653 -4.769115616389169
-0.21095184885192905 -4.551558700284927
-0.1446051663621999 -4.686423077613619
-0.32009187704477726 -5.220677958198961
-0.3460194856621161 -4.756321574870212
-0.21711950282690204 -4.7498776790698045
-0.3263109025604315 -5.268458278179238
-0.1062982282279068 -4.830408912992083
-0.36418236504673124 -4.642253827273807
-0.3293009457688814 -4.676815636819781
-0.21803219746334918 -4.69434418552395
-0.370090704034555 -4.76993337902357
-0.23890955185520585 -5.080017480156502
-0.2457730733417376 -4.647999074381144
-0.18878833634831285 -4.8979273058015105
-0.17505417966222314 -4.966342083610192
-0.23403851855138874 -4.710868514161516
-0.166255792968537 -5.106920527971405
-0.2864480933427044 -4.768211798860396
-0.39575021257559967 -4.919877811909181
-0.30650168654289783 -5.218519280779255
-0.27001410364870504 -4.792337212506078
-0.39577979290317283 -5.03200614506541
-0.13455939284038976 -4.727501584678876
-0.13092197170501768 -5.196949056599566
-0.2963787058242865 -4.92209990430702
-0.24172498970634843 -5.14182170563394
-0.26309889690799637 -4.577996130059188
-0.2381343953441109 -4.914364056732221
-0.3186974918466351 -5.1778035029658875
-0.30492111938148597 -5.0252060117209885
-0.14529920359655002 -5.277084391871254
-0.14077169671282447 -4.977464085478535
-0.10576636376982979 -5.032037257041129
-0.24019603084203478 -4.891365708038348
-0.32279493617472915 -5.052126589820317
-0.2498271456220467 -4.544234663944682
-0.12614804565661641 -5.025974912163877
-0.22334740227544686 -4.948855315681789
-0.29797635235739894 -4.8129615476026695
-0.3642174710329183 -4.561857167132953
-0.3645391304223835 -5.089581125951582
-0.3780759766135545 -4.556669249613835
-0.17968472888359172 -4.885999827982609
-0.2818274946562964 -4.960279787653355
-0.18530014405519477 -5.0431276740035385
-0.3510225668736726 -4.858112606691446
-0.322167729924287 -4.647955032205242
-0.11884502487907916 -5.145616950950165
-0.15798235381887535 -4.861503002737756
-0.24173421859736072 -4.873552180148234
-0.2699319974850607 -4.8123349115053555
-0.14780562192734614 -4.529314701290835
-0.16789544609476914 -4.673806535267143
-0.1869371976811711 -4.778711003772916
-0.33764726021327596 -4.86931524209229
-0.1011520809109635 -5.112054513907591
-0.3097050888078867 -4.64394605845672
-0.34160449429527834 -4.998463123728044
-0.21040743592256975 -4.679888747397172
-0.1640320322403704 -4.80601688054495
-0.15220189985696267 -5.23779925010996
-0.22837126976389663 -5.073624247114446
-0.1564591807599901 -4.595538523532825
-0.34167099406388834 -4.905634512913079
-0.18411986518581713 -5.252049658233939
-0.10978468636005789 -5.014069777224618
-0.12108502359537782 -4.840388492813035
-0.3379406347864125 -4.736559244769095
-0.19298254093348682 -5.14749036478888
-0.3603305282027306 -4.977483047145873
-0.31744380249631976 -5.1625814341188345
-0.20153235268300465 -5.17627411175974
-0.26748445982372304 -4.800125096161943
-0.31350737276979906 -4.6618943401219735
-0.31821166284000135 -4.889069135887014
-0.1606883847505881 -4.570897087691718
-0.30870215579648985 -4.730552467305166
-0.3066029260897812 -5.253002370479717
-0.23587307119960765 -4.7209805039895985
-0.28761550485778786 -4.7398461008266635
-0.11848039802561738 -5.236513057760338
-0.2751352919073995 -5.170289029805951
-0.35104963160463454 -4.7956471598378645
-0.2888380491886024 -4.9453043943805834
-0.18879205234624072 -5.095411159462848
-0.1356982208186262 -4.57475846214746
-0.1600343932551422 -4.548233140311636
-0.30838694332239186 -5.123159013405585
-0.38772041556784154 -4.561584414403231
-0.24783794704363923 -5.246181421463122
-0.3862256536331587 -5.163650717103539
-0.17476896300801958 -4.574043775461744
-0.19881133211082258 -4.922395771616615
-0.24457279523740316 -5.197521051245062
-0.11862004807176024 -4.8968718109688
-0.2820566922216913 -5.109214665961708
-0.13157576952797262 -4.9034965528016246
-0.3285217148650862 -5.103445386911255
-0.1207023320227728 -4.8434683797866676
-0.27338360308266285 -4.614363040033644
-0.19435737413092444 -5.095648450216113
-0.13256239857233698 -4.9194574751334885
-0.1348859642613887 -4.77448691653264
-0.14693436958849831 -4.813298078592121
-0.20969417109912533 -5.081747068969201
-0.15878568629177112 -4.876243487264824
-0.1451247616494814 -4.899302274668801
-0.2534096248988396 -5.19907826729088
-0.331006823072895 -4.677719438319347
-0.2483359887385394 -4.783668330324218
-0.3062147708644328 -5.220108402153985
-0.2459083271706154 -4.710594312345334
-0.31440490072379745 -5.044032062524663
-0.28534685151872796 -4.567818713075268
-0.1305654744719827 -5.213886483172845
-0.13686374998875123 -4.620842410983405
-0.39660614075771616 -4.539910419571166
-0.32202286600797025 -4.660438487764819
-0.33855158132525454 -4.99125833945396
-0.27322925841743373 -4.9163681771899705
-0.13053726697889356 -4.734735209239661
-0.17860190467391998 -4.698405438095351
-0.30849770690392964 -4.5404554615254575
-0.1935465616863655 -4.610452605473398
-0.32921799042073024 -4.5436816161332265
-0.2798946168356472 -4.676580326026457
-0.3653686876214943 -4.9878173965629
-0.37698719514829415 -4.615640891878298
-0.39023739109903566 -4.621205558379531
-0.2466428854597017 -5.242999907269156
-0.2142603987562707 -5.082365648385182
-0.19074524816146715 -4.872334030520056
-0.18161887420193912 -5.0781058005733986
-0.3896836377252982 -4.87464905272331
-0.37816710539901666 -4.86208062137777
-0.3243456813209656 -4.834187524622416
-0.18980753142758777 -4.76982493744261
-0.3283941390350258 -4.761963851195764
-0.26729660148426165 -4.602374616838209
-0.3561434981594843 -4.538255953262816
-0.1633857990358274 -5.122356499835358
-0.3750863594993026 -4.647260814865649
-0.31207522382765784 -4.656387322234831
-0.13673754122543397 -4.581476543778368
-0.388573123287666 -4.863592793192505
-0.17209938720940038 -4.981156686462755
-0.18022682628926254 -4.807682112707683
-0.21907885429902607 -5.180233653650837
-0.25251747716980305 -5.160340425151143
-0.22112610875133817 -4.606845651522085
-0.3789267729608445 -4.942481573116215
-0.14260267332825854 -5.013200136449948
-0.21091288421025625 -4.9974846087425435
-0.27786128424230294 -5.037154984155107
-0.3362086066977864 -4.692671908415356
-0.38692733780407135 -4.938166383494179
-0.2680165955532985 -4.694970630027704
-0.10575856597953304 -4.964001246332989
-0.12745853548863872 -4.741186611329234
-0.3268379686886796 -4.646728514150279
-0.20478423794017486 -4.664682302346567
-0.13207273193741959 -5.079465161949892
-0.3842857734613657 -4.679029718303442
-0.34684744340747364 -4.992399172452431
-0.2401835674833705 -4.531624180631299
-0.39880361067020376 -5.232973708025702
-0.28478105272087556 -4.851606159947428
-0.10895891668750574 -5.161294013108698
-0.37487479000680285 -5.106775932115485
-0.27482324126396696 -4.891571621885086
-0.2634502390706594 -5.169938636445121
-0.2682518709185058 -4.657560620844782
-0.23857395260819367 -4.970353960295664
-0.3742034923978016 -5.147901446713858
-0.19506631628284313 -4.708242107810664
-0.3491102378421491 -5.153849380041446
-0.21844649938473806 -4.6903290398739985
-0.37219394849703313 -4.6713529836423815
-0.24676641771817037 -4.6199378224928465
-0.13953954030290333 -4.840412886088855
-0.19885778073287336 -4.873576047422997
-0.16326903030623452 -4.881533953419018
-0.15469764048867365 -5.032247348954438
-0.16591967891891155 -4.698157501154615
-0.2877652778911443 -5.070637003692574
-0.307284173276127 -4.63505851529359
-0.23421256872921775 -4.578632022111592
-0.13311663928424605 -5.219647377919934
-0.37763377176266966 -4.705491499001654
-0.26628710025795954 -4.747306573087892
-0.31842294566196316 -4.660019553793601
-0.3254874536868718 -5.075567181923699
-0.142811971905354 -5.025453173685417
-0.36546669170828633 -5.1535264509543195
-0.39100846775024106 -4.629911483793166
-0.10367969759807949 -5.095202105682699
-0.21290380430695113 -4.543402510514024
-0.204307200291403 -4.92903222912971
-0.23498261352381045 -4.978397112639846
-0.137897589711788 -4.596960970328741
-0.10674081324904089 -5.250802450076674
-0.2721830020626991 -4.9829528470541025
-0.11028641081934665 -4.996395610758807
-0.13966564134487924 -5.220024453526244
-0.1221885496565217 -5.122442668742061
-0.12398230549289091 -5.114596701719248
-0.23410589586744018 -5.17009672967534
-0.27713667292064814 -4.757017295461966
-0.3135859604448788 -4.695014690614332
-0.26729530757078795 -4.9170711044222575
-0.24096455780142223 -4.811849748806778
-0.16214106257068725 -4.755112621669245
-0.2789688814208216 -4.676628335667277
-0.3057627737931441 -4.675268585016445
-0.2794900375765221 -5.173763044869859
-0.18659508931696947 -5.228128429377562
-0.3655255010650314 -4.595917779950525
-0.22975422791204317 -4.906881842679596
-0.3501312289266274 -4.665825061897052
-0.3528893341642161 -5.26281712102867
-0.31546692521218944 -4.837346416859144
-0.13518382892227881 -4.611353013835693
-0.19483277159062046 -5.123834748023318
-0.33118850149140866 -4.944511268530511
-0.30225083308978284 -5.01477541398356
-0.28396522779995714 -4.8793448294667865
-0.17024736990834274 -5.213478181692707
-0.32913571632447514 -4.861956215112524
-0.12360397142139806 -4.869332343954747
-0.2503612295628179 -4.728199340995787
-0.27665812022472475 -4.891352937840236
-0.3969720713567645 -5.209545776495575
-0.1678852103912344 -4.752566734145101
-0.31903796165732845 -5.173404705960293
-0.1255695707127999 -4.960827854400109
-0.32794745028414524 -5.250748423751239
-0.1420473650043686 -5.111718686218304
-0.3155042938502077 -5.130446593899319
-0.2470810466187975 -4.54991367254111
-0.3062586471339831 -4.8223338210230535
-0.24018673941859847 -5.2038576839358495
-0.3610649928325475 -5.259886103001213
-0.16987684918363444 -5.099542491786304
-0.18002836166375577 -4.5422147908796475
-0.1792971848025972 -5.1715772281901975
-0.190773878939757 -5.038184873067852
-0.36102306462592815 -5.025737981737926
-0.30591488814472517 -5.051206218538029
-0.3903093987750096 -4.76734883043499
-0.33574492304275616 -5.246352113582358
-0.1806204424032783 -5.203140263522063
-0.25468541169459913 -4.720810498724086
-0.35359758050266465 -4.983617083887521
-0.22353914879950212 -5.122946908796595
-0.16848673654687335 -5.253977940478424
-0.2572099909192224 -4.995538134193631
-0.1682563613279756 -4.630506791585227
-0.3910575818844089 -4.871140033257088
-0.16459867379616386 -4.566525064972649
-0.34799403374913934 -4.69264423457372
-0.3607989074400588 -5.276550752492288
-0.1215829651785198 -5.207811567286178
-0.17445364755463727 -4.650003374363869
-0.17721028352342105 -5.123471200968649
-0.23402195831875688 -4.720736982045361
-0.15892910445268477 -5.011731551238648
-0.2266662114558405 -5.1647653247820235
-0.10646725708833449 -4.6269836166204765
-0.3753525349647829 -5.191206432050004
-0.2734737089859486 -4.895923367792752
-0.34203943542367066 -4.9898130010451744
-0.13939581344366136 -4.72068775019137
-0.38536377003186517 -5.171397467876578
-0.24909040641451913 -4.653338596657545
-0.3675049095408869 -4.702305852787362
-0.14860813594228933 -5.146303023858562
-0.17654199256986972 -4.547683676061176
-0.3392813861368629 -4.646718437102998
-0.11229566638841049 -4.721702593183218
-0.39180331644731764 -5.061089345803427
-0.20544033605731363 -4.938932594829538
-0.2672868627314707 -4.854003681249891
-0.17751916131114912 -4.634454123402854
-0.3462814753228969 -5.23634464607996
-0.2076672614102749 -4.931660525135534
-0.3029588424884123 -5.2369986740409855
-0.2512649103545951 -4.9155391183717425
-0.25851053905254 -5.036539823062577
-0.39603755908407107 -5.140175382770987
-0.19528956006232298 -5.026440558320603
-0.14598934411679232 -4.954542497922302
-0.22819083571963364 -4.640232912269393
-0.30592598818405065 -4.886691523470371
-0.11233125875023464 -5.173816845825832
-0.17301281633532128 -4.868178946466572
-0.21235194426886564 -4.721349872096265
-0.38730416735783607 -4.82789557968761
-0.2241196102038229 -4.9477612420476955
-0.11501706906241554 -5.24491814312124
-0.19598919648931457 -4.64893715858965
-0.2629004467414766 -4.916145701770447
-0.20166361195838084 -4.593348089897953
-0.39711328818630126 -4.847553646606872
-0.39869719190234854 -5.272133034045294
-0.13215696652302655 -5.190914424358622
-0.33379187056435977 -4.709023979240405
-0.17188793058640478 -4.703858231488131
-0.35633132643389615 -5.2155233361245115
-0.34709820719258766 -4.662228215341187
-0.285043942402206 -4.547028965292258
-0.20854268811833573 -4.763704369215033
-0.27311699472196377 -4.804045553263007
-0.13147094066182613 -5.0637766168593625
-0.21936134203936838 -4.809511860902559
-0.2990643735000653 -4.634304509455125
-0.27702146224189095 -4.741713329241608
-0.10746094278624035 -4.532749536571682
-0.33891085809060806 -4.89298640868291
-0.15887724240700732 -5.270649318094869
-0.17922376295368111 -4.999189285910687
-0.10042572442533804 -4.85444033625161
-0.1627840852444773 -4.83367166911531
-0.2711402423013039 -4.525854448661747
-0.25371356906839615 -4.846127191862258
-0.1804846735480152 -4.87621277360449
-0.20398341267743533 -5.105228867497605
-0.1976087394245492 -5.163391140846761
-0.13151377578774193 -5.036594220577955
-0.2743139807832208 -5.013769386409011
-0.21503803567900565 -4.872684456404674
-0.14892792355346196 -4.778312570611362
-0.12162661176575834 -4.863132809713228
-0.33142132337996355 -4.532741766973069
-0.2178337404571952 -4.819666554344315
-0.28794830740029675 -4.906364839614051
-0.10687058998120857 -4.9188462965602415
-0.18651501836584686 -4.614095798735495
-0.20036848471913674 -4.901732849160997
-0.27605342360075347 -5.160480130710484
-0.11541252236646332 -4.979750731229297
-0.21565628384252075 -5.122698080527362
-0.10214102752648335 -4.778712502043757
-0.23846258173233345 -5.064343425636078
-0.265093847128212 -4.611050265704072
-0.16777061265628856 -4.7173492870973615
-0.34493016515543473 -5.238011947870958
-0.35624575452532586 -5.185871586524616
-0.24470694627714096 -4.927385078671315
-0.14437621541982393 -5.201883186109584
-0.2838396325830722 -4.748262431557594
-0.3513550624743649 -5.020492277956534
-0.24817887587527523 -5.160301138767111
-0.15964234626364654 -4.595700797154271
-0.2366878168967112 -4.599002073127667
-0.3593823410176749 -5.178264854153248
-0.36722166643786935 -5.183765044423946
-0.3088001891269957 -4.834656165696455
-0.1678907635099407 -5.032293461079246
-0.10399119893336639 -5.212590867146224
-0.35604898667517876 -4.780195357524495
-0.35300640293708113 -5.036360718612035
-0.10718392065112597 -4.582939015302976
-0.12519170127348433 -4.742864622306003
-0.1704433170209447 -4.7690142671124045
-0.1917850549447763 -4.8059168237053145
-0.35224286363138513 -4.692961486395118
-0.2754241975023374 -4.566970956421236
-0.21354115267742982 -5.239535886869034
-0.10160381154784837 -4.953711074228336
-0.2665236159813521 -4.812680684296164
-0.22379279166314867 -4.57458291202158
-0.1323721842158354 -5.137384443756249
-0.13369666498158328 -5.18616525981947
-0.10796177919527156 -5.0804310439697
-0.39799490533576487 -4.9160591831828135
-0.38900388488759047 -4.979986185065125
-0.1787922755163985 -4.671782549089643
-0.2505550459763138 -5.226238057345559
-0.3163194780401506 -4.872419556306845
-0.38447002240451983 -5.097948800297454
-0.1552184522793936 -4.590418846037117
-0.292419034472753 -4.853630284495927
-0.2695150081607225 -4.843938415405682
-0.38598255242210155 -4.744052135077763
-0.34390626064771357 -5.220527214088342
-0.388956272257809 -5.112391007007683
-0.37546834562774045 -4.667527927423624
-0.2895889963031054 -4.527912990614774
-0.20827912324842346 -4.713638982589986
-0.20297504821777618 -5.112575926647585
-0.12374000301195404 -4.702348510731515
-0.31834370101911363 -5.149930700795174
-0.19975187789681342 -4.57188679968086
-0.32196437052492377 -4.898322508585726
-0.2993129907239892 -4.990396827378727
-0.27941869227654614 -4.744310348520606
-0.3578295739358652 -5.063640906801847
-0.2584455498006961 -5.196846395328916
-0.31281578196971466 -4.882434480636009
-0.24155158977300348 -4.649186912059639
-0.1512317839044924 -4.664868568079244
-0.2978655686008447 -5.006050362990282
-0.3535275519764845 -4.681262905007653
-0.39328565424502815 -4.843761161197948
-0.257537404237396 -5.088155894612003
-0.27080257406227226 -4.914444466057662
-0.21938249217982123 -5.270156153695285
-0.27736905855642247 -5.1440857753963485
-0.1266191325972431 -4.588226017158727
-0.3838417590544776 -4.951633961299737
-0.26934606319092913 -5.196023905661267
-0.3518791289222795 -4.544870927982097
-0.23779043018803886 -4.730667079348905
-0.3895392284907337 -4.602118235916617
-0.10547707551830604 -4.850316869504941
-0.14548076611736538 -5.241268291947743
-0.3956119514654416 -4.525520178762261
-0.33207790976145946 -5.128351304461347
-0.23484059748516029 -5.014205740797721
-0.14765339503519853 -5.228465895905713
-0.11158173331616356 -5.015674549081866
-0.3443899092642255 -5.033739245542277
-0.28767705335473837 -5.048589784563584
-0.39549912398890674 -4.632163805884483
-0.14650350332958134 -5.064777230998445
-0.16604427079365075 -5.013483344329254
-0.20611108331522127 -4.974279551563284
-0.1885664561309382 -4.656112923037789
-0.3848812911352772 -5.102469976250475
-0.1763703908811068 -4.819121985999429
-0.1946409062714393 -5.265524207946964
-0.30769044513521404 -4.945141537940731
-0.1703722798122901 -4.955303534256231
-0.11804430651745784 -5.102228080430381
-0.16828008713439213 -4.708082373761508
-0.30986997163519625 -4.572396381069928
-0.3679861365881383 -5.1696401734198245

0.15718316992491638 1.9472844727044107
0.0996178043425148 1.4852577770080138
0.13206594606399819 1.3761212229033828
0.09789574233392058 1.8539590442006486
0.07552602617165857 1.2409638678403188
0.08525612722006784 1.899843379113968
0.15555973063891645 1.9572219260058268
0.13063324562572362 1.7530865348344413
0.07004398586767381 1.9291807026561463
0.09555897679327213 1.551922293346573
0.06871095373742526 1.4303469176095922
0.06896876333917268 1.477124663225441
0.0652963343637856 1.75574943344323
0.14611554096437712 1.3117495983857108
0.07587998251969416 1.2123917567186198
0.13375922550236247 1.5411430002267101
0.06580393781645458 1.4601280225761917
0.12488208701470653 1.6551728755370723
0.09968653639323877 1.5864516000165836
0.11915966693930066 1.4482761129451636
0.120739273475655 1.343148664552988
0.09322815016054137 1.4735127907800032
0.06806094090529421 1.2318301837691
0.1301676013905887 1.7135716372009535
0.11241558729170179 1.7758930621233813
0.1418684571659982 1.2646649272519153
0.12010494835729091 1.4705657499605143
0.08544133258902521 1.588879702825264
0.11631948682204352 1.5440491318877834
0.08139700379588219 1.6965409043785675
0.07535210497913758 1.2696505075224522
0.06462770228382751 1.9740750646375114
0.10058099138887046 1.8893038323610378
0.08019299118339962 1.3442410460035283
0.12876480633696835 1.9604710797861753
0.0709049097325295 1.6603364709644386
0.08377121468556568 1.8038758863599125
0.0963690951445356 1.5088356839251147
0.15215686630581043 1.4493900899796268
0.10145808962294328 1.7456066830047676
0.15771841158835487 1.466502401003253
0.0942413561333954 1.6264205021705767
0.10738142858801067 1.2043257916122814
0.1479569841117237 1.3519531420632545
0.07331933852809733 1.7564604627348015
0.15226469455961017 1.9716142763504785
0.06597304442700316 1.6899546258911498
0.10695919163695627 1.8873315508764763
0.07659978802728376 1.6523673189212282
0.15276417455206215 1.4580994414927773
0.14760732679179528 1.6307454054109758
0.0857345905532237 1.7075617522506907
0.0724706722679905 1.2167238673592617
0.07978534438926756 1.8525586044925708
0.12127196829961628 1.4829097578358474
0.1471250331062477 1.8518139498637052
0.12238549198719803 1.6065935564520437
0.11998406658985623 1.7741303766647967
0.10451144391235792 1.5849155277912348
0.15872692046390915 1.5874241553275459
0.14275146743824174 1.5986151363723524
0.12888502849751032 1.9339865514434251
0.11198498684587926 1.7035468881020344
0.15003194446042895 1.335126598675026
0.07815713078980885 1.2958570052863119
0.1077975318031123 1.7668308335248406
0.14973388406147076 1.644716821114449
0.13914608287226 1.8121936882034535
0.11262228212288597 1.2355609747085503
0.12476557083703975 1.979134688426242
0.11743650434221484 1.5427200842848763
0.09218109223374099 1.9838635318429465
0.11725991427136356 1.7574099852396088
0.06927118073403174 1.883499880760964
0.1566331717687564 1.5470422303205706
0.14452006702734319 1.435105420353663
0.13831669151140924 1.7041517911699702
0.11855116000268391 1.4766592887075394
0.07186973716677976 1.814705813490246
0.12699542250518825 1.935563590026093
0.0996473123382157 1.4978630193933529
0.13570897425850975 1.2306151211048069
0.09918701186677545 1.7881452342956405
0.1513902701823576 1.6832031688750133
0.08829814691258905 1.6250350465044856
0.07563941190697548 1.7099469669705876
0.06682475014354944 1.5088938844397966
0.13748981950826855 1.5719394802401916
0.08896147760175263 1.4012607567548578
0.11383540823255611 1.825799144302568
0.10445214766842262 1.5888075126665162
0.13654100024173516 1.6743984579536582
0.13679850898548096 1.5544629456422319
0.06640453169502368 1.7340966405477354
0.14151407464672827 1.750788285966614
0.15231609204828708 1.5515701635581887
0.11320284454011126 1.3001678367362117
0.10505755766189862 1.372364875323305
0.15241309078707618 1.5598215222054832
0.1023723244399655 1.4955856102513279
0.15678308316836492 1.4402380906308345
0.11017439564419249 1.6142258956764668
0.12132568072502242 1.2348808689482649
0.10808881436690562 1.2571904487567112
0.0742317776789373 1.8931444585091863
0.10081511698942126 1.4999141294841907
0.08862416000577014 1.5404375067098963
0.12094933678366998 1.6565066245318378
0.12401498677927525 1.5385884827353478
0.14999336568515148 1.3339818347667338
0.14152002783446122 1.2717489341087282
0.14864482893641434 1.528763167600555
0.11912964028868042 1.473132231128717
0.13593101481426803 1.8346793767438296
0.10793619861649714 1.6898514204998532
0.08263988645861206 1.2343826605662656
0.13146740090586884 1.6995081827503666
0.07763815762172067 1.6536513681369238
0.14500199764889155 1.6509920250701131
0.1576536631756364 1.360417313520895
0.0927558447421335 1.9432981873035509
0.14014392452614624 1.7963473923506328
0.09272545858338199 1.977408507898132
0.09154019424903839 1.7435495648232688
0.08977422017455886 1.3027691704277329
0.13939705758297077 1.3577603863478127
0.11493992906956581 1.4929801942121785
0.15307226476329644 1.2830095726142539
0.0740289484352907 1.782586415249906
0.10243652690216544 1.7213336954761846
0.09218698657009913 1.545959511378565
0.08545024007956728 1.3205968360917444
0.1320715347946526 1.359853516532124
0.1334524136036001 1.7373770445159464
0.09611961580581896 1.947148900344794
0.1380959146611787 1.2619542643510213
0.09944036764454195 1.7939402052596227
0.0933762284108709 1.9521715528432977
0.08364327471371881 1.7101923875393008
0.10151579011592285 1.3097479458392838
0.06700889977548918 1.4695942550175867
0.15621954777003333 1.9822012820733224
0.1549103606289522 1.2021238086623744
0.11032940984000435 1.7283544074018988
0.07178698188701729 1.3235119107649114
0.12541565059547766 1.9660363017915932
0.06530263920343897 1.2924375722662493
0.1508616469825678 1.3320895125820098
0.12113364627931707 1.4751161042315568
0.09268156393104862 1.9667930007652616
0.09629623886154931 1.214482237570026
0.1301082560435169 1.9735360832463422
0.13006102053352242 1.2294022511501166
0.1320355558702898 1.7161684095263037
0.06383381233349837 1.6570372908778523
0.07716094846281565 1.8028183868894523
0.06374816589493955 1.5834149840294676
0.07978127834450532 1.2354814846856639
0.061213407687175724 1.3108965538552495
0.07013582458313253 1.236688060107581
0.0757816405749607 1.344272382448142
0.1347498874525737 1.3550339287611757
0.14767418882176642 1.3640732604804227
0.15405222310382 1.9167867663619134
0.0669947077241958 1.9733599651792564
0.14984051931292264 1.8182716457100363
0.1426526794459475 1.6152059822112466
0.12293745637322588 1.8674961437910589
0.07232678775256199 1.5549777591436291
0.10231086327415614 1.8974478231312677
0.11080558559686426 1.6274911729829433
0.06967257742491065 1.3919351139163836
0.07585109746982975 1.9199366904927002
0.08761347537324911 1.6532962691123365
0.1428355484304232 1.4110288166558678
0.13324899485455324 1.4772871140950814
0.15461550421829665 1.5091648219002
0.06660105875752129 1.910049798518548
0.1118285411057755 1.920293437446601
0.07893514334669591 1.9181405307877382
0.09474519645854837 1.900746123634103
0.13362436180257842 1.6691135935819361
0.07331202352482355 1.3687774969228381
0.12071350623707802 1.4042374967922113
0.15444946935800666 1.2864742974129826
0.12100151123946756 1.9439729232760243
0.06038129614948127 1.9449051553394374
0.09809712966664944 1.8126357440385026
0.11785336047207913 1.7079393767691475
0.06849680891834549 1.8084378674544013
0.15698808273420528 1.3275217253612834
0.1545166048724577 1.6178485841103687
0.12975057023547243 1.7784554865035673
0.15176564315981822 1.8590818693781128
0.10440036379834852 1.9992651630039568
0.10117432497569498 1.9560405407010744
0.0653448697425926 1.8189357559377441
0.09217595419783804 1.911617899269007
0.10528670410402907 1.9019080022945902
0.1445246477932203 1.549806461687239
