10 200 120

0.9453503149414444 1
0.6645409851737283 1
0.4505876031345555 1
0.8955270916166027 1
0.20275272026213687 1
0.051715228402398505 1
0.7994711052467166 1
0.590128609251554 1
0.39555197123936425 1
0.8559934735089053 1

-0.28677604051656147 -4.7628295505105385
-0.12005225952148463 -4.974975016282754
-0.39661001252843314 -5.16409749114268
-0.3855571144952263 -4.699476987050381
-0.3528346939061009 -5.008565856194135
-0.2663192610848967 -5.127013360274833
-0.3743374667877493 -5.157140960235595
-0.19641296029960364 -4.694583712511342
-0.33359909773620655 -4.555891712290521
-0.21752676797119325 -4.915620492804724
-0.38735210492575695 -4.647160715879137
-0.1416587036326647 -5.140370953098291
-0.16288023372407545 -5.10437429114835
-0.1697291728089956 -4.78483134556375
-0.23477541651215364 -4.928010755698331
-0.25813075892974874 -4.600840465413178
-0.3509122724219231 -4.972188845400983
-0.16661638995245617 -4.621570045958211
-0.11715310117506977 -5.103825163548297
-0.37121170727286434 -4.57793365698844
-0.26831519624219174 -5.185723073910788
-0.18751106636321993 -4.917684868034552
-0.298172325836719 -4.862149020749899
-0.3713723327602768 -4.886538762283283
-0.19094516297576603 -4.952804552555531
-0.1177215742385056 -4.633868970735116
-0.27387659739774894 -4.699538593345585
-0.15002672637074732 -4.881696973985604
-0.19166139677508692 -4.888709462164744
-0.1371468067615727 -4.931216252236193
-0.2882257369677652 -4.6569942690439925
-0.2089774488860199 -4.975442856689166
-0.29718833317001697 -4.536952813927949
-0.291526594448858 -4.879235095398236
-0.3555342666314928 -5.189102185961931
-0.2281821935795067 -5.014402512504741
-0.14499794743674926 -4.71596271931556
-0.12337024001901575 -5.064781603904538
-0.36176417059329286 -4.9841238487049955
-0.1937087484971798 -4.864367140080083
-0.27245089109967946 -4.766609327897544
-0.20262364079204592 -4.576169081869554
-0.35067494198123916 -4.654655805291489
-0.11138398818075207 -5.1281668175247495
-0.33701322390097843 -4.969666773225588
-0.3129407203731802 -5.137803321802842
-0.12079465285497182 -5.251153102402741
-0.23142526396023858 -4.915455125193546
-0.16384338096186732 -4.927633496236982
-0.27445132457017885 -5.062667116439782
-0.2423979522650147 -4.578798649051218
-0.3637234874907722 -5.25986026868822
-0.29327142366203934 -5.023602622588824
-0.12408436855131427 -4.579430501456532
-0.25186802081172255 -4.611124164178769
-0.17166486458283414 -4.636017797684652
-0.2688065789547339 -4.942409306676708
-0.12618096654450078 -4.651114161927896
-0.2935268790106242 -5.028798386226613
-0.1793054301812029 -4.577205380435044
-0.11681897037481848 -4.646946624669334
-0.39177845319157584 -5.053857797369746
-0.2965111774487957 -4.566902341977671
-0.13105575400020836 -5.1280224325720685
-0.1670062097298637 -4.753915300387904
-0.2707810109768981 -5.197987364972415
-0.10899828723978644 -4.798637902034032
-0.32801243886270665 -4.99516125603967
-0.29878481949063856 -4.674923520815868
-0.32517289855336196 -5.1091518147980235
-0.2570009942924088 -4.574773203512113
-0.3007070101207667 -5.2420656717099225
-0.13116771980576186 -5.006312624179993
-0.3546648588585864 -4.841442171029996
-0.2806392218931085 -5.046040104400286
-0.30759306978537454 -4.71622108217354
-0.28075854250835786 -4.629359470580982
-0.3384422047004521 -4.922407005695943
-0.36511995082024595 -5.11798039590149
-0.3100371408693399 -4.711775230477277
-0.2560352126827253 -4.590182046092638
-0.22825137950298688 -4.781077969722517
-0.3150513438621614 -4.896836081154599
-0.20680629851737278 -5.0059899475672704
-0.12022250567681819 -4.770054674435607
-0.23222850588253754 -4.980385658262255
-0.15041971638119606 -4.993764171431855
-0.15569915087906055 -4.905313552010783
-0.2638772636629848 -4.989032938734895
-0.29908283987020134 -5.0329285315421215
-0.2612620686397613 -5.045090725244384
-0.23424213277983386 -4.873089872961453
-0.23763188803995539 -4.686931465210325
-0.3624736358652516 -5.1630441149217035
-0.1283311164397879 -4.959327130939796
-0.3583766134252244 -5.0645234064792675
-0.23503834430671694 -4.908961956600145
-0.22881450958085994 -5.117033651829366
-0.2972570544849285 -4.838814294728724
-0.13608342985424987 -5.275203971536206
-0.17823305374337117 -4.7179487064408585
-0.28764448384824076 -5.090767003533821
-0.2099679095782295 -4.613172274399236
-0.3457765471862176 -5.051464428194683
-0.36117909631915734 -5.092509897079291
-0.16431276547989165 -4.649538415107673
-0.3767931473102787 -4.654127099482682
-0.3917276357336814 -5.1937930196776225
-0.25563449439213337 -4.704265567489432
-0.30545924557756426 -4.684517566914868
-0.36277128217855076 -5.267540914830822
-0.31183573744105486 -4.957265575354382
-0.20700057075379702 -4.725073275432788
-0.2193559614527807 -4.7920345002854585
-0.13532512826567222 -4.970023912924483
-0.11770649788030535 -4.671950851334372
-0.29442559058213114 -4.792797997700542
-0.3898838376038294 -4.695987383421634
-0.39947360525674463 -4.716944931636625
-0.15785606311773281 -4.768641707994923
-0.12928455840343273 -5.043540048973984
-0.21068383547851352 -4.633134953765396
-0.3981366230108777 -4.8214985169251605
-0.2264725386089617 -4.7839450247906266
-0.17161601720444516 -4.56537731660081
-0.10975114102681821 -4.588373875651769
-0.36040744008085623 -4.83270435941378
-0.3456313654434686 -4.823185511973988
-0.2246851131342702 -4.769592637592607
-0.13382677105703578 -5.263721922015498
-0.27347753635519423 -5.224581621494547
-0.33879820822692386 -5.02990124121266
-0.1015262877509937 -5.095148549509433
-0.3410275491724321 -4.566543870468257
-0.27499827376213803 -5.256966124250953
-0.2936076222469315 -4.969492424886099
-0.21377397579574894 -4.8412551342120285
-0.13495936133082054 -4.821011058736647
-0.3826664182692621 -5.133078989766604
-0.32758542280096503 -5.267158433169362
-0.2104620550134442 -4.565868489877424
-0.34448273355009207 -4.552284369130943
-0.3401433375768815 -4.799851193193783
-0.3620318852321004 -4.6046910804383465
-0.15340559533634887 -5.271588559477298
-0.14319327366144424 -4.526038973600187
-0.12587132990891825 -4.669285458610642
-0.18139165287010217 -4.610677854906789
-0.12435934255017966 -4.607795401247763
-0.18822321400756445 -5.154930565524139
-0.328074195979846 -4.623822790682535
-0.25861485756789243 -4.700453751254921
-0.18371118188650837 -5.047433136484213
-0.3824412072090505 -5.169001020265914
-0.3247593922256117 -5.0040367621047945
-0.3474474804309391 -5.146025519918822
-0.13100548463886202 -5.168103122091248
-0.1567959287672875 -5.271724586589353
-0.20299892285006416 -5.271200053441339
-0.25216541414189236 -4.62802536326855
-0.3201607317591436 -4.5822470610367105
-0.23279236117241153 -5.0042076003831895
-0.3160136187431676 -4.7976275956854995
-0.1760221726689767 -4.638535380044018
-0.23556117273850083 -5.023435730084048
-0.2725036916053326 -5.171059472844368
-0.25304699266466674 -4.564558760088351
-0.12859722201542972 -4.757340467690253
-0.3208166141740061 -4.945231556444056
-0.11065286097704796 -4.711186086215748
-0.3124921612785676 -5.27386129588958
-0.18018077200308946 -4.982380015271883
-0.39987170368608904 -4.6135893037089435
-0.3737153545089632 -4.772252170635032
-0.1637153697797496 -4.723492316994078
-0.11290302630422056 -4.716379326073703
-0.35866638910968923 -5.253221634209986
-0.3404303550596963 -4.898986536736044
-0.10417633748608002 -4.761755257401973
-0.361671159410443 -5.136925797821884
-0.3749459863583085 -5.251966652219071
-0.28506987852295196 -5.177610880781983
-0.3035785561286682 -5.056460990431573
-0.30339950238427893 -5.0240355300850155
-0.37786920224407183 -4.927385462292952
-0.18992452486065542 -4.593653088779957
-0.23900182025834443 -4.688751472574898
-0.35107940726354947 -4.832679798470883
-0.1197824851909256 -4.5362745128955595
-0.35712942096172157 -4.7908700488085625
-0.2609052568837803 -4.875022765760356
-0.10148205727160031 -5.147941356676821
-0.32058129180473527 -5.0863139748901585
-0.37565943677801045 -5.18799606025093
-0.124494610316154 -4.779071141699663
-0.20497225883485828 -4.534314372593439
-0.31740247990115006 -4.5291578501016145
-0.12622496170002118 -5.033908937159985
-0.3667524671390621 -4.669892381006705
-0.30491347048278905 -5.191018201464053
-0.2686866105110863 -4.959398923458966
-0.17168159001608152 -5.038032523099757
-0.23014735222177007 -4.668001155882763
-0.2778382729053703 -5.04155629530954
-0.24872488797097528 -5.083809679908068
-0.21151900984600988 -5.036540228524126
-0.14704419051361067 -5.0311889172939015
-0.22119935592488194 -4.954795389615845
-0.17416458312377214 -4.645283713846844
-0.2659984993212061 -4.884357959561381
-0.35544571558591 -4.754250167336652
-0.27040839147787143 -5.057148389073993
-0.3870890319990662 -5.076080902721416
-0.2068694692095797 -4.659661910752831
-0.18487446770906668 -5.089283470696244
-0.32405941983215186 -4.637387635719365
-0.33851228818171203 -4.976379603033136
-0.25624194668918265 -4.76567159650918
-0.1483190727555606 -5.0628548814028935
-0.3820406403521535 -4.846689330399565
-0.24131687025867776 -5.049504739885024
-0.26931997013445474 -4.917448142101383
-0.176328740757687 -4.869579308086901
-0.11758815475410933 -4.5823519271838755
-0.265117113506239 -4.7567453443610015
-0.30115231700275996 -4.901824670317793
-0.1956212635479164 -5.2506555470892975
-0.21498393137979432 -4.848614820831764
-0.13216524951777475 -4.5846451083358595
-0.3957505435937157 -5.240367844492245
-0.3905277715756028 -4.72132277945434
-0.17401311060619168 -4.751878199370336
-0.257638767343536 -4.650123259460992
-0.13309301285971942 -4.664333467997067
-0.10853229199007253 -4.887906073529903
-0.16857579744986906 -4.8165757666572
-0.13072306575570192 -4.753392487713109
-0.17163414263628404 -5.147913960863329
-0.260873799809346 -5.266251578176997
-0.3127956153472785 -4.791963191573477
-0.3357210593376889 -4.982102727143926
-0.3449099815782867 -4.992839347720154
-0.11344885330483129 -4.69801634282278
-0.10743414671708013 -4.947212977174463
-0.18876428403853934 -5.253932894412395
-0.2832756287791367 -4.853141357147639
-0.2814958029219224 -5.091668542206826
-0.35962341051433305 -4.8411441023228114
-0.26028530523838256 -4.74125515881549
-0.38083933544009324 -5.032799160078724
-0.3956851187277733 -5.26707214169377
-0.3997323052020126 -5.014839207071195
-0.34985923016528797 -5.032055590588041
-0.35656969594994337 -4.58608958205403
-0.27149102852649565 -4.968668522031618
-0.326642788619251 -4.566332815605407
-0.36578672600725126 -5.219293420289119
-0.17903789620744445 -5.172272516584159
-0.13381259798557144 -5.242520465087914
-0.10298097924252464 -4.941440786475369
-0.21314186351562353 -4.710068095300029
-0.1112278381814279 -4.561433652240789
-0.28280707484137424 -4.941192883611754
-0.37697706698254463 -4.984730588971106
-0.16905067844025212 -4.7266856222075795
-0.30367558971928205 -4.64151313685755
-0.10887417516390041 -4.748742611961374
-0.26393078794632524 -4.596861129457233
-0.27198146513693033 -5.141826851240771
-0.3216133645126098 -4.786089185835197
-0.2619331616732422 -4.574649620090882
-0.17869521921687342 -5.231051004327587
-0.20262134879211002 -5.027745602439312
-0.2721273906972349 -4.712367531559039
-0.17064163134741153 -4.819868794047301
-0.18178335565391585 -4.992786244381073
-0.33418245022575704 -4.594956660624083
-0.2261315355193962 -4.58758979756948
-0.34488523945557936 -4.82640495526241
-0.1462693652428288 -4.6153313849751045
-0.3333841248725347 -4.738873286724324
-0.3536104678383776 -5.06896276025322
-0.25003499734665335 -5.205730930300382
-0.1621055729956608 -4.821608183881212
-0.3603855473501325 -4.736168715019083
-0.23403664483310788 -5.067685444618112
-0.39413228034581027 -4.665011295544054
-0.1760663004747752 -4.691295339574298
-0.22973637992964932 -4.827934868316488
-0.3524311794620351 -4.530457563594936
-0.13037949375408964 -4.927671552382985
-0.34946954716798595 -4.578461245382015
-0.24084996335259728 -4.809383987117622
-0.24397979612787996 -4.92165154887899
-0.17094895868168483 -4.6084491093705795
-0.3063643533121722 -4.745591714997882
-0.15824109014843699 -4.962645780903374
-0.14172877283436075 -4.574803121826134
-0.3806488522426604 -4.592134799048684
-0.2809195106717343 -5.025102886354344
-0.1401626584727761 -5.2314183745585385
-0.38762935781508084 -5.143182641574114
-0.117172496881504 -5.103399952305051
-0.2821545133762076 -4.732750486003387
-0.1283866959147883 -4.594899065426246
-0.22403783017207343 -4.889306756765818
-0.3993330139672202 -5.073841662750707
-0.20993272203432065 -4.780438029382318
-0.25395247010493854 -4.565864830534158
-0.3119180266951728 -4.871479588492776
-0.23797495828292936 -5.060304904576621
-0.2796822373973799 -4.649225344836391
-0.380743471490856 -5.053416478476392
-0.15220493385361103 -4.6443437509600844
-0.16136235719689257 -4.866710893717949
-0.24726461346306533 -5.213223025089245
-0.1943927492130618 -5.206392390992047
-0.2944269044377218 -4.663199992552728
-0.31004088939326874 -4.740267697248073
-0.23880344565646583 -5.191332536983461
-0.3979371767275056 -4.821301805869016
-0.31072627809467546 -4.886098473554505
-0.34975559380773974 -4.91251381733038
-0.32330049758955093 -4.659852680615911
-0.1478579277206019 -4.72534110520648
-0.16312017476982021 -4.644198588002615
-0.1108062879754606 -5.247290861825762
-0.18950991829378433 -4.920779207867646
-0.3927275414888923 -5.048038606584596
-0.10044831147425942 -5.220095272855791
-0.37144903153815684 -5.023246378775218
-0.28767376043560455 -4.917783337961325
-0.3053596976285829 -4.909451617477923
-0.30247893877466003 -4.634514726538317
-0.32755345565211025 -4.859556054797366
-0.10599834784012907 -4.75663141404592
-0.23733480501912624 -4.740342587853412
-0.35699737417180333 -4.92194688016355
-0.10783560587205826 -5.17921323023711
-0.2012408625574963 -4.982239119739874
-0.2528708510153239 -4.728181060907193
-0.26547495291340983 -4.961715992128014
-0.30935952086165036 -4.743787847827495
-0.10702277033333596 -5.123642966251391
-0.23721170960630786 -4.53890073804424
-0.22168245288560803 -5.165248784714572
-0.3296288266277203 -5.166118795614959
-0.29810313858919 -5.110769195401908
-0.12413289175695802 -4.791270394599802
-0.3136718113063169 -5.246773884553205
-0.21777067607193043 -4.900573234730373
-0.34643647503909314 -5.2278978386826225
-0.34469231428270014 -4.599746924706576
-0.23347803356639493 -4.7594580534176725
-0.1734812814905951 -4.837512632599079
-0.3329844256151445 -5.186967049069908
-0.1909830275678688 -4.5823597469531645
-0.2946373030649331 -5.078095436283362
-0.1926284574400945 -5.091185478324093
-0.33214960501945745 -5.1157961781054695
-0.29401695023096214 -4.70494358130016
-0.10213583351667327 -4.9104385257400285
-0.38310099577617734 -4.606911074090896
-0.26189610030420984 -4.745942439777343
-0.18541156663327268 -4.944397885241467
-0.3138300869385667 -4.629060698861946
-0.2575931454517708 -5.160000818438709
-0.2341632203781423 -4.712650988302928
-0.32363579276799104 -4.919754742050371
-0.38287825652747737 -4.897537222768138
-0.3324995729069317 -4.926088220727888
-0.24428821955484056 -4.797025508825773
-0.13478002833411068 -5.210838618606346
-0.16091265223636483 -4.569641698236708
-0.1625700194498776 -4.543781507079438
-0.2521151635082751 -4.916861601832516
-0.3722717744139927 -5.115430915275052
-0.11894554561891496 -4.714578960823858
-0.39085482804878835 -4.6097786152230675
-0.16377228307333996 -5.256776461326447
-0.3356489259726573 -4.6637998585881375
-0.24437107757862475 -4.738668910726395
-0.21373545139722352 -4.639395665838774
-0.23507461998788706 -4.5893911378602015
-0.11283482884347329 -4.736086109523533
-0.1829342372410339 -4.731196028741962
-0.22401661965854064 -4.701048135566815
-0.25084145467714924 -4.560202875514516
-0.24725901357842864 -5.100199742409947
-0.11937264756382437 -4.776007703155081
-0.3327975978490393 -4.544644524022341
-0.18735925111504878 -5.0600010145032295
-0.2252592466459534 -4.835048867647076
-0.2031475244709459 -4.594049518471151
-0.174717565110818 -5.267889434380605
-0.2434138640579949 -4.70366186466011
-0.35666524031813107 -4.861105112655369
-0.3806604848242324 -4.6868830301331625
-0.23244630745708902 -4.805167232683964
-0.2021301147172006 -5.190203508904814
-0.20476263611000167 -5.012602305443256
-0.3196961282969082 -4.704003127140248
-0.2609308856217545 -4.6269780492044195
-0.13019781603606023 -5.149473367437094
-0.2745923549475451 -4.828680850635975
-0.3245645424437034 -4.750157734919646
-0.23804969957449565 -5.1450889430996245
-0.20094132550000224 -4.64520219515655
-0.35592852774631306 -5.168697227060518
-0.23094670787829139 -5.149408851249338
-0.15503647022897749 -4.8427823383197675
-0.3626937392260367 -5.214588643260593
-0.37474853148611637 -4.920084941531357
-0.2814094286914303 -5.24618480058398
-0.36165602621075316 -5.181767045288876
-0.28116582517639677 -5.265932401789437
-0.12432787350571756 -4.840449370312122
-0.23621653847731716 -5.046291521016985
-0.23680142859010456 -4.66835346333825
-0.36850631408476237 -4.99160133801447
-0.1768425831019516 -4.921450511477959
-0.2553679251430938 -4.886722652543365
-0.317400174815661 -4.827433037864299
-0.344395299668329 -4.6474484052730585
-0.3742863897279284 -4.705739819352198
-0.1922182267794506 -4.851058310747057
-0.39270777431876075 -5.002418856360141
-0.32524127293533556 -4.62742650818338
-0.18665843936021456 -4.7188955280742935
-0.22884986462352705 -5.147304693434354
-0.11756601933464772 -4.826275757005538
-0.28897021512282917 -4.886633713226105
-0.15914310158701106 -5.2305695393456695
-0.28089109176014787 -4.882503243522161
-0.32543464753512447 -4.55404682126278
-0.314009551403556 -4.841507273794655
-0.29030461824317527 -4.7356915970367215
-0.19909766847249843 -4.624483055884394
-0.13538597625825566 -4.707001314127833
-0.36390001253298193 -4.531959897515911
-0.30715469782601484 -4.560270532314021
-0.3167408331523372 -4.934604523314264
-0.19590613792756773 -4.7188698955786395
-0.31632942386094426 -4.764993056112823
-0.32055774328983383 -4.784078382295631
-0.37110031866255266 -4.976628701988975
-0.38547765658747596 -5.054846973671738
-0.11088625674468405 -5.05267317921626
-0.277355894554251 -4.9315919621707
-0.3631891429639761 -5.158452698363439
-0.3787764458920914 -5.1272367278054505
-0.23589240738577116 -4.971811604319266
-0.12726220398553095 -4.66998053610004
-0.16716760654400958 -4.656214540473667
-0.3408316637664307 -4.6344172324799855
-0.31541268901432973 -5.007790956806339
-0.15925192992309745 -4.653354643541236
-0.20547317631479953 -5.055434027823623
-0.35283074390085317 -4.982417707338362
-0.32601232318384304 -5.018560123293084
-0.22098481834429132 -4.775785784405954
-0.3887348686007211 -5.229060203070628
-0.13167322459232517 -4.719307408767647
-0.3166375699618944 -5.0550656540554
-0.22237019384486903 -4.85240210244905
-0.16857645040916913 -4.630900781792695
-0.2905904211755821 -5.068248779627856
-0.1798108546218821 -4.5610466076966345
-0.21930778497783643 -4.532828428907963
-0.21789979245675067 -4.956068375437495
-0.1576896446736305 -4.746306479245027
-0.10615715791889269 -4.683591422879103
-0.20718835421028386 -4.889523203493943
-0.18034095064831424 -5.201773899346696
-0.35804009861646746 -4.664094592498826
-0.3444214009217407 -4.744506281768832
-0.2798792974279303 -4.978110353085016
-0.2247680599230499 -4.9135785066623985
-0.11900487533759635 -5.204279795609469
-0.33124250379947306 -5.136598104519972
-0.2471632608924808 -4.7358133111982
-0.10084182291801652 -4.929384442137035
-0.265236738624988 -5.012193067586596
-0.31984836358950464 -4.7353187292016345
-0.1991438603790252 -4.911881097090856
-0.39532586528186997 -4.899858649534657
-0.18636240526128495 -4.688314216726751
-0.15692231822441483 -4.592638149857962
-0.33245564122293975 -4.765290126547074
-0.33338946070417097 -5.193702017734117
-0.12347014474842538 -4.7540599430200405
-0.28841011374968983 -4.617219366810095
-0.16027377390031203 -4.58092444507454
-0.35354658655730076 -5.012293599682182
-0.1627954051413767 -4.626704587737122
-0.24497936055204744 -4.8613627961678105
-0.21033783024090216 -5.194125120155703
-0.15488943386230972 -5.093354791477821
-0.12121840836006714 -4.54232937949792
-0.35054389552843274 -5.170766361030475
-0.25078555905152483 -4.6123246456509515
-0.2829899622066089 -4.55894861019386
-0.12498390625070221 -4.526450182057998
-0.1904850151082872 -5.204800859071598
-0.34042572830553075 -4.708283908146628
-0.2915448453794191 -5.192990975971264
-0.34133743954895746 -4.6500071507596195
-0.1703262372945506 -4.559201170680152
-0.39107908969706057 -4.9671078153815955
-0.18184137973081377 -4.630378363816636
-0.2673726360802776 -5.100050494862768
-0.2807817056302206 -4.9721981271471725
-0.16230390160154412 -5.237597057193574
-0.2435091491142668 -4.908363053426203
-0.16270405400604893 -4.766106950813078
-0.3863586009605531 -4.808650914358223
-0.11449794184126982 -4.762684384080364
-0.10020606204311105 -4.932814603146528
-0.2840725735891525 -4.595545385736247
-0.3607759883404988 -4.96911398128566
-0.34352281587820427 -4.733907873133278
-0.1781470313061064 -5.069778370072894
-0.33470352394031544 -4.945946029723937
-0.369284769816283 -5.238640674095296
-0.296018034881643 -4.6798609816141505
-0.18002373353986797 -4.665598412653044
-0.1818409655468152 -5.057993519867305
-0.14578643442029804 -4.913852985797587
-0.2975423771031606 -4.8681212158480625
-0.37240780325833633 -4.826308606000792
-0.10048282546351767 -4.645058449343249
-0.16881169566509205 -5.026247058642243
-0.13121364318396933 -4.672263598361024
-0.1634460430571805 -4.972265317714774
-0.16605049257898105 -4.73535574953644
-0.32795037886015044 -4.666393418100907
-0.21161592565191834 -5.044959558983178
-0.3475160833985939 -4.538059149046753
-0.337717034881994 -5.1459705575432935
-0.23877576076855456 -4.548298941455369
-0.3137260403599184 -5.264434852265316
-0.39048339633208007 -4.778174728997815
-0.2804025224725696 -4.564424947156718
-0.18136264821097237 -4.713658753655493
-0.34479524612755225 -4.828135985520512
-0.13083718390217886 -5.128453056729346
-0.2883194288011715 -5.052734695990403
-0.11453898620030961 -4.840395857958745
-0.30748385022239066 -5.198314819371818
-0.2041124031839403 -4.701293223358228
-0.16764345257429558 -4.887901174175708
-0.30168321088851413 -4.862392541885457
-0.24892044757021875 -5.264764982318717
-0.25389330110303177 -4.553361382676563
-0.3483665982479145 -5.224209261777344
-0.30101419856096784 -5.2075521229021176
-0.12944887361263313 -5.251019523124422
-0.15872205747614504 -4.56258008348326
-0.24350439551531833 -4.812905639957527
-0.3099626461718784 -4.721669299718563
-0.21199158134727922 -4.6377953005641945
-0.29126773813364465 -4.535953251438316
-0.27345878688124103 -4.5269998443569275
-0.34183682555782535 -4.688187867583685
-0.24050418549830915 -4.632474488270873
-0.3583363318945382 -4.779780898042646
-0.22268471597965 -4.643353044306837
-0.19850646957122892 -4.743138945791343
-0.2796522373224183 -4.790177608100628
-0.2866042503309202 -4.87445431911081
-0.34375257722749764 -5.173293234348815
-0.2007733908161279 -5.115130761163248
-0.2636833913256579 -4.826067287385406
-0.28529279582325734 -4.654001162705973
-0.2911434792916641 -5.200236731581711
-0.21927648780810857 -5.263846707944929
-0.24369890551078704 -4.691370862981631
-0.3033287540091044 -4.657806688059143
-0.3767654019398029 -4.99291645208566
-0.3611621383782839 -5.263933668550726
-0.23160713665335683 -5.201838734796043
-0.11670667519465427 -5.074085943493802
-0.24859337996606248 -4.75078436591952
-0.36613282192503044 -5.032552701538633
-0.13186945430673558 -5.131470943316673
-0.19822495751162097 -4.910366007176197
-0.3677909671364075 -5.003172128612032
-0.39078989331059144 -5.233634568984283
-0.3908993474779797 -5.117591231312129
-0.11952931373528652 -4.869595256410526
-0.11565452500439755 -5.161740527263237
-0.3763966221941511 -5.004346184239631
-0.22094148320577925 -4.641260784684664
-0.37385660731452824 -4.938523065284083
-0.21680381628467318 -5.258926940550839
-0.28619607315939094 -5.11753351021006
-0.3597312565038711 -4.7834714560364935
-0.2847349318935451 -5.268222819185594
-0.11407821087985864 -4.926322786365564
-0.21006397386416728 -4.589373849146306
-0.35640458570985567 -5.070069137036848
-0.24343293957718204 -4.769070093187192
-0.17281331676398992 -4.690479713422171
-0.36024484671599966 -5.118508185199271
-0.31981671051355587 -4.719435575715808
-0.39378235977261683 -4.9641660607292755
-0.30856200368784925 -4.6936008847196105
-0.3647778922899222 -4.853193454700818
-0.3405705733780982 -5.23661089305429
-0.14176312723390644 -5.207712397528535
-0.36313810540935115 -4.649954243874847
-0.335271324142542 -5.2709562514337955
-0.1250453332461003 -5.148462019765679
-0.37128633804696465 -4.6373074706018755
-0.2945966582842676 -5.143439746912712
-0.154773809855609 -4.914805302325728
-0.288194327823467 -5.058730652157249
-0.2738704774686577 -4.702854890486115
-0.36614072806567827 -4.6196418551109275
-0.3037752294941577 -4.989019557930524
-0.29159552040254016 -5.1565071279642085
-0.25367180827051306 -4.694773283849166
-0.3064697892620079 -4.6094328744360755
-0.18325701500898134 -5.068751275207603
-0.32654410685276736 -4.696495935724969
-0.15963363236427605 -5.06257106925951
-0.3219220069028006 -5.186015201764394
-0.24325588857640285 -4.919032218827414
-0.2817013430358111 -5.188679399398522
-0.11535577226248828 -4.728918586261111
-0.12080556687731658 -4.552930451849761
-0.3360941453531787 -4.925145188501493
-0.3196335678238098 -4.881235161179331
-0.18787691170799864 -5.150221117446697
-0.34527422127961394 -5.220456126919605
-0.3985641161184271 -4.905773574841951
-0.3297085868386295 -5.14835040855546
-0.2599220029022429 -5.198036879545443
-0.21756190887340468 -4.699200653988947
-0.16326791027337295 -4.592638800208213
-0.24154109449544234 -4.979750525065024
-0.22840236252945162 -5.067804782131141
-0.18033189678977848 -5.189368400634169
-0.23009751857492358 -5.100228075133464
-0.18491640500868942 -4.642096687005555
-0.3500403992181257 -4.730492222798905
-0.15531776521693685 -5.184887462919835
-0.3188123276540394 -4.843117521574098
-0.19104420245654155 -4.8989790872337355
-0.2842432304873088 -4.671528518757324
-0.35054615118609894 -4.8035262157481275
-0.26361514331151914 -4.541341490324888
-0.29492843500397015 -4.868391613051739
-0.3913811784048381 -4.633925581027963
-0.10047920347081468 -4.82298858550343
-0.2608356131139793 -5.019206858749844
-0.12040222789403288 -4.597789569026583
-0.10366159957425103 -4.657639947433112
-0.32481317762319983 -5.115995754121515
-0.1144061908815236 -4.837269435643023
-0.12091640809842386 -4.636343008041558
-0.17336088283473536 -5.246684923316582
-0.30340548943775747 -4.995686909090852
-0.1634103601194508 -4.724385684045908
-0.35320718137049467 -5.081990623307538
-0.3420427924021778 -5.242517586757771
-0.317643103951296 -4.536446110148192
-0.1598842525644349 -4.927742453134057
-0.20270494073143253 -4.9912974294739225
-0.35166688749993197 -4.897364797938518
-0.13588352673215026 -4.900722083559422
-0.1934087616404434 -4.592484558433764
-0.383944824612191 -5.26718891531332
-0.3314280370186681 -4.870005556974215
-0.2437390207597744 -4.870275056447236
-0.17035972229729676 -5.257888180967394
-0.11563521097596713 -4.722144552998797
-0.2515119885393773 -5.177880948113726
-0.1353489827079299 -4.543487475500292
-0.17951580057084068 -4.578279412297183
-0.3173986456960199 -4.63979945562703
-0.20281628403075702 -5.154492375580654
-0.35007226738007113 -4.778875182274916
-0.17330355951514037 -4.851271207409628
-0.39273563371443804 -5.25475143610269
-0.1161651657229747 -4.7669230982209045
-0.20195424290240355 -5.202586184766552
-0.28076626700282337 -4.998445754197203
-0.36278632039712655 -4.793409992016464
-0.2513901842475902 -4.82013486952699
-0.14255935268268383 -4.9080212307985995
-0.23763023543197828 -5.08410731319623
-0.3307460330596017 -4.642149577610574
-0.24933219027206616 -4.7415660361572485
-0.28331929768286 -5.0398752828785875
-0.3479638724768249 -4.867868197151978
-0.24613522377534072 -4.797785546938554
-0.24308667978847903 -4.6646133211596545
-0.1766806487260681 -4.691598496232461
-0.22035455436837342 -5.200844292344072
-0.31030546188048197 -4.9228783793111965
-0.324638550719728 -5.205787051594427
-0.24150794723957356 -4.7131104326715105
-0.10568609991421252 -5.235145610281729
-0.14103572439781537 -4.857146236107882
-0.13387221251396492 -4.602915977487396
-0.24894483083048655 -5.00106767805869
-0.1133489573328913 -5.204566300745691
-0.21627299921719978 -4.829425595635286
-0.31380522889929774 -4.809070618479356
-0.20366272927071993 -5.117785635532859
-0.20083052791855852 -4.81324733692373
-0.383547058726494 -4.841692991753074
-0.3642114952126755 -5.017780994840947
-0.2619058777846316 -4.671307478717712
-0.36859443685972776 -5.268562869108155
-0.20755329453852947 -4.790230229153422
-0.3835284589055827 -5.192031598626676
-0.24765782748496795 -4.630227880235071
-0.2095213161165906 -5.23498358937433
-0.1482809367437446 -5.172271854518265
-0.16827754139291404 -5.059940063900702
-0.17314587245004467 -4.547991715483866
-0.21282186312001547 -4.736564792733889
-0.3632640567984449 -5.167644371533366
-0.10501339479807964 -4.620789312033295
-0.2864013570186074 -4.992405008052869
-0.14460733632669925 -5.243938612287209
-0.33906347667062475 -4.973406156108012
-0.31934336028546356 -5.196321013839353
-0.3416488131372138 -4.811824422468567
-0.134210648636713 -5.183775482392901
-0.15220684140180923 -5.175143806508862
-0.16040642828363294 -5.00123731741454
-0.3296777110712268 -4.7614607489549545
-0.3480288992378163 -5.047750202007624
-0.20986810551745672 -4.9509345746048545
-0.3828009944376078 -4.846307660272569
-0.32261463561803666 -5.205343374020628
-0.36159606416977097 -5.160614265109785
-0.12095724553374887 -5.157582875006255
-0.2630278450153374 -5.20164508752477
-0.3831174618722585 -4.563276624369635
-0.38310901158595145 -5.107132390615374
-0.3587053169123709 -5.054214443296346
-0.2982991953219536 -4.762890111916017
-0.1220985119770423 -5.258942006241552
-0.34957542204597136 -5.270797224705123
-0.38721568788248956 -4.867802904056363
-0.10251858495971389 -4.875898959988967
-0.28139105909448076 -4.7649749670552035
-0.1617013995950403 -4.577071753781012
-0.26613873400618604 -4.982175956913399
-0.35912298642197027 -4.867908929142068
-0.37712534008475534 -4.751470256222004
-0.3496959196289606 -4.965847413190661
-0.27691805173603323 -4.589279034966733
-0.14780718762513745 -4.8801741098796025
-0.18306242736746717 -4.667673202172189
-0.1856959556256466 -5.063407720248443
-0.3115136612729065 -4.773763666738443
-0.27082897205549517 -5.04818160478741
-0.2774751870320734 -4.618402204956896
-0.20723382101863558 -4.789589560464869
-0.38481192059055397 -4.809303088865309
-0.30955685164569396 -5.266220746502881
-0.2565707681743111 -4.6238769768564785
-0.27010711987687286 -4.578357425349546
-0.24292734201979557 -5.160343470564855
-0.14405247732556975 -4.703886245449909
-0.2257512544997655 -4.905515318241351
-0.12945736249959522 -4.600189327682906
-0.34941726434504344 -4.843577947314551
-0.214410670248989 -4.882373743875943
-0.18355681596659015 -4.69962594665035
-0.17237003065886888 -4.908100085244621
-0.293834260243773 -4.574050180946322
-0.2428065953042111 -4.976784290039268
-0.15015434113530945 -4.880396910535953
-0.3863707625589244 -4.91435348178368
-0.3671780048244764 -5.135189458158966
-0.36000284887494927 -4.769019726238042
-0.20256613926416656 -4.994438866704798
-0.12776202186993485 -4.905217080271788
-0.199570752220366 -4.593747964107072
-0.27097571441107127 -5.12540281938784
-0.29810955425957625 -4.711437775054943
-0.20705791686640357 -4.952650865637902
-0.20689518199190612 -4.855316790531589
-0.38649314312603367 -4.580095161320694
-0.3343721766956535 -5.11479033340569
-0.3070545813401331 -4.581484783216812
-0.22180485271181175 -4.973343117471926
-0.2021623309332636 -5.223241773606859
-0.3934444625222222 -5.171454558950849
-0.34635198893521374 -5.248444615674017
-0.39704385955573734 -5.073739069158414
-0.3405164503590756 -5.2266669065710465
-0.32754017072482844 -5.189071350887367
-0.31376297676300635 -5.00038592269488
-0.3196389602932225 -4.654250116372644
-0.23189084578053115 -5.031867954843442
-0.3195029769500803 -4.5991701225680774
-0.2179283921348761 -5.12377041330237
-0.35067473189840603 -4.774707795521967
-0.1495302884232625 -4.60591466072825
-0.26840789268324416 -4.727494091429862
-0.3358241766333484 -4.539338440920068
-0.1647876395575963 -4.848840745109479
-0.22808718834345865 -5.254090480739104
-0.3403290778540097 -5.091157226886109
-0.23312672434225346 -4.860920509632744
-0.3369747883076105 -5.027670694824831
-0.3255537660719171 -4.55202828097429
-0.1332462153751076 -4.987838850436614
-0.10929863131353623 -4.995892779695118
-0.27480319401592124 -5.046119128781494
-0.13428246858874726 -4.697706484812775
-0.15114362244946516 -5.100549967785764
-0.1199168229026793 -5.1508372008342365
-0.31728163097394724 -4.840804208833726
-0.15877443243202868 -4.743295724479262
-0.36758618148411787 -5.067945578044473
-0.28309207582215545 -4.659106615275496
-0.32747001554688693 -4.957382738535084
-0.19589244627986274 -5.1803130804204365
-0.20409494444902837 -4.586167990594279
-0.3597718554878252 -4.967315327888653
-0.17353236421065604 -4.750125924117685
-0.37281441149639527 -4.925920095866635
-0.26065199142031914 -4.887669443149015
-0.2867343719529376 -5.063985117520733
-0.27571443251273775 -4.605735134549292
-0.2443898960217461 -5.157460616012587
-0.2554346154544133 -5.042881250694889
-0.2436020982864819 -4.98024012811605
-0.24638027041859598 -5.0280098774861495
-0.1610206927281161 -4.8043536112269605
-0.16279231516423037 -4.83506144895069
-0.3207191337736589 -5.1282264150559715
-0.23626375389477483 -4.623038039312098
-0.32579953285407875 -4.665635144691506
-0.21838013168305967 -4.913074397111253
-0.17079171868880705 -4.821189966995876
-0.149936159718427 -5.028522574820385
-0.23609128403497454 -4.721498117503781
-0.1986076742816961 -4.666845434410874
-0.10837339309383831 -5.154824144896496
-0.3090491556924151 -4.9311432723316395
-0.2855489975629664 -4.527301807279136
-0.14756320832311165 -4.962384995047678
-0.27552619303354103 -4.78455759526395
-0.24602545092421113 -4.969074508520272
-0.37766505772730324 -5.199226073186909
-0.3143201973697319 -4.709084868235037
-0.28612706686960787 -4.803878706799048
-0.17893437498661122 -4.915412230380732
-0.2871174789527527 -4.6098706898773925
-0.24036045481442023 -4.552783579222121
-0.37240092823351006 -5.224573121509676
-0.12203913238480057 -5.0304045300347315
-0.36495501749861226 -5.275726129823922
-0.16891158054663102 -4.975489014124152
-0.3088625804750663 -4.667582654744115
-0.28179797773046145 -5.0880610724074975
-0.25530613474869146 -5.142816660728429
-0.2675714318779593 -4.849250726548383
-0.12924780361682914 -4.8959213403748425
-0.3712462370318772 -4.698937671877755
-0.19605017245660208 -5.0138970962529354
-0.347863515374521 -5.037202013579608
-0.2697179252481142 -4.824889811612049
-0.3876259398145641 -4.919539064309535
-0.3186577107423635 -5.175456339553308
-0.1552108237875776 -5.014812199852245
-0.1329597593465377 -4.867100828495701
-0.1227926992631222 -4.819021036203253
-0.33243614018825085 -4.711801696047225
-0.1344764354901718 -5.168235090863812
-0.16877387532296997 -4.826072070749642
-0.22026590757379885 -4.673801521451649
-0.10609675302563876 -5.044387120823228
-0.1762750079745958 -4.763079247264372
-0.12051609967758864 -4.580641810556313
-0.31025107466892954 -5.154460571437622
-0.14097490751392622 -5.24986464826448
-0.11421841666123561 -4.5740324855120855
-0.2420906114760633 -4.748525068399649
-0.1507647549012011 -4.857195004882392
-0.10127332494745889 -5.251983023714566
-0.3376945396228734 -4.894707788340682
-0.3271913778081533 -5.104175090068037
-0.14435878842485161 -4.99284372566319
-0.39856651508967894 -4.672299421010517
-0.3663562102225474 -4.6185643196257
-0.23042239878175275 -4.793917280763971
-0.22253221342375254 -4.706639335684088
-0.2641955120616821 -4.596287510106794
-0.13691470436663083 -4.956155811423781
-0.28021554575038826 -5.047629839888248
-0.3763251905994718 -5.016143656853543
-0.3249850444141372 -4.8182662292592715
-0.3699659941835373 -4.9967603685524695
-0.25143030205938455 -4.964039888747787
-0.3993210606535585 -4.780436017653006
-0.23049611291108837 -4.926153792445798
-0.29333032301341744 -4.91798469333968
-0.23079303410035415 -4.851252909429628
-0.35071942821248736 -5.2639456535589115
-0.16706729663363035 -4.595332479117265
-0.3050705611712497 -4.931801231710086
-0.3168082319969304 -4.79218538832222
-0.37972618286845716 -4.716241856049189
-0.1904148072593339 -4.5336253184867354
-0.15935228294938078 -5.136977095081295
-0.2870645658644758 -4.8189728248433585
-0.19952132869866937 -4.762968752655947
-0.11262743869894448 -5.062419843399409
-0.22910686623343632 -5.155816346286789
-0.13318691001592653 -4.564923845295078
-0.3885349495690984 -4.846431187519049
-0.33023205376616693 -5.227707050866136
-0.21403581161943505 -5.202030432829009
-0.14454332866998626 -4.718810247428998
-0.1311887992008431 -5.216441821438314
-0.2087475799639525 -4.629094386365622
-0.1371838168414815 -4.9664189163519525
-0.1906413482155975 -5.166632681698052
-0.19240358631035928 -5.069216946741454
-0.1979718010502126 -4.528436180820069
-0.1745369284099113 -4.956698828430624
-0.3058240619330569 -4.83916300945727
-0.16885452897448044 -5.033062725061493
-0.35795552353374654 -4.826003031279861
-0.1451533572244002 -5.129574768277428
-0.2676200849496597 -4.8293375150814954
-0.22896438689914383 -5.119170363686671
-0.12145400214945234 -5.004218289683143
-0.3286667461520814 -4.87500025375203
-0.18906182639706423 -4.878454966117592
-0.2903565991409001 -5.050966371772
-0.3231669630046598 -5.142454630417062
-0.22499943133876288 -5.233813713756747
-0.14189137622249792 -5.013278226688222
-0.37208549225471976 -4.645024576752277
-0.12246512855208769 -4.695319726527547
-0.3087638164892343 -5.198533366637464
-0.2392134983545201 -4.586852529237839
-0.21684951131310656 -4.8264812901405065
-0.15629569059016712 -4.726755838416649
-0.24802151398194394 -4.711206450426609
-0.16923979703782402 -4.6264890990642495
-0.10449150409064006 -4.781584121111104
-0.11885543106076663 -4.821995225678035
-0.29227418136207894 -4.877240235221374
-0.1250012022280284 -5.122915634156942
-0.24444166165891734 -4.669839343796189
-0.15028435560637532 -4.969451613390774
-0.10915913317387627 -5.097625090878033
-0.39332150320854414 -4.788816396523964
-0.12181815578156902 -4.646891617611109
-0.2952992180043917 -5.109588504560821
-0.3091604205821018 -5.098356791786445
-0.23419898708913509 -5.195313610508423
-0.16985340420780048 -5.24123814908672
-0.2594656558604474 -4.550838654662466
-0.3664364010068928 -5.158436402317179
-0.17738425263066732 -4.9325158737224974
-0.3137468216075734 -4.751290415206282
-0.3753865602444404 -4.6365939723613785
-0.23113809998075127 -4.711090468145093
-0.1611330034339974 -5.196031309421102
-0.3629894520404042 -5.158088646468837
-0.20539323115407354 -4.6499154647748515
-0.2979839789508366 -5.119650719036519
-0.1035389429442457 -4.7831187793498415
-0.3864369528232251 -4.709636630443235
-0.3991612526308625 -4.716406701837948
-0.1781875770993881 -4.648352868763832
-0.2803144184647768 -4.716397681307346
-0.23565879935955888 -4.563958358869895
-0.23053939502890577 -5.062556485565443
-0.3511242844507374 -5.132045734317516
-0.10609480400913929 -4.542829972013083
-0.12127789413164891 -4.958157860839429
-0.30253428473464944 -4.710762602484197
-0.2095661180922153 -4.812482393432582
-0.28856614204412284 -4.743898380742272
-0.2894498389779788 -5.124527521304288
-0.26737364255904716 -5.088230558020041
-0.1770152971657069 -5.1977283945327715
-0.3610160182451385 -4.692490892231914
-0.233123602314526 -4.953960740085371
-0.16688842747819543 -4.529522771379377
-0.3140790362706341 -4.665103837779656
-0.13938575379953616 -4.638937356192376
-0.17626759511047685 -5.09801316697947
-0.3880944089389808 -5.069584410798347
-0.12826437414897957 -5.152135991469831
-0.22614091416153126 -4.625509048074366
-0.3963609048100306 -4.681488166010841
-0.1416171987424127 -4.923502708237401
-0.14037508605360882 -4.961814451996914
-0.27387635532489063 -4.985662494864755
-0.2569067412488292 -4.663329759660005
-0.27862768143983685 -5.24228297680501
-0.3731117556989272 -4.950922092442969
-0.19211930365091348 -4.925261007714682
-0.3083870987534967 -5.268416056067406
-0.372694574578007 -4.731470812838769
-0.3916298347291002 -4.959423381692905
-0.2725037293939427 -4.543551321233957
-0.36536258984474135 -5.021942480810621
-0.19863984281326386 -4.60322000291227
-0.24871015919477574 -4.793172236227168
-0.18524124105815215 -4.695158358499445
-0.3189243172325156 -4.733193218204407
-0.14899203192537908 -5.0431613886512
-0.14771990400283685 -5.148877539449958
-0.3948397504510345 -5.1660492408314465
-0.1638928649322364 -5.244378457845558
-0.34842196006325543 -4.9417021021194385
-0.3176711226610465 -5.063748333588025
-0.12790991658050083 -5.217584945378568
-0.12758046023914638 -5.21469281893929
-0.39389109169376096 -4.7134025363593075
-0.2009201319523906 -4.563811518730901
-0.18019124298150055 -4.600560613746364
-0.35544497762698873 -4.587538369817893
-0.390276362674249 -5.126306293819272
-0.1592967604585429 -5.177775115747956
-0.2484479001804178 -5.151206289897038
-0.22803094349973643 -5.028064704239327
-0.12995778168592242 -5.018485645032706
-0.2285415121569365 -4.918266447651963
-0.3147684306942875 -5.2431538432363265
-0.24277374490420406 -5.081495484109803
-0.2284992830384594 -4.714047557136435
-0.22199897311385056 -4.6064778687872305
-0.22733546835849197 -4.998455722504224
-0.3323181360992731 -4.833397755831234
-0.36649749258168085 -5.168418822317016
-0.20021907816471257 -4.819592289893832
-0.3565286195260846 -4.537335636977699
-0.3248164530706734 -4.813107341637668
-0.1793704056145639 -4.603922639202262
-0.15197537191426733 -4.578550686804647
-0.12935204063636074 -5.017091191693228
-0.3811555992078595 -4.526505547065821
-0.10972739584459851 -5.1615950997856155
-0.2205172886315961 -5.005396956479705
-0.3641642808006341 -5.248877797932988
-0.12299016170257332 -4.605813004131693
-0.13370206469382745 -4.998415762732972
-0.16528056874997815 -4.649328190105352
-0.14617394818560364 -5.206618734551597
-0.23580554219521846 -5.128640745125953
-0.14671260354814364 -4.732038292696498
-0.230752945556504 -5.252608967589058
-0.20596330307566799 -5.07441871171183
-0.27662111163733927 -4.897611580237838
-0.27959016748739374 -4.584749982416216
-0.3319751417618908 -5.021493528710741
-0.1149773023100159 -4.595464009850839
-0.24565666915564477 -4.848027370119207
-0.37694356839794535 -4.604278999048402
-0.3937745867851189 -5.065955366239901
-0.17407314421263242 -4.962673128283659
-0.20894569740136187 -5.1746544140316795
-0.1769319641615164 -4.69733039598119
-0.3603872382127731 -5.209189916551014
-0.3442631319689748 -4.533931168505907
-0.16720934513146798 -4.832123222962454
-0.19454635902989734 -5.000126684064227
-0.16746978835811013 -4.96556119130891
-0.33735923636709253 -4.692734153482483
-0.34019824882209937 -5.197257959445877
-0.32166118292637874 -4.686904544107226
-0.1221350049475568 -5.000901560020749
-0.3345137598120672 -5.040249556266675
-0.3863712741543375 -4.791220261864516
-0.12678420194850248 -4.536625697011144
-0.3114532350175353 -5.094535593806659
-0.26986740760831174 -5.1392541563104945
-0.14651666603568003 -4.553168222307649
-0.20829919461051016 -4.528157526006654
-0.2474706773820948 -4.984797967387786
-0.3989393946600222 -4.879193528133315
-0.2508173804284993 -5.12301571605775
-0.2980616523424531 -4.546226494681808
-0.3810369224254132 -4.809658951458756
-0.26574440701268653 -4.851024001401462
-0.219301272869484 -5.042783819860301
-0.3667602609809808 -5.262083086239994
-0.28664747152554454 -4.929469699368225
-0.17244112781440507 -4.714279657021886
-0.2584038487720726 -4.939674119855234
-0.19648138038685176 -4.526553973936549
-0.21576203126533675 -4.631011138119305
-0.3700359083402818 -4.732509520585047
-0.289025990346535 -4.562560457253049
-0.2363263241633951 -4.8913116144876945
-0.31491350576824334 -5.075303923800211
-0.2491223023376387 -4.614942380323043
-0.38331435869867 -5.2361235496254945
-0.26934542829704 -5.156320653241008
-0.3886707294636126 -4.818844915610931
-0.20189595065423996 -5.169227016475805
-0.35594330036922595 -5.138554122451891
-0.27217184611701495 -4.5306556648786
-0.24143876108614423 -5.125656752159065
-0.23368821024254668 -4.947825443742795
-0.28441444352263767 -4.94638297048505
-0.1924176700454136 -5.15420083032076
-0.20928962060227976 -4.7742585607367625
-0.38124031366958044 -4.991738211375103
-0.17988368189996504 -5.261587270928879
-0.35848388732682535 -4.926687765668051
-0.3683262965951149 -5.016897407774243
-0.10849848642594873 -4.84423167215368
-0.34499568803237735 -4.914829987441424
-0.1162859506875712 -5.211166856085267
-0.39129080031580926 -4.71380726630106
-0.1394414819307041 -5.253076390001319
-0.28963093476442875 -4.691299471830435
-0.33801819690625695 -5.089896673008003
-0.306260203148022 -5.221399353184364
-0.2961832105199197 -5.152661639448229
-0.3484855201190734 -4.9511174493204955
-0.39662488585258593 -4.950022136780649
-0.3864767603166417 -4.685867633992329
-0.3370781988746594 -4.900431226889189
-0.30309348388470114 -5.0790212157388055
-0.12405070051827022 -5.188480624229991
-0.16859636323681337 -4.829616242176074
-0.38665434793562703 -5.055631712123895
-0.3617665788624156 -4.541024715705568
-0.18682820665259128 -4.873323305225185
-0.39121617432977224 -4.820714198654563
-0.13619676858564855 -5.046765169076834
-0.2823690479952286 -4.9195033852072445
-0.164150370842766 -5.226491269236287
-0.1560313819737668 -4.549064513957875
-0.13155702727886492 -4.739384204303508
-0.17971582248795012 -4.679932052309596
-0.3438161304081538 -5.009522662147254
-0.35614397054350877 -5.071351605132578
-0.3197376272652652 -4.777817453433405
-0.2867074373046198 -4.752201217770912
-0.10863212957804091 -4.7602817717271
-0.3111337786011009 -4.813260350995264
-0.2959168900972121 -4.673057042162667
-0.3079780653271152 -4.639853410045552
-0.28762305746761596 -4.549842257290831
-0.25092108393928647 -5.082013204557142
-0.16887418512300467 -4.9512542998615885
-0.2924078384371292 -4.891348861491347
-0.1609539371272889 -4.76402938542527
-0.3475845458712997 -4.677890569454861
-0.2119042000435011 -4.92112689788966
-0.3048444049541303 -5.171342481112692
-0.18980786069757652 -4.636176270775739
-0.3327341561088846 -5.206561791826937
-0.18302248141314367 -4.879384219890056
-0.2008190407963792 -4.683745741665401
-0.3565576302359525 -4.880554366025681
-0.23533220815785025 -4.705049629474655
-0.2871622316735167 -4.960435257341253
-0.3872797690086309 -4.5670642012375495
-0.3715722906453018 -4.611278585618391
-0.2904895592687412 -4.811771097982034
-0.10373673664685329 -5.125159944986896
-0.32834954605278077 -4.538857536013486
-0.14979935200585548 -4.944283716016269
-0.38831192701962547 -5.03119924260421
-0.2169794796905768 -4.7498485853597865
-0.10375680417041694 -4.747367937083032
-0.3000596926812007 -4.528246967222888
-0.3455432688616696 -4.5368668049823215
-0.3416635381700899 -4.67976102161255
-0.37364668948637486 -4.667306155249405
-0.2459095571159006 -4.820989992765906
-0.21104201034232814 -4.7019844092238845
-0.12198434242571288 -4.9377182792230405
-0.1477993496261248 -4.777289251697125
-0.2731501631583926 -5.00513732852835
-0.15180411988349882 -4.561942938005123
-0.3841593536993627 -4.5549179032217655
-0.19045325998527965 -4.980842983816791
-0.16441418633877397 -5.095860117090762
-0.37734621820793063 -4.883361874558278
-0.3193376770003059 -4.563124558142652
-0.3572287595317211 -4.682204007593476
-0.3900617616346317 -5.266702213727358
-0.11104223224464288 -4.8726012739441495
-0.15679424112361368 -4.692039597481677
-0.27689732246693566 -5.118731218771519
-0.1650085767905639 -5.001908082622297
-0.2207308642505937 -4.677509176999871
-0.30833022416115224 -5.068322496519588
-0.1859055787370889 -4.569111388601183
-0.3208319535879855 -4.597793913369782
-0.17866029772631245 -5.200448971775693
-0.35849107494833476 -5.016280586683848
-0.1375545170329699 -4.6060537050387556
-0.20317795595124558 -4.766747105167892
-0.11829194613742938 -4.5516662584168674
-0.2007610287735093 -4.690892200986745
-0.3456823382350359 -4.969377248132599
-0.31247420734966225 -5.254685492050591
-0.29781312500413515 -4.607486775020816
-0.29091165823819676 -4.869332729971752
-0.2986656642147719 -4.627574603328103
-0.14319032723867603 -4.780278510639235
-0.35438485012203685 -4.610786609357431
-0.23065123030119422 -4.71900133940184
-0.3574502815767246 -4.994019519330897
-0.3280336611214295 -4.877047228860247
-0.2081494167586334 -4.81345716314431
-0.21428850062778518 -4.543309332666486
-0.33151986315856175 -5.096147323397697
-0.2831066005111778 -4.802241277642467
-0.24544160043787594 -4.9418712792730615
-0.23032244250985187 -4.79415871090621
-0.15454010452614628 -4.5752679917185715
-0.3549570076884736 -5.021692648550202
-0.10150308024497584 -5.09422265309085
-0.2212477683970614 -5.1126830940643835
-0.3217365007284646 -5.035321190389295
-0.2016436724594813 -4.774567716536352
-0.24502289994947074 -4.6006393241549866
-0.31665235093955146 -5.08596693659007
-0.25938603328396426 -5.2493088221310735
-0.21815998930295089 -5.126502711449497
-0.25158371937509055 -4.61429433824905
-0.35274226766030936 -5.19893585576869
-0.1998099276587559 -4.75911987748932
-0.24367882977212998 -5.2544994654996735
-0.36644287574298706 -4.721716125962244
-0.24463579707429053 -4.6637522912622895
-0.2235399683353272 -5.071058423490489
-0.17093855210410766 -4.736798639097893
-0.3359745873046207 -4.8456979535562485
-0.22635333548702222 -4.877277227520394
-0.15791215384051016 -5.131991041509141
-0.34525152755273486 -5.183235891629912
-0.1631336704272293 -4.871281872542976
-0.3494597745263906 -4.577365511073126
-0.25131137403759213 -4.863641035930094
-0.37709438706768633 -5.032700925966627
-0.13623585753290957 -4.866719279683286
-0.3000049701793552 -4.5847822273808365
-0.21185051302310046 -4.572807193668407
-0.33277402606572026 -5.189437811659828
-0.2896569980643297 -4.978860217818549
-0.396015632194349 -4.837877824831448
-0.3136243477666528 -5.224689893183034
-0.10868843904325592 -5.073735572921776
-0.24013775856245875 -4.709907917468079
-0.39276488207450655 -4.723076508752429
-0.23572155846845305 -4.955183207102997
-0.3390556001279133 -4.963117551248558
-0.20965924908562333 -5.194774051718393
-0.2659381261470335 -4.698063013997722
-0.141301924375616 -5.1316213960066115
-0.27264385980805284 -5.270232483381935
-0.31555203328604003 -4.960364967143644
-0.25948276675702275 -4.641355067813499
-0.26885033892483345 -4.853534529769633
-0.11107262845006993 -5.020224386470778
-0.2887596046349229 -4.736350471454791
-0.14071385985786283 -4.798175299421577
-0.2989044322576352 -5.137678147496005
-0.12556226327800507 -5.228455611719825
-0.3809000757032114 -4.658171953034975
-0.18818859606295996 -4.721825645235167
-0.3259792663915317 -4.542986120924967
-0.3249395601236045 -4.982058438436331
-0.1008758543945531 -4.719263608542573
-0.3799117992672193 -4.6960329832523415
-0.3334123170712361 -5.208487444042854
-0.1502769254161653 -5.208988491596466
-0.36035892836750283 -4.594797471305256
-0.22156886512052887 -4.951058210514448
-0.1052037874668863 -5.143202649786118
-0.3137791211811657 -4.827364133635766
-0.10317082710619019 -4.904888284309743
-0.364170563863907 -4.962797706130847
-0.15865948776365651 -4.563707971086679
-0.2004759120495451 -4.856045006054904
-0.3373708586950268 -4.715227882006829
-0.24657977867651337 -4.626942481505024
-0.186584708874854 -4.831020102337968
-0.37324407088725875 -4.73435038135863
-0.18024595054190506 -4.591394144429353
-0.12820535405101036 -5.261779427326014
-0.32064798192001664 -5.065954046186297
-0.3245565125903276 -4.581750236913943
-0.15901385964359932 -4.552173086246347
-0.3557783183316445 -5.212664271523286
-0.17525453465757201 -4.670542518296243
-0.3034726264940922 -4.735527705599
-0.18063679525115206 -4.742273323767581
-0.37696824861203915 -4.944879951164157
-0.30168658557383005 -4.971717560701407
-0.179536497721846 -4.743923840376384
-0.21827482409369017 -4.980799282973159
-0.24031075157855022 -4.847754003791647
-0.23104725425278366 -4.546027153619161
-0.21823005408843235 -4.749729997716431
-0.23512153537471517 -4.835633219100335
-0.3589992669060367 -4.654579761174395
-0.23714396672084592 -5.201499056847356
-0.12898338806489262 -5.142215711785327
-0.3821554075212775 -4.664176227054238
-0.17085071482118258 -4.744231943330157
-0.20857569717114988 -5.248789232240724
-0.29924495312908983 -4.745901594421831
-0.2380185622430275 -4.557981930622769
-0.17808084496961046 -5.127294761550348
-0.2429143289077469 -4.826443912576694
-0.1374627352302168 -4.613972498201567
-0.10752356761842152 -5.120490151670081
-0.23198538893114148 -5.046044267586348
-0.29042011446120963 -4.953815351497801
-0.22091528968417004 -4.552497629073609
-0.17990822506026083 -4.600562719616651
-0.22626518069470614 -5.2117018230084815
-0.28216475857204926 -4.828143938073131
-0.33816137047411904 -4.7402530957558655
-0.38289489848881314 -5.086079454544938
-0.18385989750949153 -5.037739393716262
-0.2666976990391893 -4.679738815482312
-0.13659830709587378 -4.965039382952966
-0.16749302436062433 -4.7576533648236605
-0.2709183331369929 -4.93637560563638
-0.24292294209278187 -4.645503494844287
-0.21760431254165236 -4.882481222147047
-0.2735790476736878 -4.556542082342
-0.3882264982467997 -4.96870110414184
-0.31971315672262757 -4.86093778757842
-0.2262802973284514 -5.268230228165059
-0.344480667363176 -5.181849994486455
-0.24397070941501606 -4.722937375015039
-0.3068659893186252 -4.919792256869394
-0.2167420869163759 -5.18311820418642
-0.10560727327930208 -5.221128876299641
-0.22384764833865803 -5.129341141853593
-0.3437086628462569 -4.625548384277452
-0.38547139242219025 -4.781492772339703
-0.17206388122986616 -4.923185945038554
-0.2935260032246854 -4.659213093236796
-0.21025294221904245 -5.2667767303032
-0.22235605922650248 -4.740386356862014
-0.22064233585337475 -4.983163831367265
-0.2569025894582802 -4.675869835571296
-0.14916414308309073 -5.031026115974104
-0.2933999904795712 -5.125157566088907
-0.2773998934009697 -4.989703277288729
-0.24456836373142146 -4.747578342582411
-0.3994912703347662 -4.858699146291356
-0.33969857112379626 -4.721166481769565
-0.10338142539086553 -5.24622742255206
-0.3891016623224731 -4.7607983565527565
-0.31811767130705776 -4.980446665734986
-0.2024684833521141 -4.995433108024676
-0.19404136472902603 -5.023862710862055
-0.20206972271703438 -4.528972634008925
-0.14524033549039633 -4.663995332352879
-0.11496249946438558 -5.240142447481485
-0.3812711407696592 -4.926979760009337
-0.38278574422326156 -5.1457860030683555
-0.14067297810022555 -5.20261170424362
-0.12619487921125683 -5.255377928149092
-0.27253889682905796 -5.0142569093203
-0.3686157540639697 -5.181594493871195
-0.38623132893931345 -4.7492406782207315
-0.30093725962273854 -4.8670270422861694
-0.14153980797324367 -5.242907527112673
-0.1553381052932938 -5.027121582700019
-0.2638000107204313 -5.102430964403038
-0.39238306982704546 -5.020240636233629
-0.39716734376927715 -5.219886030932684
-0.10904936309450786 -4.9556621470935305
-0.3424627719054802 -5.140696534024989
-0.1899446249354017 -5.019013518175118
-0.16400350942799735 -4.7711934381706325
-0.1320830357908364 -5.161894323336147
-0.3864825437685064 -5.081648419569636
-0.15895433937502218 -5.0721540923079225
-0.3059208047252613 -4.683318735919094
-0.34674923126860835 -5.231434109896586
-0.23783392325394276 -4.59566706896137
-0.26263159386087864 -5.150411801091457
-0.18377140681456897 -5.124876049473423
-0.24885552192533134 -4.8129327099249535
-0.21196335385075307 -4.791801012561284
-0.34187737079660785 -5.007054184823078
-0.1353058988723143 -4.84516594746779
-0.12411878350218408 -4.900777190304981
-0.2775914241769593 -4.864900640902356
-0.10894786044010563 -4.755831197317734
-0.33362380128927016 -4.7996593982402675
-0.18122731932298575 -4.644226935498109
-0.19724360526299373 -4.690837244308789
-0.37393563150826264 -5.0055452513096
-0.11596728158363079 -5.083473408222145
-0.3361042956846015 -5.101542541632566
-0.2843641920430504 -4.582775587715801
-0.3648397198950068 -5.157118558651097
-0.2550873475270232 -5.112050033117393
-0.11605117376838314 -4.895269261833298
-0.10414257039059399 -4.705033172342583
-0.3492757471837669 -4.968245177489808
-0.25012386024978767 -5.222915286695837
-0.16699080571888492 -4.877982397472167
-0.1414652424956001 -5.26955308871632
-0.1242756664597856 -4.745659305960769
-0.12599773077116755 -4.823372322912998
-0.3661031166229051 -5.223749020068516
-0.2889246128187443 -4.695071176780135
-0.24204604241517966 -4.788923238217281
-0.3971205551622486 -5.080286102344717
-0.15452827875550854 -4.593061968430853
-0.11627820672938716 -4.668367817205966
-0.3669543528949624 -4.763456678932444
-0.22504542438157876 -4.961239743130176
-0.364171492213849 -4.662259818685125
-0.14107611636094147 -4.948797415778922
-0.13485601579007878 -5.198389873874717
-0.1169007454639796 -4.836735469895405
-0.2535864395777353 -4.816862181943569
-0.17952340297527125 -4.774451676247012
-0.1870172549394608 -4.919842361900069
-0.28764155645622025 -5.018480840863617
-0.3201737796868655 -5.119171150040398
-0.3174166745086885 -4.8741826837108775
-0.288571938882732 -5.187372561705067
-0.18276275994236355 -5.19989726219452
-0.32112442303379196 -4.941761913710911
-0.32192190482263966 -4.740703692505348
-0.19610923143949266 -5.1862599275505055
-0.32344178265620227 -5.140299594883982
-0.10664631965252719 -5.0858503620979
-0.37262815227751855 -4.784696353194231
-0.27241002471434345 -4.635756139055934
-0.31233017815467046 -4.733790924483718
-0.37991952789260275 -4.995984173964118
-0.20472699475836173 -4.68481681167124
-0.29260095887079146 -4.97164616429446
-0.253928993880588 -5.000391888636466
-0.35490783179279567 -4.682441184250441
-0.3727281415654392 -4.973370124998967
-0.23973372698601159 -4.819414722494801
-0.36174359478260243 -5.046983565403544
-0.22881503835865522 -5.078162802142954
-0.18555960221154857 -4.651083947879827
-0.2713130643917492 -5.2202995302414905
-0.16919764690473185 -4.936063193174823
-0.23114109409375877 -4.6129999869065035
-0.336907045561878 -4.9117452262851105
-0.38534975267463406 -5.207702182797202
-0.30565685808103993 -5.166233171818931
-0.27084127596999286 -5.129105555128161
-0.382552309405121 -4.85761822078567
-0.21627485131892976 -5.270627629903834
-0.38338116575747666 -4.834631495275623
-0.27917012814447467 -4.559114641035641
-0.2667148618415991 -4.869692853658202
-0.33763441176666975 -4.663413738349654
-0.16625873219882092 -4.696206391331621
-0.3839146654407405 -4.684950385511761
-0.3621178793045673 -4.721283214994523
-0.1604955307441106 -5.196670585130057
-0.37845176977377354 -5.088107948970628
-0.2729588779710741 -5.078265684566445
-0.15992355530402114 -4.965616021021254
-0.11103575750436584 -5.062345581243176
-0.39352109575225 -5.249539969371022
-0.31606482335356145 -4.811373375652249
-0.2856608582868243 -5.050217623832811
-0.34485007149163494 -5.212656065606107
-0.11618940214016843 -4.741917253864265
-0.31830925178717095 -5.261042067920599
-0.19801942297276012 -4.57713972885671
-0.20754749852505122 -5.147812533566028
-0.1701228471438154 -4.696151904529469
-0.19572051883686256 -5.107464383888901
-0.26454803688590645 -5.2048646854077285
-0.36757666607410655 -4.791906805000987
-0.2901081707142897 -4.728362444203125
-0.1414439506807712 -4.595719341383821
-0.17439789064895453 -5.269240001444666
-0.20619513030219064 -4.809889903914311
-0.29142712105838087 -4.697704202352468
-0.3511539573972525 -4.597343144281977
-0.18460305626256515 -4.8607216896266285
-0.2174395038209863 -5.156319124073506
-0.34224398131932526 -4.917415199883871
-0.2480206533429977 -4.800687613470404
-0.18488798410734233 -4.976496494152224
-0.32386118981191075 -4.80973482703933
-0.10624768962308578 -4.528741721764766
-0.31120231546877664 -4.592151924818989
-0.17924645920172821 -4.6511197186494195
-0.38760920094050805 -4.6286117346931
-0.1612191741079935 -5.236654771248633
-0.28103690638435597 -5.092692124305216
-0.3107416300175906 -4.892607779119557
-0.26069211768547007 -5.006457542273516
-0.16409556262099922 -4.9793650086639225
-0.3678944543729235 -4.980163350377502
-0.38297551270612956 -5.064981108620297
-0.33609726489163977 -4.8770954328726335
-0.17096599419250985 -4.895654045270312
-0.37561771828030244 -4.72703541196527
-0.27176076363295837 -5.060180039498732
-0.27576310868704734 -5.27234106615516
-0.3398834668778407 -4.6601092427763655
-0.16685735525432532 -4.640262394521234
-0.13684769410401615 -5.158808202242916
-0.35530037500476813 -4.587901002342005
-0.10512036398072905 -5.167672321426962
-0.1935227135834578 -4.8978684721694625
-0.38815789953371244 -5.0979772537723145
-0.3068057350297351 -4.642805336742308
-0.1480234510206696 -5.061749539092484
-0.35436166093490484 -5.003522992800847
-0.1273621247662885 -4.5795077413023515
-0.3775801044382415 -4.688948255491768
-0.2879787232002608 -5.192976609465578
-0.26395112767930956 -4.763128887124708
-0.1621031751151242 -4.686493215989119
-0.27625208845949534 -5.256355014637223
-0.10303934628262396 -5.105224686323599
-0.14768213549121056 -4.69532034866032
-0.2814024238987619 -5.108043800245666
-0.2429398139066238 -4.671566954836283
-0.18106384380741322 -5.185399052874403
-0.3028906604567921 -4.756213568266727
-0.2612868129130282 -4.590993840070963
-0.35925939460184886 -4.685441404846174
-0.24042153034385205 -5.082327349869398
-0.3519011968984395 -4.6509455621837175
-0.17895644977797343 -5.0586359586671445
-0.1521008946648686 -5.162288583865772
-0.21517475478292608 -4.719751414317216
-0.34997816033936957 -4.726872802646877
-0.3930115167113286 -5.036507820133775
-0.2647156896054672 -4.560587096241718
-0.364389820502991 -4.778443144937761
-0.2583570623162218 -5.136519353858655
-0.3663866007638897 -4.6012864884134785
-0.12001526167277216 -4.583456283301281
-0.2334739788940873 -4.701210264084515
-0.2495415868972799 -4.946643391873678
-0.10564270791628033 -4.568547807749164
-0.13364332368741483 -5.146763311858481
-0.29406983374369045 -5.1401643427945185
-0.3170738001707802 -4.539431471561073
-0.3726723765426323 -4.730856214464566
-0.2146971859982306 -5.1012782023384196
-0.267505553554226 -4.7386021884529885
-0.16094368307516713 -5.187670697012595
-0.23648800056151428 -4.945527959412498
-0.20611002402419434 -4.70328830199911
-0.1626579278197102 -4.624144108087078
-0.2528485995410905 -5.067459424751123
-0.1519403492939051 -4.568799281655781
-0.14694387156277966 -4.55598014540879
-0.14815439019480237 -4.858837996752145
-0.2581225102893995 -4.56632618976922
-0.3232709595871176 -5.029172509130736
-0.13541230737922533 -4.907596712699288
-0.18981737746490074 -5.089953501003233
-0.14519925692482955 -4.529317674388113
-0.10001708432581474 -5.095656510292775
-0.21460462742119182 -5.2189440450522735
-0.389452678981847 -4.5903989841485755
-0.3064020689198626 -4.90668002554926
-0.24458371339081397 -4.740589925966218
-0.3218816287596816 -4.736687502134513
-0.21353321474303347 -5.146081858555429
-0.1758692319251293 -4.765020499078508
-0.37029477801016103 -5.080117141974205
-0.26809355778545285 -4.708245832184018
-0.32661324570102207 -4.752649476337887
-0.2775517009451039 -4.760735388302942
-0.3083632611184116 -4.899853441940802
-0.12306205898471811 -4.606424794249999
-0.3237615222099751 -4.551201979725537
-0.34955474457395563 -4.600137977251029
-0.296098136787622 -4.733054153281374
-0.16206772430133665 -4.705844615642211
-0.1697997637184896 -5.246081524071713
-0.3894018613559649 -5.21668898945695
-0.22580647410128044 -5.105871113024312
-0.12823180106726884 -5.252055197716608
-0.26046941958317193 -5.2312789568254665
-0.17255820667753374 -5.238355465654903
-0.3270129133952679 -5.240329684566512
-0.2272728422910379 -4.535059735595876
-0.35836592011518803 -4.899587634242819
-0.3084567096423447 -5.067208264926563
-0.24408381620277259 -5.216349674423636
-0.3673998478862756 -4.76909756080577
-0.389255590644554 -5.137779568470454
-0.3721279750340254 -4.782761868436499
-0.272930131552269 -5.1844957368626865
-0.31309256943593833 -5.001668410715306
-0.3320181004713568 -4.959225179004798
-0.3565298397740736 -5.158576536013447
-0.22536208714135192 -4.71060994413052
-0.3543862745874372 -4.611161751728373
-0.24369513612828264 -4.77114400857446
-0.39801883788650494 -4.797242032307692
-0.2799925203143484 -5.2781964213221615
-0.3493619692889039 -4.901809813404432
-0.28147802750746437 -4.66061947343581
-0.12189171013859795 -5.2371605373718015
-0.1329664422215795 -5.200152759655123
-0.11590651134241842 -4.74928448897132
-0.3528139726357111 -4.796146377303265
-0.23469351707984826 -5.061552749108162
-0.11660509664439045 -4.781426374713752
-0.3200762454759357 -4.755985805095891
-0.18294018526478806 -4.761685057003679
-0.12722783322798537 -4.690412295121786
-0.312815701230989 -4.805556148302886
-0.15382244434518907 -4.5733845124539
-0.3009172476006494 -4.949457548669641
-0.22539289032834406 -4.541303063592242
-0.2276370013917315 -5.219206146182908
-0.23560356397008417 -5.067467087115332
-0.1923337258584101 -5.260689534075234
-0.15590963510268477 -5.236671025382922
-0.23451867303809643 -4.731468031649744
-0.1723912008108083 -5.242009028688027
-0.1444775366513984 -4.712854153820559
-0.19358492112844689 -4.694254052627148
-0.17906420887712457 -4.645061785606969
-0.10815704693356687 -4.5884564268366645
-0.2508154608605254 -5.221319417750816
-0.24337444876173547 -5.191357214197192
-0.28749529897628723 -4.934597773415686
-0.31951020669983865 -5.159484800021152
-0.20290107301983282 -5.083032286158189
-0.2718576118054412 -5.200317566988241
-0.2274323826878269 -5.1517207408225145
-0.2684113568832818 -5.007240207526011
-0.33238342006033894 -5.039866449587553
-0.16343707029059698 -5.261906734355521
-0.21012628469141997 -5.052665753422847
-0.1597725290831978 -4.816515701840816
-0.3844998615653174 -4.684760811943278
-0.15674403450129387 -4.618892353452266
-0.30822957444909427 -5.111203538399031
-0.24121301788078997 -4.80954809293165
-0.2377208454602555 -4.538171011571201
-0.17524269119590857 -4.942006487700246
-0.15956347338622026 -4.690431038181658
-0.16686770131647805 -5.040024179065927
-0.39068280839181907 -4.94976553144584
-0.11360759273006826 -5.027407192083843
-0.19315453959436413 -4.538573177313749
-0.26486834722594843 -5.163248192811468
-0.20621480057618846 -5.062753151834692
-0.3602963115737906 -5.206850265983668
-0.16280621971446102 -4.978144422651974
-0.23023067048158752 -4.995099245892395
-0.14201042821685828 -4.697164527011653
-0.23723328585940878 -4.8711144593953986
-0.1103590882052169 -4.773444991864805
-0.22569843249525492 -5.1375460234937975
-0.3862559330710795 -5.179697833428296
-0.321192457314006 -4.573551729315286
-0.10606451557390556 -4.907309166078291
-0.35564883880514486 -5.0981837741576745
-0.10639277298554523 -4.817401879325999
-0.19980301911907009 -4.89640979868658
-0.32111441790258954 -5.272858206374816
-0.10975646168528636 -4.710561096978023
-0.21284079703757697 -4.754614843123197
-0.33975170957797907 -4.532116362137474
-0.2616183822822693 -4.538817929468721
-0.2504476570480778 -4.574027288066475
-0.34565941255383903 -4.926496650529578
-0.23487161359427397 -4.723518212107317
-0.15693701949436367 -5.0748297648199445
-0.3909970879322994 -4.768484267017858
-0.21385580305095822 -4.718243899772987
-0.244536706985591 -5.199208189005783
-0.12882547344329776 -4.741836476897761
-0.3870187747416381 -5.131456853573297
-0.3849506981080505 -4.918771225749757
-0.23224191077587136 -4.624807358905218
-0.19090103215882895 -4.94801436183152
-0.38339204916190367 -4.646349037000789
-0.29941339720319143 -4.578881390218134
-0.11209660195842297 -4.9379833759322755
-0.30016228669364814 -5.2473109381353495
-0.3552286656257769 -4.624130227179295
-0.15300547693915695 -4.746995158902163
-0.18786827390477148 -4.922837010639054
-0.34211836474858487 -4.573877677836664
-0.11283369275096289 -4.572738072837573
-0.19252241402118409 -4.679976408975373
-0.34158589280523977 -5.243534025077712
-0.1606666309379079 -4.563726980557055
-0.2282542704021097 -4.784254026210721
-0.21659001195334876 -5.18018946744759
-0.23352843351322622 -4.906004304382536
-0.21935954363387775 -5.132459999073438
-0.3432833473323435 -4.670215467920911
-0.19416777070021993 -4.7391148511971055
-0.3439907564063856 -5.04600317689434
-0.27059842025091574 -5.1969384017891445
-0.39421977598556307 -4.79651698436765
-0.27962807049897476 -4.652260677644143
-0.2730886419635282 -4.860351030445239
-0.2697655388124397 -5.231910856146917
-0.3386673422166295 -4.621006860481664
-0.37128714486235276 -4.584543346898312
-0.2436439185973978 -5.067378126540053
-0.27574787630826575 -4.697939382760108
-0.26051030191745195 -5.019445692142631
-0.2796517503850805 -4.836511395470069
-0.10425756850130025 -4.699545044004651
-0.1862081739664045 -5.078842737243225
-0.3452965013330188 -4.750408662015663
-0.1631674295400927 -4.72372323919868
-0.2788488209536071 -4.629378896698628
-0.3667101991002719 -5.068860158339565
-0.2245762316780491 -5.014082424123279
-0.3999739328423062 -4.834953915709219
-0.254729579932946 -4.908455885515036
-0.22601602911380028 -5.201134800332488
-0.30631230704854356 -5.207374210924453
-0.20929846277819186 -4.598239494589454
-0.2868590932019933 -4.533603427182016
-0.26761457374373054 -4.641515200355704
-0.15485626143431355 -5.117740965947111
-0.1456915834630204 -4.712814383969112
-0.23539948479140754 -5.047419131849386
-0.2882980157300728 -4.688899301383685
-0.34377589642501266 -5.18766962504761
-0.31338977522671374 -5.154292869251132
-0.17362268897530134 -4.554566472540217
-0.2058192371728494 -4.639010301553929
-0.15724544025419115 -5.23029933049424
-0.2779336788023023 -4.888482493374399
-0.3382439166954757 -5.180844589972468
-0.1744419755438994 -5.129633580740718
-0.1844866231465588 -5.111430630202634
-0.3148123731916877 -4.5297713396186206
-0.3341760020239506 -5.221737497559922
-0.3567070455306247 -4.910612218529262
-0.23020420741614858 -4.727247884507686
-0.24928478136246246 -5.007705888756401
-0.11229639722034124 -5.142997793262118
-0.32004711075913006 -5.195151643746046
-0.23210266287742054 -4.816174997239934
-0.2188809011689664 -5.216762963763931
-0.2990510939403862 -4.6731797262556
-0.35124975161978 -5.153297327355237
-0.31821321405083236 -5.160116962982533
-0.2288552844108253 -4.696442091829066
-0.1813293143274969 -5.260749510164072
-0.29138935587137355 -4.805921968083954
-0.1192071271244956 -4.852155853292827
-0.3538911565395398 -4.928832692154749
-0.13194425677174904 -4.639622789594627
-0.3714284169063419 -4.660396584724101
-0.29741136474933083 -5.101549648572139
-0.1976922970928718 -4.724206465249832
-0.1407223161481299 -4.553503790197564
-0.10100419828295187 -5.138985886892023
-0.10588270675184275 -4.847031267575117
-0.3303292345756911 -4.910979788379922
-0.16562202790165015 -5.016568057817861
-0.3649319103050057 -5.201328532251219
-0.14925351831023848 -4.707561344962161
-0.17316584961598697 -4.85844190412305
-0.3273061760831183 -4.766693447085455
-0.2772393362108645 -5.23106533896003
-0.33728719134329543 -5.143357609614935
-0.3466621265182185 -4.938601663814341
-0.28867468451445033 -4.885101479567725
-0.38609815151895593 -5.118726587276451
-0.2613932050738425 -4.86848240958238
-0.3631962583406204 -4.80375398836928
-0.2953382397684563 -4.550069930485493
-0.13297426238684268 -4.648184561396862
-0.12533251049282218 -4.873801830249315
-0.38417500087107487 -4.832665337569718
-0.3806991283610642 -5.04662348018066
-0.12929962664611744 -5.018260073545196
-0.34510857382744625 -4.693464067134029
-0.3612729023738645 -5.054210781567792
-0.30283649520884354 -5.039310802717099
-0.20514711635941213 -4.876093092749661
-0.2441071426502972 -4.8692801170224635
-0.2337461082430006 -4.5588619817355385
-0.16925864441494978 -5.205180347878493
-0.26004038799169216 -4.57219619301972
-0.28102041447950427 -5.008100831563735
-0.3275880976099845 -5.234499506435636
-0.29024146009212926 -4.609777414385245
-0.18763926738426423 -5.272738012090679
-0.10795124156495184 -4.605711657650142
-0.16472426551540462 -4.987227810127955
-0.3905590604261407 -4.795455949496748
-0.1922361467962674 -5.096259979757701
-0.14064247219283782 -4.700514653667774
-0.39232092263875035 -4.650404166349505
-0.37185473586442985 -4.990966234813006
-0.12126604612577252 -5.040015466584068
-0.2569591795718693 -4.664022044060922
-0.2732398742228327 -4.917564609559484
-0.11694823135624605 -5.261165549787647
-0.3745756382328103 -4.665739325080995
-0.170236143766612 -5.06932365287944
-0.2898412642907575 -5.183498573684665
-0.18182979734454183 -4.578037388692948
-0.36170260595168713 -5.260515444866906
-0.3186761451134994 -4.703131141484244
-0.11269215233082708 -5.223511268332199
-0.13122763982573266 -4.942865744370249
-0.2032817550013604 -5.275988407950543
-0.1233964950740078 -5.067147101938767
-0.3997724661298562 -5.042532726972039
-0.3818327729405927 -5.157485056562991
-0.2580988459892687 -5.085242386713489
-0.13022675399489836 -5.086547515596643
-0.12953746342470296 -4.56184061181704
-0.23562034301716508 -5.273308668559218
-0.12989699798084597 -5.170817562688065
-0.12926552011545678 -4.766342126731966
-0.3162699286415104 -4.641712639921099
-0.20193372975771942 -5.176374448604192
-0.10552384952211319 -4.979616035451867
-0.3099063917542184 -4.628024378597365
-0.15901045331789102 -4.944057340352517
-0.19157989058816038 -5.066391658354698
-0.3070663873883637 -4.656953476927171
-0.3263451206194931 -5.238272963407565
-0.30298874646797247 -4.7014931601426895
-0.2767834249982203 -5.251777588992551
-0.38445475959408953 -4.923794454731889
-0.1509243047243942 -5.237037318318464
-0.1244270964176365 -4.556043403413877
-0.2569952394114762 -4.835724717801281
-0.274659835874829 -5.041285141802786
-0.27303450418055086 -5.164454726010045
-0.2729753852325939 -4.742987017802339
-0.3096256973865116 -4.951622062066659
-0.3413327132004973 -4.78245464390191
-0.21347729102746546 -5.102256828221266
-0.29533325721709225 -4.945234252747096
-0.15473767992631599 -4.868069697637935
-0.34589511950813695 -4.784330249512382
-0.25330995480596075 -4.789844198757898
-0.2066123178175386 -4.94669629866788
-0.25796502236835506 -5.244468227309215
-0.24184506147113752 -4.655361672463337
-0.13465599243169202 -4.559137614566049
-0.3979284834229614 -4.6166730596126335
-0.26074769329070213 -4.83049810551213
-0.3030134243980638 -4.7580988529540855
-0.1952938463844513 -4.903518977681244
-0.11119961112046378 -4.8932247397395985
-0.14084348662590468 -4.938983356961258
-0.28643237674562166 -5.24116637108602
-0.22572052456373135 -4.864395783307242
-0.33579069416108775 -4.834659993594461
-0.1725600235777168 -4.681575161957579
-0.31424779965203287 -4.580558483572822
-0.10132953461266286 -4.720026550538356
-0.3864270120325663 -5.251736493849515
-0.22458583565764303 -5.114131259905032
-0.10495373357067972 -4.634124044168133
-0.19152926794680433 -5.10470506982501
-0.11093412934940927 -5.0994484540616405
-0.2901148284779386 -5.22153504378364
-0.18611840124188506 -5.188817725845337
-0.2760435001729127 -4.9029562300301235
-0.34820463481836433 -5.201291215962504
-0.28954682904027784 -4.6552744901947385
-0.1387221151300258 -4.709106559977061
-0.3466205166673575 -5.179590453420792
-0.14581794797785974 -4.821317897401795
-0.1725107317038275 -5.191302213683117
-0.2120956945626512 -5.2191390776900075
-0.3305525263678944 -5.26459108786025
-0.20368254640353492 -5.197199751270221
-0.25336538460975033 -4.605348805252915
-0.13661639712373808 -5.253742141291275
-0.17699700820902395 -4.996267505756779
-0.12360667754946292 -5.189064723121501
-0.3882391726858897 -5.195050499844326
-0.3318656670300802 -4.977920017443056
-0.2473809234095581 -4.94531216995185
-0.16813744981835518 -5.041233556933617
-0.3198878234688184 -5.008067001969347
-0.3615084292521718 -4.543246075695468
-0.3767918898516825 -4.862192262644244
-0.19177650001052157 -4.856544189870041
-0.34433655191075674 -5.023024858872916
-0.1831257680786602 -5.207729012550041
-0.17227606315116487 -5.212124173266906
-0.2621286399877567 -4.6713354927733475
-0.2799110109554279 -4.760240203732207
-0.2952288592035914 -5.12502832717502
-0.1340123386808692 -5.2082845189913
-0.1507474365484074 -4.574209150464528
-0.17956293332868573 -5.23106886115937
-0.34166670571304847 -5.2119450035305
-0.37151230014476955 -5.000624487668778
-0.32051922824510504 -4.887464831336475
-0.2912296338339755 -4.88900383168204
-0.13251261810735254 -5.171399111310174
-0.37132222920053826 -5.152041254982673
-0.1829807592747814 -4.820413375497062
-0.1892130721312867 -4.615899443376374
-0.33776514323989304 -4.976410790943719
-0.25266250680944846 -4.799909626149476
-0.21925917604635783 -4.983509555941599
-0.3722389126860165 -5.03849415166602
-0.326184212449274 -4.903788048150421
-0.20744699162126123 -4.658495134487906
-0.2674156841163333 -5.060318453983781
-0.3447914460683388 -4.989683377309419
-0.22148049825089008 -4.810163851551041
-0.33715232525163963 -5.156591587115846
-0.18872669722942734 -4.97020632300072
-0.19744885511939933 -4.984787852957389
-0.2706206615329423 -4.922648397791078
-0.3965341315522676 -5.1005354174532656
-0.2250033205784503 -4.864411704159063
-0.36681339432637333 -4.85374309540361
-0.20925739671446367 -4.685837539067052
-0.14928400738890957 -4.974934058072816
-0.17040899590262296 -4.947794488806576
-0.34087965022630745 -4.787869538700326
-0.1379140929757609 -5.2038869073195615
-0.38482292541769214 -4.87000891861528
-0.37092762682073177 -4.69793450519677
-0.37252975412546085 -5.1222347901444945
-0.268645215550603 -4.851952337034539
-0.3728567122651768 -4.975069122521283
-0.10429060557415065 -5.163972921234175
-0.20969912980888214 -4.589628729545384
-0.38221678536868836 -5.193801424620482
-0.2970453901244085 -5.18614343156895
-0.1431921516803995 -5.1494400282739585
-0.39931615160211315 -4.915373117735817
-0.39456236146155876 -5.114989421066638
-0.11505247616053477 -4.693923877458046
-0.10580210418787933 -4.676283737903237
-0.1300488142559561 -5.243312671061389
-0.20767161177288243 -5.08445746164691
-0.29995374071613984 -5.0912294789666745
-0.2202782256905943 -5.004272901727499
-0.3765638855327578 -4.54469899036876
-0.1558922743489859 -4.713527181174104
-0.10387286130221263 -4.819217994622665
-0.15066465801734996 -4.569639397898689
-0.2815521508207461 -5.241425286019328
-0.3648374761322256 -4.6158201419074985
-0.3675323479868243 -5.049517532237758
-0.20323668761656818 -4.527971338944517
-0.26701880632388725 -4.707907072214993
-0.3473061901097812 -4.8758134713611625
-0.2463906425418202 -5.222036010528041
-0.13720573804427433 -5.031404900556242
-0.2660583498933099 -4.913877833095092
-0.20564782397043954 -5.07330382171696
-0.3141506274279282 -4.9711151721808005
-0.3499373871638919 -4.640276290601493
-0.3944588740121446 -4.572260761387118
-0.21370003048659109 -4.8277265394810325
-0.14849016357668904 -5.081034025769863
-0.1656290042425026 -4.67934829501625
-0.15872957037262936 -5.1128511206342795
-0.24883505645580167 -4.832476047158647
-0.1356827075615597 -4.656290284669573
-0.21894577317726624 -4.616421135545233
-0.32151350940200896 -5.209043120912935
-0.3267746585196585 -5.26991872695984
-0.34076005121244923 -5.142043790857103
-0.2876013081401194 -4.923694507447122
-0.1283556129340983 -4.615138321561021
-0.24012297049132414 -5.041652635353009
-0.2696798857708585 -4.589766943618149
-0.3820117086308893 -4.796139216493338
-0.17906925976642174 -4.6183915432660445
-0.2707277705014609 -5.030978065748687
-0.34667989626325263 -4.81581951117392
-0.1831342233645305 -4.917134757644429
-0.2984978762978325 -5.0164612566160685

0.10423876462698892 1.6482972259289463
0.0822450210444916 1.234780604028258
0.09998585694894864 1.5105650804399877
0.14192024479351995 1.5635604290893212
0.09347476230544507 1.356651512337118
0.11083686100092245 1.3895045394378598
0.11601282862339364 1.2556755711445513
0.11349567816227991 1.529397190530938
0.08297723109556068 1.2633946849160702
0.10550768294871654 1.947801577672641
0.15280300277127806 1.5092800769067016
0.15125560281981715 1.7688044511246488
0.1325061537671638 1.6541579649742522
0.13350896184668998 1.4436938424622079
0.13164053384385155 1.5056714081636493
0.1523784914684514 1.2175931057907892
0.07480415387935392 1.8857543190377977
0.0630086004840936 1.8297425800036804
0.06689539121715535 1.6716235885896618
0.07350642983205871 1.6720174627784496
0.15140350393529275 1.7271281638285085
0.07291927640335963 1.2083065200396608
0.14639635764036013 1.3679231500356566
0.09678973687668554 1.4143336927486945
0.104264796650655 1.2477443940110742
0.13062526481376951 1.4477299599104299
0.15772345200240398 1.4415008868949162
0.1482367563442232 1.7621821587616942
0.12434399042636719 1.2820341859759365
0.11019825681614578 1.6303602558893537
0.1571743725846584 1.8323248857964805
0.11789852806736062 1.7597644166070645
0.09042934495655733 1.892506400513887
0.10450630214875453 1.6719635894875244
0.1253142548285629 1.9484848269272739
0.14713496483347077 1.2672718472201734
0.0945958282964234 1.5261592658684062
0.11770842304363091 1.2340923338860452
0.12772378620057775 1.6895949402640318
0.12231108869661053 1.6272928297400322
0.07577565291303426 1.6260325114524021
0.09626712155574452 1.7468047654037697
0.15853417382552992 1.5780593002301468
0.146600544873336 1.3738705169360637
0.131934423672531 1.3264396154511726
0.15168219143562894 1.4363867328885767
0.06593551032247243 1.2146651198654077
0.12108774374453692 1.3624903393159784
0.10970866430667889 1.599453998639175
0.14136451207073997 1.2219576191780175
0.12607288612314926 1.9011317233004097
0.11648119825241393 1.2901797825027952
0.12169577849755493 1.5191185789445483
0.10759010976845669 1.9547305503322645
0.1523669605764641 1.9006533518574946
0.11022325728213597 1.5902734675610026
0.11499921975894767 1.5291204031949914
0.10715497839287019 1.7100021291293164
0.0979692734798932 1.3084128561917427
0.11031064740905058 1.7054991748829624
0.1412680653721559 1.744342400088099
0.08288797670075684 1.8229139825367264
0.10682723225949722 1.2787117981496197
0.09457778672879641 1.7881655498890572
0.15362673906648855 1.7075572678775996
0.10964013844740747 1.2739649705020064
0.07165025944902209 1.585215871992354
0.1361221745087659 1.290844258398984
0.06197852326323866 1.7789874473104668
0.15610644784844352 1.8681359885349016
0.11115726588974939 1.4646295190162442
0.07042074127779147 1.777182185054711
0.06823486773635316 1.9606643116857914
0.09943427266915908 1.746009005612533
0.06334143950481272 1.3714718793127239
0.14843766968982397 1.6678153461335885
0.12763498292891107 1.4532552916459145
0.14109701009067227 1.7888227108430261
0.07138151386702415 1.9601893052856234
0.07288361010012494 1.975153793025154
0.10816647843597178 1.8890063308186404
0.14823678827350628 1.2868871926359575
0.07757483495079567 1.519243698079814
0.08441147913704808 1.5018982701927832
0.14375320982844614 1.4645008230807275
0.13479131355692747 1.9429437815183253
0.09047084962495885 1.6063362764021714
0.06143763375809815 1.240673990397451
0.14785788323449295 1.998593303090599
0.06362667238901751 1.7830740595697203
0.06501199494507112 1.802949760076133
0.10772178987829625 1.5847470561465609
0.13782094304875658 1.791936132504088
0.1507586612622917 1.843231686631434
0.15739482177887343 1.6636016507780789
0.14390247984055626 1.7327556464872593
0.1479707675264147 1.560527873723148
0.15309100843717316 1.6358509789238114
0.12246004106425268 1.3447449969270246
0.09748231323898929 1.7602490664966144
0.14695747732578684 1.3622022679410055
0.13406948852359785 1.7312730818344915
0.14223078866086095 1.6795413488081485
0.09097445668071343 1.4236539247463988
0.10064799039981481 1.9013095455239504
0.10792923122448703 1.4109414823041477
0.13016635889051326 1.2732391483145302
0.13892552935740884 1.4556049565925258
0.0986314583742455 1.9992614634091852
0.1306949536996761 1.655361688641948
0.10971850684110802 1.8662389512531268
0.07198586747663453 1.5567200848019618
0.07497621797098517 1.9199097690553826
0.10270090918048594 1.946848914803657
0.1593820553462945 1.9788145973618658
0.07773453359208446 1.3671520650675548
0.07599719588557538 1.3803695170168209
0.0908892864817078 1.891877206945316
0.10378133701664854 1.9806443323416012
0.1435424718385322 1.296791294722737
0.15843998952288196 1.5196582052446006
0.07783988760769374 1.8438257912061373
0.12548358129747755 1.725955048299947
0.1585512617618383 1.7759108554631744
0.12422883095726271 1.6234985351318922
0.12492356260176986 1.2382728508926106
0.12437540706915938 1.8455067803637666
0.11973368091022049 1.6473004614427553
0.15282771566948458 1.993400505760726
0.15549877347139496 1.287086668097008
0.11116389574553584 1.5244578053068354
0.14064686258286935 1.8941359083013445
0.10532469352349152 1.2489872900953907
0.060429214119536875 1.9677931791685463
0.08936562445436631 1.5146059926390134
0.11554097474989085 1.3322019436833432
0.14431303978656368 1.9237989447910402
0.11718523412076377 1.8870381651988348
0.06705245271975066 1.3104920989372868
0.15763011906377752 1.9142781683716463
0.09252095558684292 1.5989951631435695
0.06656000939360318 1.899378946241378
0.1306070779206217 1.9728670258714418
0.14406872371551327 1.5460293665479747
0.0885950576010838 1.5893482546905764
0.07938614273266675 1.3009150737390685
0.13640663583242113 1.5053929986513976
0.13947582042826828 1.636486401073637
0.11902872821033351 1.931642195645426
0.13906837342038136 1.4243398273599555
0.078589421173713 1.412730315471339
0.08436087662033621 1.8714869498551407
0.15072763357763747 1.35316910606389
0.1374347722589681 1.4636567453292755
0.13271964483594745 1.75491785896192
0.06224040338065547 1.6431035279507604
0.09364505837508319 1.9438072629912733
0.1471294265280845 1.545010929623107
0.1271419218051696 1.7249909889695654
0.15310306013817498 1.9791880126830552
0.1244018911933945 1.9852320505648948
0.06309820348506909 1.4551663931720742
0.11214118102735385 1.8215677837382653
0.070578830549007 1.8387084335206716
0.07075838243450759 1.3529536128149189
0.10754006119451881 1.6932637534529367
0.15240480987806576 1.201548671055903
0.07316419742111882 1.6032955270760514
0.11099552006805255 1.6062820863796703
0.11574988947150741 1.7356690632563918
0.12915413039855017 1.839788842091009
0.1183892991220111 1.708211100315181
0.08385766155413293 1.3707971508577577
0.08538237585638744 1.4430848416505067
0.09797470475688491 1.552701240446712
0.1498323724283126 1.5501203586353716
0.09070501730711053 1.342913695520051
0.10216101206631135 1.7550476122137653
0.08226748735717096 1.2004320983101817
0.12651107735591366 1.2260553539304324
0.08802317568969928 1.4870022640853247
0.10832551892867082 1.9777732697930017
0.07951561202167998 1.747461214112795
0.10051521126883203 1.3141826290675573
0.1197369534663181 1.6306469251955655
0.08434332469880347 1.4461432637798297
0.15874407128504225 1.3617656576534827
0.10152141737888065 1.9476075467889362
0.09292053735737485 1.8891331458236995
0.08708886782150518 1.2718555334079593
0.062025697830299306 1.2035675257281018
0.0794670135839094 1.229166053889512
0.13972807172605783 1.6494786971418878
0.10469120897936787 1.8680030610209364
0.14708564633811946 1.637250616505352
0.12943835671405227 1.7680937005996626
0.12713426074570117 1.7619702348746236
0.09372154402562402 1.919048208978067
0.15656942463622278 1.4188915901348786
0.06052207938857449 1.4954625594460205
