10 200 80

0.9487539159671665 1
0.3301650915742005 1
0.5394447861850125 1
0.44345764782277153 1
0.0850775250575132 1
0.9428781894810209 1
0.1221373227768181 1
0.6356406433211665 1
0.6206614999469762 1
0.8282763878607643 1

-0.27324707370198464 -4.917804489116885
-0.3300520990976308 -5.1063125736168695
-0.26701486722466683 -4.925741416988534
-0.18634311753968513 -4.586622579796066
-0.16361444952580084 -4.956627572349659
-0.2902938163787762 -4.721654931216309
-0.11680756439988271 -5.082745584700917
-0.34968531549059767 -4.873374632753309
-0.14634160453741546 -4.668547853171437
-0.17353534908459722 -4.579209357657504
-0.34951313314436866 -5.090522596329531
-0.2687464327997927 -5.1753129609589905
-0.3701589325986743 -5.225256906654687
-0.3846209468978227 -4.5397563251004325
-0.1540282424673524 -4.546944901001673
-0.23079749026663207 -5.268433838999648
-0.28560988823805844 -4.6146674919591515
-0.27338122901918516 -4.908580453565328
-0.1280336609626913 -4.816176261378367
-0.3629120498999005 -4.757420964678222
-0.19737075602187554 -4.605294006459907
-0.37624526233987055 -4.947742069439909
-0.29978606544868425 -5.082212083766436
-0.2807255747536015 -4.898723721758021
-0.13056185741154847 -5.179003137478059
-0.1118630468193223 -4.804809922683358
-0.18458379717865514 -4.6928581384185115
-0.28921752180405574 -4.608726047418608
-0.21929091654260452 -4.885385535376747
-0.3515643419401355 -5.049701067956576
-0.3015568796766759 -5.227259627838255
-0.23462910752513086 -4.79229539771313
-0.38867775249465725 -4.634611434872059
-0.2193522036947712 -5.076219491195237
-0.21392462631167425 -5.0133787153193605
-0.38589375984216184 -5.107483297734927
-0.14088148550921598 -5.121636250803064
-0.13779163250278637 -4.802864994560533
-0.21010902713450605 -5.154268129260499
-0.28815432713551176 -5.105976012820224
-0.2795702274471082 -5.116621613766154
-0.14952202159848865 -4.879611111027202
-0.39409604777314633 -4.774010257499572
-0.12833929725658466 -4.9159816079255485
-0.31880284378477847 -5.027409575598327
-0.2365819395981043 -4.795793964777667
-0.22269752803425655 -5.006741878149393
-0.3390855186485263 -4.709786107161247
-0.2130900036413752 -5.1569134821356934
-0.16465325358773825 -5.122481260851038
-0.11292331334099692 -4.701109391633699
-0.3248081556446231 -5.035341328621683
-0.11601293402742774 -5.20963828342905
-0.1356561981223685 -4.776600755831386
-0.13485229170572433 -5.157522562606389
-0.3832558286374305 -5.083637878988956
-0.28924263473730594 -5.20736027966653
-0.21009207146163053 -4.533701068191074
-0.26024698301613974 -4.933746889627488
-0.1893445335335844 -4.573804419001117
-0.18561861452568434 -4.766395898281122
-0.2832891863045229 -5.081468725345894
-0.14928590091493849 -4.97553684433022
-0.18979621594648038 -5.035924253026442
-0.11917182200922594 -4.943929927513775
-0.321280494192249 -4.586066671678941
-0.21885704819838622 -4.801248200639733
-0.38627997049626983 -4.709813763893419
-0.20775260062002748 -4.706366713983636
-0.32813784630391596 -4.737354666827543
-0.11058603382435694 -4.744886118574125
-0.39556473198753883 -5.078401861613854
-0.1933347479781023 -5.004357196642298
-0.29354494074347637 -5.217063925841698
-0.22602998862050672 -4.679420070632563
-0.15074701174347635 -4.952556863480365
-0.309604762282822 -4.993305189468209
-0.1572940266841693 -4.57722838790775
-0.17595370194040766 -5.269788886052375
-0.1394621659405068 -5.217713190405435
-0.2845594640824499 -4.885255635736335
-0.18868658774500363 -5.269558533447093
-0.3801542178672234 -4.8075186892587745
-0.2571146483431515 -5.220656145294138
-0.294162906347617 -4.951840692763484
-0.2852816278043144 -5.142805333178921
-0.17270961328186774 -5.1805225127351875
-0.21231410830047995 -4.909114188670795
-0.14918106225495759 -4.917082272999819
-0.3448802069293772 -4.895898628470729
-0.16300241576197474 -4.667244135217873
-0.18277489698109284 -4.7488812505078375
-0.18284204808989535 -4.914089689419808
-0.34635936050476995 -4.646191488905831
-0.15739201983866152 -4.887813937501597
-0.3184806974251143 -5.073752232543733
-0.18587594499025534 -5.093002609539877
-0.20979405687163846 -5.1178723458010165
-0.36969193914217935 -4.614842168853958
-0.20214328677808696 -5.2752631369095475
-0.3163970716166747 -5.20495694918799
-0.12246639105109347 -4.82904309107145
-0.17387451272059612 -5.04733667937473
-0.22776292510847052 -4.803523435697829
-0.1301592764518687 -5.038583392900785
-0.38580143013062873 -5.2590525197299876
-0.33413136963688284 -5.082244517691574
-0.3857709477242575 -4.584679387126975
-0.3001087321843818 -5.031243014916752
-0.14179074280720838 -4.839090677733766
-0.2042636461899703 -5.064586802036578
-0.38148899000227565 -4.791395455916268
-0.3817638976288219 -4.758238652970448
-0.14225668824364224 -4.981555456935379
-0.10277176578500147 -5.099973912787428
-0.1896553671784461 -5.2496639554064055
-0.29216084866400605 -5.250320441029248
-0.24981645042660378 -4.680823794294403
-0.10980540536928013 -5.022636931660656
-0.11853102504234103 -4.666914988882702
-0.3082651003650245 -5.086646719340001
-0.2605958496056646 -4.535750841768493
-0.38608976677382634 -4.686475033456552
-0.1468613887602238 -5.244144253080079
-0.29100129517497936 -5.160410205019681
-0.2209409966067821 -5.093561142328372
-0.11610814324254176 -4.696797188856689
-0.30295447621839344 -4.944634539257903
-0.28065436236625774 -4.551438568361572
-0.3120799074436049 -5.261829926549766
-0.38252695064937786 -5.02060855545961
-0.11728229921517264 -5.111467441434173
-0.22896265392642765 -4.562690057598852
-0.19077043481659808 -5.017793032002632
-0.200788989272402 -4.580216685249578
-0.18131380257253735 -5.0687250894199884
-0.20532560061584948 -4.897446379779737
-0.13501566509113072 -4.757615209104031
-0.29287888989873695 -4.801712303754928
-0.3891905028600136 -5.11884661058168
-0.25894365302550265 -4.9524588329517165
-0.17710818700831393 -5.259023416605588
-0.2823519448120503 -4.8810814899852115
-0.3160881422371685 -4.87552697158874
-0.17266079669260587 -4.67141889467666
-0.10731846418563784 -5.141608502515308
-0.30077801473153065 -5.016990699993488
-0.33200782694889597 -4.659381572011045
-0.2062351866922915 -4.6170667180366065
-0.1670206699261697 -4.8569364874788175
-0.33037944419212173 -4.805525436614764
-0.15334760347340554 -5.228991532980172
-0.3194525364148869 -5.260863873622389
-0.27843852059496 -5.12728805980089
-0.3085541798856272 -4.866355011584478
-0.32587143816209785 -5.198998673316973
-0.26609142814741016 -5.240126944854327
-0.1823839905289707 -4.763871857461856
-0.11900530293455552 -4.620545819821512
-0.31784935445953205 -4.985136326818677
-0.2967508651009021 -5.030547587014357
-0.10450669799660989 -4.741899377992233
-0.17735043974790488 -5.088219700991616
-0.23252804036530875 -4.866685081802727
-0.17532670991449012 -4.9026847041481245
-0.2537158006745286 -4.911311401048859
-0.3277480396986516 -4.827722837104792
-0.35972426278924874 -4.970326088458196
-0.17295650384261838 -5.122245237243798
-0.15571710804718722 -5.193269179883129
-0.112907951883149 -4.7119383261024685
-0.20830500781369274 -4.671679744462088
-0.16344289452950547 -5.036533113265915
-0.2652216413320101 -4.527374170038182
-0.3724165253168286 -5.120484036823472
-0.24254890672039003 -4.764959645883096
-0.3409404276183801 -4.933489157216889
-0.17195437678212727 -4.898467208561088
-0.2726449945027128 -4.823004795710753
-0.17367890580917855 -4.895799544375187
-0.11046818292273958 -4.9236710351949755
-0.2428206193020297 -4.657977547698255
-0.33795633117401686 -4.970392329794681
-0.3070406255643852 -5.0761592981285615
-0.32318503473268645 -4.885914842782956
-0.11857786825146066 -4.910681049462243
-0.31122176481521574 -5.220826207437023
-0.13626524042104438 -4.599950752907347
-0.23672298603186004 -4.6832684195532295
-0.3415904235285967 -5.045839878190903
-0.3202711157785606 -5.02034474889186
-0.28566988486370604 -4.717478567925396
-0.16283679361787023 -5.058292855990579
-0.24370720380528496 -5.02477095651384
-0.15514931230492354 -4.794074283138711
-0.3235414094552675 -5.214089972827709
-0.20439388968170324 -4.994970695950338
-0.14334872546377547 -5.243190682511827
-0.12120922049942817 -4.535199298539625
-0.39864647271997933 -4.744871045684794
-0.2361582851932438 -5.21472001163698
-0.3940053485215075 -4.600518681281126
-0.335002496543344 -5.227195936080425
-0.21871610523717408 -4.931902344685068
-0.15130527146920297 -5.21593100274199
-0.27895070268228994 -4.53236083154258
-0.21571020839512467 -4.705065744223252
-0.18949848355858462 -4.951383686900362
-0.32829125446523366 -4.901380613300445
-0.1033295347548493 -4.980305302957721
-0.3877244688036334 -4.786119921039221
-0.2027238565977325 -5.22946387691779
-0.1569735077928422 -4.780363410593922
-0.26193085046036246 -5.130568382657561
-0.13133822690085017 -5.272933892729616
-0.2735089593412454 -5.014317335762567
-0.29358491509045687 -4.965691485707235
-0.3666867506342433 -4.989232802875903
-0.3793190471367518 -4.911003422225125
-0.22364826920207434 -4.745437575443011
-0.37205843768144453 -5.147813146117179
-0.30106717961037877 -4.530621496591539
-0.17648313571320762 -4.5851152100210975
-0.2543860340835912 -5.238432079851747
-0.2968197006187341 -4.985174036953286
-0.389553636149005 -4.654782768895004
-0.2602279992555373 -4.948837433271527
-0.24940871977953483 -4.543464233353585
-0.1715548712696937 -4.61593296798182
-0.22511661672868719 -5.259110391474428
-0.14000739538674456 -5.2768418578130465
-0.2569688726042423 -4.838950412899054
-0.38045119262252264 -4.592052273561831
-0.14221212747307932 -4.68913048725607
-0.3639045025814144 -5.246704209000452
-0.2586924385051069 -4.746332948693967
-0.1208700148331957 -4.624066684411434
-0.2284405132307126 -4.6381566143585715
-0.30021312493922925 -5.127398321129753
-0.374644707749104 -5.134433424202958
-0.3483260217417567 -5.17362586882507
-0.28410438997671805 -4.898858624308861
-0.22584171523146013 -4.941509091173548
-0.32532991338236866 -5.262726874330368
-0.23086419572038205 -5.1720510911539765
-0.2576022058373969 -4.688192179311127
-0.21270882915609426 -4.996190766968666
-0.237169268389456 -5.085999220896158
-0.38945557533362024 -4.736892317100741
-0.10230369529790834 -5.2447273785814135
-0.3469835633725384 -4.687458510770463
-0.18459327825033903 -4.708298624810562
-0.3718465614725326 -5.169851896860769
-0.16629987804747837 -4.564158181211526
-0.25819598298264457 -5.2257302554409435
-0.16322634091989344 -4.636458681393205
-0.281399336057693 -5.13703612737572
-0.29187016369897056 -4.7008838569778835
-0.17284204510042703 -5.151255840376278
-0.23939803507371554 -4.6347425780715135
-0.2653182911288342 -4.568792213869583
-0.39643696402996975 -5.143483529611677
-0.3233352983052669 -4.710056624941966
-0.2357676710517067 -4.780875640599998
-0.3048280254542379 -4.752355132112586
-0.3034368345624944 -4.614490934572545
-0.22111835688485224 -5.125269200206459
-0.26272872949483683 -4.751498017531642
-0.12673507527059746 -4.8687835112749
-0.19154932173634545 -5.227311679646494
-0.1870156998260465 -4.63210770652111
-0.2767422122369806 -5.223266155572419
-0.38054877797187653 -4.619969043847812
-0.3809208607910761 -5.2419777522189115
-0.15135495223544157 -5.175723556178042
-0.3640296157724227 -4.750925194552717
-0.36419852334609093 -4.691774662752498
-0.12853333647703435 -5.254871220711016
-0.2469458931704216 -5.05924832428749
-0.2173816668357143 -4.536449230042649
-0.39230283840791424 -4.681844865711569
-0.1000692436690998 -4.857850179472564
-0.22045888432228208 -4.597297455391686
-0.33346445570251493 -4.835708338472007
-0.21490745690123636 -5.222815443696172
-0.277405722793523 -4.851754371253701
-0.3462785345676026 -4.770559461706135
-0.22683394255235204 -4.535041844449105
-0.2488328019302003 -4.674964852021139
-0.14125165380196386 -4.780169873490864
-0.12223711273291493 -4.937819533771959
-0.39244902647988583 -4.733098673386633
-0.3164074801017228 -4.659430032507288
-0.20276663947741583 -4.528151678199385
-0.19525522311330637 -5.255583222676026
-0.23737079014667978 -5.034479616563052
-0.35931752237155856 -5.083055941151818
-0.3568108243503925 -5.097103259694616
-0.2671803461629833 -4.685137318754148
-0.28979913439361554 -5.251977247869223
-0.3530435671906487 -4.616274554725704
-0.14823433811587644 -4.822801608793696
-0.2677785115611226 -5.120539603048709
-0.3647147953922399 -4.927574335746409
-0.37580163081060547 -5.145236072230505
-0.39829604747506286 -4.536189132742628
-0.14730740077956095 -5.017151541464736
-0.10249412896526311 -4.748421879316984
-0.3382848207278311 -4.916698934525699
-0.1497870503989463 -4.566518753495778
-0.11698183971286374 -5.251926668176747
-0.3432196838984808 -5.020217651758184
-0.2109574723695879 -4.73092505539654
-0.3570329793289331 -4.842149598759423
-0.28377517032420624 -4.977790396492573
-0.36693201317051743 -5.211799387991214
-0.39382582841826663 -5.209602266969885
-0.26660916001084817 -4.721021015486126
-0.13503301044702137 -5.096540644296954
-0.3354024014358193 -5.154360315818018
-0.2614654144438772 -5.274672263612724
-0.11328143861754053 -5.242812739686981
-0.2839718748380759 -4.7963826793681275
-0.11764799918486829 -4.68502994280509
-0.30782477890569127 -4.720750247840263
-0.13942704125939098 -4.725825116440621
-0.3174799625417214 -5.268429274440061
-0.2066304547846878 -4.621994597542038
-0.19471172849187515 -4.902286792229092
-0.32420875163283885 -5.136048772751453
-0.2676995904553412 -4.734916714450733
-0.31926162376908584 -5.1591875679470744
-0.3400009845075169 -5.007052993299858
-0.3161979248413269 -5.1957141740966595
-0.10640597659778356 -4.979367620795552
-0.3031784931324842 -4.584294047060341
-0.12683925383772238 -5.162883188055683
-0.33380119363394883 -4.959345972086965
-0.12572057865989533 -4.885460410045945
-0.29435644892504925 -5.204553378512594
-0.1910157547482932 -4.547762414528477
-0.2614187422135029 -4.718276938623043
-0.18743533273941335 -4.944190490453511
-0.18584834678946702 -4.715075508041473
-0.15876624797120198 -5.130607354649264
-0.3732118324622804 -4.951455767401994
-0.10085963797655118 -5.165815426396309
-0.10100041632815887 -4.699948160735106
-0.31512881432646744 -5.121477650504767
-0.2754556805060846 -5.131312825107068
-0.11975511646475923 -4.5812409475480536
-0.10945858166322064 -4.698416187353802
-0.15122499278397472 -4.776493097958475
-0.3016658156916958 -5.056295706016412
-0.16562334306958684 -5.0895505083923425
-0.3806585894222801 -4.974921180049943
-0.2580505787700552 -5.062451593839112
-0.155700361613466 -5.061618225931616
-0.11486593087827585 -4.740388416671292
-0.31919868725845213 -4.593085208619096
-0.1892585479767049 -4.933579632148337
-0.16635675332856517 -5.1257128557085245
-0.2513293322351464 -4.653606688881889
-0.10464151853195258 -5.1310317110041295
-0.3452156455356167 -5.177192594388692
-0.39133606722221664 -4.659353238805045
-0.1400704283871647 -4.994708964126357
-0.3973619835798646 -4.782390482668123
-0.17586117649934577 -4.638526476703364
-0.11127491465369865 -4.622598078359173
-0.3314980344986134 -5.037386996141785
-0.26759905876943296 -4.663813125023431
-0.3194698649584101 -4.711918017576924
-0.21194028631883743 -5.0735824323777345
-0.17826773266702622 -4.528994616523015
-0.303572472920382 -4.7898559225737785
-0.26848250116199135 -4.902927664637988
-0.22731598263054417 -4.558370481165817
-0.2344799517677798 -4.865896537665047
-0.2960987438636805 -4.866675823538842
-0.22781065581060317 -4.8410150143687005
-0.17890004900608691 -4.933626688979248
-0.13306547340291636 -5.031700657828277
-0.31793142553069287 -5.119204956157726
-0.15313290243582084 -4.547140706220903
-0.3256304475696422 -4.596211834215284
-0.3730629704165141 -4.987830642754932
-0.30488103028374786 -4.994287787163573
-0.2300122311495542 -4.732882509112221
-0.3024863117845482 -4.822015414502214
-0.37949914168264653 -5.193798810692606
-0.2852541302216833 -4.730811689999138
-0.2533033747084765 -4.957046942036873
-0.3838764030499499 -4.857069390232269
-0.38434651294327016 -4.818354269949531
-0.15716031101491468 -4.758439520472271
-0.2596902850147878 -4.801452250828954
-0.28926642784444967 -4.674766651608714
-0.1561522626758121 -5.082901229389405
-0.11757090092570649 -5.214068494457262
-0.3649669612051537 -4.88626846373849
-0.2434829181044681 -4.78384683391945
-0.12297102453272046 -5.2087679483325475
-0.3305056119880416 -4.60898383773224
-0.2340982002124389 -5.004970206027043
-0.11316694919183684 -4.6632335975528445
-0.13517956437754275 -4.789276504678989
-0.16477181627816984 -4.568471769028414
-0.24431408565874801 -5.234602560145779
-0.39610434985575527 -5.0805189558521295
-0.29133148952633403 -4.592771512102219
-0.22334888612326845 -4.645819588860799
-0.3552860922738844 -4.877915693886074
-0.37257288054330223 -5.070528492687693
-0.3338071555262448 -5.19918218636682
-0.27904626232992163 -4.838315817313166
-0.2946764530982989 -4.610452344290446
-0.2988895739880073 -4.69909546475009
-0.24893031839925656 -4.602709639590821
-0.2306068861466122 -4.98909628480979
-0.14903970681305667 -4.706765832902765
-0.32245235416070867 -5.210668085287881
-0.323647477095487 -4.916113826474689
-0.1916724578264593 -5.250723685507345
-0.3363412297850914 -5.27583324633969
-0.19923339285721337 -5.268378590126012
-0.24399676546421173 -4.840871844391004
-0.3952177178789781 -4.659424515969193
-0.3629665340099866 -5.2671064913456345
-0.2844546932556059 -4.95733085175287
-0.38667770772874277 -4.614294709245451
-0.31602398005199295 -4.54748295479113
-0.29087737245025796 -5.216467235686198
-0.3999485141950368 -5.26180167649122
-0.21969930029115603 -4.538720581966855
-0.11003501285911865 -4.704764646007709
-0.2960408127526268 -5.019439249597804
-0.1701691039224182 -5.094257580309636
-0.31506536334789736 -4.921337811910824
-0.19333560001487815 -4.926699660464503
-0.19297972939637192 -4.740519593230329
-0.36147760339670154 -4.881239925031229
-0.28573868961314486 -4.598370213227993
-0.27060498204728056 -4.726166304512677
-0.39691396607886764 -4.795713247596854
-0.28859772024146696 -5.1460947393686665
-0.24656676378069894 -5.158779629822316
-0.31586975399877376 -4.6337910294714355
-0.10884974398850178 -4.970862409426007
-0.3785558752561233 -4.8361683475318795
-0.3683733800248709 -4.8236735124630155
-0.3645446057229311 -5.04208711923996
-0.13045769218968195 -5.211992461981246
-0.19312999724400323 -5.158300810336493
-0.19772684346463787 -4.848628157599389
-0.22467157290554962 -4.860773588795463
-0.11548231459340152 -4.77691488303907
-0.10773390404885363 -4.573393410189885
-0.22216687317549605 -4.576404405835481
-0.2752258972600257 -5.201186638021945
-0.22931322937581533 -4.82387424399299
-0.1892446515874152 -5.013647345709698
-0.39320022360138845 -5.19665856527917
-0.3635693522145204 -5.244365001953689
-0.11348846407761837 -5.193302853238348
-0.3278036145922032 -4.898577077711251
-0.15210422710242674 -4.851906405015439
-0.3797295844656633 -4.542488621662389
-0.10210196948703665 -5.224942704927325
-0.37735629454332004 -5.054247896080713
-0.16946374489542793 -4.605872077291485
-0.3996464979197384 -4.803430094659573
-0.37975218610596745 -4.987887188031436
-0.20239126977575453 -4.717302427073936
-0.39268221659237923 -5.2570225926082434
-0.26615539133041105 -4.719825899404422
-0.3119946182570257 -5.143419722918544
-0.1298299582375274 -4.906154597788503
-0.3900707635442721 -4.67368065864786
-0.1260043437695721 -4.960055126894444
-0.2387933021594484 -4.698317381222971
-0.1718439481884224 -5.080472058998798
-0.3929118211593079 -4.704100313444902
-0.16968651659441383 -5.187794585198059
-0.38583882377940537 -5.04922215080359
-0.3329237199716637 -4.695226264616557
-0.3436482204027169 -5.152581557258194
-0.3111899459175609 -4.617164297650462
-0.37653901739449314 -5.140888795726678
-0.11542073005871717 -5.19297705946513
-0.12816663978606752 -4.605665741155581
-0.28311197072620164 -5.085369659529548
-0.250558192912685 -4.54675545346914
-0.37834952594982824 -5.239615959233071
-0.20396688222468146 -4.652479960592958
-0.20370632317886678 -5.2564791656300915
-0.20414847338087583 -4.944126721660817
-0.34939206627045816 -5.016045522690204
-0.1260761111068769 -5.081044427995857
-0.11783804451142943 -4.916600088977809
-0.3414331040114972 -5.022613335625423
-0.34567975914700355 -5.124191243230334
-0.3416484218101756 -4.5988191093848645
-0.1503379699468797 -5.160016690754618
-0.18063738934637516 -4.9501427033164145
-0.308346601687688 -4.678289410046567
-0.28167856228214744 -4.771755465472541
-0.26953007515080196 -5.1862875078171085
-0.16324350500540466 -4.6253729781681105
-0.14623760840888006 -5.199225192257661
-0.16658944868012732 -4.554775708102583
-0.2413826644928543 -4.601624205435989
-0.37708949032140077 -4.789367560934616
-0.3417866809762269 -4.825370609843245
-0.32530537749447086 -4.584795489451545
-0.20974343410100332 -4.619382654071697
-0.3507537148000099 -4.933477740428682
-0.13517163134824234 -4.793411251049202
-0.19103833794794822 -5.230178690442954
-0.16848458038792385 -4.733788903860226
-0.21212992730174868 -4.86360821945692
-0.24433522570378585 -5.140577726690851
-0.23346061360513595 -4.8447810307213475
-0.15781142486327704 -4.813152749071498
-0.15387206875928536 -4.657086065770367
-0.35699405478725893 -4.972227727214618
-0.14130792660255215 -5.112046116881588
-0.21734188736617174 -5.131282537833581
-0.36366499184110124 -5.243144524790267
-0.18257859192304735 -5.011396363073272
-0.2611011999113877 -4.550469073085783
-0.28873185610786845 -4.60221443032558
-0.16672790658405087 -4.554744160164291
-0.24945763516423614 -5.1770392612014895
-0.30813647801693467 -5.256949729161691
-0.16368251071906964 -4.748825397202124
-0.11837376821613393 -4.565067350191914
-0.18643647924521808 -4.992840296280109
-0.21218821843160826 -4.93274903364861
-0.1572353030904065 -4.958451704026325
-0.11182088861093875 -4.6958568374886145
-0.10212717980492303 -4.759686513875737
-0.258635836368082 -5.074903031720131
-0.13459236397071433 -4.856126459351989
-0.32678099854706466 -4.792677707384052
-0.29842182917078236 -4.892686337917476
-0.22445629918544566 -4.864046059860742
-0.2724140130489512 -4.55792359731163
-0.27331044045021413 -5.030800478497616
-0.14692665293064855 -5.075403782444073
-0.3916036734470782 -4.817189157883632
-0.3063056784973272 -4.759272714686011
-0.24259703473321576 -4.898990616344626
-0.18920474075521054 -4.946420360383189
-0.3898392051868012 -4.816670334391112
-0.3997187163450977 -4.906947709415637
-0.37776082987715026 -4.7557537333265625
-0.1821697193577477 -4.755060696515312
-0.20699507584707955 -4.673685879934913
-0.11513350420654178 -5.187623840206868
-0.13979773186693578 -5.189338540293266
-0.2370573016293216 -4.681214623950483
-0.33495373159103525 -4.792606947726105
-0.32407038955944345 -4.597722637055082
-0.1421638934227556 -4.5733357977508735
-0.3853307933166806 -5.102409656365599
-0.1910847258353957 -4.641187787518949
-0.3573734705049832 -4.890057415514337
-0.18548250972084437 -5.128247005651301
-0.28772068468950984 -5.166936654314418
-0.1135095864096426 -4.939705455205252
-0.29128540606915143 -5.178545166304929
-0.3122265602764987 -4.949515823518168
-0.2284126821941874 -4.968236972204484
-0.2749647513196378 -5.25264285923423
-0.3523993602297062 -5.100668923859052
-0.38892849611610353 -5.21001106950495
-0.22329517757628484 -5.034385276897588
-0.1719175936152444 -4.633636116935435
-0.10431506615918984 -5.186469751418899
-0.3481927669774124 -4.626538191018919
-0.3664673098058271 -5.132041272485222
-0.18292283761929673 -4.777258558271927
-0.33124710427032045 -4.982777825847271
-0.3022503606511719 -4.65941162735862
-0.2764274257547326 -5.154882223235179
-0.10783826758639542 -4.834721102601292
-0.16309165819741872 -4.657030799711457
-0.3286951588746742 -5.089721056543865
-0.27936136561275116 -5.247833071398779
-0.11418129116095266 -5.127366253649959
-0.13775333503582088 -4.577298057841431
-0.36451302486617604 -5.2657874207700885
-0.37874667914819743 -4.771625465075738
-0.17084210613177458 -4.900701814056664
-0.35852816849868674 -5.032425029650426
-0.17983517267349147 -4.761352929349257
-0.20751547238009266 -5.186826143968437
-0.3314775063213007 -4.618855034491439
-0.30948997657676286 -5.073306812726218
-0.2392985443663712 -5.031192865682289
-0.28229593313528367 -5.2470712850539405
-0.266682580581535 -4.695139827463587
-0.35200314477974726 -5.130599557042589
-0.2393048672831607 -4.64311953499965
-0.3898886350195491 -4.674828472462601
-0.32456400544524366 -4.62607785382191
-0.272086715649861 -5.2224170480943055
-0.10896547401533996 -5.035873871904386
-0.3480288876690502 -5.013077178749973
-0.1360675431014704 -5.177817084685061
-0.2821093724877938 -4.697844653470395
-0.33561291320798287 -4.937678743550379
-0.2808566177965842 -4.96022740011605
-0.1442986260869143 -5.224868199419669
-0.14248987764420362 -4.5563517860719545
-0.2393419507599946 -5.0855787235962575
-0.31350773053905956 -5.263790060026799
-0.2072979578041283 -4.7764356945533235
-0.18707822435485877 -4.667279331687688
-0.28887766919408153 -4.898993663134023
-0.1760466527963863 -5.14978855565357
-0.28002630047721017 -4.972605398382128
-0.17739141807160252 -5.040739689526789
-0.38338647078670945 -4.813571067992258
-0.3951413275377491 -4.6261365459131945
-0.3541643331682671 -5.061764594403911
-0.29553366858460284 -4.959001076078427
-0.17504071369943836 -5.054940493358353
-0.3898119528880763 -5.179282716678257
-0.20011998109177787 -4.588079331447864
-0.18281309461415782 -5.123540948855405
-0.22057781689291384 -5.190093755713268
-0.2876667655612631 -4.5511780884497925
-0.15409930066384853 -4.997919116665009
-0.34843606169222574 -5.124817506144719
-0.23827666051384655 -4.669032663901538
-0.2384434055227966 -4.774651610225555
-0.38240232226280635 -4.6376626817694895
-0.38616514046698125 -5.051370412223779
-0.3865162920517503 -4.737437458025979
-0.19974284717617427 -4.805786662041871
-0.2837014511467556 -4.897709400455626
-0.1909339402157784 -4.880791970267708
-0.3185411918037997 -4.827085896014535
-0.3646010494288973 -5.140205363679244
-0.24414927505670492 -4.694177440359806
-0.2538057888265728 -4.5461059307900555
-0.3847266242664934 -5.266786380466714
-0.20711540747288631 -5.276469295805102
-0.30463752088509977 -5.2649684821450204
-0.19363031624929605 -5.0202190784403635
-0.3621008898090568 -5.1514492326050165
-0.10505385514204107 -4.75186430325169
-0.11437961455252121 -4.730897825797666
-0.343423334071702 -4.626823295324051
-0.10682988469749705 -4.5639952612639405
-0.3104149367089538 -4.8348726628660215
-0.16833684727430862 -5.225693786359612
-0.10020350519554982 -4.8062452707529095
-0.2077707597829145 -5.000443908162206
-0.2682077211786993 -4.680115939700882
-0.24544951562498754 -4.978077831179056
-0.3492561873590392 -4.786538649795713
-0.17456214288126887 -4.813866676103325
-0.10589560899392114 -4.829998296635311
-0.20244602233659711 -4.543048003245151
-0.3894743246081852 -4.631509507528432
-0.39313559056396874 -5.046057477521786
-0.3595313537820991 -4.890794675399217
-0.20285117245456896 -4.525873754948433
-0.1692158766861261 -4.853992795906708
-0.3808875819623924 -5.019942359689312
-0.13429482685707544 -4.818098242916833
-0.2682548128871136 -4.8290215845891655
-0.33893911636564206 -4.667690594460848
-0.13761983461620725 -4.905714437683539
-0.2322525001822262 -4.610427825143725
-0.3979507558604933 -5.26567773436223
-0.19169593602973878 -4.876755285798109
-0.2482424010293103 -5.268296219014374
-0.24329916232504212 -4.810408053161176
-0.3048644160940248 -4.643897853926683
-0.17046325017856134 -5.148987928598936
-0.15330327003550984 -4.7037201790139
-0.33086691672742174 -4.837127361245861
-0.2640663721415304 -5.031040945703333
-0.22764334141882892 -4.543781679211114
-0.35387258973785646 -5.146116841680679
-0.14089312670144938 -5.12225620351726
-0.10019083099718912 -4.763656429212562
-0.3381556548237716 -5.090696495619271
-0.22513882118564518 -5.273023913630017
-0.20247158264273538 -4.632233917972426
-0.11816302798765865 -5.086550765359132
-0.35578571334165926 -4.756751238106218
-0.31061564390236324 -4.661359011542905
-0.17628658604391514 -5.212612031100314
-0.20339027998239553 -4.859677053393821
-0.2266963154897708 -4.708283221253952
-0.3094130042099927 -5.023599067390526
-0.1169692197693441 -4.680959353294585
-0.16324929383524855 -4.916257055690769
-0.22141659863305993 -5.009994841855699
-0.36668176854285195 -4.543809019251962
-0.14678044724920286 -5.014777026789343
-0.3644613586151396 -4.650341778516651
-0.1535748899191128 -5.13688207251503
-0.3152512451972565 -4.977783210176521
-0.12449444634300916 -4.70552681463092
-0.3996270172892526 -5.22271831843698
-0.17039168557036652 -5.221704469950952
-0.3789631601525491 -5.0995765798271036
-0.25213525579564977 -4.92821264760255
-0.28735267163065054 -5.211294526682023
-0.2751916638584166 -4.735001246325443
-0.36506095255882015 -4.580650829683304
-0.13165873839571712 -5.238241986212355
-0.27809593028172697 -5.079470794927185
-0.34786602112808857 -5.122256464798538
-0.3015279052044782 -4.979169709307432
-0.3355043443235265 -4.902921221361154
-0.13325644431100025 -5.221262827636091
-0.2715992268872114 -4.57353320987601
-0.3190689017307725 -5.113556029419404
-0.3799207714962752 -4.781581627500056
-0.35834036250840506 -4.922978818862125
-0.166640222731039 -5.047018206477406
-0.1224309816954805 -4.849778929738606
-0.19205991495255162 -4.85175396990702
-0.36635666259921207 -4.846360147739916
-0.39865441494404846 -4.866424040242011
-0.31360929853562763 -4.994290880984275
-0.15763000485722942 -5.013054319832614
-0.15590635080400533 -5.0719757664831375
-0.3966540958165068 -5.188075518802685
-0.2071507558304347 -4.825434007199926
-0.3568135401314678 -5.273225151281314
-0.12156433737316957 -4.764220365285168
-0.32592431630752694 -4.7393305057225685
-0.1092353409334414 -4.581546194797726
-0.3696370037908138 -5.127750257643009
-0.19659270140598126 -5.197160342050426
-0.15956855154825 -5.12140793605792
-0.11697964398189564 -4.9796165447901535
-0.3261488217823293 -5.043643048610304
-0.2015539245290622 -4.603688480766084
-0.2660299323420198 -4.727798939011825
-0.1874652303294995 -4.745148150584021
-0.2532216743127565 -5.215550356039564
-0.18737434487456583 -4.855669699719057
-0.29071781295526605 -5.033788115034894
-0.29622669378833916 -4.771838866919027
-0.3697852494482479 -4.998795951687029
-0.17048356829462968 -5.05370371024603
-0.15873295542630772 -5.277014498503844
-0.2390786138192794 -4.960981591075964
-0.2716353757197465 -5.048042401788187
-0.15901183741742023 -5.104898884800462
-0.21288545661464892 -4.731101300593297
-0.39174245130345886 -4.741200812283923
-0.1325425781105387 -4.632533525958839
-0.31826296610123955 -5.036247974579033
-0.14846693754303086 -4.79651129834917
-0.3239354644349464 -4.935437347222809
-0.12457557539069647 -4.69401383650637
-0.16263629688473163 -5.014356170958968
-0.10429513401668378 -4.719242759639423
-0.14323893194571147 -4.944447264058256
-0.3868901827674229 -4.760582342741017
-0.17246757868268187 -4.533456445711677
-0.10112844791953696 -5.240481108059244
-0.10795260272209073 -5.148718650552423
-0.14732179598259953 -4.821043563830191
-0.1035285779717322 -4.9882238194860795
-0.2835074231149484 -5.170144094735862
-0.1401617187147295 -4.9600145661880966
-0.3123182586972734 -4.699427301596197
-0.3962446030906685 -4.832865230167171
-0.37973609402147596 -4.894014786493939
-0.3121060075779841 -4.945727011117041
-0.2651740155956313 -5.096893457723897
-0.13982374336078007 -4.776634850151689
-0.2796093259897976 -4.707583854646018
-0.2526793723942695 -4.616292681936469
-0.26532131409663995 -4.852982609717276
-0.20311517255498537 -5.0303359145978455
-0.10546455996953796 -4.759552486101424
-0.1568638744488303 -5.113659454403021
-0.20295397771646026 -4.969764212365771
-0.2682257252869735 -5.2297319202155395
-0.1219360749258191 -4.9683944031067675
-0.16612412097370388 -5.257787463056035
-0.19462453057577403 -4.889506213524817
-0.2507623859724563 -5.156147353134077
-0.16171952541423745 -5.170043572526325
-0.1381361746482851 -5.05442652721974
-0.15584960994531855 -4.622754637583702
-0.2667430812316568 -4.643341520864634
-0.3314999423205449 -4.526393611186166
-0.1352773115683648 -4.98228331867552
-0.1121927343681689 -4.721270615054834
-0.3644296448735231 -4.724061782291663
-0.21964150100002625 -4.9851976842241035
-0.18888510830258098 -4.987719502442376
-0.21908622135031933 -5.176343580163229
-0.34006078174769205 -5.212023305893859
-0.20199853215184932 -5.204677158777701
-0.38352075275651915 -4.538147060799656
-0.18249340694002414 -4.877925812484673
-0.3934988252907569 -4.643554604698926
-0.19829845784069364 -4.7365170825791205
-0.3374752106713719 -5.0707260081462024
-0.2803382657124272 -4.7198764510165
-0.36662605310896346 -4.705766041010523
-0.22785343694264085 -5.218101274835938
-0.33009347221007557 -5.263601552945903
-0.16141229882750227 -4.989416848245587
-0.14570075819540879 -5.205382093816321
-0.11992928752718235 -5.206961390406306
-0.30764042208519243 -5.071902624697917
-0.2867911501694955 -4.985581493720873
-0.10621328493100513 -5.268387401547391
-0.3447002074710208 -5.0945408045088
-0.24025526122014262 -5.141122684794052
-0.3512124980269048 -4.942157609373435
-0.31157279933334137 -4.978605106631851
-0.2120719543833726 -5.223322217236016
-0.1479862089506117 -4.951994478371112
-0.20571137923918606 -4.810829698417595
-0.31338232256361165 -5.186429663314565
-0.16522588271290944 -4.976253823020455
-0.24368134009528242 -5.191548759439137
-0.13818322599431 -4.788130642299798
-0.1383900761254483 -5.228571077788668
-0.31585427749447836 -5.099097081716941
-0.22589047997385817 -5.141592758423021
-0.304467734039733 -4.648292955683595
-0.19241259036048344 -5.123694684721328
-0.12719660822562834 -5.2608098301164095
-0.25842258510359156 -4.771017074613136
-0.34761903012963286 -5.042253503569877
-0.2179485145992042 -5.025774187069529
-0.12373532896396494 -4.959051126474981
-0.36337853053066593 -5.025881776780061
-0.3057771595005037 -4.599601992039114
-0.1141837380939344 -5.108935450223489
-0.10223633936920756 -4.585080932770057
-0.34865191884973695 -4.686660017240267
-0.16471092401171647 -4.552925259675918
-0.10648504238973683 -4.879343965283416
-0.32328915390324575 -5.0422682040641185
-0.32333131227131784 -5.26362281820078
-0.3252532613887008 -5.029560659353838
-0.2076540911102691 -4.83371773479325
-0.12685479719165366 -4.775375950243745
-0.12069043336054086 -4.829678502587929
-0.17351345461065856 -5.223081428208721
-0.12208880771007441 -4.551835991690365
-0.3898648772698556 -4.868065311081731
-0.3016967487984876 -5.153813811688782
-0.19678391384869917 -4.905842115265536
-0.34955229509729574 -5.014895604372674
-0.11551561314512382 -4.97547239906397
-0.2674815376080897 -5.025904598824371
-0.37052318052789174 -4.928803963421154
-0.16615575649178368 -4.635706392017272
-0.2915621973205924 -4.761709670613067
-0.32827303746731396 -4.794900359240405
-0.1848183021007594 -4.582774714501931
-0.2561662809480312 -4.804453223173207
-0.3434195168505696 -5.240466307230117
-0.2351775359063929 -4.673830041279169
-0.22239713116396137 -5.210599705160073
-0.32336232566611384 -4.6179242162918515
-0.3063403827243527 -4.836330500873406
-0.37526435689934784 -4.906347948422
-0.263783351870327 -4.7775560280948115
-0.2778117785788113 -4.8295301223820974
-0.25910210385378424 -4.893028841486019
-0.284009184046092 -4.784022447217028
-0.28080714344611835 -4.965646700608757
-0.1692211739261888 -4.943170292775639
-0.3141718397076432 -4.885636498527295
-0.22551138061273915 -4.600524788831699
-0.13917240915379153 -4.817991058272299
-0.23119494807677887 -4.968049386867495
-0.37443946216373697 -4.832661047905112
-0.34766446481023244 -4.739747469209299
-0.2906258505927376 -4.812284581019282
-0.17591980683613057 -5.132468944190334
-0.1206860048121372 -4.590374169272975
-0.23370298256063624 -4.877399500507689
-0.37879757185225743 -4.721392879184819
-0.25275776075239853 -5.0214890756448325
-0.36688967489796476 -4.529708627480716
-0.20114262290338134 -4.956497836653319
-0.17456023749134747 -5.117821884604699
-0.21809051818505415 -4.812166075241248
-0.1280178817707449 -4.991553144612311
-0.36575254199441853 -4.59988524282591
-0.3053531618506842 -4.794925524170309
-0.31841107722917317 -4.837680507568353
-0.16160571867310114 -5.101666088921487
-0.31898376751580887 -4.8899743911318705
-0.11567440572775861 -4.9010882317937625
-0.39728714983084656 -4.672063247314148
-0.39752328036092927 -4.9599083515899425
-0.3229150935061774 -4.541574409276636
-0.36424172724844917 -4.677646854081387
-0.1363317946603277 -4.689413008272227
-0.2845649105756733 -4.98799056407924
-0.3301394331958889 -5.08229470926915
-0.2265287438151239 -4.940136824240489
-0.29244847301276 -5.0843514664113245
-0.29694030252924214 -4.716385138934461
-0.3483679729297498 -4.525807630664019
-0.16565084445135514 -4.76270576802193
-0.2897446025551365 -5.186717066132614
-0.19787306710138647 -4.616991161392402
-0.35894457932115265 -4.6210074622134645
-0.29159181540057877 -4.870910784194872
-0.19988269576941892 -5.114660706081552
-0.2301740886316058 -4.869045279464418
-0.15336419182061908 -4.750415548112638
-0.2836049782736171 -5.175602602324894
-0.2723336133562309 -4.87078211184566
-0.3641981140841677 -4.870516952810349
-0.37087708614208337 -5.023393596732743
-0.1286135506248549 -5.162064047822345
-0.1268422306752734 -4.684234493576001
-0.12579890332675148 -5.045929402686304
-0.22165044219250582 -5.226567664123834
-0.35577403989207584 -5.081378283532482
-0.16310679737713962 -4.645127933779007
-0.25685836239225723 -4.910834132976026
-0.39901013638054333 -5.270628912503967
-0.10309140471960893 -4.8826861948388425
-0.3316112722764597 -4.977929103474977
-0.26989711335867916 -5.159023046190632
-0.12183602670687738 -5.2191398393891255
-0.24270605917462265 -4.738919702747516
-0.3827393979139839 -4.871725912390276
-0.3553758967347335 -4.721077902737426
-0.2980283494546183 -5.069302412633392
-0.22143973746833343 -5.037046144515359
-0.25010196967707343 -4.761318467339464
-0.25753744187950345 -5.153643383227179
-0.2988623221517684 -5.254014782940523
-0.25509912535551194 -5.067127839673807
-0.24167492812000732 -5.25531321565605
-0.3698134421340454 -5.221189312975719
-0.18411740081598887 -4.789676711947426
-0.31394166352488945 -4.772022083439713
-0.16969528932459663 -5.107939806220398
-0.3616753980945604 -5.070537929790842
-0.32514001536050374 -5.016806683967809
-0.2769312497240238 -4.947213540180851
-0.3057519942733282 -4.707424403306042
-0.39973932511595056 -4.559046098220099
-0.3102890186089813 -4.911796093243686
-0.3389779316357309 -4.538066754236793
-0.35753592299503467 -5.264073177272241
-0.11894169231226392 -5.1148506121285795
-0.36725376218365263 -5.135491898412787
-0.21758033481667033 -5.210749691777153
-0.2199043683382878 -5.274557336153865
-0.2737502947263828 -4.565788660312781
-0.2525939571603577 -4.686933453517157
-0.18056058143835452 -4.869935917378094
-0.3582340985607392 -5.256713024710323
-0.12968256301493264 -4.807334804978942
-0.19580245158639245 -4.9008478731183365
-0.22864433370191659 -5.260321997389723
-0.3970643908901547 -4.811166945187643
-0.25511459270372716 -4.681610337370365
-0.13039161126468662 -4.552830874531966
-0.11293488169681393 -4.8443922143394325
-0.2385366073278095 -5.120446910468864
-0.30313563669097543 -4.570854780583089
-0.25306989034579686 -4.614632127857927
-0.11209461070914084 -4.600637610287124
-0.245079727547225 -5.061040345195694
-0.2284698402396835 -4.95284421616824
-0.17256661924290617 -5.041028201788208
-0.18146541407704256 -4.5985801796211785
-0.21837962331505043 -4.584416041097643
-0.24171922208386074 -4.920976088969287
-0.17461733990604966 -4.737015455438461
-0.11645525132416207 -4.85442003045429
-0.35557850705945976 -4.623938361558252
-0.22673064293457953 -4.527926154138348
-0.21665189149026018 -5.243579883723772
-0.10061700786771938 -4.60860653025849
-0.38238042889940455 -4.544212913767028
-0.15550361589800363 -5.001240263083725
-0.2967619963238356 -4.970277656380089
-0.38238582719363 -4.674151284450535
-0.21237290792934882 -4.9865083727449
-0.18169958342775744 -4.962067932283924
-0.23827014486140763 -4.852049392061317
-0.3028654565102941 -5.151360327224364
-0.17591476180633703 -4.7268168450899335
-0.16404439809141702 -5.169047609456499
-0.34360550597250433 -4.70132452846694
-0.27669180196595816 -4.639692578705622
-0.35172684325319115 -5.090970307865865
-0.3244159074759349 -4.932448840824188
-0.12892147282301109 -5.086211233672677
-0.2481492141472432 -4.581957892449079
-0.3090023467412357 -4.658854678514506
-0.3345060002612577 -4.846386577427474
-0.3260856165657414 -4.884557366120768
-0.2383915880052417 -5.143872268729403
-0.12512549131190914 -5.162031576285261
-0.3168346037241181 -4.798651602035282
-0.23165046531862218 -5.205465795544519
-0.10420559937513524 -4.631999792654599
-0.14599070323943675 -4.9871739361320815
-0.2715910277036922 -4.829427975784565
-0.30615949011209326 -5.202704614930764
-0.3076372371700144 -4.817121902390008
-0.28831068702474294 -5.139308932552408
-0.37784817128436093 -4.887375795700792
-0.10759717416080383 -5.116301327983113
-0.2724301496795374 -4.532461200123449
-0.26441714921641524 -5.067317963545724
-0.2057606319858361 -4.63574328112336
-0.3579352238506496 -5.091594026379581
-0.26115090679389286 -4.701640866963434
-0.3739496307988082 -5.056505623671001
-0.27095652093981215 -4.734589530386988
-0.3424951689265091 -4.583382311003814
-0.1935749867669133 -5.212863317255515
-0.3708919710415354 -5.102746277330839
-0.1445498149358817 -4.827150471179807
-0.36311529482692395 -4.680837532159401
-0.29403604642421965 -4.926572264346906
-0.1189724672978309 -5.271436244889327
-0.1453620090937412 -5.212596477109949
-0.16833447607113114 -4.9986058403039175
-0.17798491880748604 -5.159696224872264
-0.21269363066302063 -5.125203168748783
-0.17284775821877008 -5.256113687385133
-0.1934105151322729 -4.625110204781906
-0.20594321239352134 -5.226034393438381
-0.37006372063071685 -4.635691730467461
-0.11956150312743002 -4.681925068698833
-0.19671653395364605 -4.855159576716488
-0.1027901226685965 -5.145365207261203
-0.31951592115912425 -5.051868662074987
-0.391608203356868 -4.624784695275941
-0.19613063683550233 -4.714820120125384
-0.24293074485646113 -4.773460086691925
-0.3549433715348291 -4.724534641269278
-0.22959933748834027 -4.747759283852172
-0.3377347681907341 -4.530635029618838
-0.34087581295504854 -4.60504046821568
-0.28618861841001986 -5.06972194907395
-0.30851873430424354 -5.250001683692583
-0.12600596418925636 -4.934457652472272
-0.3479994559421242 -5.262922078853074
-0.31583515903554815 -4.693559630542005
-0.18028816077127302 -4.593032061794682
-0.18895411103346474 -4.92282453678567
-0.31132909740140274 -4.947351307948914
-0.15035450731697228 -5.019079409951581
-0.17143746146796054 -4.803402518922072
-0.15847154675326128 -4.710513252824937
-0.30577654778774727 -4.626365773581355
-0.22605270583277684 -4.762715740982284
-0.33101731570472653 -4.618616663556744
-0.29312939818360534 -4.936695608189575
-0.2063098992237921 -4.94841951936117
-0.2579593375974755 -4.7539244316350135
-0.37589188784293065 -4.654079468540525
-0.2876690164242077 -4.620893523175347
-0.2923332723460989 -4.678741971408059
-0.1674089701338891 -4.786409997545889
-0.39624303876548417 -5.080300981706783
-0.34338715264396946 -5.229473968865958
-0.2738873352236082 -4.608177776701764
-0.18986165574066188 -4.801639494534615
-0.2552795407904902 -4.601137295954981
-0.27367866067291335 -4.78265779796916
-0.19955948964525666 -5.078103131627371
-0.2501150633973863 -4.9716394869016565
-0.3421937299095758 -4.770557307086973
-0.25881783420167026 -4.683098233972115
-0.3886687364276561 -5.074983183308097
-0.2036578748268411 -4.8370133266430475
-0.23672349574050627 -4.993896998887948
-0.37253331069032125 -5.075163311097256
-0.20108745791253882 -5.067806472794527
-0.3187420424629769 -5.013899289202872
-0.35168092335035567 -4.68080122796424
-0.35383866743850995 -5.157081140361099
-0.3865474161372121 -4.730712601738681
-0.33363650234044284 -5.116263982767038
-0.38998532400233604 -4.587156086914806
-0.12529096903511927 -4.800729274392381
-0.1304143321600007 -4.595922712538934
-0.18846561979128973 -4.84162978900999
-0.13299335677900825 -4.784573093139012
-0.15725879988955802 -5.065563392469583
-0.26056176986767754 -4.712890565994352
-0.35589129700225935 -4.625467764151588
-0.2841460902129771 -4.990383828431606
-0.28368855657934666 -5.1716977387026635
-0.14878646695056674 -4.94490559294039
-0.3624665694996931 -4.646000008105989
-0.27023932626774205 -4.917483182862552
-0.11222693222373803 -5.055854556185612
-0.16268279042530226 -5.0476979231228
-0.332728396682174 -5.215868797804977
-0.17778931313068097 -4.878469846783394
-0.1251990759160191 -4.829664331634559
-0.16324686058470694 -4.53947286368749
-0.3762697833560616 -4.95217053542603
-0.3347616293309442 -5.096417148711579
-0.14133572802068 -4.97691499381589
-0.21928156703450816 -4.835512752961249
-0.3697370138208233 -4.823265784820828
-0.1312297198699527 -5.260429502496224
-0.2901130987173622 -5.103531994325141
-0.3913722919796767 -4.976784201299744
-0.38247230023536916 -4.640409760671197
-0.20464784973788236 -4.715790912718102
-0.22475674870857051 -5.06855753255714
-0.2416136411632393 -5.152448100625415
-0.32957053577847983 -5.003884732879576
-0.16332044000191046 -4.550385901581528
-0.3401101407882131 -5.272959897905515
-0.3082451030533275 -4.813309073644657
-0.2745953963922463 -4.534719864474184
-0.35701901035932604 -4.849352552591654
-0.16837342154304494 -5.205839160562348
-0.14297268549016845 -4.724140832283083
-0.1594279117356738 -4.549425144013413
-0.1434959272329821 -4.998365510555186
-0.318315436103648 -4.842005343883336
-0.3632862606003536 -4.615875696173049
-0.2745834755998078 -4.768334532995827
-0.17852709459108806 -4.544237545018791
-0.2783233728989559 -4.959864579902077
-0.13927944673464765 -4.561244273824726
-0.30019802087504466 -4.633096465659418
-0.39733506400787055 -4.946617957409945
-0.2676864625542369 -5.02835663121159
-0.3228373989193123 -5.007913667274273
-0.24921697894909897 -5.23988825008828
-0.3799447328796098 -4.880211051279304
-0.3920273560492688 -4.541165118207039
-0.2688571593320085 -4.580049870156826
-0.1674205405644344 -4.699188843005559
-0.17781125043982393 -5.114817943138813
-0.25286932336470946 -4.880414920357137
-0.18961036868681516 -5.041146010256667
-0.3727465578370093 -5.236735544466155
-0.23014517421855343 -5.097462135500268
-0.29399720659861417 -5.25158203713052
-0.15461575399695773 -5.247109269331754
-0.32964080630967696 -4.609645168325751
-0.13336659023585384 -4.959306697937994
-0.23227339499645083 -4.547685950831456
-0.13624097041233363 -4.8462966991102014
-0.3273713274459671 -5.073941078554284
-0.15042739889826837 -5.201966523125467
-0.1539326733297594 -4.68356866454617
-0.30359508776808697 -4.700409962231926
-0.39510800486619885 -4.983230884701491
-0.2648044973640822 -4.7790409642868275
-0.3484713689836725 -4.6395558902351075
-0.30539649487011966 -4.748971014581289
-0.32060155632033127 -4.666885008488751
-0.10413385912563483 -5.194728105605475
-0.10793732411639789 -5.003840330860911
-0.12782715434422753 -5.191771722567308
-0.14718760825972893 -4.940845497012258
-0.14076562180587682 -4.832194496367827
-0.26359285478785255 -4.84555527437527
-0.17192439064128034 -4.64375153195557
-0.3927490556562612 -5.241348875409251
-0.2714979947404559 -5.169107408410689
-0.13359102886407226 -4.841755320807495
-0.24062112722746914 -5.231873058597651
-0.2753102179382651 -4.623843977941988
-0.3871865498645219 -4.895175601752698
-0.1095777754690922 -4.657250326810185
-0.248026966364649 -4.526168535021859
-0.33444083581488676 -4.716748213188031
-0.15353021467363479 -5.026070003918378
-0.2839950587563007 -4.75417472749195
-0.3682530351521724 -5.067238138580276
-0.39206857114338706 -4.937290557986404
-0.2770362323738191 -5.183635832319318
-0.14938500861251358 -4.701199537261925
-0.16958807275451487 -4.973116474357801
-0.10844318735434033 -5.07415531079466
-0.33312546154188816 -5.255807356809718
-0.16843641677656995 -4.560205826173965
-0.10239236333389395 -4.616896248688533
-0.28625881715951146 -4.982899694922381
-0.21203836489388345 -5.066636410517068
-0.2400137920101168 -4.682567961610341
-0.26448548967320257 -4.853683767036157
-0.3775111903266389 -4.6348472066318855
-0.17047703168742362 -5.112346974500716
-0.21479062887357933 -5.1292500532037755
-0.24719442117036722 -4.8094481272912954
-0.1393687193110273 -4.918164911746139
-0.23108341058810986 -5.1025702356997344
-0.13634666307897297 -4.8850819237834715
-0.39419690582249384 -4.943789363148257
-0.25521063712369185 -4.777352004532025
-0.397421865865666 -4.5353853572153024
-0.1576798539916932 -4.938856779471957
-0.22697457101948051 -5.249178855810691
-0.2467272313585043 -4.953041703944794
-0.3530916416012053 -4.893512502163427
-0.3841456545658317 -5.068961883891298
-0.38161528589117183 -5.190900097011298
-0.21838338916787356 -4.987529956989362
-0.29059403942373496 -4.850512614229142
-0.3416787090527453 -4.804546236252852
-0.23731329575595472 -5.277237522638819
-0.1839497268575155 -5.148442543370616
-0.1293165601203568 -4.9643202308201015
-0.3957224650594364 -4.9389714212124485
-0.23918667421006598 -5.152288712528458
-0.12311107767551621 -4.573375744992287
-0.28674083450598986 -4.8432734142348375
-0.20202671568127067 -4.945444087887935
-0.19159419697758 -4.5500160039338455
-0.3787085837092326 -5.06244912391868
-0.15788245975333376 -5.0075628771659275
-0.22581353241935756 -5.14145696157603
-0.11932918599850079 -4.995708114691791
-0.12643967828452757 -4.642535963647872
-0.12453095034133521 -4.707668785329113
-0.19056930641172654 -4.800567062082383
-0.35215050627824634 -5.034623886265563
-0.24398957236349228 -4.601981329862519
-0.2748376337889773 -4.895512656632934
-0.2057075180063071 -5.1213127817172115
-0.10915153556287427 -4.943161073983242
-0.2848900522546657 -5.002307424353068
-0.2657068760991902 -4.6797132766145655
-0.12255955295647847 -4.922190651392883
-0.10791954410404231 -5.045232912460151
-0.3773717461207857 -5.214867705763067
-0.35558662691412246 -5.063018037159465
-0.3186807142760309 -4.953776904124674
-0.3118735040165439 -4.698718064247311
-0.24801238871648326 -4.861698906271348
-0.32465451700533665 -4.88953704743741
-0.23015018111622773 -5.038977101183647
-0.33732469939677323 -4.595394600287801
-0.1925014042547597 -5.094326709026809
-0.272938115005818 -4.610097942170196
-0.10548611236374195 -5.236471414451159
-0.12321151895040361 -4.638258380846522
-0.39468375592366545 -4.756011873583197
-0.15980062890704308 -4.854983191836995
-0.3515316142434757 -5.131250539414765
-0.19805826975907545 -4.737757532670635
-0.2942890160006585 -5.082089054508697
-0.16530699040341437 -4.877890933035522
-0.12245498284925749 -5.265509318360403
-0.3484770052711746 -4.725659018187449
-0.23278463499205176 -5.10249621807888
-0.21678313818324044 -4.580555244586443
-0.2626710277903056 -5.126037151528723
-0.21164372018947933 -4.876646070120917
-0.3862998575467644 -4.677894950647916
-0.33970971527691957 -4.957884355923731
-0.3027737189141532 -5.04842259816858
-0.37935840881004534 -5.006773938412151
-0.17107778097397366 -4.868590906280842
-0.3192953129618309 -4.850841254402141
-0.14901591057299873 -4.78736621396613
-0.2683486109031762 -4.97068523265765
-0.2721121561881455 -5.151574777233431
-0.14897646817235022 -4.987203524037501
-0.3236123239824799 -5.031195288690742
-0.12675372277278707 -5.216712570172062
-0.2803807872066652 -4.6728682507105495
-0.16118530123031446 -4.924677636258726
-0.2846280175469821 -5.175365615112544
-0.37928016042461676 -5.121352238791397
-0.1338148319608184 -4.979818752554822
-0.2991434326426956 -4.704917835737089
-0.33222295327326135 -4.534292437839377
-0.200476467282962 -4.533517573213552
-0.11413676180458704 -5.167907850657944
-0.25650802068700185 -4.872788776498198
-0.38500860348429794 -4.780562535573857
-0.16454797161657742 -4.530554959687427
-0.23295109874059672 -4.68433394443318
-0.35394646939533103 -4.66269940343156
-0.2144090063871608 -4.530601985570288
-0.2501810617006156 -4.62330404945815
-0.27744853737373165 -4.843938441839128
-0.35749372967763465 -5.158842868741727
-0.2274738843476606 -4.984504135339959
-0.37687820583298254 -4.698178121476584
-0.3040726841908176 -4.996530104667693
-0.39133120592006226 -5.201650911045524
-0.33457009438193797 -5.031125566005433
-0.31445380690188857 -4.646076849193918
-0.3035502285271737 -4.868890838537471
-0.392075128719735 -4.728499366905162
-0.22339779941219184 -4.826239058619861
-0.2558955574909982 -4.951678878443985
-0.1503813609263632 -4.708316128410931
-0.1641779273660101 -4.916226944869624
-0.1364456434459715 -4.949752380007627
-0.23425836361493163 -4.63268289518995
-0.18749829798556406 -4.7332331893944195
-0.33613861445387105 -5.276059668679589
-0.3237383966599852 -4.590049916846085
-0.12803599666254556 -5.040091653073013
-0.19699684098711492 -4.754149785687737
-0.37480321488663343 -5.092363530613587
-0.3537829251178166 -5.148048561706128
-0.33373890587284194 -5.002278807908433
-0.3977264845597893 -4.96499617777708
-0.16786188346640107 -4.6201134716471035
-0.2561803603403983 -4.746727494207494
-0.3275044771197533 -5.05587873083497
-0.2506850984315468 -4.627539781466966
-0.17485697668668088 -4.530591834799263
-0.19104748319971773 -4.582510072076202
-0.10777487445288358 -5.1185101834319955
-0.18895526146833408 -4.621404012305531
-0.3717697296028016 -4.699722682363585
-0.18237997462723046 -5.098997068703995
-0.15305978667746264 -4.913526471612019
-0.3600277157826701 -4.843558845655843
-0.24257481235649306 -4.935670366811829
-0.14803551980242308 -5.271141745033238
-0.1356711082386497 -4.812619445774832
-0.1896950640877458 -4.993057663990826
-0.37802649236876135 -4.544805574870724
-0.28057309650506335 -4.852424062146405
-0.13734052454381723 -4.587367112502017
-0.28019757212338975 -4.700676753954254
-0.16600853028249354 -5.248913700563572
-0.1329459479012043 -5.208083299515515
-0.18158259900343623 -5.251118852647318
-0.33084464014913584 -4.8447888294478325
-0.3452499148797251 -5.187739363576316
-0.32467476592784794 -5.209725010155281
-0.2715745549601669 -4.582296603607093
-0.21290746123880097 -4.869845924963089
-0.38061450619917303 -4.838935076644343
-0.22489519986704437 -4.577332831955968
-0.2868841053925357 -5.092834439677854
-0.10812954015819187 -4.810651672089269
-0.3592223628594129 -5.169140583993352
-0.15460086706608156 -4.791924675982804
-0.32634120377809495 -4.881713746208609
-0.11188174757762803 -5.124016689812533
-0.12646681916438934 -4.567718099666728
-0.2646118395653138 -4.991617041891567
-0.3088079276221645 -4.547704849858023
-0.3786277206969361 -4.5785611687930485
-0.20301738852206372 -4.679089697256408
-0.33421842435584603 -4.912571598688128
-0.17917000361177815 -4.928318996013922
-0.37249630829938235 -4.537321677988263
-0.10753594303028152 -5.106780022950187
-0.30511494256714344 -5.22032091127499
-0.18908407856527276 -5.068519858292316
-0.10635137716888793 -5.076941151614049
-0.13809841864005118 -4.937290698988003
-0.13707222032012484 -4.789588647796148
-0.3967312538471148 -4.728781294503529
-0.2670477368844105 -4.791822207801164
-0.16895527386884118 -4.650014980320763
-0.17363795635749335 -4.940542650712534
-0.23545590108230569 -4.768731136597819
-0.3239501554674976 -4.561067364456311
-0.2337200576403148 -5.047513136883484
-0.22185481699449705 -4.69178301550816
-0.11402786284495042 -4.612785287720549
-0.33443614318315984 -4.864437034909313
-0.2660681241415673 -5.274341734043911
-0.3547584928842258 -4.792768825262815
-0.12944375819671722 -4.934423368173343
-0.17343658100676138 -5.274123418365496
-0.19578142160088433 -5.162210468027814
-0.36348053334821107 -4.970625849976333
-0.18859628944735785 -5.262047455732281
-0.16881249611654187 -5.222636877209895
-0.1787176877298166 -4.843868433128763
-0.1774154453609806 -5.197517407923052
-0.22863569088276817 -4.585424786535023
-0.2927955884883668 -5.265114161299496
-0.1845978141619668 -5.090608349459256
-0.23024833088291363 -4.851605644845487
-0.1346710789810598 -4.67010051955948
-0.31620570556740313 -4.746622936545475
-0.22224291443226019 -5.1069891142116
-0.1760900694069279 -4.676058046373376
-0.151435771610133 -4.787597703131705
-0.20577821767988466 -4.935868273294586
-0.11275533923792458 -4.904357619314505
-0.2299248378369706 -4.967070722071597
-0.16263530810978472 -5.062887996351669
-0.19728575925845 -4.761028325586655
-0.3502769326856045 -4.847798789051176
-0.20982969519749423 -4.6151271100739075
-0.2668165747543982 -4.992916140238164
-0.1755987359414976 -5.094220305476199
-0.12269353238953884 -5.007979190015315
-0.2089883113107209 -4.637945157285857
-0.28630010923887184 -5.108104234144557
-0.3990111719805048 -4.876141378447088
-0.3816345806952525 -5.010039224967695
-0.15428618603339536 -5.057971673521561
-0.2917104585563725 -4.905520925928659
-0.1525803198427893 -4.553187697709624
-0.24657247911183336 -4.71512978170147
-0.1912193201410085 -4.781507411649173
-0.12777915249845717 -4.681689730123764
-0.30359102784199027 -4.746970331889346
-0.19138686418871675 -4.592590048766311
-0.13305750375260655 -4.8802476502562655
-0.3374553535067484 -4.535854561011507
-0.31611949726449456 -5.034674847810962
-0.10804675980936901 -4.868126837056577
-0.19945190128638515 -5.273178476605302
-0.15215762584853199 -4.653805610407084
-0.21649484369592356 -4.668730315030704
-0.289163660055441 -5.055132430779571
-0.2563963037637449 -4.64667098917462
-0.2611609217111031 -4.945949902734105
-0.16552878020924613 -4.755276011131637
-0.1221504669984772 -4.7242028298061705
-0.3700853539428505 -4.619797045105682
-0.37181979320513003 -5.242148275089112
-0.15578137977143117 -4.8316236586731645
-0.28312331101719196 -4.872379682676144
-0.34349993027797526 -5.236131044726212
-0.3002592042119928 -5.262096975275245
-0.23624339704083425 -4.884172863705589
-0.32643126291046937 -4.778460671224727
-0.16341653826958097 -4.890802215302427
-0.285575641457098 -4.830205671810071
-0.22439475803823009 -4.877170895331096
-0.18738884956331667 -4.6324508111667555
-0.11987595606341017 -5.269145543903587
-0.24777295072702965 -4.534918838748286
-0.36849403370498574 -5.135444149206546
-0.33859235199801146 -5.037226100052491
-0.30675358590709434 -5.185569485113988
-0.3244837117022077 -4.730773609664982
-0.21591006853340314 -4.820232173990189
-0.16915844836551996 -4.921796448206536
-0.2779106268030651 -5.055129406683651
-0.38633254222195046 -5.091663063433003
-0.38459873000504624 -5.05470014520184
-0.24635484501833377 -5.048535312025411
-0.16504798120270445 -5.086947164555833
-0.31183601009416595 -4.94569884976545
-0.3612529266320239 -5.056694759746473
-0.23096455367826968 -5.146100040232869
-0.13645233377309196 -4.713538431881158
-0.36396426945298216 -5.034288787414839
-0.1448365045602769 -4.834345324438617
-0.119142504642335 -4.89954902487065
-0.19862303304857432 -4.762708839788951
-0.13132456643386514 -5.005842145461559
-0.22851597215556219 -4.832477990019808
-0.2844203645785244 -5.2639987484023125
-0.3755408843274536 -4.628173770424759
-0.2989908303302205 -5.1137021531950415
-0.1510370483497922 -4.76502524832141
-0.13472671251351798 -5.088016629216522
-0.10475699645986303 -5.157401311578574
-0.3243857080142511 -5.2206153684300585
-0.25838336464298545 -4.679000422839582
-0.13848104243371823 -4.910010959232372
-0.38465009809671763 -5.139473057035078
-0.27213408400269024 -4.913401349320735
-0.2359613383393412 -4.924520696210081
-0.37049866393722874 -4.579032931439863
-0.1396079444502027 -4.574911352039379
-0.28250541887398417 -4.533747604137574
-0.21764562113055932 -5.120794171523874
-0.39873898409749375 -5.051228207235224
-0.2902502757538955 -4.719031240648791
-0.28369246890547434 -4.975549615017573
-0.18696961482052887 -5.156729902817527
-0.20064175367732578 -5.162855931678239
-0.26459695870464905 -5.021460259865269
-0.1491810849454021 -4.995339329426873
-0.25691047069949813 -4.851108278136144
-0.317816368386598 -5.044424089845353
-0.35011265729674534 -4.644998948734234
-0.23082787433610272 -4.554563135072808
-0.3002398488023229 -4.555869509206684
-0.32015412805087606 -5.187556549443936
-0.2969704098799665 -4.737638867048627
-0.16179984590615523 -5.162402977567221
-0.32786029549849616 -5.01321677075752
-0.2840583562702674 -4.817147178483967
-0.3597566461113041 -4.9855065005326615
-0.16906398824859206 -4.553638394457731
-0.12843952321723956 -4.7313794457488845
-0.157528693312137 -4.6629187063673765
-0.1715437815409109 -4.705399468280046
-0.2926648663903234 -4.9180583004911
-0.30065889524900097 -4.649862115167493
-0.3578664267693473 -4.913780026166089
-0.11489165318836209 -5.121533288098922
-0.32315280774899113 -5.262277250131844
-0.23780018045122214 -4.898234513676475
-0.22353818916007667 -4.7020353029192385
-0.13020181926431446 -4.7259910970466015
-0.11591082542669762 -4.72092742973342
-0.20890801339285486 -5.025779562103434
-0.30553643728735996 -5.107982511159897
-0.25452348295133226 -4.551482938070411
-0.3151518688722046 -5.019337031005857
-0.10824237378814727 -4.612750630352641
-0.1323334750467447 -4.694100441862147
-0.30099025237912574 -4.686510137416239
-0.21617756788019427 -4.987419880037727
-0.23743419964274054 -4.808580147514936
-0.1812886735032768 -5.11189548902962
-0.34605863810735044 -5.181703486058867
-0.3191362147035259 -5.161817532040592
-0.36524820161195454 -4.7105082558706775
-0.32755366898590854 -4.778578769541539
-0.28855014167975507 -5.039788528738434
-0.27393580462501 -5.226239687023018
-0.21735588039900647 -5.124918519651182
-0.24037729532439106 -5.024500837564048
-0.32559953773064715 -4.561047502795171
-0.13642544872264473 -4.648069766826889
-0.19738567710878865 -5.2421070148832865
-0.24057279132426543 -5.151001019561779
-0.11927631749002637 -4.654446569034712
-0.32145215372400193 -4.682258512430451
-0.32462704758723415 -4.967579946966847
-0.34622262358609474 -4.917829627780271
-0.20207766400458652 -5.223381159556376
-0.13208489954695224 -4.998544765725373
-0.12261362902148665 -4.566245469460982
-0.21873220603879762 -4.533828709363825
-0.22930071181795858 -4.682447167934908
-0.254839095579008 -4.756299219046612
-0.3747845609383231 -4.998606392717592
-0.28251162937017993 -4.539430152522414
-0.24461066447062738 -4.790291956644589
-0.17512486015874676 -5.091634353894576
-0.1988985193693217 -5.076409976190592
-0.2167692999143742 -5.256376321088646
-0.18634010872995876 -4.681087727406924
-0.28942162350142536 -5.084361210379899
-0.11409224119769101 -5.220717906974025
-0.24420059284214046 -4.621663823319645
-0.1318080282035512 -5.145885159465041
-0.3483749753581102 -4.61693730307559
-0.18410573575269742 -4.6107858134663156
-0.10089856891464938 -4.665802750822869
-0.2315504448873128 -5.264351004612451
-0.37255807802689594 -5.031461837094012
-0.3165158394049278 -4.725891219019602
-0.24575009331683287 -4.675970282396053
-0.16636716824411776 -4.6122518792035265
-0.2667640184704865 -5.23562380286857
-0.2997702673647004 -4.617731792188562
-0.22191263621301646 -4.932147516036283
-0.18347818047588227 -5.218532364662507
-0.37398951329043967 -4.811281359312797
-0.32403587019033464 -5.060194110709421
-0.240331162706947 -5.234897177450027
-0.1970646829589615 -4.8315956809919705
-0.3531013626398056 -4.9486547450152205
-0.24466119305430867 -5.018775075655571
-0.30630891520385495 -4.62897454911465
-0.18822742418315389 -5.048536553395973
-0.3109114176206335 -4.783062308794522
-0.10915679207777723 -5.145600940930223
-0.38759182546429 -4.571410882750912
-0.1166914788637744 -5.057771585708168
-0.24388479887099873 -4.965240854962286
-0.2016723023544332 -4.803235843109452
-0.38177803842182084 -4.999022543062482
-0.2060713684389826 -4.617802753169601
-0.11170040245278201 -4.811447701212893
-0.25482591120027265 -4.908364499946489
-0.18815300276076558 -4.759278083612076
-0.141781875687368 -4.655016617056882
-0.13153764916213473 -4.729704142800634
-0.10216838969566294 -4.895981907260329
-0.2479196462465567 -5.012485528060667
-0.336571563499417 -5.1573780653627646
-0.23146837943190873 -4.788372862110705
-0.27422308183247435 -4.8226205003073614
-0.347883493640459 -4.697619864338451
-0.29995463123851024 -4.974917170765479
-0.15632524675542633 -5.192817470565052
-0.28656145743943906 -4.550536635408456
-0.21607980315257946 -4.53742231607915
-0.19731566266546227 -5.0652633555994475
-0.280416552873573 -5.257122718636445
-0.1503939270530024 -4.620235342836571
-0.2685086937409058 -4.687387526219182
-0.15002421404504543 -4.9765132846888855
-0.2252441134922982 -5.109850385979181
-0.30328782011380273 -4.92170912051819
-0.38776894996620465 -5.12553224798895
-0.38090896527632306 -5.195104075348205
-0.37035544788023234 -5.1316032245849605
-0.27960532217874234 -5.027931411144757
-0.3175557850838379 -5.122473491298701
-0.32942993974822954 -5.267561335108565
-0.3925343307429339 -4.814050563893106
-0.14820439507015032 -5.196271999793526
-0.18296949094407364 -5.2082732685446205
-0.10244279593526778 -4.732288395076712
-0.3204593354264816 -5.038842936656847
-0.11170331840045167 -4.87170804187465
-0.2470500873514019 -5.1657853314883635
-0.17357076037108204 -4.787365020648586
-0.2475150904087754 -4.646819213497623
-0.3458367882181557 -4.972723643562018
-0.3764371472720649 -4.743903974616003
-0.35295322662575523 -4.597318576838088
-0.2192234027381878 -5.038059912112462
-0.13118385441353886 -4.95815299528532
-0.11026755800535559 -5.047683556470381
-0.23328261438638107 -4.534323612039436
-0.20478040651094123 -4.944818352247273
-0.12192488958024478 -5.270536594188105
-0.21707672289543142 -4.53001667685567
-0.3795559029408799 -4.656773002949145
-0.25178275145711276 -4.529459439571464
-0.20023629992315925 -4.576982252765315
-0.214930254660087 -5.045026966686702
-0.143986414298502 -5.202603171054247
-0.24183914238109733 -5.143175531063555
-0.17313555170187533 -4.7341775696182
-0.3008645725990795 -4.868803284697678
-0.2845054429617393 -5.153964337945393
-0.33661947564552847 -5.111572604229784
-0.1923258539436948 -5.154317435744496
-0.395630832376315 -4.824717915865945
-0.33382836377927627 -4.990165326966802
-0.3176739758180419 -4.575418508565938
-0.3960602072877617 -4.796728976319404
-0.3343700903724897 -5.074385962048385
-0.2230264383521067 -4.773553203842185
-0.32876383781014096 -5.102563114184475
-0.3207822346230392 -4.609412376249469
-0.26970241715466786 -5.076892641334501
-0.10774130794023545 -4.534638741015426
-0.19233393142368815 -4.774996304692013
-0.39231530127503284 -5.156376072964084
-0.17139917723817283 -4.644499607845252
-0.1399145190498452 -4.596481068317345
-0.16041915511257782 -5.03647460063704
-0.1449961814334108 -4.9483728752911516
-0.34834647278298536 -5.070055156698385
-0.3144632626047816 -4.810462080934435
-0.38525631474948 -4.84151688674144
-0.37256189759762526 -4.791729285565535
-0.3678280534512752 -4.991718060944703
-0.2919613480749772 -4.8396983255616375
-0.3601333064150768 -4.843339784866056
-0.12663669374505332 -4.8233318509059755
-0.3767083320048722 -4.673388821064159
-0.23539959829169846 -5.163256781690384
-0.2698211085653145 -4.661765619347066
-0.3878977269532347 -4.70155269706163
-0.3018408352747118 -4.710049810715755
-0.3576956684032459 -4.989193297330797
-0.3546662419681593 -5.192539277871523
-0.34699354465619137 -4.858178791505974
-0.3032340425765101 -4.826465438220408
-0.3860051627912013 -4.540058054528562
-0.212686146970631 -4.5759478834104845
-0.19238819090916282 -4.985139285731529
-0.3624487731759385 -5.267307440852671
-0.3623563261247348 -5.133939475656809
-0.24402216213430822 -4.861216516800317
-0.18390547533658416 -4.680338106381964
-0.3057598754960079 -5.080072344343917
-0.2195562836690586 -5.012539649333805
-0.2884854307140779 -5.126843083219388
-0.2835245103937775 -4.7751861407702725
-0.2266791382324654 -4.628857424881729
-0.22783112278772186 -5.046775096799786
-0.36583839886540326 -4.837821950431291
-0.13342557039600278 -5.233429761866309
-0.33341239961930547 -5.120673298064816
-0.25106142720697444 -4.8264501433310105
-0.3268689200712164 -4.7733273298392795
-0.2693806652820393 -5.070597229202729
-0.33978132608521383 -4.53159640994118
-0.12771600346470297 -4.909166295048889
-0.1406421848567525 -4.704738894019161
-0.3213113759070132 -4.959691960239019
-0.3946041203842337 -5.073543110052913
-0.2633746429793565 -4.927187406407266
-0.29655529258814006 -4.86897737978409
-0.1736584080019034 -4.922248543241501
-0.16932376604032184 -4.750870469588714
-0.2942600891712975 -4.545653184083088
-0.1189873448958984 -5.204737403471563
-0.3228638505489564 -4.58945906572112
-0.16819976595241332 -4.5841033316708595
-0.3235611530259205 -4.795440460486851
-0.34325620962037673 -4.87471008960928
-0.3202716468298471 -4.631162730647866
-0.19830572418117218 -4.918166350299746
-0.2836149111512928 -5.213996319095799
-0.19042549184644963 -4.956776627308122
-0.2152911791820815 -4.693432478716926
-0.34680840876780417 -5.028676529600588
-0.11484589548423163 -5.19995872883055
-0.12533450553335035 -4.718904711514955
-0.3873850681527735 -4.916189442007396
-0.16523464532042464 -4.653360159129622
-0.11315711290337599 -4.734090916499429
-0.20934617746938441 -5.112005080424146
-0.3647950680508443 -4.692515910704634
-0.22558091597601163 -4.724805802320004
-0.3541749097657568 -4.624286228316186
-0.11446290045484864 -4.745361640869779
-0.22896432207117948 -4.832881773689491
-0.26064700180886613 -4.719449029949091
-0.13864097329202602 -5.1999545118915815
-0.18397129270832221 -5.011914779011146
-0.38890867835749815 -4.8219800298179285
-0.16720198950853296 -4.76594176046218
-0.31837264345394134 -5.070691782620106
-0.2371623453532215 -5.049993118978073
-0.1654843927739905 -4.892831259664305
-0.35053304480686215 -4.7955703136671435
-0.33911334039008206 -5.132804834185522
-0.2446448275001557 -5.182086825227682
-0.2687307192343694 -5.012515603701615
-0.27065004869452614 -4.6647244807218
-0.22913594145976018 -5.275092561472623
-0.3727738188118183 -5.100252880085946
-0.3406285228633472 -5.1303579664905765
-0.3827008029840253 -5.122369056862674
-0.2940276892784981 -5.031767953209019
-0.21729806415622097 -4.785351284094942
-0.22771878428454267 -5.027138624101083
-0.18742645063719962 -5.123625346704523
-0.1299991753234811 -5.270472733261499
-0.18157534846882195 -4.772323387959786
-0.1329088084755442 -4.7228325432956
-0.33167636284446195 -4.968155787752572
-0.3567287613521278 -5.0003619780635535
-0.3584495654358486 -4.876949156720172
-0.19600438150798935 -4.91242629827016
-0.2749441969420675 -4.668819313634273
-0.11286609757275123 -4.728670978373094
-0.21964178467512288 -5.146907116972222
-0.35752310686967104 -5.169925406171613
-0.11760286483052995 -4.878650883822585
-0.2504770326050133 -5.274948695747059
-0.21686561117532457 -4.634714186714884
-0.22414207676140965 -4.896449149789061
-0.3679661213249876 -4.693935198614696
-0.32944684060032825 -4.628303405272428
-0.15926975245375075 -5.067088195301406
-0.19082392497175277 -4.787379936166239
-0.15840283791043944 -4.708748738895842
-0.2550160968466384 -4.851110193423905
-0.1318887767208592 -4.59189195156155
-0.3086117683970173 -5.0248760328538
-0.29707208215779063 -5.065675328710207
-0.2800962156671774 -4.6047217821616435
-0.221484163960147 -5.145963549341806
-0.17317995486797072 -5.085467773888706
-0.2084390442397522 -4.727502287041527
-0.13604333183351502 -4.582223629035263
-0.3604835589261375 -5.242124374391383
-0.1449552063286531 -4.826460447510854
-0.30541790049957673 -4.563029905144386
-0.250076019666711 -4.969501761341784
-0.39411290412982 -4.901930164980611
-0.16812876648709343 -5.240451259860681
-0.3823804347922084 -4.910037037428707
-0.17890504419505343 -4.706025968257764
-0.3290198248487297 -4.971076202471939
-0.3048333275214626 -4.9446696055788495
-0.3606626865102562 -5.227686198328684
-0.21245235883842042 -5.087625756813692
-0.14274166219626255 -4.7298683774204555
-0.2290741816572952 -4.9644131918904115
-0.1233274607406874 -4.694651675397769
-0.11908565327182752 -5.133063469221574
-0.10397975534849441 -5.220297810052749
-0.3734974138942244 -5.03920094306528
-0.38477178264087697 -5.225829352101885
-0.3628938913775455 -4.984459008147477
-0.29809531640880754 -5.124691889385515
-0.15501057485940387 -4.630153988170388
-0.24922843219994115 -5.003933912797549
-0.3086898669743021 -4.958119147281231
-0.11818966734960545 -5.148581733605424
-0.32159544448118793 -4.525676623936299
-0.24559469875860662 -4.882879997265253
-0.2914497974711712 -5.125439723574131
-0.12839264791587163 -4.97230772332021
-0.31417478461870835 -4.713963741501846
-0.25377468205463594 -5.01782353738304
-0.1313914797842275 -4.561277139160107
-0.21147042182033296 -4.839540672021125
-0.39603185075438324 -4.604813680259642
-0.2683512283204177 -4.813567553534161
-0.37348216187353184 -4.9112675654284565
-0.17469509642995398 -4.553041036780866
-0.2426836265084092 -4.836475582179493
-0.3602772754721786 -5.153036693517656
-0.2486408069069538 -5.244308211855116
-0.36266760955737254 -5.223068250545729
-0.365665725289653 -4.990229236809444
-0.13958867056525476 -5.223091001568917
-0.15349084421559095 -4.997062053643403
-0.33175857191944197 -5.105381811210198
-0.18238882194710015 -5.054919833814901
-0.35219640390704116 -4.640975821275548
-0.3389213131639271 -4.829851787444105
-0.2740761996197144 -4.95762905114089
-0.3168791258502992 -5.034256420420432
-0.2753187285317547 -4.62064732834084
-0.3372587985681791 -5.125672689844273
-0.35379991156034785 -5.180341640006834
-0.3205211189781592 -4.919744747917255
-0.24327350795025215 -5.104023580603814
-0.23466517835817433 -4.682787138840678
-0.12233844893811524 -4.837202942804588
-0.32783273418343656 -5.15594264829963
-0.18276987397531821 -4.635494057634019
-0.12793841197877576 -4.818467689525154
-0.2646741701771 -5.125918118888713
-0.16642700041502612 -4.981995711253322
-0.1321033719895391 -4.769949794886998
-0.2639543157999792 -5.243565424455044
-0.26209519703681927 -5.000100954301479
-0.1775811090639266 -5.012326469653119
-0.37952888890342673 -5.245509409343628
-0.3358674732061425 -4.662522200541651
-0.10744737240408953 -4.818100532104111
-0.1286189116746682 -5.011830412664143
-0.18832772999873096 -5.160735813721265
-0.23814064562907727 -4.586465527839035
-0.2529562469546663 -5.015595339853913
-0.31427745449868816 -5.240244268021984
-0.2018944398966749 -5.266453719817975
-0.11785492639898265 -4.649255758646363
-0.15528705324053388 -5.227451580212926
-0.3309317041400419 -5.272110533354925
-0.20399323924316695 -5.073824923018783
-0.21243618438495546 -4.925147095880019
-0.21513314543677056 -4.763405916053814
-0.3257251473513256 -4.806792483345338
-0.1620186386512663 -4.7232561218722875
-0.18347745504063684 -5.198246102385286
-0.2697610425819007 -5.141343195690183
-0.12745095241315824 -4.9197281979135905
-0.39029147792162755 -4.686096332603904
-0.2945733185421583 -4.839400127244221
-0.17105029300095057 -4.545778801208288
-0.3887849717852264 -5.204787934538086
-0.19211206156994295 -4.599273961945562
-0.26145160483544505 -4.783640144581803
-0.31486421934192876 -5.138915719427982
-0.12732915708652393 -4.984630475214821
-0.13391214429487236 -4.552104773304508
-0.2658246532899808 -5.0140575529184055
-0.16230636184463204 -4.553048056949711
-0.1445931066056787 -4.739172673043514
-0.39931132237602984 -5.187654874968702
-0.186106734225447 -4.5859305255796325
-0.105061695870594 -4.6504370945570415
-0.3739397110400176 -5.121400591203425
-0.26857366340412875 -4.858087835577069
-0.26300597661223457 -4.532392058104512
-0.1724598352939135 -4.731623727345324
-0.2415666472784042 -5.242200663399737
-0.28388571988129174 -4.666254530795255
-0.3718417578133266 -5.0517972726454285
-0.3400758230707842 -5.102387359439249
-0.30998354498890796 -5.256050197063498
-0.278757018890803 -5.1149428469478435
-0.2869789981516609 -4.549817607231031
-0.15048271363673818 -4.939162281815274
-0.19159566007965584 -5.005748301436577
-0.2798360881303693 -4.919364816205803
-0.13114853473059312 -5.171813216702403
-0.3074015580241073 -5.115096513892192
-0.17057086648410114 -5.112245569691109
-0.25340355317108904 -4.842390004064792
-0.1786494936265784 -4.659690666916901
-0.3667197027683298 -4.964257509718907
-0.140007883787159 -4.711333228341163
-0.34490917977216184 -4.808124172188897
-0.316407987175916 -4.846693317972278
-0.293448060389667 -5.1049406762631335
-0.2053425094203775 -4.529482618890072
-0.10715364168154579 -4.885263935217489
-0.29233881747821433 -4.854357352861276
-0.16726200899361743 -4.617273047201519
-0.1565838189729764 -5.221402658149988
-0.28857947933561306 -4.561573998676034
-0.3413335499237383 -5.241602348660438
-0.12637991149085098 -5.202683636709357
-0.2208064306090922 -5.239026776680826
-0.36126955492055557 -4.5705735117125705
-0.1604609821228054 -4.659704853264937
-0.3748956291970636 -5.241111776542717
-0.3202242763262549 -5.196509785842724
-0.36185996408778554 -5.253264574175445
-0.32463886939313535 -5.069543950424142
-0.1596494004601687 -4.95834330677925
-0.1610527438516268 -5.258001011984031
-0.2797351783187648 -5.019289672589012
-0.33186908360247624 -4.599935119573767
-0.19253934400386527 -4.940131782949035
-0.384667928373281 -5.112641652096031
-0.1362510806300019 -5.061818852561766
-0.36704421632726814 -5.141363172147283
-0.16781529254333472 -4.993466596926031
-0.27325935356445996 -5.0959730007559445
-0.35173861695655584 -4.714904883976609
-0.22030493519327612 -4.78663858716564
-0.17336456149911098 -4.899198971077521
-0.1257621565924364 -4.726233312751429
-0.17207144364098906 -4.7143483862430795
-0.2186006561052471 -4.926158121837191
-0.15076411993178834 -5.213410139785819
-0.1150951391668153 -4.917601105986218
-0.29229521941233955 -5.191734132942434
-0.3534471774646265 -4.55703137380257
-0.17181903046168667 -5.038990548210116
-0.31535838126473464 -4.769169109740968
-0.35910392895857046 -4.840909899599434
-0.33783236005358247 -5.142851668180112
-0.2766772586596474 -4.981564978481085
-0.2956634896196325 -5.139652544443787
-0.19742364667337325 -4.963186303976732
-0.33786631816128326 -5.211158350810819
-0.39024936292496815 -5.1723842331134335
-0.24934834472258596 -5.078051855176397
-0.1697867841468855 -4.738866462020134
-0.14325697111372865 -4.594108114991614
-0.26765861267672963 -4.758125381058115
-0.1957569646303651 -4.600972780435938
-0.30891037821624706 -4.530333828870124
-0.1138990740572437 -4.8874517486975755
-0.2228564949842091 -4.902138405108705
-0.33506753413396356 -4.584972407368197
-0.25828795638238633 -4.866291565575562
-0.3873600160524897 -4.804693788792939
-0.3153155855995296 -4.650314783861135
-0.11924620654940415 -4.951885393505078
-0.2545085204442921 -4.7943983620239425
-0.23134460470256854 -4.756512969895495
-0.14244321508187735 -5.116011631519965
-0.3175191224492251 -4.656178740290659
-0.3559022579435092 -4.69487208042539
-0.2675118424463802 -4.566463920594392
-0.3413149196873225 -5.244606807217526
-0.3657823900647076 -5.2334049461948355
-0.3347599437692047 -4.591357920390896
-0.3070474876700511 -5.162390751710577
-0.14033738756682906 -5.16316083408035
-0.3640393524167591 -5.225252094112845
-0.33376372292254686 -4.647386608235323
-0.27741748207486394 -5.2038456601953555
-0.1305253188482005 -4.893967504332674
-0.17340597963812202 -5.148643960239118
-0.13219328318300344 -4.584246697665987
-0.15179798102211892 -4.613322840818865
-0.29036295345333707 -4.993347533530565
-0.1486217724217963 -4.743452941623447
-0.27819480779018546 -4.629531615808166
-0.10506313205622175 -4.664760964186676
-0.11782808426598829 -4.695925162299518
-0.33995174189009336 -4.722500195904708
-0.28862381747000465 -4.769968175129996
-0.11064248603979543 -4.55599975250028
-0.3795062033332647 -5.273060030849285
-0.3438209465785756 -5.217585462515637
-0.30521438433150055 -5.106265808180492
-0.22845974036074748 -5.1254329696057574
-0.26635172803663687 -4.919888184454784
-0.3637260104201966 -4.976555098807675
-0.2856639094817269 -5.237784411471013

0.13369970277511198 1.236165005829822
0.06517366666547711 1.2151988218118388
0.0755183391299091 1.3662651360369091
0.07067189973511792 1.352511016402238
0.12351874364036693 1.8313870871510902
0.15550415499811937 1.9145292574139325
0.11460473100613092 1.4332956569956854
0.1256815481692596 1.64009015330072
0.11554099003100118 1.2166443792876886
0.06084550239580376 1.6628665066114972
0.06098996273952374 1.3067454950694828
0.09658251481522553 1.8948315976414611
0.10542606565198892 1.8417290400146822
0.13139472947164013 1.8694904272105213
0.10121763705275907 1.6328596177741144
0.07593310190069626 1.4734033022698059
0.14664182884780771 1.7596008954290863
0.091187766552128 1.870094812412377
0.11282324014981449 1.680007014783245
0.13061838634023198 1.8421483056030639
0.13779982860785644 1.4352494928068213
0.1527662849962908 1.3501799205853313
0.0605543090673061 1.5599077040978935
0.11547310781351006 1.6971489532741506
0.1470739647700157 1.5550621321669607
0.06018375915869632 1.4693835073697568
0.15221051087121928 1.975936159865092
0.12298041292483554 1.9862393394526727
0.09481035722276948 1.368022358462849
0.10712211290961178 1.6358041043458993
0.11088211656187544 1.2962439502931826
0.13924816498234588 1.8767569865461864
0.13020664564310885 1.2976735010238667
0.1109270134771764 1.6266436993624924
0.08297188617543735 1.8608680392207144
0.08258285214839606 1.6355244516693068
0.12827327031201996 1.8392576383278567
0.14396413993879092 1.5813158587804796
0.10410247492730029 1.4858192758627888
0.08472533819003315 1.8552147341864393
0.1252553461633645 1.837989561703
0.1523709941736483 1.4088637340411372
0.13383872409688885 1.474738485147122
0.10239242599327858 1.2124214775044473
0.061204045134161875 1.806355645771782
0.10102569279121895 1.3808594980803597
0.06943675862974422 1.927163966182643
0.10179075641423352 1.8282314239241333
0.09209447974470164 1.416091115423569
0.10370451843021128 1.6212354986055737
0.061546031314832585 1.4551287535960333
0.09864962704913284 1.3179821745186497
0.11278230043720523 1.3159983358158593
0.1439085150859959 1.6220454414740497
0.13870864191049076 1.480273726999219
0.1491299882237695 1.4836821229634927
0.10432499294696007 1.2057480030091636
0.1415352033373059 1.6600650406620123
0.12632918232847706 1.8112850300170658
0.15850885373353552 1.9811434794676512
0.13820394654686624 1.5149790516284183
0.1566548796573573 1.285239136093623
0.13745059731899534 1.377733002647136
0.13168251664315977 1.539140408674963
0.09889142234754952 1.6739821906941075
0.06388179308078083 1.3221846140822342
0.1537428754517704 1.352629232476039
0.11282969294809221 1.5567275791957176
0.06711779556145978 1.9675037795520445
0.06713147862849414 1.7696969652520926
0.09986407251194818 1.635966767654315
0.122225056637944 1.7896765373377526
0.147203587371305 1.5983074822594048
0.10717565158139414 1.7037049699314137
0.0737965187580753 1.454838887994955
0.12773536844783392 1.4430336959977579
0.08029324347340147 1.2366007160434775
0.0778166164404133 1.4280342984737713
0.1543142328537348 1.7484846740287492
0.08471105031261336 1.7984053243451381
0.11294991218978054 1.7387952982840036
0.15080683229878564 1.7344610869148924
0.13516254961868912 1.7529106725303185
0.1294823401948853 1.8413327152260641
0.07858925050732983 1.9138296093617906
0.08849453744622564 1.7181374123855644
0.10748901534502711 1.2019041568972495
0.08702884991423705 1.8185761986474485
0.1565283991488982 1.4999180671793764
0.06716581575833275 1.895799577692975
0.10986113507618613 1.9704298851730635
0.096115955607347 1.7413470580823396
0.12972491401260272 1.9441923626161999
0.11389480346679068 1.260762042983738
0.0632323731520532 1.7851054498780148
0.09693105135027999 1.4853437485957839
0.06317427010175368 1.2063531000550805
0.06272372846484624 1.45904882280882
0.07933496568261084 1.7864705101004388
0.1199230146865308 1.2270916450458609
0.11774723395459322 1.5514307259391396
0.12966935295616 1.5469251741332855
0.15386042843105907 1.4348962067951443
0.07997636710071171 1.442543980777226
0.1290263225119896 1.848357142873481
0.0973288190185185 1.7957665785524037
0.08686212035312016 1.2054376139140937
0.09885736004428144 1.6777728638795293
0.07636182766694546 1.4946166658774318
0.07211268286730248 1.3883354211302823
0.13684427177363057 1.2214633907182302
0.15685422357876505 1.4725938502102822
0.10292609090868504 1.8118853534332446
0.10929783682046502 1.9723717567376682
0.0600002729878902 1.928127617052113
0.09311358378379692 1.5778514777609725
0.14181457533259922 1.2242441341340835
0.06471951641199221 1.6433588374468218
0.09764419872975691 1.5583777109036445
0.12553029338807045 1.5663414172693704
0.15552847881217846 1.239398823081079
0.11106450512883792 1.9096813947968148
0.07829155293509096 1.50405671846324
0.12962737378857211 1.36751399446069
0.0814797045477208 1.7847288333095066
0.08612546270385689 1.2577401036913969
0.1451664525234766 1.8661414746971174
0.1039207277739419 1.3141095188677958
0.14256907657744652 1.5662995102131243
0.11796754220323963 1.8061236093800832
0.10832691023847249 1.8056140330812804
0.14889738176337647 1.428457890302006
0.07814375778625879 1.9848626129174753
0.07284359700127177 1.392220954348819
0.14474932908451194 1.4704567773395647
0.13233774948153898 1.9004166082022342
0.13973278625860594 1.7507680857401455
0.15750977288942652 1.4036150069187483
0.06339675703266424 1.789435181508379
0.0945038906237892 1.2552339294974395
0.06488403756052477 1.5986732978084777
0.10753230085610374 1.7063781644959302
0.10207246303209905 1.2958848259201923
0.0738546896759427 1.9782559809829738
0.13000775838444767 1.3446002554898226
0.08937906894124518 1.777142148977598
0.0810112181048498 1.5638662662061655
0.07114342096493234 1.736688245287486
0.14890842396507403 1.7090188226464877
0.08380799052883961 1.4361075882127616
0.1443755543301679 1.7789274393615022
0.1569465427491981 1.420776706968008
0.08643664191807968 1.7046124527591227
0.10391233802158811 1.9513996070195203
0.13371783440188478 1.6322087324486647
0.12619349542361813 1.2110640162141353
0.13429723594439713 1.340817984334845
0.10749910029636064 1.5378724068837077
0.10953231162959866 1.9703385070627
0.10022650057330834 1.6826830339005228
0.0865899887104933 1.3787406083978269
0.1438372221220302 1.5575077867873062
0.13408561986902134 1.4475836963591364
0.14426335517332056 1.4976561639780075
0.11436792515405764 1.9767547408693957
0.08481016066169583 1.9106265087164211
0.10342680290718677 1.888817563711175
0.14157316187802726 1.4145136033492314
0.15134205965993136 1.9496004163043756
0.10185627654099674 1.227176459842795
0.1292879438869607 1.7679488348613828
0.12447113793890512 1.3821259601672131
0.15694074553546478 1.683739922002197
0.15752209888771798 1.9112169285035256
0.14589124765105005 1.9638497116557652
0.13945494796917746 1.9138885336808555
0.13594601525588218 1.5042800578093525
0.095065620278456 1.6041435375585607
0.12952773223629133 1.7028024883843238
0.09553952162621154 1.2540391600613734
0.13266928306636713 1.372492833468324
0.14313579969341028 1.7521969665209682
0.1461465187427402 1.384923528440872
0.08799509013259009 1.2068294681962592
0.1592858304768239 1.8661723283674478
0.12482375159556212 1.5594084788267326
0.13962333096398688 1.5794807918377973
0.10823065183407549 1.6440398607233304
0.08070208895667222 1.3452339211092406
0.12082828899080775 1.3125746795755469
0.08209389138086517 1.2107694075225783
0.12651302193888736 1.9060558105459946
0.13180356829454482 1.2361131360015813
0.08309889785312305 1.3042211234661343
0.12938195016371362 1.5805757093432489
0.09183726974502449 1.249032314140953
0.10018879627194266 1.4191095920756234
0.1179796002954267 1.2250460052583745
0.14858015086467635 1.9776881995343982
0.14811128700693885 1.6159204387527293
