10 200 120

0.27846682437742165 1
0.038188656548210353 1
0.14023970070234504 1
0.11035965418720406 1
0.21815746485100762 1
0.6386156981489766 1
0.4586300584598493 1
0.6315539374682783 1
0.7533076890641495 1
0.8863644969895843 1

-0.11102920023282659 -5.19452211522927
-0.14871907204687612 -4.937916836877878
-0.15236252598846933 -4.810995632800811
-0.3167002181134789 -4.977803892748058
-0.24492986565259178 -4.795575432513441
-0.358001684039302 -5.106898924819782
-0.10406824473855619 -4.570229314600921
-0.3909756500348094 -4.717437905577982
-0.17026447009459994 -4.712678995864115
-0.21503293512912253 -4.529136542837581
-0.21985518158198544 -4.675344540476009
-0.3290532977463448 -5.064041886165595
-0.25938931673905863 -5.2073741923165695
-0.362799890480129 -4.628280769714098
-0.2834137113182215 -4.781824995456323
-0.36305347445587033 -4.819254007330285
-0.2942190748074016 -4.994069689275434
-0.27244155655997215 -4.763195494380637
-0.19387726814945783 -4.974651834873229
-0.39941455545627846 -4.79388818170348
-0.3405709101668021 -4.874824483260217
-0.3238547632454025 -5.1854265163280875
-0.29551488060826847 -5.125596769374164
-0.12575343568892194 -4.604052144683423
-0.33471489485165695 -5.004194492851582
-0.1339864532000839 -5.058580877502795
-0.1040561524257555 -4.86883778320141
-0.32572042061283596 -4.808350938040123
-0.23081567390130928 -4.637084834318726
-0.31725497528724794 -4.956401045808622
-0.16281964554783257 -5.140542385113285
-0.17411970380873618 -5.250373062952662
-0.36357322872695885 -4.677432421886171
-0.22960288789268904 -4.63148188162805
-0.29995593747057375 -4.684287915033544
-0.22978183761451756 -5.230007413360446
-0.2033873785541215 -5.098745313487625
-0.1530037745500773 -4.628457685226252
-0.3405053014009568 -4.903063771251717
-0.3288232911792656 -5.191091417555256
-0.26535843548693994 -4.677041604604042
-0.14457695243232588 -5.154734336743833
-0.3923522354864177 -4.877328965207713
-0.1775911121133512 -4.812618103851158
-0.24839253690709298 -5.157412435023809
-0.24427529626394195 -4.964182283923595
-0.3868420933649201 -5.171720092099977
-0.3674752886935092 -5.236520779874248
-0.33237892464192 -5.0342692826596975
-0.1671738147066807 -4.924463279459244
-0.10469554942962872 -5.198194597631259
-0.29335971537384653 -4.951820040910859
-0.36762956808328445 -4.526251019608522
-0.13136184512653815 -4.913637201077214
-0.1721894824997825 -5.273515157815899
-0.223580346595613 -5.263264291461095
-0.27411089260281807 -4.6850122488808985
-0.27441513701978326 -5.075001063009009
-0.3489032578233107 -5.249710886844769
-0.11244523951369156 -4.599786717466159
-0.3075082100931338 -4.603772488010546
-0.14628573792478577 -4.947071502826988
-0.10981037442418085 -4.816724296038775
-0.3245393333757383 -4.622038532964198
-0.1359181617176013 -4.777799048696146
-0.17549455747357087 -4.989377517663088
-0.15488247740335126 -5.168670966449501
-0.12583321921003343 -5.032343542506199
-0.15958851759140313 -4.912912120244877
-0.11410872301317782 -5.201925988443125
-0.22356085616006097 -5.138298131295192
-0.3479451303706356 -5.254607455066571
-0.3619681706995809 -5.158167999768938
-0.2831676046906455 -5.127760942292379
-0.20502607954965318 -5.215322457058157
-0.16870866458234016 -4.791866607656798
-0.2788018357374962 -4.532949146023315
-0.3745972176154843 -5.179258784751952
-0.3074248152128977 -4.897633924146941
-0.25800244551231083 -4.592700623457307
-0.12774282454881114 -5.158454666631469
-0.10040092971304881 -4.596781216421007
-0.18389801592183144 -5.155933986381234
-0.3582898833271518 -5.039009519720532
-0.10335698679586142 -5.053375999828808
-0.1757902517771287 -4.853752003507534
-0.1452597950234495 -4.999582937960181
-0.17943558761914505 -4.579055855450095
-0.3899045727949607 -4.932256732814338
-0.21496468933298835 -5.050981422788926
-0.367364181993625 -4.655391847502693
-0.18645915838311367 -5.14170210850695
-0.10108451225735593 -5.198992079505987
-0.3160657171382835 -5.0467273321244726
-0.2671647698355527 -4.794354905569913
-0.16409052324512705 -4.579653389305646
-0.10730321609035526 -5.088223610621771
-0.3136662717085385 -5.119674488836959
-0.2482047174171194 -5.010137151780428
-0.15954229723676813 -4.661652665601908
-0.3482932330059745 -4.645324500032368
-0.3217214605275617 -4.999201569386407
-0.3206891041337398 -5.265267062650596
-0.2723971237130174 -4.719181154479747
-0.23253125132018743 -5.197197564201953
-0.3771365833146624 -4.916655700936666
-0.1462964536805038 -5.124540641704082
-0.3999335439710163 -4.694889042987522
-0.31261396993841123 -4.997683457794153
-0.12170091862376964 -5.079776823048117
-0.14017334665156056 -5.208276839011404
-0.19362020991064333 -4.844841906114183
-0.24767388867960355 -4.943457395557116
-0.10306793109444295 -4.652377735798911
-0.2558147501853256 -4.653561268415528
-0.20414235641712614 -4.919507048644293
-0.3382501612063934 -5.267457257312927
-0.2837002531873315 -4.668919603326689
-0.2553801755522995 -4.715121355634261
-0.35562164093837395 -4.680607077324234
-0.3840402154942426 -4.639202914600262
-0.2370060001394392 -5.174762043629528
-0.3567803929188032 -5.149970043743512
-0.36434977191601037 -4.630919293866207
-0.11487394202460849 -5.07136335844781
-0.11354220887804894 -4.992490525610137
-0.2246119565824028 -4.612402307619159
-0.21296524807888426 -5.123259847889987
-0.10702128157070723 -4.704068273265896
-0.18135851600405856 -4.926359851825155
-0.22247553213026175 -4.798961518884174
-0.11417186229590315 -5.15134834217831
-0.1875978249985212 -5.267001243069913
-0.30563086750493323 -4.921473504403275
-0.3320412467175087 -4.883066810597396
-0.3001197677646054 -5.142845789329318
-0.1547413603923849 -4.884876266269384
-0.12307419372999256 -5.128099699206306
-0.3156452189423816 -4.574778381697483
-0.17265646935715587 -5.232350530083178
-0.11311310532110042 -5.179228310796578
-0.36515460139641653 -4.865724941331353
-0.20505947646742473 -5.155975977475446
-0.27542733274345077 -4.949464228597602
-0.2430294750925266 -5.23049566242609
-0.24624005013331204 -4.67485574245426
-0.116992394936344 -5.033678814978819
-0.22778058359919479 -5.064921415913572
-0.12564450626972767 -4.631001773646013
-0.3585896143299361 -4.635396161019288
-0.251344925460295 -4.817252935177847
-0.16964412769816456 -4.5710790933024565
-0.20369246258643914 -5.206267316805905
-0.2920521541416408 -4.710153263775708
-0.2533450494721827 -4.73705880476329
-0.3636321365232126 -4.943156805301165
-0.3693792141899245 -4.895991024061523
-0.16505720849601038 -4.8757348094098685
-0.2809320942068277 -4.934178911304496
-0.32537254500690893 -5.255745109132598
-0.22888738685441076 -4.746132529130528
-0.17439364181871275 -5.1661138980577
-0.28004461167523825 -5.133119177012524
-0.3868926654909033 -4.643168671731894
-0.2421551199615717 -4.582873026895491
-0.38789940856370425 -5.183865777865299
-0.1303813878981599 -4.54308400209965
-0.21882502612403124 -4.62590243564311
-0.38092548229628515 -5.042846418466405
-0.3816629243687823 -4.598005401398008
-0.29964340281531043 -4.877154044569073
-0.3906820341995303 -5.14133861970401
-0.2099288983529484 -4.715146302558338
-0.2630142593305266 -5.254371926276498
-0.3949925576216053 -4.5580445339077285
-0.21926182637992578 -5.021500208358911
-0.2705829603102741 -4.646589839057104
-0.17902770702345475 -5.0389651041379215
-0.13787628254980866 -4.991916282609811
-0.20290226062834443 -4.904406828202601
-0.15723470183115676 -4.550717628873309
-0.14628365942483812 -4.6855930010634825
-0.23170040145001622 -4.696416439414732
-0.21936384541932555 -5.2478823229502485
-0.18342056660466202 -4.742715872254306
-0.3125348777855057 -4.577233094205719
-0.20181591649528213 -4.557647823898261
-0.16232673641643292 -4.564853973808078
-0.27031095476489053 -4.805162260473096
-0.23484709810689233 -5.1458644883910525
-0.37899542909342593 -5.212906500886085
-0.2321867018084176 -5.081657059323855
-0.20956928730655347 -4.711424424019267
-0.1117975555750344 -4.6329238090174085
-0.3502877684116409 -4.923554314617836
-0.10781289426730484 -4.60588461749311
-0.19689954882854516 -5.202709986283611
-0.3572168092372149 -4.985657311845637
-0.10162612939263055 -4.840702611004258
-0.17251280757903162 -4.8379973934074405
-0.32044763543378774 -4.648172556369461
-0.28247425657908887 -4.709801702420252
-0.358745494389215 -4.633631946744086
-0.22421580353899667 -4.82155734211446
-0.2128354700410525 -5.141899246189971
-0.10838845357685067 -4.865232660259935
-0.23735810637094226 -4.953036264377435
-0.27002772322871393 -4.841311059119928
-0.18530346496387046 -4.531267280118691
-0.1705349996499183 -4.953179416090138
-0.29809994868931877 -5.198438420931321
-0.3663660907431465 -4.6942799038563505
-0.31960156275725204 -4.786234036576278
-0.3793283384561035 -5.182961007640276
-0.2479111002004362 -5.170949601052717
-0.39209901949828213 -4.635585784419867
-0.1744584224248211 -5.068006131476475
-0.1888940268363813 -4.735730131739844
-0.16345847559544094 -4.933150664713193
-0.3130838734938473 -4.795356115882449
-0.15426016550430144 -5.113458121778446
-0.24444036374757572 -4.980385975873182
-0.34322198825273414 -4.651953003972062
-0.2158808546276981 -4.72780044956788
-0.32544869966646583 -5.273450544755199
-0.15368410561766324 -4.744470122685359
-0.38976050754178915 -5.067484754479363
-0.23491087650452908 -5.095688860991518
-0.37288333420385694 -5.21463189627497
-0.23106720154512372 -4.646668961765352
-0.2556380820552722 -4.963089923039968
-0.33054824316927345 -4.684403669815299
-0.380576911387484 -4.668208114078952
-0.3155914963197782 -5.01855157010168
-0.1170406805066585 -4.590090330402042
-0.3931220515095013 -4.744610440828514
-0.20401725267073642 -4.881660582872263
-0.15571648835561294 -5.020298629195875
-0.20819611514762498 -4.924351090494353
-0.36937016535535006 -4.579087123784899
-0.39817513692540885 -5.1437691450503165
-0.33062266312177413 -5.104057664611061
-0.15942888305972133 -4.776932273397065
-0.3125928316263912 -4.744111010976852
-0.3824197423093854 -4.978811688086182
-0.2536492562263517 -4.631324633235811
-0.3886982628879916 -4.937131962421745
-0.3344383929086159 -5.032721286799977
-0.23841284423239992 -5.189762551512489
-0.17959497476820802 -4.700857351517957
-0.14708240826134567 -5.134607259279948
-0.37437073939875665 -4.901481621001698
-0.15854830630069935 -5.040669976405455
-0.14201479924898958 -5.044635897058422
-0.23832103410401154 -4.578373437056957
-0.12106098328706671 -4.678693950649684
-0.30538120440062766 -4.6824278673425495
-0.1542315844279787 -4.7452405443457
-0.3677582951286712 -4.822150882871382
-0.30004143312022763 -4.528138935123733
-0.1385283176978872 -5.09937960721643
-0.39451910452742744 -4.707738631794968
-0.21321910264716165 -5.1418185797257925
-0.1452783272728359 -5.116604585158118
-0.12020953043518295 -4.857422895141569
-0.13748226168958239 -4.6540938190039025
-0.3938698453898128 -4.9280257256418585
-0.38434541240388687 -4.871472515553727
-0.2646917522446659 -4.627967669819326
-0.16909938812319542 -4.8158306355685285
-0.17120241705374756 -5.220018686606568
-0.33466009907749383 -5.095890987360229
-0.1642569594335032 -5.14356971324437
-0.19707722236826228 -4.569698511122703
-0.22197273747515017 -5.225834439418902
-0.30892223412338526 -5.046227189230879
-0.30044091856941424 -4.780692961707353
-0.32432498593898834 -5.132261279474791
-0.12613084775261768 -4.556524639471332
-0.2334935018816609 -4.7955274154353535
-0.25171343940228996 -4.86902140256668
-0.2536824515689746 -4.995312861871649
-0.3558914438333568 -4.639882012512978
-0.18519114827528768 -5.084511188110952
-0.26757300910255144 -4.789915570041759
-0.2558520459453931 -4.526988168699623
-0.21384594567541163 -5.041140108529241
-0.13111165700340704 -4.637800906389454
-0.17530496634328976 -4.531609107787826
-0.3075488432539612 -4.597866516827125
-0.10748062577748202 -4.558678266912441
-0.16769388498525922 -4.645879723897808
-0.20127300760856862 -4.755534245853972
-0.31266104294861485 -4.7999594642183485
-0.24398315946874852 -5.1760313684416515
-0.3344730679613535 -4.56555408772426
-0.12566102568512233 -4.697045224370191
-0.17114484600136068 -4.971354357515965
-0.3115756395341819 -5.232214514611931
-0.26623793579502647 -4.56847851079691
-0.15837768299365604 -4.933205766929427
-0.31848782921409696 -4.646003423163507
-0.39492316850038717 -5.240727579491346
-0.19408508611631053 -5.264540561868769
-0.38949467509771996 -4.687154944749848
-0.1765823976853215 -4.588206781134824
-0.248182972735217 -4.832259654379649
-0.15506077211596464 -4.8202886475723385
-0.37042942856034505 -5.084774019164416
-0.3852508847157488 -5.263723264573577
-0.3915387556795175 -4.584216854742595
-0.26456655690105824 -5.188444379016283
-0.2464517385928029 -4.778523732175089
-0.2296640963077359 -4.815248469884357
-0.10593059528062754 -5.09496627727932
-0.2100417309957394 -4.833287903936254
-0.3722254937234015 -4.943602624090863
-0.2878187292068274 -4.594889849934012
-0.3109539388637803 -4.700977307758665
-0.19396476246956784 -4.7182027657997825
-0.33840645481744 -4.846390602913155
-0.3208914274222836 -4.825767325176291
-0.25903050073087514 -4.99742479143981
-0.179042486889625 -4.6068272230643075
-0.33088960034466924 -5.024227060313262
-0.23633575955792369 -4.706054535975843
-0.18285768002629038 -4.69833915764694
-0.22542494744782235 -4.992808576730266
-0.33917450820402506 -5.217102167471543
-0.10490648823030951 -5.033375017520172
-0.13490724947726884 -5.2460074406816855
-0.3070615049409138 -4.70718774347691
-0.3050952804566415 -5.038526178649913
-0.2351086088022834 -4.6322820323782254
-0.2521456207729468 -5.091917474589963
-0.2433083739395659 -4.753679904539455
-0.14366291646769802 -5.0435197751711485
-0.2860942978279172 -4.539058488956208
-0.1372916470569896 -5.153623686123028
-0.394323259560944 -4.6266324167505175
-0.36410964533650436 -4.726204085290471
-0.18956951056842006 -4.557696956995542
-0.25177688012053123 -5.154519090225542
-0.2767645016959418 -4.642159495725525
-0.2636598877526594 -4.710644483831453
-0.11778226465758213 -5.143041734910794
-0.3710468230851799 -4.662310498862537
-0.10041713013772702 -4.826554302835628
-0.12987234387568497 -4.786642309979138
-0.2620758051565526 -5.062084181369197
-0.23154503912279303 -4.851701398014471
-0.2812432675103188 -4.975411806306613
-0.3378972944995925 -4.9540008527812995
-0.3977143986023759 -5.110662285151336
-0.3402263192161268 -4.776635977198222
-0.20347630811354797 -4.897047773265821
-0.27544839041113794 -5.244393256464817
-0.32513838824994523 -5.115136804784249
-0.1305665780155938 -4.564850491975818
-0.3758692086288102 -5.101509882962254
-0.2125665855269452 -4.846519622646909
-0.2410974739268518 -5.236489354947732
-0.32881523034346505 -5.2079650994413775
-0.21165679306515353 -4.874102358076132
-0.3287876500455753 -5.141103879837433
-0.27050989055434327 -4.715335250961432
-0.18534027213968104 -5.0411740667569775
-0.19814773753425613 -5.169246850045446
-0.17624222252103747 -5.180912578735519
-0.3380865756442246 -5.076099363987085
-0.21888670189031825 -4.752186598416759
-0.37066219764731473 -4.710928104424697
-0.17128135019939802 -4.617955858522873
-0.3019964785390553 -4.594325757796986
-0.16919459934754716 -5.04281438053098
-0.3137273016069554 -4.823425269560874
-0.21755652361323471 -5.244848224250006
-0.3324798827375798 -4.871082795045757
-0.21485908446511928 -5.221711995581167
-0.2558813476492081 -5.264133618142937
-0.1222524884147615 -5.121353424263829
-0.2804585368350856 -4.677667896881781
-0.1570888095889795 -4.930583846651472
-0.2848631129477025 -5.238059333229122
-0.29487701049827614 -4.814826864319111
-0.14570687392673964 -4.932042163058271
-0.1708138916047078 -5.192426829864052
-0.3895866572665425 -4.554019728084367
-0.24505535029506648 -5.18867026804999
-0.34945093460306803 -5.228937469752094
-0.27062999490627404 -4.854766010172588
-0.34948506415759695 -4.7119923840100295
-0.14528596008723504 -4.823240220566632
-0.3133702491997616 -4.660565198426426
-0.150976402430455 -4.975113819389389
-0.24554790298773546 -5.06727187817401
-0.17977951005951578 -5.090502687140332
-0.2042057978305634 -4.889153973439904
-0.28522259825181956 -4.791838013994268
-0.37500175865086793 -4.867401265771224
-0.3182374127970888 -4.857718015464085
-0.23644974653618434 -4.540968444069889
-0.23041337921256136 -4.6814732620024255
-0.16458137927859479 -5.272761984698461
-0.1477728968560566 -5.113757068144289
-0.13166375385820828 -4.879367596147614
-0.17600243940520915 -4.673701281651531
-0.3828235850217581 -5.031491096441934
-0.268557117905151 -5.175534701895114
-0.33736893604264784 -4.556660009990086
-0.3922138902898966 -4.583545766884266
-0.280809526400394 -4.9374795441230885
-0.19196424450933516 -4.60982056027453
-0.2960818659852082 -4.793134973656733
-0.3296232198839041 -4.880495581270505
-0.3056347415589974 -5.200082845064987
-0.36736751509496995 -4.958266611685233
-0.22535711481980758 -5.024394124062161
-0.287585812145331 -4.805879385945779
-0.16338632613751383 -4.677993386832725
-0.36271626111163635 -4.99704169648388
-0.3209280244403808 -4.80668353579414
-0.14183474596124346 -4.711961957823606
-0.18945396524767272 -5.214396389924398
-0.3440279923854796 -5.270240956159512
-0.10470338953559327 -5.195823369050093
-0.1374998324577305 -4.732323028180456
-0.2320655480843375 -4.886041301017221
-0.24850459789409393 -5.067366165619375
-0.219616373923846 -4.833242716295052
-0.24056520742920207 -5.068025523690613
-0.30980881978464836 -4.988153386253718
-0.3440606783441902 -4.700021214262854
-0.23036149426592076 -5.12090801731956
-0.16878565058506306 -5.1900960331227735
-0.2697543764399675 -4.746929158909656
-0.1086598480377357 -4.952455069757853
-0.37438522664818163 -4.630024298954691
-0.33222757526851054 -5.214449777733016
-0.36316984198862945 -5.1345749362068185
-0.16588223123376655 -5.021920538219257
-0.13181090120265732 -4.992305684114714
-0.26887931762516315 -5.172949341342952
-0.13004802164805018 -4.812415520992506
-0.2582734715667912 -4.597926704050153
-0.3948757970266593 -5.035262537506901
-0.26109439058291134 -4.662790009177078
-0.31240979894437815 -4.993760172152348
-0.3759786849598391 -4.783316830845946
-0.16436330681449393 -4.6518288704609185
-0.19792416429474022 -4.848847066428114
-0.2778383042316427 -4.911552416991198
-0.264941122110642 -4.533743913889249
-0.39624953808258434 -4.557408253466164
-0.18116658152100693 -5.084777573331157
-0.11326692212244377 -5.138954047847195
-0.34997924744104053 -5.214041325832963
-0.1050258326568112 -4.553830192802648
-0.15817133915864448 -4.560343363848502
-0.29410874911367596 -4.560097766177007
-0.3069911256794464 -4.572674965270797
-0.1699845423615336 -4.591337218981271
-0.23097501653791372 -4.57380618724815
-0.36848575109237147 -4.740331779849311
-0.35613397199198954 -4.549550277347487
-0.36812006466518093 -5.210140707938365
-0.17066176955375867 -4.6442523508964415
-0.3744278535263655 -4.631694319841348
-0.20394582744876968 -4.880086456204275
-0.12344956077913943 -5.092897484771777
-0.313313154613326 -4.620645572609218
-0.37576056345318326 -4.856814928677786
-0.29858991480746233 -5.178597069984594
-0.2489276818213854 -4.931044222145839
-0.3296486311094834 -5.039862257729846
-0.1518628540189212 -5.190625955502218
-0.34971118325560946 -5.232166179464185
-0.2981482149830452 -4.595045378922059
-0.3958639749195643 -5.091341351729043
-0.20567844235326035 -4.840809086350887
-0.14316300556443934 -5.10851472953012
-0.20065647356793156 -4.833729395806788
-0.11960927099198498 -4.735745147634697
-0.38186592532911484 -5.181485059649908
-0.3921246729196045 -5.244592942896252
-0.36532926810755717 -5.043308230547477
-0.16973536068073003 -5.085461956477041
-0.30888342076790076 -5.000993415271382
-0.3556572941885128 -5.271344466552979
-0.14301378117721164 -4.827467720571123
-0.16400573174016783 -4.9803837189458955
-0.2759341493578447 -5.088160378572908
-0.3420986847907112 -4.795317421279858
-0.29075512647274393 -5.099453334832168
-0.3035477447164443 -4.798480020244933
-0.3597201202097836 -5.139356284408326
-0.36483660154284775 -5.206358538083498
-0.3445473028956746 -4.637167192327946
-0.3712288552720354 -4.883726060764952
-0.11467683512866678 -4.694432539164518
-0.12010448251242739 -4.734031156097765
-0.3759700318111426 -5.179285071680577
-0.37240952188258714 -4.930531733288862
-0.37374596257632875 -4.721760401089527
-0.19868580123517166 -4.65494299922046
-0.18973218770074834 -4.630671603586686
-0.23986861036449755 -5.185436304440898
-0.170183948173782 -4.881535520923288
-0.3862223627394532 -4.534855748934478
-0.16746384503871145 -4.594916520782791
-0.2727878886675109 -5.214255595670804
-0.22717492260382402 -5.141950494300548
-0.34047966425048215 -4.988434921747357
-0.18116388755619078 -5.264055139416877
-0.11139678391641128 -4.81163360340614
-0.30410304148242207 -4.654785318958951
-0.2851780209106076 -5.167634894257261
-0.14378888118566935 -4.57047568826974
-0.17129864885074958 -5.0648678718024795
-0.3521200990540862 -4.528124299736973
-0.2729261814126309 -4.836988902666953
-0.33517241825989486 -4.980473036361013
-0.3855049305054731 -5.088463756940769
-0.13425973759369558 -5.234761215668502
-0.2238912112795067 -4.983995552129626
-0.13904252113859572 -4.84806100727411
-0.3326257950042253 -4.689085189949223
-0.26196279124885535 -4.682074594350034
-0.1947959000850815 -4.759316628140712
-0.2194350958842118 -4.659683273481041
-0.34715461645484524 -5.252722053261618
-0.2863859747811981 -4.71598346501259
-0.18809124129385388 -5.22032089862849
-0.28125451282649266 -4.5628360925993965
-0.3785941853972207 -5.008146041713763
-0.3782626561693474 -4.526047315932164
-0.3576816498545902 -4.832576468526682
-0.37931197377163434 -5.168499922376282
-0.28471576635789736 -4.7611753603265345
-0.2510399832505809 -4.773136644457456
-0.10378355241399911 -4.793112057014719
-0.33906969447281865 -4.621209197223369
-0.12044698150603733 -4.752202891068413
-0.2679699878508015 -4.690624770169629
-0.15502037376741584 -5.22032632655429
-0.34922152331753903 -5.278096920051781
-0.3994342415350314 -4.9241499477062165
-0.10495229734779765 -4.782709315895483
-0.11159016353360657 -4.94757529926984
-0.1434009321412389 -4.582460821172867
-0.39936055761847195 -5.273561874066965
-0.35744965453789024 -5.1489357733791925
-0.3290436264272299 -5.268170194080619
-0.1676725258658327 -4.863115438783103
-0.3804123675385907 -4.724887241751445
-0.2978343358642188 -5.142410009300024
-0.3438860541800227 -4.5619005864948425
-0.10990105149989715 -4.581968189812577
-0.22942419315767604 -4.914118411520456
-0.21366194886575948 -4.67990186370557
-0.18107808514381213 -4.612066516708141
-0.309354649210629 -4.615508031580665
-0.1854811130037026 -4.553446748686558
-0.3587336465585439 -5.189449148805554
-0.20391221748811267 -5.2631682435498925
-0.2396089978493091 -5.245045107193294
-0.18358709337417933 -5.107752178554888
-0.351728066050515 -4.577119307289345
-0.1979467714515424 -4.564239107003491
-0.2611936923720083 -5.215491107252097
-0.23838790238773205 -4.704090787034295
-0.3096128903953048 -4.703652841770597
-0.22955808196074004 -5.035293072267039
-0.19497207397516353 -4.810865697589545
-0.20962059183665463 -5.074743070605243
-0.3884961025128421 -4.743241635852035
-0.23789093202597533 -5.152731947825042
-0.2633994939719929 -4.686964347153417
-0.252939435751292 -4.889429029183211
-0.3688083913593901 -4.631179327492128
-0.3673057307968359 -4.897940547676292
-0.15652851426462172 -4.853753796173997
-0.19494179394234273 -4.875085327806587
-0.3108230463213747 -4.71832963712489
-0.3869359348002422 -4.691367230632785
-0.16070377331763103 -4.94171441867375
-0.12545037543260523 -4.847518564192543
-0.3890062163516996 -5.2613800537070325
-0.3732142759056836 -5.165040787816942
-0.36049341308505245 -4.644723229777255
-0.11888721059853397 -4.5466329941274415
-0.3470714346281646 -4.8673483813245895
-0.38214682032372355 -4.991534586679802
-0.2996552494245187 -4.645636637011485
-0.26609917209657286 -5.154317723852925
-0.3408016289320304 -5.193984158633809
-0.2582642238912025 -4.68883756008605
-0.14203120506775552 -5.07083776939884
-0.20387336790590352 -4.80805415599567
-0.2719786981000045 -4.727976569571409
-0.13611664687760072 -5.223985136212994
-0.36331800517320756 -4.927024895642493
-0.18392051153679073 -4.616441164927127
-0.33800792418889886 -5.158661565336992
-0.36132949280047316 -4.606550475217587
-0.1056399584423452 -4.605021188774536
-0.10841742703373386 -4.961933847335636
-0.307416307249782 -4.7626475203637115
-0.35315572813178325 -5.2115589523543715
-0.22809709488059005 -4.637408462231122
-0.3688640911996902 -4.915521942828846
-0.10737353316229942 -4.54904928563353
-0.16717710690633747 -4.84555958126681
-0.3135161551143255 -5.198607059117838
-0.34704868392371274 -5.264047375819089
-0.37918320392313026 -4.655933399814369
-0.21701095229875805 -4.575238415412754
-0.16401971295456813 -5.1510721169105
-0.13302525165555323 -5.260550713718428
-0.15522653296621322 -4.773506528101338
-0.18565308365188005 -4.818715230043452
-0.31492564518345456 -4.653575466379172
-0.34808024730722276 -4.616366341655297
-0.24207950367114608 -4.723087526045232
-0.3925920345070884 -4.62510838782963
-0.3973880162024744 -5.013851053564485
-0.3432113074307905 -5.015388023876876
-0.22435791805548846 -4.995656955613684
-0.1768508834556363 -4.9328341433460245
-0.2826512907920718 -4.879451249114428
-0.2846203225419805 -4.770716632481257
-0.3016199724394523 -5.252629173354967
-0.16755865103719328 -4.781148546334172
-0.2680840920195233 -4.837426596915715
-0.21942285669858688 -4.985458682294431
-0.2379496652288361 -4.9206735505867165
-0.3063695737663519 -4.713570620131603
-0.15810184942893432 -4.6512407262378614
-0.36776858768686943 -5.047720986658575
-0.21504491810931667 -5.08444880492198
-0.16536280694994876 -4.883884261880633
-0.2564486065407434 -4.632698828325519
-0.2243310178725501 -4.538635207161092
-0.37897528406377073 -4.944534533856094
-0.13915213946496818 -4.716214512668313
-0.17847265526305486 -4.882154855473693
-0.3828947483397135 -5.044519433190555
-0.3042512162316223 -5.060339784366964
-0.25635837878215195 -4.7092863361312
-0.1628532770082637 -4.54840388333674
-0.18939651082373554 -5.242510302177486
-0.32976579134694756 -5.120680485383176
-0.2812937946936574 -4.703141561881471
-0.3429647592364306 -5.166213576810344
-0.39844246542250283 -4.781422357925646
-0.39457566655506815 -4.676670725403949
-0.23705525086455528 -4.798294986911836
-0.10315515541316261 -4.937523541021653
-0.1585981025234932 -5.172644038798108
-0.16962374012629683 -5.085532607977233
-0.3127609845623851 -4.73265896392485
-0.2896306573878906 -5.2385613590206574
-0.15979030469477884 -4.571536417326271
-0.3621112703238727 -4.653524261935506
-0.2833149440885082 -4.969737453237482
-0.27908876461231613 -5.005269677379687
-0.3191370239206863 -4.641983629349431
-0.3015274425158857 -4.648429931926549
-0.15397512003690436 -4.551907626994078
-0.11074605522166958 -4.769378455913545
-0.34129480043311344 -5.090813869784767
-0.2985538715365492 -4.742493980403641
-0.2721152227704785 -4.588450615609721
-0.2527641759492044 -5.023197753465699
-0.12172492386347139 -4.840969571307507
-0.12395373367142665 -4.700526491569299
-0.2122715645092353 -5.164553341686688
-0.19358141027006734 -4.703172592203106
-0.35673909572730933 -5.074360681126243
-0.1114645811147259 -4.647814040619918
-0.25383695534717315 -5.0926380795429775
-0.1343025266362325 -5.151563961746106
-0.12631652793305687 -5.15463517699941
-0.1361995892769633 -4.750178092717261
-0.1508049515139937 -5.008231561865902
-0.3115173953924252 -5.1872344560768076
-0.14701978700305868 -5.264216933428869
-0.28111423150581244 -5.186618962715493
-0.15813814849447694 -4.820616513356871
-0.3676081380847073 -4.9516683091060045
-0.3089107365346354 -4.528797638821673
-0.28944406468250833 -5.264297806553729
-0.22925052842644175 -5.0911581538169735
-0.1695880784110304 -5.0469068732451525
-0.16790525131551617 -5.249543193584217
-0.31989244003778755 -4.777112899209485
-0.31607061667968045 -5.206351125747995
-0.29141092874851793 -5.119578902414042
-0.24022895121251228 -5.189058844640337
-0.34693712275467714 -4.685821700049793
-0.19702747984818372 -5.137719915024466
-0.1205944002641327 -4.868373834553759
-0.33831200421701596 -5.024907752472932
-0.23450490182914097 -4.678263345774706
-0.32991355331844924 -4.834203626688835
-0.27309259212542536 -4.886260797738771
-0.1937510577714788 -4.699868936192402
-0.14005960520909982 -4.673469239695888
-0.236605406662977 -4.6196113183325185
-0.31340711849901964 -5.114431482798213
-0.15571093816442802 -4.969036655375177
-0.10448238697435763 -4.569454733263516
-0.38627616160545897 -5.101627400951158
-0.24372132770621965 -5.123079969385714
-0.1423489895716047 -4.709644550896951
-0.36696070928661595 -5.277758128673773
-0.2930005590335586 -5.245673550942884
-0.3233801167873362 -4.801414464651176
-0.35141930320200093 -5.08651155955677
-0.34250369400344594 -4.531866004007933
-0.34389731007853735 -5.013276418561205
-0.3097731739049991 -4.583641590759333
-0.14553583114198748 -5.255489589124183
-0.1872587045849167 -5.227520300375604
-0.1816376320905807 -4.891874146311546
-0.38505842025519915 -4.587917791594903
-0.13900326422918724 -4.681465428576334
-0.20340632577445947 -4.6900782527102045
-0.2681330127454017 -4.769641896263261
-0.39087829905342547 -4.841352260132503
-0.17928212591387094 -4.937795083303611
-0.33349440491372906 -4.827147702089147
-0.17432941442033595 -5.155767500101204
-0.23328931300114833 -5.067508204654082
-0.12408822663093994 -4.918280533347057
-0.38563067609319746 -4.85036582837205
-0.3325572559411162 -4.795532739064519
-0.24007017463489327 -4.969052512382954
-0.166335621816644 -4.909065060479049
-0.14824895102863944 -5.240491595273974
-0.39273366924283504 -4.806678161605291
-0.37614364519626375 -4.823958108732205
-0.3182609281039195 -4.7218669241135345
-0.1414180652187922 -5.124367107417231
-0.10957624080129291 -5.048932380171622
-0.18006028874104676 -5.0818641616431774
-0.1367224999541543 -4.72675052246001
-0.34762834817201177 -5.050815293303577
-0.23394114626725193 -4.875311729525964
-0.3143369369726575 -5.03641962447007
-0.3690175162486983 -5.024503428915338
-0.3764425910111504 -5.135971337703382
-0.13929943629010622 -4.558542670695217
-0.3177788680715331 -4.624984515471537
-0.25335665580474515 -5.21283343056408
-0.34026942151545897 -5.153816010723027
-0.13830210343801214 -5.266559504091176
-0.3685897385309953 -4.656412691081852
-0.14767151600536543 -4.70784959198625
-0.11556922505318695 -4.680717052319546
-0.13701497932700224 -4.991461959374783
-0.13105370042602105 -5.149829342063934
-0.12448762988460799 -4.996428380084045
-0.12158039498572976 -4.961228454819259
-0.3849196001588132 -5.2717669429068374
-0.3975406775865882 -4.773163734181696
-0.24931003984949135 -5.094435513452466
-0.2903981599952953 -5.164584815175593
-0.13229741372989756 -4.598197251611847
-0.38979411547289755 -4.625515962640579
-0.11209879604817535 -4.89725999347132
-0.21263856712415083 -4.790782417921402
-0.3149936080074724 -4.804294676907825
-0.3973480670575044 -4.609511763734239
-0.3465308084233959 -4.67221296818665
-0.17156190610283423 -4.828263849451456
-0.21204062032146637 -5.276990488211345
-0.3562268686810147 -5.151978458973922
-0.3801859358433792 -4.727736638937155
-0.1648786261665739 -5.257136688934758
-0.23816019184258688 -4.939357643126503
-0.3284203125412609 -5.169619912883912
-0.1038911033128137 -4.65188774895873
-0.11835314839823213 -5.244444020309538
-0.3140450049271254 -5.18099143214266
-0.20264450970496903 -4.5874060096744955
-0.28652489850721474 -4.8456323989392756
-0.18905509240691554 -4.729041280073978
-0.3512556509459115 -4.757031340266417
-0.29776889324152006 -5.1869713125810035
-0.11411656993908981 -4.940994576429551
-0.3307971360138115 -4.660791708185332
-0.1578770216488375 -5.221940792671377
-0.3426355370903651 -4.5281672445234475
-0.2518080597040934 -5.11912896238698
-0.2515117925237276 -4.67743380883997
-0.3114306501190957 -4.531360124783649
-0.28077452303114725 -5.218390227054488
-0.10535004288865601 -5.190271113199242
-0.2569030279515454 -5.161503552187399
-0.22092954246313343 -4.9604614172767265
-0.25052253072730213 -4.8190462256946764
-0.2998493201612079 -4.791444613864055
-0.3257494421701621 -4.620187832637796
-0.12120371837469668 -4.528389338977671
-0.20424178455506303 -4.839589056379204
-0.1076607096917429 -5.231092806114752
-0.27140414028264903 -5.173977324379247
-0.2113867941110623 -4.916279823365736
-0.24712823058785005 -5.009873906576866
-0.2900454047012365 -5.03898772848066
-0.29739575180883426 -5.249885697739411
-0.2560532718958126 -5.263046671296426
-0.26319923774040166 -4.982582663773453
-0.227296959038521 -4.572105894807959
-0.16463378342909374 -4.752789170114187
-0.20080404858849354 -4.914457214080773
-0.3685069228418172 -4.978252079884288
-0.18664889012852395 -4.53280814454735
-0.31028327426305213 -4.815686625365849
-0.3483782685598831 -4.68025984488531
-0.23879735530005783 -4.6182966094210505
-0.23671931679035443 -5.027151596235771
-0.34255212575115673 -5.100826082411138
-0.15623578165489313 -4.770958928251701
-0.22932853146692897 -4.795388583091432
-0.27683617424772133 -5.075543559255858
-0.3135929701046281 -4.7326710441751105
-0.12262137289411784 -4.990296979978464
-0.27827892465464343 -4.762852755588726
-0.12117160667051524 -4.82083748797935
-0.26443832998647615 -4.767156162644198
-0.34751163788352835 -4.8647283126601595
-0.12141697548295222 -4.723309890819357
-0.1780521338037184 -5.240687672100658
-0.1248521063719647 -4.5807174530612365
-0.3712271557706049 -4.6858518560323805
-0.3942165702282251 -5.085000828554899
-0.3013902087968897 -4.73297411216104
-0.3463932786943116 -4.5836053026037575
-0.3291069522981592 -4.835186835224479
-0.1984248911728902 -4.981045915378918
-0.37576866042053486 -4.81450779848162
-0.12308433915705436 -5.0959090942976655
-0.11684172732587295 -4.958922422885698
-0.33931350776231467 -4.657066222633931
-0.1850166405977149 -4.648154755764799
-0.38011091571963745 -4.875796662402803
-0.3027208003871643 -5.134075818258337
-0.11717399370054887 -5.236107837454885
-0.39908346763542035 -5.223974590076715
-0.22850864730932682 -4.599101959306215
-0.13837834652516579 -4.871168494480558
-0.10794750635189287 -5.276596671561751
-0.34722891762036445 -4.95535636217683
-0.3833978791387292 -5.117192217658724
-0.2306281903218783 -5.261067414902343
-0.19874886941149952 -5.029588957812336
-0.3674344674431767 -5.053223086512967
-0.15327761347573976 -4.825052677279471
-0.24785086570347248 -4.563599234807209
-0.13372705843397448 -4.6121340377814715
-0.27634656579796046 -5.083938573847276
-0.38838860299190997 -4.999026594228163
-0.13291859827328423 -4.557536608059031
-0.35431183737246463 -4.9015684535953605
-0.3604194720250645 -5.265939021202093
-0.2529816882825171 -4.8183120942546065
-0.16312085475653282 -4.581241198052653
-0.24981783422930723 -4.786953068255367
-0.11417189825152863 -5.226531081577523
-0.12159951029255522 -4.935791755412921
-0.20734723996214074 -4.997108494348294
-0.2511844465825941 -4.593074106520701
-0.16133942399856266 -4.701234571686761
-0.11182788420657053 -4.670433984000987
-0.2091192326646882 -4.715384617004924
-0.3244477879308281 -4.593005667061697
-0.10866987504312287 -4.889048511194847
-0.25207169148333597 -4.62786575655123
-0.3992645760419373 -4.654186684911583
-0.1976339569795452 -4.808170966591255
-0.3142177642868169 -4.724954616944944
-0.24723261309739508 -4.980889844661251
-0.1324100143050047 -5.16843651348536
-0.170745550295569 -5.196149139273106
-0.3155796063223933 -5.122030128181678
-0.1011684036924787 -4.569533059113823
-0.2618198604644948 -4.828865046163881
-0.15444638863833587 -4.54842502680533
-0.23211175793834438 -5.177934208439732
-0.26697952049966656 -4.620414391877602
-0.2033993660639856 -5.084589595880414
-0.11210965178531551 -5.10016078377908
-0.22350587676673134 -5.035160743388947
-0.3848952339964157 -4.556155944297456
-0.2353516745514864 -4.827726830918173
-0.3280213991881992 -4.983007898667551
-0.3987403560963744 -4.705561921438963
-0.24156845382354122 -4.788223294708284
-0.21658841419912747 -4.625724375058236
-0.3626280130646432 -4.602087196332931
-0.3217991976777068 -4.614971138130915
-0.18077893320053098 -4.760581473005095
-0.12015102990505055 -4.693493777275137
-0.3738383917318786 -4.996159090449721
-0.17917258383125934 -4.645358647910607
-0.17444734814519325 -4.567988599776182
-0.36516585278511227 -5.123643441082231
-0.160752281798602 -5.173911402457598
-0.3521654308561514 -5.042872515783479
-0.2936305370020108 -4.7259717350849515
-0.30309331092417446 -4.748105078906091
-0.3568223265930729 -5.215211598421991
-0.12204808157250796 -4.725511088167025
-0.19323739035045612 -5.255891710112207
-0.18883164368904906 -4.677537271036069
-0.13456604591640575 -5.235028055124674
-0.18111190578930164 -4.595373830383473
-0.38215982732821774 -4.697970383601374
-0.38515606008527214 -4.692387527087876
-0.11179544338467307 -5.142874685243125
-0.3721623902231104 -5.123261550877912
-0.36510848257253525 -5.082112943927744
-0.3752713677941503 -5.008216324330443
-0.33034348029518923 -4.786926514336022
-0.16274309647339966 -5.070175660942185
-0.3980439473971079 -5.05529600964693
-0.11258825464816852 -4.630568730074274
-0.3467322540240928 -5.164244843391115
-0.3524549219282036 -4.707853399318257
-0.22644332977234813 -4.826563876406695
-0.2965388117030624 -5.266008850607834
-0.13587354492583625 -5.084012596672069
-0.24372068378826334 -4.8081173912717015
-0.18443979114219203 -5.216723718879224
-0.2033162751556124 -4.738155247472871
-0.34771323724056713 -4.935492357512816
-0.28690736491435836 -4.817357214950821
-0.1605372480238534 -4.866173577898145
-0.27278444696430443 -4.556203745177329
-0.39040518621194553 -4.609321052675439
-0.35281451889674165 -5.182260588132591
-0.24907618533917653 -4.789065360915078
-0.2536704619678287 -4.809654189911208
-0.35988598212006306 -5.254865155770977
-0.3736184826891229 -4.73029304347662
-0.23212556308457627 -5.0007860612913015
-0.16952239354812004 -4.722932058101388
-0.15991983454740566 -4.588203965389974
-0.18385577692523822 -4.687964934329195
-0.3516055463538958 -5.155420687885861
-0.34947855525072197 -5.19690473774321
-0.10891100872060938 -5.024517586776569
-0.21070722929272875 -4.662099156608915
-0.19138469913664802 -4.75041126286666
-0.3877370070219678 -5.087728487397671
-0.17296507863013666 -4.962946552692856
-0.18212134340394645 -4.695441121941214
-0.1558764855064473 -4.758805543311981
-0.2523781250862236 -4.7871741587753505
-0.3569755976901904 -4.596703710171907
-0.29643163856539567 -5.133208767353119
-0.15941696272170516 -4.792043191189936
-0.27946374425275644 -5.079795315568232
-0.2903861775794227 -4.597932355615956
-0.17001358081479923 -4.86551760331352
-0.2594553629853871 -5.00200186320963
-0.18886604454681089 -5.2064613915598255
-0.300480876148579 -5.0308607824230425
-0.2884040296501824 -4.66237022047706
-0.11479336647372845 -5.09624670942631
-0.2194553679184538 -4.972107610656442
-0.32959011481932343 -4.8669698544196125
-0.3291821485009031 -4.826696777930928
-0.23750581242814003 -5.196188925597709
-0.3406465308934416 -4.526642829020881
-0.13371691927198615 -5.255933714076857
-0.24557317313796806 -4.790280182283198
-0.3918557884443872 -4.9791775185619915
-0.3078520732444793 -4.8815748499104155
-0.2730262201260567 -5.136000040054983
-0.15308606959496615 -5.269132776439857
-0.28186635054949016 -4.637149805528342
-0.3485127805483086 -4.954882488553662
-0.24265383938736018 -4.810661656809549
-0.3006598564000445 -5.188553995875974
-0.2053268294437698 -4.5550258453167825
-0.3226975723410165 -4.930040652452396
-0.25028043998248745 -4.746073049668863
-0.3960917375285696 -4.862495054870383
-0.18532249578633153 -5.02444407245984
-0.32753260037945353 -5.089595185684572
-0.2984956418976382 -5.073299610358351
-0.1840662864605903 -5.2342277029109185
-0.13229510028831498 -4.829180522615101
-0.28236588020152953 -4.9373270645781435
-0.3899426378983025 -5.223115244703127
-0.25863607471149663 -5.062726597776966
-0.2558218578206294 -5.023910030914935
-0.20490745121627446 -5.1673375697921795
-0.15634478466379945 -5.17140935629623
-0.24812722926556766 -4.534873360321025
-0.35223195959473647 -4.763476066806786
-0.18785605133283828 -5.1675980432871755
-0.24275730542760146 -4.816947674434764
-0.1313030010354303 -4.601071047570914
-0.12130137293421889 -5.2385979382300665
-0.12036490478715023 -4.883313311934991
-0.1852624407101362 -5.236496725978063
-0.2924349061848526 -4.564072524163859
-0.19745986769501106 -5.207608546856383
-0.14726498404261318 -5.1675426012442
-0.3627056805045454 -4.904179888929978
-0.110592508220686 -4.626453260172012
-0.22751703931602602 -4.629431880668103
-0.25687171215259347 -4.695877866226766
-0.15795442236516025 -5.002725511754463
-0.11700459090385296 -4.751962342575489
-0.28136107793337084 -5.09295973300802
-0.2032074799496605 -4.737290988037473
-0.34249368197479985 -4.693076889372955
-0.18277305192404364 -4.906970396647646
-0.2156233717005462 -5.05345720827418
-0.20117694635424704 -4.746071573875933
-0.3480892377187633 -5.089321412963521
-0.3707447284651169 -4.539416217361468
-0.3937476631581489 -5.234925148465706
-0.19492840356452595 -4.734202511422458
-0.24995613953733553 -5.138103268609976
-0.24670530875505786 -4.972044817482966
-0.20531339608209861 -4.7548480427566835
-0.23867193449095245 -4.699160232072026
-0.3021054692983285 -4.841982770091545
-0.25315500874268493 -4.536991105035716
-0.3830477895720442 -4.649453163031848
-0.3008393582775113 -5.19953493742775
-0.38110387227828935 -4.922186665608809
-0.15457321662145657 -4.545953042472976
-0.3845458041689266 -5.023038695935587
-0.1354896020539073 -5.134003390885099
-0.34429754912927746 -5.122911549910478
-0.25530016289381596 -5.0905686210044685
-0.2146059132162977 -4.589523405764976
-0.3460973646878477 -4.657903665314531
-0.3844857793563932 -4.59021185815332
-0.1320100192970577 -4.866419578048915
-0.1385328619793918 -4.57811866687871
-0.10617871240229043 -5.240047310874774
-0.20945742183307495 -4.784351077326901
-0.28479181242526375 -5.140491185904667
-0.28660126144829 -4.947651114009765
-0.3769737453423167 -4.642648331197813
-0.20227138031557024 -4.6529851738444545
-0.3983562254097175 -4.980570841852525
-0.15838194947693346 -4.813960034168984
-0.26454064519240056 -4.825078761692765
-0.18926930438433018 -4.563122766569829
-0.15858617188596358 -5.044344892403718
-0.25002971097809623 -4.664671264984108
-0.1249593659729279 -4.657586782539511
-0.10543778759602951 -5.1936970138131935
-0.19591827946767762 -4.803960083807166
-0.31279954003537735 -5.195903918189324
-0.1859055986379675 -4.592549769818668
-0.36464523536144455 -5.1729176526228535
-0.32670300109396955 -4.5905031176167
-0.16181155960289914 -5.243026504860563
-0.12225938844579948 -4.8778641458674725
-0.1524662718607045 -5.146647469899563
-0.2629590979993177 -5.167484562260413
-0.34312698818185683 -4.8474389528099096
-0.3941154355471449 -4.963666519896353
-0.24935184156157392 -5.21881344357478
-0.16404203820950994 -4.545364702492338
-0.1279439992633578 -5.220762473714496
-0.3795188066786454 -4.8463498963724065
-0.24238897363393835 -5.051676639871591
-0.24597290314005188 -5.237627779831278
-0.2099864264517372 -4.812944070607821
-0.23387824964780862 -4.960599017427375
-0.14244650304310325 -5.060409138308598
-0.2958380470180183 -4.871112115636486
-0.13813495184696012 -5.154515557107902
-0.394975026111453 -4.819352919536254
-0.2095845821436384 -5.272781211128434
-0.1897307373372375 -4.810030701610236
-0.14308664166957274 -5.251853646460926
-0.21846287553711116 -4.839672584657659
-0.25448174180103844 -4.667119750161491
-0.33284672821907735 -4.69927496042479
-0.14981972738245064 -4.757716494864167
-0.1535886771570282 -4.831030968865857
-0.19879090441815542 -4.6995349890051585
-0.28944814102193805 -4.9102886069564144
-0.13474634439402905 -4.904279927212331
-0.12955952209369087 -5.2224995631563775
-0.38095818577287427 -5.118778434942804
-0.3115383164722684 -4.610368444548241
-0.2665599610774432 -5.051161088117659
-0.2615142700757332 -4.887671975934416
-0.3344381415105621 -4.636480711855307
-0.3341881535709029 -4.551117471086531
-0.38713754727870053 -5.023177814621835
-0.10498113495328876 -5.2398214715828395
-0.37409191030295225 -5.039184947439527
-0.25387661370621484 -4.5700957529679656
-0.22915418455064365 -4.633686588295927
-0.17019141348715275 -5.189577107997638
-0.3948529134492215 -4.607885993603899
-0.2769446225214306 -4.633224743170337
-0.1540354751063781 -4.6091641967981944
-0.1798985214671148 -4.996217924812397
-0.2199253161811634 -4.807746996698767
-0.357013224452616 -4.59108781398819
-0.10052452638834991 -5.163862799622326
-0.357464115340158 -4.859651660575989
-0.11790356968289473 -5.248534172254977
-0.2926104231821516 -5.136244129307535
-0.11814118330469986 -4.928651994804235
-0.280493571419806 -4.95833914606225
-0.2377965754774332 -5.1588144257470185
-0.2147067210163449 -4.531706356495861
-0.3733416902492624 -5.135163739423053
-0.3523586522807076 -4.632169770828854
-0.16642370684047217 -4.806254531382552
-0.35236949665350153 -4.802290279014726
-0.23597921131825578 -4.669371949746782
-0.18311809872165263 -5.207170204304677
-0.12004544979193427 -5.221458470777163
-0.19836142407208524 -4.644261366408575
-0.12860884298296232 -4.6762997214737725
-0.14765260904518435 -5.153662772507217
-0.14320486276886768 -4.758319321846335
-0.2670401606411549 -5.036678954742242
-0.24519520816486734 -5.182276109322707
-0.128837990502069 -4.814519516345299
-0.14685106049841506 -4.931364138982614
-0.17168599842251603 -4.722442872264503
-0.26872111940856763 -4.753745161055171
-0.26744503758941784 -4.775776591706586
-0.37818475264091134 -4.568668287238678
-0.19258797646584877 -5.126364652631811
-0.38551413609442514 -4.673816040003241
-0.18387814739627398 -5.206192195347523
-0.37750905490737574 -5.102369179525472
-0.35607254731099613 -4.969182867740268
-0.2906572249644783 -4.8722996290906275
-0.23566182588877505 -4.667022971795345
-0.31960437439490363 -5.192828826655009
-0.2949921014647754 -5.137379564851419
-0.39351818992774423 -4.829808766678452
-0.18336297966864235 -4.913669372062508
-0.19726532430990232 -4.632140483932549
-0.15677547918908846 -4.633100870654486
-0.3979561189917088 -5.225487274616123
-0.10316903981895392 -4.732073882540031
-0.3457165500864074 -5.267567107453318
-0.3335784123849814 -4.585625147796426
-0.19255308839713023 -4.664813432684069
-0.15675989842759872 -5.2258688658833945
-0.17498971518557535 -5.182785869877149
-0.28582087514988497 -4.606586626597645
-0.3000415701348963 -4.888410091980942
-0.3117639753700766 -4.619214292733903
-0.3798264277016186 -4.627436128791855
-0.12456277093914736 -4.575349191713186
-0.19866528363575203 -4.796687689730513
-0.3436184274933656 -4.835414049946823
-0.2256980947635468 -4.714812058263968
-0.36032694313169916 -4.603914891356014
-0.19916973569439306 -5.261232969284115
-0.30426460132199395 -4.828566145291359
-0.11477348499121348 -4.784571667165544
-0.27929555695830083 -4.873296588447511
-0.36332229288367474 -4.937506194099611
-0.14001107442055888 -4.893508401736013
-0.3927959896578584 -5.052585585582042
-0.25608980210243487 -4.987698056581543
-0.19206132755342814 -4.943977282576736
-0.25912685098250365 -5.2268637769990605
-0.22346102298659967 -4.687744229900145
-0.36503661876275484 -5.109811566224842
-0.2852010865997121 -4.788262012934961
-0.27224237720936934 -4.678863845945042
-0.376234068287682 -4.7175050917546475
-0.25020436287228637 -5.024626378405689
-0.2882004374934468 -4.84813948895418
-0.17536924446390012 -4.786090029340199
-0.3437931708310069 -5.096403388569459
-0.2811529535302484 -4.9828220345543555
-0.3515330051432727 -4.5569908487218695
-0.2609773012837262 -5.009258116140098
-0.3480654434414929 -4.8909888521203015
-0.3891777688993659 -4.664683559948322
-0.3595056234614738 -5.207713862859456
-0.1867364750044333 -5.212234207589039
-0.2994016524366328 -5.084944964790718
-0.1838058206817055 -4.852064423431772
-0.17322810762066063 -4.530933878896372
-0.37920075345078497 -4.806388937706475
-0.24380354747986585 -4.578381555255445
-0.31031160392857254 -4.580187081664629
-0.17436825762746225 -4.751659805949071
-0.23811421725606097 -4.815552989176842
-0.1810997762495765 -5.177050091065046
-0.3743850315568681 -4.626503139030708
-0.36949853666760907 -5.272439944175415
-0.13143726773049969 -4.88257544998843
-0.1874295944715482 -5.025361822209727
-0.10947343758391231 -4.618640218580316
-0.20261834952726313 -4.540150146609379
-0.18390206274196705 -5.015535497947327
-0.2079790663855671 -4.693889979820723
-0.2567422809125085 -4.9429828950772645
-0.35800956153652436 -5.099930460054669
-0.30392203085243774 -4.807628684966526
-0.19554575237034164 -4.8993452080340365
-0.348778588584418 -4.974856569542586
-0.35433647002006385 -5.199729699169022
-0.37142575953823814 -5.275368944693436
-0.34698789368853417 -4.830118052409259
-0.20424797320084376 -4.853449683260763
-0.38152111670282435 -4.8724506979806055
-0.21676792552194787 -4.993411714906461
-0.18670042623338218 -5.18757818702851
-0.319990011544913 -4.9767533689018375
-0.17142487016343688 -4.809536089883561
-0.13128947156468912 -5.020813432322917
-0.22590778963979719 -5.215232872054368
-0.3852835973298465 -4.711771767162075
-0.17821335646850456 -4.9476403165870835
-0.3225020882007055 -4.779414274627236
-0.30325356416312477 -4.89139348776523
-0.13819283599271553 -5.118974607862676
-0.28530060942689905 -4.958828778464263
-0.24654002452099372 -4.882509691890206
-0.3625277255613516 -4.845108868827102
-0.23830863218893708 -5.0498536256477164
-0.1818015593477853 -4.852864926018763
-0.12804896533875293 -4.968370945270357
-0.2015792672515886 -4.8935065154782
-0.3732792347388801 -5.169313934825909
-0.27827082144723264 -5.0984380023484475
-0.1266012961070782 -4.767732769963557
-0.10980628516136431 -4.981949950664644
-0.2514041367667791 -5.227890483324157
-0.13974887056931207 -5.238702619865316
-0.20942749982949962 -4.788089487287381
-0.22677506140166978 -5.164310983784099
-0.23219148346264423 -4.593960894672951
-0.20156988580934926 -5.181294404282087
-0.19272239730131382 -4.724812326762609
-0.12250663032656262 -5.159573471502603
-0.13229554172309416 -5.015870756167698
-0.3326235000428813 -5.142819550184505
-0.16233771368090746 -4.600255199184581
-0.14588570662368378 -5.170251470887435
-0.39559237095679767 -5.029745810040655
-0.2469588688067993 -5.090094367450409
-0.3565790204487908 -5.18853087504458
-0.27636236389988056 -5.034734518411727
-0.20642244421468825 -4.779678105780962
-0.1588267520027571 -4.859683733270056
-0.15428358320158642 -4.7696156677610535
-0.17679293040727145 -4.778564552039098
-0.11594270565368914 -5.09700313373268
-0.21351314275673128 -5.224049347044793
-0.3180916058371403 -4.572493533803162
-0.24020419844265395 -4.5833257112264265
-0.2386415976864322 -4.9757331969939225
-0.2481380672940592 -4.721582868892003
-0.2811420419064568 -5.2693595572771805
-0.10682748697958294 -4.6243186011360455
-0.26630853031081186 -4.961826468894362
-0.2242381064797708 -5.145411126258043
-0.297573259473506 -5.092057991184689
-0.11399069981097004 -4.988625120815112
-0.10295101136872481 -4.946497425909442
-0.16851860412017924 -4.646948259732003
-0.3107615806440882 -5.070292808071979
-0.2681628431698057 -5.071237555066112
-0.20492241673436476 -4.848255773948343
-0.2841759551537417 -4.62973074030599
-0.29583319419355386 -4.883853050656752
-0.24887488049686377 -5.172401249354639
-0.2456488132203457 -4.879387136762454
-0.10740651644471161 -5.257198963862115
-0.24429610989199654 -5.229800746732487
-0.33862400945285415 -5.2216993659521895
-0.27605333100663987 -5.037495886164127
-0.24521009070488287 -4.612418600260827
-0.3425356518581325 -5.004795328633808
-0.3806050025302545 -4.687043940638304
-0.29023338044601166 -5.202016065892313
-0.28513080416858466 -5.255913943501243
-0.2343373141721141 -4.614643090490402
-0.2636145847004302 -4.568828152627284
-0.27120131467655906 -4.745505715855825
-0.187216386447901 -4.5637997294623105
-0.3957822957544516 -5.265142677365855
-0.2912768874842853 -4.662416020792887
-0.39836671908273036 -5.1035158684410495
-0.10651416906318634 -5.148952351378803
-0.10459049444235285 -5.147070628391505
-0.2962809700672215 -4.854410538038122
-0.17866173888246914 -4.860280309233207
-0.18600662166374438 -4.588793589299007
-0.11611486395585607 -4.808490129776549
-0.3673117792676437 -5.190738913955694
-0.3890891213217581 -4.815846308076377
-0.1724896082579105 -5.156521781879491
-0.10248945712998847 -4.680345589361997
-0.13161924493006105 -5.185424315259157
-0.2554681397474461 -5.034394446864332
-0.15409950002160883 -4.7971532064817755
-0.1416767927280128 -4.770031963627735
-0.2754311886832381 -5.025122018215873
-0.2439089931890613 -5.243433126047292
-0.19686298202421995 -4.858321219541652
-0.2964480528839977 -5.269044017031712
-0.12022883957025254 -4.979545019433223
-0.16144906204714177 -4.844781744528151
-0.17991591059769016 -4.8654404453014815
-0.18383111114150286 -4.716603103739118
-0.3625981344063778 -5.235301737782722
-0.25375129077350483 -4.5282190448363835
-0.10407785461441638 -5.207444191995291
-0.140334603625539 -4.781310483888752
-0.19139882507863315 -4.758641471674356
-0.19242548753335215 -5.184860701854532
-0.3639745691846825 -5.004485137531155
-0.361207822073917 -5.085321576953306
-0.39443323634072636 -4.859941383573467
-0.28505872284474204 -4.992366961166621
-0.22950870300153275 -5.075962712206113
-0.14196012168392602 -4.5569777703324466
-0.23279911247899282 -4.873991593773688
-0.2876907618236356 -4.685487646627147
-0.23418799197908327 -5.098025529174733
-0.1123065065256812 -5.068487262077592
-0.10053158180800109 -5.18686400285613
-0.2622916086086532 -4.753646611671904
-0.14273441618538302 -4.7580681614404785
-0.3504249687026886 -4.810436312650542
-0.39417726349978055 -5.006262167165457
-0.31827953325991737 -4.876597017678304
-0.2736368851630364 -5.1395253187917
-0.24655220349474277 -4.557285128869337
-0.3289586013730079 -4.8342295137995555
-0.32381121564168447 -5.200038841136608
-0.3125908757128607 -4.855166050613991
-0.34826652667734503 -4.905413020985451
-0.1589175776318053 -5.23624749451954
-0.3274878882151292 -4.872056724759206
-0.17174935035366182 -5.200484053694329
-0.3973769253579188 -4.8277518580834
-0.3896964876941742 -5.189878553413354
-0.2320590687539674 -5.0731561911598035
-0.3791726118631282 -4.936734887819112
-0.34024170703413326 -4.9793490812167756
-0.3079964409724496 -5.078705049129435
-0.10954794771392978 -5.021099055476161
-0.2629945387988494 -4.651928721677568
-0.3475119268276996 -4.553747591417224
-0.2826796451964507 -4.86779471048874
-0.2435010722916032 -4.716246623177201
-0.3407809946472122 -4.600800550631987
-0.15504562417320958 -4.603554172937144
-0.28524051907065073 -4.588762842344894
-0.36433282888396984 -5.248558154603072
-0.3553294557017003 -4.696173741772937
-0.17584531078845284 -4.854361971315947
-0.2104493785651764 -4.545569570245968
-0.14865803955486517 -5.258417109829182
-0.3539893047192544 -5.025948763229202
-0.2550712890670029 -5.030155230411038
-0.24241920271200637 -4.8266547122654515
-0.28639732270136176 -4.54019623465809
-0.1421087619090155 -4.85874125557499
-0.20708594367188246 -4.5835053788664055
-0.3695198150898556 -5.210647963729177
-0.38702990615323535 -4.773629328214696
-0.2590905046996782 -4.543996567174781
-0.16639621276343985 -4.611712791740003
-0.24702770159058535 -4.759685898716026
-0.3808692812186335 -5.17758528210158
-0.11475243797255397 -5.137355843752303
-0.16835444743376263 -5.271621538055001
-0.14789000951176728 -5.195962235453019
-0.16660870875026332 -5.014478971691323
-0.29253966419053257 -5.201346051930087
-0.11278084671246535 -5.247482606172083
-0.25234853078392505 -5.234722099546981
-0.1492712742822387 -5.201861331493769
-0.33158601338042953 -4.876722597567829
-0.20345909732261858 -5.16129811260508
-0.3913202429288607 -5.078418432772184
-0.2683163744004452 -5.132992076441931
-0.38146655841444216 -4.567053781584352
-0.20249950910441603 -4.684414492162537
-0.2714518795812379 -5.229405367681051
-0.1036142671765255 -4.680616245659054
-0.3006285221560562 -5.183604165387924
-0.30647613835287874 -5.237034560636879
-0.29754734124572135 -5.260947866353548
-0.3003417833262222 -4.536348514590387
-0.3220555384288467 -5.019070360353391
-0.2762181655481136 -5.17582737212803
-0.10774437240958384 -5.023171731669118
-0.16081998413570495 -4.701223758331976
-0.1592200257544013 -4.652342891218118
-0.23527194630832216 -4.7412471354110775
-0.3801124406610277 -4.68926975070391
-0.28072009929901515 -5.008284491430759
-0.37703371419235726 -4.7490128310513775
-0.12648208410564526 -4.681093780643982
-0.15856768659592152 -4.974494350496038
-0.3138480641745848 -4.8573419311370225
-0.3496197627594418 -4.549930962750787
-0.18731771330674352 -4.758658354153795
-0.34426884418059783 -5.248728257432585
-0.24783432873447467 -4.760092163294288
-0.3287873018487964 -5.097518880639401
-0.38035165932211484 -5.100240568159525
-0.19180201193742824 -5.0615478976195245
-0.2526311520009371 -5.190406066574169
-0.12247417009573713 -4.781118800832223
-0.290998347671079 -4.717488744409956
-0.17056371486102218 -5.098112141521677
-0.1433273078817759 -4.5283741535624955
-0.16159563320668638 -4.5469000131966055
-0.2677289090136392 -4.931039397130148
-0.2634843440989564 -4.837047587606258
-0.3729326346771318 -5.124410040212028
-0.2092841092088774 -5.184134267291504
-0.38285612942244396 -4.940339466125609
-0.1441282518692953 -4.546902339253858
-0.3222388685010841 -4.7613991733746115
-0.18266981575261856 -4.8319709591556785
-0.1951511144237808 -5.0809178049982915
-0.2787807835172459 -4.8699292253820845
-0.3345381021587906 -4.621885850407731
-0.20722265521632532 -5.0996062847055645
-0.276586391214135 -4.644941644797828
-0.29697844360534276 -4.91256808553029
-0.2961854236028594 -5.017864499597208
-0.3168579157627537 -4.849938634547475
-0.1968860564125632 -4.956121186506296
-0.15567205860535477 -4.948978238595257
-0.3831487150734983 -4.8039374293287
-0.30427119707405864 -5.002892019621104
-0.304055288739165 -4.8469854320340335
-0.3993002496776064 -4.719767733964221
-0.29777456443520234 -5.204394688435323
-0.13229316298264865 -4.618149324504236
-0.23826635791362463 -4.982835829572071
-0.21231849413544363 -4.987516992287274
-0.19788041891934952 -4.8368145190297875
-0.2486129844747954 -5.031172397479357
-0.34741728447797926 -5.184655156548882
-0.10564375144315469 -5.091422866480242
-0.16063662674232831 -4.857900685820678
-0.2709639913184059 -5.082165634567572
-0.18053242405546924 -5.0959108546492065
-0.20658641829795418 -4.585776111487824
-0.10288785819170276 -4.873167602281962
-0.34246695345056366 -4.793384041949542
-0.12922183064452797 -4.8825439886528486
-0.15751580074962201 -4.5617784593307436
-0.372119439110282 -5.252885245681479
-0.3042230142583669 -5.004824338074106
-0.14880527812177752 -4.785213504759238
-0.16668714896004275 -4.7126901307745035
-0.30152588582531065 -4.751408859893418
-0.29999685270498794 -4.999652469059645
-0.11340608539336877 -4.8865054956745295
-0.16782652932994843 -4.84039159277994
-0.2108748240387196 -4.829714401046595
-0.3484651152174294 -5.157298960646779
-0.32635355297007573 -5.202266319899488
-0.3690904442297006 -5.114495101453057
-0.2779816543733342 -5.101771600669429
-0.15610668339961117 -4.990935991131722
-0.19485204696397254 -4.893481846954539
-0.16086636090310716 -5.0446852305691925
-0.15244954527946156 -4.537739822665997
-0.19334973894743887 -4.58774318248349
-0.21489275962495272 -5.1493915203964855
-0.163815840500443 -5.166024432793904
-0.33194488009556633 -5.11097821131057
-0.22273403113189272 -5.154175807049283
-0.3192606963959373 -4.927942315081221
-0.25084724384962664 -5.080154977488803
-0.34326825107943837 -5.035969215542985
-0.23733860643532578 -5.166989776919654
-0.3330104623416954 -4.74815906547932
-0.1498785490483749 -4.738544484191129
-0.33427735318506346 -5.177018622152414
-0.12222382865797576 -5.257474962697227
-0.37866777250251843 -4.59518622377182
-0.22465415607531783 -5.2591112607598305
-0.1296959814139778 -4.947507495444622
-0.3127268736308328 -4.639796042691635
-0.2557094960338248 -5.257468107902997
-0.3900805510648666 -4.663880457050356
-0.24099760074006293 -5.236883156422716
-0.30236921210700735 -4.583315565671922
-0.35510911492957664 -4.585557547941975
-0.27737633360378045 -4.771099764395959
-0.23234091651394684 -4.5528239239649775
-0.1157868714658788 -5.110536919710626
-0.15741227187185394 -4.9014790339129455
-0.20027239961189663 -4.592895901715595
-0.2120319524305834 -5.068283020196184
-0.2985600489203232 -5.07954167123049
-0.3856997536974408 -4.574211159220432
-0.13563870321885746 -5.213313604796762
-0.3539141247491072 -4.88181826201192
-0.21445308414915706 -4.777259786097711
-0.25319377342359484 -5.120325873740199
-0.24798777259632485 -4.567268934200559
-0.25975054272372927 -4.940708496492294
-0.3810354630830306 -5.164395187766305
-0.2887299134966167 -4.870382032582352
-0.39986482034384924 -5.085153027417702
-0.2610625148189951 -5.2698340563945125
-0.2559307776473285 -5.185516674362845
-0.17327718671614248 -4.951753185962299
-0.23314426518274223 -4.6283375268819835
-0.25459967415014795 -4.589001044566494
-0.17609396587207418 -4.665716360996669
-0.13764097497718902 -4.809979234914975
-0.23119559750998245 -5.115311140003072
-0.2791582882402719 -5.096933605284121
-0.20624678800491514 -4.8159493251676775
-0.3865355371342824 -4.689411823565453
-0.23787237071549325 -5.142086801798815
-0.17096336678412138 -4.578343555372002
-0.14471941637111752 -4.7813464335695635
-0.39137726642726517 -5.055987228359794
-0.2504107533815422 -4.598523163426783
-0.3949076164874941 -4.878789298644213
-0.17566840135025769 -5.178443703457141
-0.3899352424021558 -5.174125261724333
-0.20314195927605738 -4.919620257343173
-0.3143751462364863 -4.96160473021185
-0.31899162872319864 -5.072597714541268
-0.1747630781048371 -4.803347718235044
-0.15286346649430935 -4.8374836103991745
-0.12088306571773799 -5.124140799087744
-0.10653410204837105 -5.08599504040683
-0.29367686578680985 -4.895190444535799
-0.15139690885935073 -5.256244061480458
-0.1512799056285692 -5.200478662480751
-0.2225921350541857 -4.691869760167256
-0.36761688611548593 -4.595440592663457
-0.2730586010709263 -4.7532098116714785
-0.3133873865672758 -5.048239859672149
-0.10194464946086174 -4.933558061067933
-0.19911666237243483 -4.934970062749335
-0.2570719145680248 -4.798150373124726
-0.1383207071847667 -5.015886442236257
-0.12814757944823413 -5.085452028022348
-0.10922797687733621 -5.142648193525225
-0.2788631633865044 -4.629328425997534
-0.30617731136126103 -4.723115241421772
-0.25965322511576505 -4.72961253485721
-0.2037951024330351 -4.719042186318289
-0.18505854721837717 -4.70642217904272
-0.16121139068922263 -4.795894071610284
-0.26406747309242967 -4.94873311729578
-0.25639192258792365 -5.016696877366923
-0.34979078090667926 -4.608008958583634
-0.32820538585251235 -4.73532918010733
-0.2311866230235193 -4.969302827004657
-0.30697330750191787 -5.119910003518374
-0.28340273730458504 -4.8580163634666444
-0.11277005755125274 -4.757261999509948
-0.20933871598862266 -4.569051944359723
-0.23140039889940742 -5.272791096932272
-0.12683687294522566 -4.7708839164512185
-0.14919015404818597 -4.630710684029395
-0.38170493539521744 -5.0708358365821224
-0.2060232198254163 -4.924347617086802
-0.14867438016514567 -4.684165052777229
-0.3016764550236214 -4.743833837911223
-0.13611315996463724 -5.174708049277782
-0.3287433464947037 -5.153065303949123
-0.11423007886494158 -5.104063459757219
-0.2753355112242586 -4.526382586234123
-0.14771867257549348 -4.593640391150012
-0.15826790959358156 -5.026569955264395
-0.34540386022391256 -5.092488407759021
-0.12874006717053532 -4.615812294181902
-0.18725225683744043 -5.144969564045645
-0.2848778618426972 -5.083926289669759
-0.33250690619268103 -4.889947751760192
-0.2512611701959424 -4.686504892190764
-0.1640474190635155 -5.006636112025109
-0.3326398986326977 -4.55088073878706
-0.35841773198858395 -5.159401158807823
-0.3114263450889443 -5.179043835965546
-0.2170030128086547 -5.1198312915556645
-0.29902287532719946 -5.263921728506738
-0.34725816995602543 -5.08899881117737
-0.1933677662663152 -4.875419873701295
-0.3457105800200365 -5.11062656168118
-0.2307216768376715 -5.152310036155168
-0.32159953038725686 -4.8334357350287505
-0.17746260031465452 -5.207322500120378
-0.3138265907435081 -4.876896583499463
-0.3197675381596583 -4.788288075347368
-0.24476683626931361 -4.821912115029738
-0.13666670431225436 -5.2287843392257045
-0.29112112434090553 -4.760414085268437
-0.2726074638652052 -4.557443060587453
-0.2988044996974143 -5.236698038142797
-0.11162776507463296 -5.215906432022856
-0.30357371194056515 -4.761116550607175
-0.1642145855154394 -4.993247307407822
-0.2214578654999962 -5.110997122043281
-0.29786598154799815 -4.942722988546988
-0.19629088143390314 -5.024321457647856
-0.1427819957524618 -5.189345119275609
-0.15525764906601291 -4.649513336033291
-0.3716728493797217 -4.589740994794407
-0.3497963985803067 -5.268431136662003
-0.2148477300144552 -4.957772198386157
-0.3651942961342165 -4.639680645468766
-0.31712798430986755 -4.791439953843702
-0.10312937438710901 -4.872883568407938
-0.24032783220658313 -5.215705895988338
-0.28989817293345704 -4.924434402330446
-0.10834292656321481 -5.115252697202869
-0.1895440986514391 -4.975884514823613
-0.1690529498651569 -5.162807081298316
-0.3153054098250643 -4.908881040018006
-0.21355903534897305 -5.202318473266965
-0.12529793380622672 -4.8594826020551745
-0.370239917777951 -4.584114699167018
-0.12281193796560125 -5.025896116309706
-0.2722961990119399 -4.6298795925014655
-0.2128153943660529 -4.735256126385479
-0.24951984112239894 -5.14123930183931
-0.22741519588065712 -4.711271976018203
-0.3548151819665871 -4.5272111703579085
-0.230025132577364 -5.267410794212735
-0.28015888235306674 -4.6412301357131565
-0.14495387473126253 -5.144324253802436
-0.384724250203715 -5.218581187059529
-0.17527612226893108 -5.010270678975124
-0.2338972921940468 -4.721925008346862
-0.39210700970760715 -4.958057694634391
-0.3885730849695645 -5.04097402922812
-0.1925869493081599 -4.708105847809104
-0.14561242340515185 -4.9646277516807436
-0.2202755835571671 -5.205146699633477
-0.10151222846238594 -4.991668376364298
-0.22170104963758466 -4.929947332964858
-0.12932872997724748 -5.171967463974194
-0.35448159500687215 -4.62937570449751
-0.20518940543713413 -5.259913552422304
-0.3279505410590177 -4.636522439479721
-0.3006862534573523 -4.818577737189313
-0.3118615923007188 -4.882777699445328
-0.27928061870689286 -5.178946128144124
-0.12771005473757585 -4.992664719466071
-0.24032509368073404 -5.224338135538716
-0.1488686527428219 -4.853310201929852
-0.2716011090228023 -4.582431728378332
-0.27951302037644166 -4.963918446886979
-0.1741639821601068 -4.818987206298658
-0.10862119638140838 -5.21893145541655
-0.314788744094036 -5.142707138436273
-0.36402887486955426 -5.085051238954067
-0.14973230854557312 -5.2135091995588905
-0.38354572762104 -4.770184705022389
-0.1533757743405404 -4.962824232871982
-0.14469886301632418 -5.221865372587668
-0.21705228269197555 -5.064493950615889
-0.1585620885594894 -4.744751724490837
-0.37786072317790936 -5.072976755145319
-0.30815992336727754 -4.99931681374931
-0.27515611511036236 -4.817358300791144
-0.2378388106536265 -4.5706776072528905
-0.3554651939235442 -4.885181544510489
-0.22838524332903812 -4.624451740318259
-0.32922105971383286 -4.852397134718057
-0.15562817553067346 -4.59601713868915
-0.12276016562350656 -4.6300280417390205
-0.25299434775799723 -4.587927544839777
-0.32453164784644706 -5.027466000650194
-0.25924433397901725 -4.532049815513915
-0.1663563419684605 -5.06661941621541
-0.16131934931561714 -4.800985806416911
-0.2770769612468743 -4.954022578666457
-0.280309095126125 -5.083966131471492
-0.13959383234777528 -4.845728785929653
-0.37380153490177725 -4.859659514036031
-0.15784147756768555 -5.089251471733018
-0.1789578769961896 -5.169564083561775
-0.13641396080002993 -4.55564580745147
-0.10995816519334728 -4.62839701784911
-0.1722692376766085 -4.579480791321526
-0.3132957534262866 -4.567694178959497
-0.3964661880241376 -4.9572773565610415
-0.17712124348804478 -5.080670419307852
-0.24217189531038147 -4.619770561573869
-0.18805790817814755 -5.038607292994059
-0.1421474898833765 -4.650844291709009
-0.21264176354108089 -5.206338561018785
-0.1739716516543786 -5.132757416325416
-0.23349723699943217 -4.959878767435493
-0.17951001767372451 -4.991534675180771
-0.22626480476916253 -4.5292400287188705
-0.38407597790108405 -4.667888857472298
-0.3319232067956642 -4.777814307904805
-0.142580512178004 -5.130916275787328
-0.2363239548378266 -5.042770834945649
-0.254328038492584 -4.682995443095762
-0.2975513219704145 -5.020268144593205
-0.11228215217670023 -4.915972801538137
-0.32749994335422006 -5.242562860113315
-0.19808155699745578 -4.614703028637981
-0.1474753342113742 -4.766406702503226
-0.18556378057052667 -4.529409412959656
-0.19343633004820876 -4.96807153914303
-0.3817539010390913 -4.783879364133821
-0.31946346150834304 -4.672771238021009
-0.3598191216542219 -4.831593470560419
-0.3629147921928713 -5.184813346870722
-0.3721382583497512 -4.855873270719375
-0.21003871390439036 -4.9840978098163236
-0.10076310876046057 -5.098381816655534
-0.3331839066347097 -4.724520089998887
-0.18824374474157973 -5.1393081199798765
-0.13243474108238917 -5.030702457382292
-0.3305543079841214 -4.723458043762293
-0.2746143090675426 -4.797093884505636
-0.22326721528049828 -4.704936784751933
-0.17545315707110085 -5.0348936632145085
-0.3303600485892364 -4.529293962466407
-0.26043665546250006 -4.738119690105765
-0.17732129488320988 -4.873566240560136
-0.28169022010582256 -5.090390223871342
-0.33535318399009373 -5.06012162948652
-0.3106580151368874 -5.096198918244452
-0.13356372472278977 -4.8439647371621355
-0.2062602109255917 -4.963709606601301
-0.2135951831119929 -4.983549032940424
-0.20136334862112057 -4.859791276452453
-0.11698586865697458 -4.977792145023029
-0.3236052745977619 -5.006558193619727
-0.19399669411283005 -4.994555091665597
-0.2681892571496938 -5.124898991927808
-0.12249071181684634 -4.560045403032954
-0.22600405825164985 -5.145146027466694
-0.1650804309574727 -4.8971791879553965
-0.20678182313348245 -5.062844679137801
-0.31317227949517445 -4.957255948867027
-0.3429433115435443 -4.756394484822191
-0.3019369223953977 -5.1941505346637316
-0.3703753149409384 -5.178511871238966
-0.27520974066470905 -4.701906077975978
-0.23688532093171866 -4.860342450529245
-0.13743967597229656 -4.559788901037396
-0.23643321884307872 -4.949613590106281
-0.22154909717896418 -4.863577881161447
-0.14661954638277425 -4.620737674406018
-0.21774516711301267 -5.244023255554049
-0.12082356073418804 -5.156345296475308
-0.12443774635628668 -4.763031298994001
-0.12938433166222946 -4.533732418716051
-0.39483352698250757 -4.64907078683375
-0.15491430649591356 -5.232123139329034
-0.13920132397653978 -4.588336086554976
-0.13565238844841654 -4.820934439213794
-0.23939540458728512 -4.659480883997288
-0.15883187730606907 -5.240831969299432
-0.2512951321949921 -4.719076049484951
-0.1959488401125852 -4.629141274869294
-0.1696178390398717 -5.2659039933366305
-0.3523731134047516 -4.9770130425638905
-0.2657903207136437 -4.8539263087306415
-0.145453189713886 -5.231864792070861
-0.24528197307500033 -4.790140397203638
-0.13313571604383106 -4.615152036364608
-0.33538935234413836 -5.022000751210919
-0.3106648850893063 -4.790394520477375
-0.12271744032752141 -4.9360263529405906
-0.2801309185641052 -4.717508848831633
-0.10684954048742379 -4.905318631224029
-0.23968450700185084 -4.701471435611852
-0.13389393456881016 -5.131598725762821
-0.31056533174044154 -5.218573036860106
-0.147177950598033 -4.933471497323873
-0.22239150461670767 -4.835191166332788
-0.24298089277271692 -4.945262678101848
-0.34589035602410867 -4.703924343886983
-0.27760789121957596 -4.681716641320367
-0.36386079045718195 -4.546104140668675
-0.2398652302467194 -4.8869652367600835
-0.1450037542064383 -5.272213782896243
-0.231133998073033 -4.72088753150426
-0.22544039355404139 -5.197493017086217
-0.12700534732888058 -5.002965391247213
-0.2933100845905132 -5.0763535569600755
-0.2994991624917069 -5.263395049399476
-0.3943475311354733 -4.640466575773605
-0.3825813732882747 -4.901777290190509
-0.24697273969765318 -4.939691345953435
-0.3885995442321745 -4.783244616624252
-0.3132150137153765 -5.153264436285898
-0.3331610557026381 -4.666344542421231
-0.33743179080751695 -5.096025356544484
-0.2684398170831258 -5.2128378850037285
-0.24811523933129595 -4.998527988160029
-0.13918813782441242 -4.6369994555638545
-0.3564698576629758 -4.882397916376592
-0.2867532115209555 -4.67030202804476
-0.19961544361487835 -4.78402105513475
-0.2882482496572436 -5.0739912737328305
-0.10173119401617098 -4.599380038002291
-0.16689519100905006 -4.602935979467738
-0.27488462860852136 -4.921009188158825
-0.2756401581679773 -5.240005459690931
-0.25430941404961405 -5.201936972489005
-0.1321570665440286 -4.702008821269379
-0.3551412990672941 -4.875103983023066
-0.36716616578879224 -5.059449857593984
-0.29869910592364846 -4.6082639778599255
-0.3645696867854009 -5.089359977935071
-0.16807367214407107 -4.98355868224324
-0.17570310468236122 -4.817508258236168
-0.18029447696221806 -5.071193388337014
-0.3572715420199751 -4.950503106419673
-0.27317697893111054 -5.277781604091724
-0.2496691817655192 -4.54059847858889
-0.3789513094987599 -4.913483655214279
-0.15903493159738646 -4.7366184825846265
-0.2170521343505711 -5.096079695197675
-0.3043413004830295 -4.563684375697794
-0.35239317238623424 -4.838111668249392
-0.33323967946329236 -4.7235804528211425
-0.32709568253002 -4.894782794191271
-0.288118655750339 -4.946743321521818
-0.3637067896594276 -5.105338096277356
-0.1373783983846179 -5.2075212709811
-0.26624695831358514 -4.799723540945757
-0.2535640619951831 -4.571270225683796
-0.12795629044204093 -4.866139356157468
-0.11656272985729071 -5.092144453137351
-0.36001758578130544 -4.548186967461365
-0.13297123555115353 -4.752646430485541
-0.2930919409685881 -5.09771690060879
-0.3511138106181224 -4.701892336807641
-0.11587887752547765 -4.560026112572107
-0.37949332934788005 -4.979595914737315
-0.12283890919084794 -5.204184034952068
-0.20398414936016454 -4.6576289077423105
-0.34733971178652406 -4.5721447565673445
-0.3702880458551476 -4.838362885826449
-0.14833817972719382 -5.232713722616513
-0.28188562512760906 -4.879237763050116
-0.2417514305513847 -4.979344589058657
-0.13363029911333818 -4.987962053692941
-0.10929764490586397 -5.211543186340959
-0.3186785543195547 -5.2603979775654715
-0.3188510426383208 -4.540225608672851
-0.39702401898557005 -4.532708633996654
-0.24829043451582605 -5.043918788021546
-0.17795587252935302 -5.009573479654177
-0.36739098213677535 -4.874675183021061
-0.39827045360515134 -5.207420086084718
-0.3805774435722784 -4.536946514303496
-0.2369966002463847 -5.108490976629658
-0.3683743797700251 -4.580790338818105
-0.3601016357100008 -5.156434783965262
-0.23698130797432682 -4.62982425860281
-0.24825941807190344 -4.606982957693763
-0.38501818255464726 -5.05480701619258
-0.3123739616334029 -4.710001885325147
-0.11900612416583456 -4.8790983552510045
-0.2007299123867663 -4.714625123803314
-0.2003336085732346 -5.066627189313122
-0.292410040098908 -4.658917059089414
-0.14953516880549544 -5.142170942706647
-0.3240504892815424 -5.207621816375937
-0.11312292323057066 -5.143331373352607
-0.17332854191993102 -5.110848891779609
-0.25892557961250046 -4.546286325947703
-0.14385165151165907 -4.664521445197142
-0.2752235472109484 -4.596982472856576
-0.13986390248737196 -4.606356593703103
-0.3746131165774125 -4.837909337450457
-0.25025204973904824 -4.747320827340131
-0.1846894807510319 -4.866156849176448
-0.1363908847515795 -4.941969319194898
-0.29421395667382627 -4.914388403236529
-0.230609857754457 -4.969972502258274
-0.14143200969448777 -4.586891011898768
-0.3704552950551786 -4.814556693393682
-0.3466012712001174 -5.061455874500957
-0.28289168131716935 -5.150375746178026
-0.3225839163740078 -4.587845432213544
-0.18481934129156927 -4.847027567704889
-0.31673455723798705 -4.641605019923433
-0.27576200080390917 -4.61773859352436
-0.3294203103487078 -4.7665899937799106
-0.14477305558942088 -5.261984464097089
-0.10973919872230009 -4.553632800818291
-0.23437396888164452 -4.695633024500959
-0.18749302632612214 -4.963274021788093
-0.1558127602404892 -4.781492790941824
-0.170245837567242 -5.056641468353739
-0.20413485572764994 -4.641770169897888
-0.12394426130204356 -5.040712143363839
-0.2401225247147635 -4.883514071373004
-0.10088106346396597 -4.836056358393381
-0.32225922062121404 -4.767633487995674
-0.3091424431712088 -4.5391616579978
-0.32275370458102104 -5.136576200458234
-0.14172276502343223 -4.631882725452417
-0.33249915404284935 -4.634841804046878
-0.1736237951691775 -4.5711492158223255
-0.2689144528499653 -5.072654014188927
-0.22639963540880395 -4.864089614547329
-0.2836518698246791 -4.9682174687998355
-0.11656659731561564 -5.081535772500479
-0.34382873677808806 -4.6446143361504735
-0.22917641333735642 -5.1269594944917065
-0.3721442852904129 -4.758623376396602
-0.15645529405382366 -4.736414666956781
-0.302584758346044 -4.606254531563029
-0.326157332602633 -4.782037580028419
-0.19976498742398255 -4.551733091276269
-0.3491742616781197 -4.574166810850046
-0.14705280233750145 -4.992622319231942
-0.3462700917008672 -4.702375806300237
-0.3537514030754559 -5.0715558032590895
-0.3578465934497167 -4.9499020175676565
-0.362872925731658 -4.865045863449952
-0.2044087427349447 -4.959635665419991
-0.34520814897539964 -5.155427202123541
-0.39693965633236605 -4.904884349547935
-0.19923396014613184 -4.6915288111866325
-0.2346727972414485 -4.739628324695273
-0.22133240087198616 -4.530686170035812
-0.25512261156771665 -5.1642532744662555
-0.32659079033815686 -4.692636000783074
-0.24214762447868085 -5.101825600267316
-0.1965760279825655 -5.0407304649125475
-0.1814657602165826 -4.828906282891279
-0.11566591471274928 -4.859473756582139
-0.2836115912406611 -4.530040064881147
-0.31118850823241634 -4.748246402596717
-0.1620921218130283 -4.7088895044796635
-0.12519528063813956 -4.992749816491203
-0.17440771495181925 -4.879340650460585
-0.1219402755232365 -4.733038592270948
-0.12170241035136525 -4.786744365567245
-0.29507293210682695 -5.200591208903285
-0.16792205053492962 -4.813339782535662
-0.3637446746971842 -5.084032394896727
-0.24729857561647445 -4.699257708647716
-0.11302109945486938 -5.108885590005494
-0.3566553641235044 -5.269045814738012
-0.3437300279133174 -4.855664170603561
-0.3450494925557955 -4.618202477805205
-0.3534071500649218 -5.0716311937612595
-0.2148244193439662 -4.8370374448963585
-0.14310638256713143 -5.229579193041833
-0.2689644106534526 -4.775819938729137
-0.20515255910934868 -4.988577354022922
-0.28277457497673114 -4.835700719483142
-0.33867805787997013 -4.979464470632801
-0.35403202071790224 -4.625402495584505
-0.3053803670401589 -4.979751590647227
-0.2020211927135465 -4.7516264409336735
-0.38082496649090797 -4.859264503648112
-0.24795701695488498 -4.595397797060011
-0.3182932904972091 -4.970817746702344
-0.2335006445654093 -4.879419441525985
-0.37674321665565697 -5.064645803213546
-0.37326610770695284 -4.601933010921676
-0.10801550668472232 -4.790637088499899
-0.3495803827108325 -5.178266287043065
-0.17929707552036994 -5.214532252210081
-0.14030886621490385 -4.875086931085419
-0.31290873484468273 -4.967765397592408
-0.31708409382233343 -5.1294374547076576
-0.1544014536298156 -5.177258629519477
-0.30150440205714585 -4.729096268046527
-0.3265504303381074 -4.9854670999470505
-0.19451497760278877 -5.1908587352733395
-0.205076675201473 -5.023366537068677
-0.20107104643211288 -4.572495087238793
-0.3258542145498358 -5.1459699375982275
-0.3555953172223754 -4.703603334940785

0.12954245413405915 1.2147489496924582
0.10761663999823373 1.423172720691342
0.08129645588614792 1.787401170897684
0.11951101441343866 1.6525910387648377
0.14375014587680268 1.4716421940304234
0.1327021542608121 1.8465225399925214
0.08232077608735519 1.2110333387239274
0.10056928045200625 1.9918049373852083
0.15929251289927945 1.803340400645669
0.06827287703535466 1.9196000834963842
0.156808303350584 1.566490140009254
0.12707089600389337 1.6757801550594114
0.07577215787087885 1.4943235682577238
0.1489286835325071 1.8860345626823805
0.09689172100730703 1.5880449252128288
0.07661477132402415 1.4133890360654933
0.10628686762543946 1.36173006425231
0.13683689238894942 1.6288119055659287
0.15033424609020657 1.6432165583512615
0.13550798904002595 1.4045129754563503
0.13684475227058526 1.828956818776305
0.06630129371171747 1.9772742395254084
0.14899955996463127 1.54477759818681
0.07908627195974759 1.9418348576608329
0.1417209763641749 1.6335027452488717
0.06877267269297059 1.5352027064959977
0.12634461578984163 1.3095546217815441
0.11353305980325878 1.4849611405864032
0.06896663029604314 1.8371103229802592
0.14120213488557354 1.9630131742985641
0.07222523875158773 1.6522559172568214
0.14468430309924762 1.9210675772291603
0.1227087115342073 1.472366903922614
0.10674607933576681 1.8277512905445616
0.10513083377770051 1.4394794975045584
0.0659457223076517 1.3816862226417892
0.12125249228186138 1.538505537614641
0.1493236287464129 1.3836027601785412
0.0712612313755717 1.2144179163447528
0.12400267013894782 1.789727330573587
0.13913573345290053 1.6618589712348517
0.06064256412866892 1.670481425512903
0.06048193416282656 1.5207340901486206
0.13790764106759162 1.587779776470156
0.10149094037390533 1.4169688730731922
0.07359948210201493 1.4966158785767074
0.13216108855289604 1.5680571552132918
0.10754828186014764 1.6469664054950304
0.06449735981713917 1.2005471788926851
0.11764574998532851 1.9052492324473749
0.08746725241942907 1.5793848914070707
0.07432018425275563 1.9785137230273737
0.08252071525431953 1.8620095698148322
0.15344158661304397 1.6069922822524028
0.06009392509534406 1.5306470595634312
0.1398531919387001 1.7510641521924253
0.09149010419769604 1.469164173465723
0.07250856544554253 1.2200700003534524
0.07802912826244637 1.467607596388036
0.1394785235955464 1.4832365363600528
0.12599582499524797 1.345852210705238
0.15440056147831732 1.849036338507874
0.11138474177887325 1.8183914478484657
0.1145977719594968 1.4443564728586156
0.07736605346225636 1.9256199004681722
0.10631890308939408 1.2216311407290563
0.06050485710400193 1.7630472594026316
0.11578342535428601 1.5249613342511186
0.09610363365365213 1.8310851265115486
0.1075440963612177 1.479202277894036
0.07300481635202413 1.9911713395908768
0.09076007096544268 1.304809415357323
0.06432699939478949 1.6063727695849996
0.1394378199578719 1.6219238032360015
0.13556388924026574 1.9617378191051151
0.14714788635215476 1.98274257618061
0.0717200882324032 1.9945142202527255
0.15646955737763865 1.4978243510100704
0.11731925958698167 1.9292172180762714
0.07983409104689398 1.2350847170408614
0.08803467025045661 1.7412769104313641
0.12428006070555646 1.3187600829303485
0.08586990807765328 1.813018640585745
0.13934131434300268 1.7365799676149376
0.13186816289427877 1.8093921603990817
0.15620889181199887 1.6050314147731226
0.07693235055668744 1.3505676939027806
0.07489342817433994 1.9334193242743796
0.07971797812050038 1.4619014179495302
0.14684616705038273 1.7786363022039482
0.06999612708912548 1.8578241382512315
0.09117822550261871 1.8020682506865782
0.12775834040242165 1.892341139160261
0.15069809661224218 1.9762873445855618
0.09200871762563506 1.672839741057095
0.09184167129915051 1.7003636553884895
0.09426535664928859 1.5276195912183472
0.08070213657161075 1.6954680020562192
0.1030902696266123 1.8419997379849504
0.08686189189128676 1.4746233268550935
0.10638806101759068 1.395725687274902
0.15478110356107494 1.611789614549726
0.1381027262738967 1.4243744601013981
0.06442056649084449 1.3411219313726739
0.1593311065419139 1.557498231354275
0.07520628257970034 1.9631046379521324
0.07916421231487264 1.2862401549737246
0.11105596750354087 1.5957030753459676
0.10455210033116735 1.6396342344651167
0.06533149446429556 1.4557712573708312
0.09099542543451951 1.8039876268563466
0.1593669639065812 1.770974088560373
0.1303159364011265 1.7754755804815257
0.07657675573748296 1.5908655179648155
0.1355097548546098 1.4906322595458363
0.08779266404128666 1.3446021169274582
0.10806167800763572 1.6864302588892344
0.12281937600954194 1.7648638706133237
0.0697380365059285 1.6298755777257177
0.1492462307558859 1.797002340952007
0.12496521541274423 1.7018171658941532
0.06212783219727637 1.5790243548647607
0.11033302724592371 1.873457875988162
0.12019136505115202 1.9367662873876723
0.1493111489608458 1.352027788917222
0.10921232501283251 1.3145046634371658
0.14814917300583796 1.3657019968388633
0.13782098589842545 1.620512115039943
0.11319692647611884 1.7175245610280614
0.06228929878988108 1.4904831784831252
0.1020470971549169 1.672438577816152
0.06760833493955383 1.7468989273983828
0.15313078800768068 1.4416684137596132
0.13540170430954812 1.9400433590806332
0.08493981934737113 1.9554145577249105
0.06480981279602621 1.2073046587894773
0.0715770042371596 1.7157401230184415
0.12523795285578937 1.5945477640351577
0.06386904641611348 1.807993308705396
0.099577069994724 1.255135655400595
0.1476982016239275 1.3389288924452107
0.10969261699067401 1.211968374933029
0.15103707052713766 1.2795405864304967
0.10240591884984203 1.2880657649247247
0.10361865609153958 1.979322254846255
0.11468424501696695 1.2126835630947868
0.12078309977025437 1.696257132893398
0.13090678784107984 1.4770495592488673
0.10678763683258516 1.8109607372533485
0.10440745966863255 1.8699386268496943
0.10100361783584644 1.2185752421189966
0.06377683541435353 1.317563739484191
0.15408821159938385 1.279239299781593
0.10878072331029942 1.7808188129944182
0.15253282598066314 1.445503342423832
0.1286269308933799 1.5817172606489651
0.13426912355711051 1.384684783823872
0.07599047831865434 1.3354760510966803
0.06725918565641457 1.6780988506524583
0.15236417808710515 1.334714702112249
0.12183403776012625 1.8723349472724016
0.088549070242128 1.736847961892197
0.14498345067944673 1.996564537079292
0.07444044603597735 1.541510885812946
0.08005563119549078 1.6834590480517984
0.11396611810274637 1.523569862957284
0.13291507588997553 1.3641547004911552
0.14128272203058273 1.2256404531517442
0.08687553350188522 1.6953807143723112
0.09449158220016692 1.612707488606358
0.06326168934863279 1.3004903156857834
0.08622435343895787 1.8926598256772091
0.1046061598728807 1.545456820368665
0.07423013169712234 1.806083842515669
0.06324221462021233 1.4672362162245447
0.09659234274420636 1.827062618211446
0.12082032169096604 1.54524940074152
0.12002702625026226 1.726220351417366
0.09877709025372601 1.6215237966102118
0.1439281048620733 1.6633988165081046
0.13584491874505694 1.350090689814047
0.06075012732050609 1.5741667326117692
0.09654164141673863 1.293528499323645
0.14788407629761124 1.742180053406467
0.1475766200358412 1.8148683412686302
0.11601938258439565 1.4474128211776485
0.13806315852793782 1.3515022743364757
0.14420601242645667 1.4210443257870151
0.13522653217690486 1.6216274633458991
0.14409601767634775 1.6219969727696713
0.11185707738982362 1.2471105535230682
0.14407993388283633 1.564721604102684
0.06805264191745262 1.4065799898502434
0.08261944120688773 1.6595921705958527
0.0687391657594296 1.2916763744341406
0.07192786541436423 1.6201267785558398
0.1309767350777044 1.5987007702821534
0.07611479412372214 1.204485099486784
0.1376515892389052 1.2645269540576092
0.07519173487296524 1.7346661806532055
