10 200 120

0.3864422014462868 1
0.2315821977606538 1
0.2843108426098031 1
0.5080892934837209 1
0.41132006915713315 1
0.6713563476402827 1
0.4104832377036246 1
0.45218272635447143 1
0.029915816249840632 1
0.19740251646945883 1

-0.24441804183297622 -4.999834309865758
-0.1351674916273614 -4.568105348316013
-0.2718473433405255 -5.127671270147212
-0.23051019260570693 -4.996555256502623
-0.3883124255469473 -4.546642909862861
-0.26694782916844995 -5.184662579235329
-0.20413982725540683 -4.780039222120661
-0.16857226028078517 -4.639857768972114
-0.15736431853809713 -4.811087863047506
-0.1606761857836926 -5.228768316725265
-0.11762720799247334 -5.032719675839956
-0.2892794783669284 -4.8850390920467355
-0.14291078176508215 -4.7677642186963265
-0.2052289718238414 -4.834085915546072
-0.1254126897300784 -5.2725477205755755
-0.3002149445070947 -4.6289747778863735
-0.18636181275498712 -4.826472060318968
-0.30386318830243986 -4.544099386672693
-0.12570272718814102 -4.9210849638080045
-0.10428018243572618 -4.838299440009126
-0.26235286393263696 -4.726579061061707
-0.2954424509382717 -5.077874159954857
-0.16542939094361062 -5.142752158022484
-0.33810112586694946 -5.015831562393087
-0.39481406514962397 -4.815232064683739
-0.2792761021361007 -5.178395507016665
-0.26991318915794016 -5.102495438841272
-0.35081330680088046 -4.777648565796036
-0.3474038862192551 -4.943455929023563
-0.39771662127898816 -4.815557930026925
-0.25053886415042403 -5.234937365169708
-0.18387664757434666 -5.165065715748563
-0.256797492792065 -4.7394951714226
-0.19774933193052285 -4.987774375569676
-0.18467064144688944 -4.8814611078379695
-0.1502046124784617 -4.641535566863427
-0.3603811816559133 -5.213989898842738
-0.3880065102942888 -5.1894979851039285
-0.3055323487744473 -4.550230681641234
-0.34553941576466274 -4.545994125760571
-0.32240597434646145 -5.113776969859315
-0.14483412159302478 -5.150610863486489
-0.1164181833672131 -4.699642164569992
-0.2672748742338863 -4.81485026942147
-0.2940685031152245 -4.916059743236945
-0.14156666984020388 -4.609202767115634
-0.25041945568792295 -5.161332735504361
-0.23635895765664067 -4.926837372465007
-0.13677098509163715 -4.993919094641748
-0.3581234967647471 -4.990776701790969
-0.3882802270061106 -4.742304108886889
-0.15375848685330826 -4.883286139685052
-0.1677943844504063 -4.880084148094458
-0.27933143281408584 -4.87797018822444
-0.24265684738844606 -4.781343228271022
-0.1453159006534928 -4.815142331558676
-0.31796260382109365 -4.731760389700507
-0.2961024573582064 -5.081100205410464
-0.10369342162253425 -5.023619976248993
-0.19974679478650273 -4.802058874986664
-0.20318844597200553 -5.006447501996125
-0.3187786078314409 -4.91483655929773
-0.26080954150503227 -5.09986367360142
-0.2806392383372935 -4.613686023468431
-0.38341966037717756 -4.538974245809793
-0.3145524224863125 -4.771418566004751
-0.19129483887003723 -4.821656091854582
-0.2575365135896818 -4.8194057238341745
-0.3051034520316079 -4.78027998457725
-0.16120281994896085 -4.696656100386372
-0.17710608269766176 -5.003368828556972
-0.2876603292844287 -5.158936367925401
-0.3347243098386809 -5.061842985926326
-0.24514352293718514 -5.184564076864142
-0.35856561491791555 -5.041925880470569
-0.26532727333289696 -4.755168732235115
-0.3194452981741205 -4.616476544931047
-0.2648260817234229 -5.274590930996611
-0.3232824176983531 -4.865081225280207
-0.10801766990915568 -4.946213959604637
-0.15835981505138524 -4.6860856137903095
-0.36398476071025015 -4.890970562618016
-0.19706076237343287 -4.857454155462524
-0.19517234231563646 -5.04901062299258
-0.376285212156877 -4.8082357276469745
-0.18001840465176885 -4.710975051365233
-0.1772579383673038 -4.660368426068958
-0.14540893036855196 -5.027094142837835
-0.10624915210140173 -4.590775811627277
-0.2876095738868859 -4.9677252914448085
-0.10653231701207733 -4.907247538320696
-0.32473989665191805 -5.008979676024357
-0.2592483515028146 -5.126572646022255
-0.38549206577770695 -5.074117066389096
-0.38116592275028344 -4.983541196177367
-0.11125031653069262 -5.008407451528483
-0.3926127434378863 -5.216128394537753
-0.20115672471927304 -4.765993800535441
-0.18149464351166053 -4.829234223414056
-0.12198138662772962 -5.209508820423018
-0.2788625053560237 -5.248604405471148
-0.2999057923013382 -4.939635082276711
-0.15151523484880391 -4.97624773816818
-0.39137996929894003 -4.833842923359599
-0.3597708701419913 -5.204208427021646
-0.3965862322714356 -4.993079423679009
-0.3608642269703493 -4.656274311160808
-0.23284897966797338 -4.961233501654124
-0.39657871507660203 -5.1432016664656555
-0.1184349956175823 -5.16909458146518
-0.39434117559063414 -4.943315690982464
-0.35564703035074696 -4.651777200887707
-0.19525750079682208 -4.753592865044614
-0.3148743098590103 -5.1068356427465
-0.11318026174679474 -5.121513342203597
-0.10018686230252277 -4.529129414347058
-0.1655171905456192 -4.905790720356907
-0.18267176614827746 -5.200971508425163
-0.12236471129038107 -5.1953726650096295
-0.13427171191263654 -4.576015787752388
-0.3619552622098408 -5.101054208979361
-0.30942437504846687 -4.685753064272266
-0.3072989188544455 -5.105669762914833
-0.2939827088792038 -5.098564591364435
-0.2786356921425425 -4.647468563247667
-0.3982958413616839 -5.024147916230196
-0.3935515884932299 -4.941780644855099
-0.35583289048821 -5.082417478970493
-0.2252890314910656 -5.264994152692416
-0.12615738359461803 -4.649062899599849
-0.10180361729716664 -4.708101802977317
-0.36468908263811817 -5.085050246056773
-0.3035149928173121 -4.532250409246039
-0.17931337310016254 -5.064745133150962
-0.334876738323512 -4.735848473743047
-0.20351171677089622 -4.754671187278212
-0.16236490516725122 -4.574537418439368
-0.26601366031497586 -4.907417482671497
-0.15019104165411246 -4.783854987272769
-0.16643104570366377 -4.605122339293336
-0.19028788883936296 -4.958648039778099
-0.11428215299495337 -4.878114650841302
-0.26708385411231295 -4.623479035535043
-0.1333966704434426 -4.950724432891288
-0.1760368792120085 -5.173801265656036
-0.28742862925901524 -4.757320658915378
-0.25028883766091753 -4.542157149899759
-0.36123533060311436 -4.804796172507372
-0.28627273817685983 -5.184435725815113
-0.3503414826351508 -4.572928754931548
-0.2696135706240582 -4.766661407916434
-0.30419846610735013 -4.604181592812743
-0.36061071955515084 -4.7819992478055635
-0.366928970515105 -4.71438893052771
-0.3851301362096948 -5.262567202052765
-0.3557022328445213 -5.1237692606983325
-0.23970341287755192 -4.833090836400233
-0.26336862953330137 -4.9951631783454
-0.15255525088034552 -4.565783998011407
-0.2618300239884063 -4.897836539054429
-0.3372577916706239 -4.835741997353378
-0.3743115983070955 -4.530615184124809
-0.16467757199947913 -4.546822057028812
-0.11774921869824406 -4.956230980351965
-0.23244855319613267 -4.548843395828902
-0.3316311860110797 -4.7982050463624635
-0.3249498996677106 -5.02512060360203
-0.18187748505302112 -4.767314828818545
-0.12021862239292552 -4.80409700378077
-0.3020364594172959 -4.78401929446218
-0.18195594257919132 -4.525998029786986
-0.3817501850162439 -4.964369700719256
-0.36063755164724115 -4.796530484667919
-0.23676899019336942 -4.540955160501459
-0.378972083134853 -4.9090095909811815
-0.12568846970687442 -4.723409728531628
-0.1424035878343854 -4.847306878492271
-0.13132569661698418 -4.7951256675080165
-0.2304435687920795 -4.568454455192745
-0.22900902303620332 -5.251010809910497
-0.26927429716503537 -4.892609766106695
-0.36532818928557753 -4.81767565101563
-0.2031109931169807 -5.131439924459833
-0.3628051896192033 -5.271783378882747
-0.20559795844327036 -4.831926426972995
-0.3268724732824082 -4.674544064453078
-0.2801651959564241 -5.247358979022634
-0.334390166591194 -4.978338833595544
-0.1108415948176894 -4.696480598811784
-0.20979268684684005 -5.018130847677324
-0.2726736922083147 -5.23890271867433
-0.13109468443023914 -4.618845676817756
-0.39835801538731286 -5.232875904355136
-0.10063299680818555 -5.062370530328447
-0.37492691114612453 -4.752354291585693
-0.12193544955879737 -5.166278425926123
-0.11784928424113156 -5.075958868950935
-0.22597219368599678 -4.689386111665989
-0.22075680914818893 -5.0762098311965
-0.33757810489767415 -5.259772010515674
-0.30956483647567523 -4.572885406793222
-0.21413035918437337 -4.545065075831234
-0.3184598310531934 -5.038288587701011
-0.3518576270998935 -4.594135356793834
-0.19801536584618856 -4.772902269995122
-0.16426421138653077 -4.816496286949092
-0.25773575699793966 -4.870155579024654
-0.20031855790379735 -4.642245784162026
-0.3318814966383191 -5.184393666706214
-0.18500773253553737 -5.121456867667418
-0.33045990234401235 -4.645471766263423
-0.3826832985964198 -4.967503505016266
-0.18113466313637766 -4.566464370526531
-0.1046269633694985 -5.1910947902776305
-0.15697090339056197 -4.949599355308416
-0.18184004575549695 -4.8477378099185
-0.31377352394949365 -4.84462735646214
-0.34343327618940994 -4.696535489621183
-0.34962339363463857 -4.727915294268481
-0.29994381822681637 -4.764277271752054
-0.2923861749894968 -4.917509852930689
-0.3974455040334232 -4.669667871848363
-0.19369969912950413 -5.17299983517643
-0.26585954257853617 -4.639496726281193
-0.3962312368463721 -4.571472655664659
-0.20294692973237335 -5.190621015364246
-0.35449882897353424 -4.752068007971331
-0.13380936759185075 -4.9020799947452325
-0.13497555928379718 -5.225526972861941
-0.22498925999968464 -4.582172592705222
-0.32190632172634814 -4.7785718183845365
-0.1722807993652422 -5.109039718336266
-0.2830821706377663 -5.268086033996344
-0.1680744661847041 -5.260739769932723
-0.29855890236936083 -5.080392671178497
-0.20009127468942167 -5.21821046464845
-0.19886743182111385 -5.010150892588626
-0.144233947257694 -4.783966710752136
-0.11111364255503431 -4.778639668291049
-0.19934118050429156 -5.032440250447788
-0.22441836806894236 -5.135854682002336
-0.36027186150579166 -4.640995781353275
-0.33771061383370804 -4.901971133145843
-0.17823365070248295 -5.2016611624728055
-0.11169164127002523 -4.638951369098451
-0.17387800337521414 -5.048423219967358
-0.3861575614639976 -4.653114094662109
-0.30576690057994 -4.696814535269227
-0.1418971556737637 -4.762102554320585
-0.2325169370487472 -4.8241092545986275
-0.1590337290843201 -4.9303018287475355
-0.35949837348716734 -4.8100063425933355
-0.19053274090410177 -5.259929513516839
-0.26660433870234734 -4.945823951272493
-0.37161995678132 -5.180040190984414
-0.14940271629772084 -5.050451365273017
-0.36960949228765244 -5.080675107262198
-0.37318435711409637 -4.539906445079449
-0.34092205679117726 -5.073202186151015
-0.3949402858416601 -4.581203231849558
-0.33245820968814255 -5.007091883577221
-0.15649387322411687 -4.620033602020535
-0.1336189670690887 -4.6289798490996645
-0.2277328749650074 -4.902594868655066
-0.3037897492288111 -5.2529620677473785
-0.24875960696358085 -4.929654685113591
-0.19039197153627244 -4.990092022669436
-0.1201430013187873 -5.068996419687053
-0.13407406172605107 -4.731030299032223
-0.21363088265947652 -5.274411315454171
-0.2043660895544492 -4.755811585063789
-0.24324669869973048 -4.6733685647909535
-0.3418529744074766 -4.854361169793285
-0.30805998636438436 -4.531746505569114
-0.2542749878430598 -4.886621857052795
-0.21711454757082965 -4.778615435184215
-0.26956558266186786 -4.767471061884488
-0.2940967151641861 -5.03702412168464
-0.3422885301894735 -5.186286329436866
-0.34814769638787535 -5.21165050207104
-0.221580738065636 -5.200541563437217
-0.22490832880246928 -4.90281399522422
-0.33660368380486144 -4.948446091614785
-0.26554583700759843 -4.644073589515503
-0.11586221405662234 -4.868985058484482
-0.14369878103669909 -4.973558567539196
-0.2719102948048966 -5.090974770184496
-0.16846620588505512 -4.765146146708622
-0.2455761084985038 -4.6991500668099615
-0.1206803503924555 -5.109254912285306
-0.17665632398082232 -5.04518847898907
-0.3925421759904584 -5.261593735509892
-0.2678248018760604 -5.066801790877848
-0.24156030654886235 -5.0719134571549205
-0.22365785461385373 -4.893441057475017
-0.3380788669724578 -5.092951568997777
-0.1507029039645054 -4.741629683921317
-0.3467632824512048 -4.976610365308404
-0.18689098843349586 -4.997968801986324
-0.33001548002022835 -4.5282929053635375
-0.12309272507651242 -5.205890908794069
-0.11966423221673522 -4.5839356117348204
-0.2733194660698903 -5.109581154833419
-0.153519369082675 -4.675520816576213
-0.3151384415767769 -4.739267899005233
-0.31893704490585484 -4.75044983974862
-0.22477200620894136 -4.893760144001181
-0.3288282416027397 -5.2472500366990165
-0.3153925004663154 -4.947446572345353
-0.10669475914676207 -4.99997930890019
-0.27687208502994315 -4.783195223799424
-0.30179858908134827 -5.134325507698466
-0.39896151911442856 -4.884386138728932
-0.241129285818038 -5.003619717718034
-0.2650180453304086 -5.241820806587555
-0.35392856579174214 -5.076617506419294
-0.10903072952517473 -4.624474063808281
-0.20645609281464 -4.569077576070582
-0.2623990950728144 -4.544417974172978
-0.29365046389826066 -4.841827806040159
-0.34206263993618025 -4.897821406529103
-0.3073169980058449 -5.04250129875799
-0.35066709944390706 -5.107233722596549
-0.18641896634602112 -4.632529894869828
-0.17202459444610363 -5.10988045535091
-0.27576944198359976 -4.527005881284394
-0.3883851358807716 -4.990706820286761
-0.3522326535140541 -4.966038388571264
-0.38832608897776316 -5.02307328568857
-0.3872497389668624 -4.846511329345989
-0.30684700261067555 -4.534216607520031
-0.17792070385770903 -4.873949771404692
-0.27753242199698336 -4.533463680633992
-0.24868376441196843 -4.8943339354374
-0.3984214631774669 -5.117516594173112
-0.31155718398234133 -5.17019975152731
-0.22754870645808364 -4.767112036639357
-0.20184938807471484 -4.844000987095489
-0.29337219352327604 -5.184373452886866
-0.18614820930166986 -4.858348273003222
-0.1388977548398483 -4.556986852330377
-0.20809778229193132 -5.213651165979338
-0.25823743038664115 -4.765360527888767
-0.17612533924861012 -4.579160531420309
-0.22711043160592062 -4.573023924043904
-0.3900952938877652 -5.018809022812929
-0.3268147414373015 -5.25924059421281
-0.1849234853165975 -4.729245779523807
-0.2908370819228938 -5.181577584202579
-0.17926678920807398 -4.6650377186020195
-0.23115649427400323 -4.779747323102249
-0.1145092800083119 -5.166529837767726
-0.19467285833008016 -4.785907667547345
-0.3010299776525053 -4.99365807061762
-0.11581033340713609 -5.123033708823974
-0.3149279530021267 -4.689725057978261
-0.39425999692149727 -4.921983926829274
-0.10305622164094946 -5.142988416985026
-0.24112363835334394 -5.042557026467858
-0.258130467222895 -4.665332439073859
-0.3342248508282858 -4.547473402392875
-0.1960988252614772 -4.865249555356764
-0.12402230675381787 -4.57986600981936
-0.33611628158058526 -4.655430269018039
-0.17874731035542704 -4.898868714463511
-0.28383883287307055 -5.007559053540056
-0.12386416809200601 -5.0347405888770265
-0.36330132911328955 -5.109708816543808
-0.26654022990842674 -4.6687732827710615
-0.23865312584941156 -4.834481243842718
-0.2367827952462368 -4.8778221197231755
-0.1942595941209155 -4.685849007831308
-0.22247119429402154 -4.757061540183923
-0.3225745950821527 -4.839690963440669
-0.23710011547920515 -5.24982562705858
-0.3342873698468548 -5.196787332367746
-0.37991031185054014 -5.114065296138731
-0.13310492915786937 -4.6201828280538715
-0.21430193769308795 -4.6687168332774345
-0.32273934238353097 -4.856525436598162
-0.27140101649990006 -4.54574637136784
-0.3799222482862888 -4.695978975513758
-0.11388508128289476 -4.928924697048814
-0.10930655464519146 -4.9216454768731115
-0.26158202895237703 -5.233128272604725
-0.134138291469159 -4.735274326900995
-0.26511730063050476 -4.992831238307689
-0.33166126093626497 -5.004139381756444
-0.2795559994146126 -4.558442337330336
-0.10727179476149135 -5.151584590582864
-0.10139561379448858 -4.955583172052991
-0.37125361934312695 -4.698610459502007
-0.20411712422086928 -4.883038171898825
-0.2687471626138578 -4.5373380524471445
-0.22848220309626932 -5.074165995342278
-0.1847856807872053 -4.601444933181963
-0.22963572645274716 -5.042843965309236
-0.39040975051439436 -4.797427467728725
-0.21352682480376087 -4.730194321854284
-0.2824264577127763 -5.219820573137546
-0.29592893569494805 -4.981253379757801
-0.1888258713604544 -4.557485082421318
-0.13508983093536325 -4.526105368164671
-0.30063109590996073 -5.013175525086878
-0.29427247845905613 -4.853768935653259
-0.2797496730368905 -4.978592122260119
-0.2481254825507138 -5.178084673348613
-0.16135515785135388 -4.989791017971862
-0.23745695243787845 -5.008884482823109
-0.24164645820059172 -4.836303617469401
-0.3049362925851022 -5.2428217728919995
-0.27756396620368284 -5.088594213212905
-0.38976594725803143 -4.591100185394768
-0.320584785207055 -4.868857437371232
-0.2464920262617183 -4.585016495287344
-0.14964486313958408 -5.1562678420966
-0.3911682058285491 -5.179956991548765
-0.23747869494004592 -4.572378985684905
-0.20202820474663724 -4.749226683438876
-0.26925218265878736 -4.705689914749385
-0.1418794236563305 -4.622297495432626
-0.1456226044696109 -4.554693587158795
-0.3149534003719929 -4.653147066737888
-0.15408371669180762 -5.262692742698516
-0.3800156499685212 -4.727779173502915
-0.19169177722678962 -5.06685519529224
-0.3886031275679015 -5.148345954345256
-0.16287248416780026 -4.545110067690168
-0.25750126996985384 -4.785525891208837
-0.2473522820921266 -4.658364926170632
-0.1715694758314627 -5.016006017390467
-0.19673023502018908 -5.106105903729499
-0.28821737240552764 -5.242696359034661
-0.3069386263699026 -5.173460133522506
-0.3703016338111951 -5.1513780382049355
-0.30934127825206065 -5.017406837285355
-0.25776755751827873 -4.5808019177339805
-0.20955868524873214 -4.992443124278024
-0.28882047786840154 -4.729297249101981
-0.31692353364818626 -4.730035633900055
-0.10232357602991654 -5.1634248513893235
-0.19261328552736545 -4.999455196572748
-0.2776950618031736 -4.626491977720927
-0.12071495767062318 -5.11720355143775
-0.3172599443751972 -4.630974794329922
-0.36202529750800694 -4.623792536948364
-0.30879392046207255 -4.659767378878008
-0.14000887163712117 -4.6406208387140655
-0.14966587929321318 -5.030706367304582
-0.26099872237197874 -5.046699097126057
-0.2697007986821305 -4.817127062314184
-0.24140596585788215 -4.701677148217165
-0.22406121892734812 -4.584532744302195
-0.3998893853142514 -5.2568091831115735
-0.190964306342761 -4.590598437216679
-0.3366355847425116 -4.644738672900877
-0.17060056835766774 -4.924185268549891
-0.3937958756769373 -4.855129432597809
-0.29184279409028374 -5.101900027409594
-0.31149556472753986 -4.963085829666932
-0.159544102619226 -5.1904911456729765
-0.37304913677347246 -4.81540007791822
-0.2915991825900735 -5.275793722324444
-0.20778604341997153 -4.939878158698595
-0.18535657056109386 -4.583160997431239
-0.31054655801816633 -4.6282177357111935
-0.24559326255444658 -5.240323061187927
-0.2767301214013029 -5.137670413602905
-0.27468276618984916 -4.97171089363506
-0.1992014643926104 -4.713152589529685
-0.277587194579496 -5.215424168574422
-0.12820883953716983 -5.183776013236335
-0.14897763070609604 -5.261475253139906
-0.3606956302385906 -5.198933233629303
-0.16838654648073395 -4.844618784453338
-0.2580762060971293 -4.695362767120318
-0.10525596271323501 -4.572770522945668
-0.2134966702819878 -4.5616318560431015
-0.17348588682857594 -4.691586528331844
-0.3842457911593074 -4.75564944929739
-0.30806147678666007 -5.115268595004171
-0.11869453021889392 -4.893697549863281
-0.15379501362465559 -5.08157136799462
-0.21929453485769487 -4.615755411524828
-0.11100500088874132 -5.27589413948011
-0.38379377451796015 -4.953126654857546
-0.39713813925465913 -5.0358848948690715
-0.14679066774314453 -5.08321924367746
-0.3859622599554783 -5.240985900295208
-0.2515547312271011 -4.692793357500542
-0.34356434628449145 -4.904757837919625
-0.12256773299645957 -4.652185777252219
-0.11979412119951477 -4.820063584646692
-0.22813814278816205 -5.079970345624775
-0.14384901918053505 -4.726419867218361
-0.22506583520239326 -5.034423416878587
-0.14133244956083302 -4.581364460204256
-0.1299370852294181 -4.759166143002661
-0.2975859393467037 -4.717586036553649
-0.29661372948823816 -5.048667589846682
-0.1366312699634591 -5.015055504627462
-0.2552999835558251 -4.985614107997269
-0.3422475314875011 -4.66720807521113
-0.3737016198551839 -5.2767664622754555
-0.3262051584207293 -4.947705368216966
-0.3364685040691102 -4.954984354053676
-0.39682615065079757 -5.094707312410939
-0.11030046451006886 -5.148334573512089
-0.12512322248713498 -4.863580749351347
-0.15758830289819944 -5.152867336560825
-0.3699486482482201 -5.18962555557906
-0.30031254724222206 -4.914820815570403
-0.2578029428996044 -4.691579332525363
-0.2736313035091015 -4.646632628424455
-0.393704034989772 -4.8842919466599
-0.2609204958923758 -5.249108429154436
-0.1186440571974745 -5.271158609271714
-0.1969350418346593 -4.808639436859979
-0.3204275291908094 -4.624630549968605
-0.3721490650897815 -4.614956694130908
-0.22961180285042676 -4.67012102623806
-0.14329693309839886 -5.256490152565939
-0.30131482710893903 -4.672290190070553
-0.11793905043715702 -5.25307641972016
-0.20423273977266346 -4.634374204142494
-0.11637931347635938 -4.928335779948988
-0.2905166976818926 -5.250926043604847
-0.2925669044989693 -4.826398203415265
-0.10114119867017862 -4.614539330273421
-0.379197517344431 -4.852237868337694
-0.282312322739478 -4.768292317921444
-0.28047324248590333 -5.162557047023957
-0.20605640799820363 -4.638396536444724
-0.3152889844802223 -4.826352689098023
-0.14777118524404248 -4.581279725487334
-0.26753014042649315 -4.794972419635093
-0.15390093667066324 -4.63996112941706
-0.11481890867860278 -4.649974594054868
-0.20267262308503267 -5.274396561359613
-0.30480117104827165 -5.040501866717668
-0.3719121536414798 -4.955127027408554
-0.10580739162103775 -5.274653106059889
-0.3293595613432365 -5.274952919954954
-0.3066364015469244 -5.2729520402014565
-0.18142815446240745 -4.562439043517957
-0.2936935846735875 -5.20698841756582
-0.22534785372054347 -5.117762674238003
-0.1862779587413227 -4.997137287167027
-0.379774873946838 -4.960609479392791
-0.12119782932814482 -4.94973137604933
-0.22140584322044896 -4.8723272328735305
-0.16776912752113438 -5.26537236495735
-0.19506476596562863 -4.8412691038492515
-0.25251637807922334 -4.554419303251796
-0.11350499466385938 -5.19011015511965
-0.25718309363480507 -5.030903795618844
-0.1579922378281195 -5.150525518246942
-0.17049589104995694 -4.708345405123382
-0.34141960131665716 -4.620667893287115
-0.3804263923911408 -4.984341644551461
-0.20130577616860335 -5.183823935083698
-0.3782268898282061 -4.765915995454227
-0.29401442823717294 -4.639273728562699
-0.37116949127752386 -4.797735236140969
-0.19766927266676235 -5.0288211997842165
-0.17393778031949514 -4.749001526934498
-0.28480179057666777 -4.626941644503806
-0.31298311193693423 -4.91989260111097
-0.21755884382604623 -4.949089517061105
-0.1553852380184232 -5.193162767023299
-0.2549905439931749 -5.141425351826523
-0.24692289062164774 -5.267815281555026
-0.3969417442989219 -5.25763642695635
-0.3998330688997896 -5.01143507899617
-0.17538310577752145 -4.902626891003844
-0.12984151175929676 -4.649936315418186
-0.19915160630016837 -5.201474921454522
-0.339075123258302 -5.186675234162853
-0.26283920221992285 -4.566388275448161
-0.2313481826267655 -4.7338897094928605
-0.14363061057828364 -4.8806483069108
-0.3192473991130167 -4.9085460526258595
-0.3946717857821386 -5.136944099262195
-0.36135706257653355 -4.849171511996863
-0.3453609339653393 -4.844858574702895
-0.3155046516169285 -4.8406669878212565
-0.1421785461431297 -4.556787616523044
-0.21483658204891803 -5.18597130249149
-0.24865043515068985 -4.699290298200496
-0.17425464188111056 -4.801188487014967
-0.3891304376051619 -5.2007827493756
-0.31107573277798617 -4.79961838035597
-0.19754562772743733 -4.789573104567377
-0.3249612550705009 -4.897185550722014
-0.33546892610540263 -4.747302866702137
-0.1825066031454432 -4.6676470871624165
-0.39467072870086745 -5.231651138694277
-0.12410009434916391 -4.58763562004886
-0.3400393352245274 -4.749823518813634
-0.2850878985981087 -4.797704484370483
-0.20509108334538687 -4.649448506098942
-0.2778213053828283 -4.728866839348637
-0.27612671879581197 -4.764235358749929
-0.33711628805209565 -4.986566192998345
-0.3152755837721376 -4.675602491930189
-0.285232955580325 -4.771600660414647
-0.3571571010235387 -4.637618220996826
-0.24102961001481585 -4.590673220624519
-0.21579241065750837 -5.109452001767272
-0.2491932383124106 -4.894990911170126
-0.29391061245677325 -4.600163202866841
-0.1161595339029029 -4.732935824944306
-0.2889811091533007 -4.585918652597281
-0.15135060441483586 -5.016786372851563
-0.23440284310878096 -5.1415104472535615
-0.14602853587001097 -5.217532090473945
-0.3488104608893745 -5.036138839910463
-0.16111583858798767 -5.278154004007128
-0.2069129264600993 -5.244679876857609
-0.10377308459862178 -4.5884041519484455
-0.37862353900803736 -4.560410478773129
-0.19173578036524358 -4.97525484848722
-0.32660652682566177 -4.755129247472322
-0.3939468882273224 -4.762513983861785
-0.26842550354156347 -5.109208858985766
-0.3680077184962661 -5.143063800413967
-0.3823970162961688 -4.658593783112041
-0.31408977461835363 -4.912557124740408
-0.1003210127664596 -4.967654705380723
-0.1754380804597395 -4.697106255886876
-0.19359081532310507 -4.906949717996523
-0.2650471031628041 -4.525222835934805
-0.3569891876439117 -5.062518091397354
-0.26091595430055037 -4.784862400751045
-0.15794459207373643 -5.233683753325404
-0.24075910398676253 -4.746276383065804
-0.3576764267286569 -4.568973868004871
-0.11606428877141933 -4.60972002050214
-0.2147648966593188 -5.052791581229333
-0.1499870067919329 -4.758601641977819
-0.2810518515532977 -4.8365719369853695
-0.2080585125892779 -5.153422530397385
-0.3364649940944178 -4.570623947836058
-0.25291806712929216 -4.9798449657022985
-0.26115891715815576 -4.895072755601306
-0.3946406595658685 -5.166056432660708
-0.2624840011287665 -4.889531781950453
-0.12088234188492564 -4.618931487640301
-0.11644796952481029 -4.777930297101018
-0.3579828161664908 -5.174471650737119
-0.39819093566738123 -5.060182256539011
-0.10597625141573097 -4.694165838233898
-0.31736142232716813 -4.780456394540627
-0.19637704427219826 -5.276921083460101
-0.3314028350913013 -4.9261790256920275
-0.29349186470823274 -4.637205532691587
-0.3693361874505402 -4.7698420491648434
-0.3838784959766178 -4.668174631574732
-0.3798817832851316 -5.199923958429896
-0.23937592588887352 -4.8642472249531075
-0.34278753835228404 -5.087385731684317
-0.2641368288508471 -5.238367237819871
-0.2849001787387325 -5.100763291464705
-0.37303508922720513 -4.7703341943885444
-0.12730250659975806 -5.209633768117347
-0.1493961457725833 -4.888082669639755
-0.2155343260232397 -5.097039573574893
-0.28607154733927453 -4.5393748686340505
-0.3579863335665587 -5.0519236965223975
-0.17629851435989674 -4.646102624786268
-0.31895300178657815 -5.128692224912358
-0.12938403985637292 -4.7122089947587416
-0.3117548474772815 -4.734695431515263
-0.16343390648390033 -5.198896850424297
-0.17899992533131634 -4.886836456682089
-0.11438815264760677 -5.0997528108413634
-0.28392671357850174 -4.973328476585322
-0.19002197426434247 -5.185040309293295
-0.2512923213507357 -5.246707971371103
-0.39177232193020856 -4.570502088891982
-0.33761314996762304 -5.085097084722594
-0.11661090193638657 -4.625817986305534
-0.15646760077019217 -5.114216940881009
-0.38007860213102446 -4.916109177275495
-0.1398541255083119 -4.6553585078466915
-0.3222081307415366 -4.558637171710625
-0.27462888634522653 -4.90020195143237
-0.3456885310108705 -4.698915936181355
-0.3039400718933378 -4.6134893078542
-0.3467092927430675 -4.567121554857984
-0.2883464587506434 -5.145574205414872
-0.1816569080472279 -4.795299638865354
-0.27379850779750425 -4.845348644619149
-0.1098459905742577 -4.87434816634352
-0.33855203339495066 -4.565580503703972
-0.22229981688169537 -5.028131077385111
-0.20080585268758522 -4.639473921677905
-0.23706311327264185 -4.586954885317789
-0.27794788632905265 -4.811201863832078
-0.27562079861350336 -5.211244085879571
-0.15039600469025455 -4.823429462646762
-0.36130582723991855 -4.747245596558463
-0.14534515346369453 -5.170592018201946
-0.33201788803297616 -4.940952612713117
-0.3162303446928676 -4.648388972566016
-0.20376411302956962 -4.67745915363132
-0.1575042911750104 -4.656394629852015
-0.25893802910586305 -5.143453323803602
-0.3491355807405956 -5.2655528716010025
-0.2132615485674443 -4.683047530515607
-0.1146084125013006 -4.695120155914774
-0.24992749318662377 -4.755993114844937
-0.1060061292709199 -4.861811159565997
-0.11171217919687398 -5.196559215116284
-0.28116232546658715 -5.263242136062536
-0.35026896681498754 -5.136537423210659
-0.35670537570016936 -4.609620683147094
-0.2625707643158016 -5.1079162952413855
-0.11528437719280082 -4.861969699233861
-0.36368836450020214 -5.25636025099268
-0.39883495200889946 -4.854087528526795
-0.1703694267519231 -5.241625740456187
-0.21044951781822638 -4.873922877936199
-0.39356346198360986 -5.12030094649794
-0.29085096299542657 -5.124839490186254
-0.3929589263795226 -4.676275844532116
-0.3202562870015589 -5.180534744569603
-0.19434922242293573 -5.21606263945007
-0.3954069979922299 -5.069047257623321
-0.2553629707356407 -4.711939148377347
-0.28580855335936656 -5.027951150108533
-0.18829538156565692 -4.981549671034987
-0.12286667070422957 -4.610098887394614
-0.2663156932388395 -4.947531367616744
-0.1262480243828648 -5.0554120543213505
-0.28750265861599333 -5.078370783229859
-0.3948184566143396 -4.562193141269731
-0.1826475917829161 -4.979183021274642
-0.186954767856861 -5.2311179036595865
-0.3099668554990399 -5.2607098869831965
-0.3858816832214728 -5.032346685412153
-0.25191757620964544 -5.263074887499803
-0.23488788098689733 -4.758951746065092
-0.28715008501876693 -4.785706303548709
-0.19030377797889242 -5.123925279233511
-0.36143468551949864 -5.067716602554479
-0.36476235159871573 -4.855777389285121
-0.1707677670890943 -4.929304132486636
-0.3312262509749363 -4.556350692898324
-0.19291425862552228 -4.925180964959029
-0.2795423737650859 -4.534083074477034
-0.2729011180083769 -5.204270274827832
-0.3702459105014265 -4.549459784574859
-0.251067583714051 -4.529523498554569
-0.3788287944559992 -4.605321110101791
-0.17281877595026665 -4.773804678014761
-0.24078619102594814 -4.74305130107052
-0.1545053203925032 -5.100557858687306
-0.2518024918756511 -5.075145652018227
-0.28845601916841684 -5.177039655241653
-0.3845456239041778 -5.274469385133948
-0.3934164732969792 -4.626707440865271
-0.14725759806789646 -5.098390886631683
-0.25799709802444404 -4.625800686780889
-0.32264512229266773 -4.840853212888291
-0.34194828818470185 -5.138560415729627
-0.24130964710468022 -5.231295226472595
-0.21052550720634536 -4.7652338734150685
-0.17144219457233217 -4.9529380971675865
-0.2151532841968771 -4.612124358774191
-0.11357295010988128 -5.186015075874657
-0.18993269078072866 -4.7177689861816585
-0.31365251449309195 -5.022485031773664
-0.16723843052074383 -4.649021826377893
-0.28888705144707433 -4.6929033871284
-0.3674139239862009 -4.851043810504098
-0.3535989145129057 -4.820410631723861
-0.2987813024900481 -5.234656331014465
-0.3941634819611084 -5.224747592912493
-0.17906477104044222 -4.792382457219786
-0.27648745842774636 -4.624374233130541
-0.36582354327753386 -5.0242946248033
-0.152038509878684 -4.966454546071548
-0.14931084827478214 -4.944951830764192
-0.2789193881758021 -4.596813724954998
-0.11188464263768227 -4.703015233724583
-0.1751489966248982 -4.626160547953932
-0.34010345845492346 -5.266544803706508
-0.3047201218831588 -4.614882315558036
-0.29606099131802455 -4.569174525878077
-0.281550329726114 -4.813950074964711
-0.22532378722734733 -4.780209221695411
-0.261804851050224 -5.1316174553699225
-0.22275605381605443 -5.120826994044236
-0.30785996838380847 -5.1406716553861544
-0.2613691002962061 -5.101813849911697
-0.15422224270818538 -4.7068554355783325
-0.2687764048105974 -5.006612441000142
-0.36919786544225913 -5.025560315013672
-0.18407366846717788 -5.213941983290431
-0.3742824123707899 -4.935287160176182
-0.2067881054539321 -4.945608998502791
-0.28378374558140695 -4.688426929069826
-0.19094261381414956 -4.560691986279647
-0.2716170848777536 -5.176844266190687
-0.26959249911295113 -4.97881519647789
-0.23649318419710869 -5.082796035640302
-0.19253086869686883 -5.014454558347974
-0.18488097608981074 -4.904360115693425
-0.26305431247277183 -4.881040161146426
-0.1296828561768114 -5.101517044818796
-0.3410517751546382 -4.670673146967302
-0.10248258107995778 -5.1667689252158535
-0.291504680241354 -4.539145285395502
-0.18650899993295583 -4.54577200922088
-0.2095211750570997 -4.817487552254809
-0.31582470273763963 -4.734178831412084
-0.24533417971401764 -4.529894697176191
-0.10691476065919303 -4.847977697792491
-0.3256179683511066 -4.951472945756381
-0.12099877673095483 -5.098566747195512
-0.2719709919554077 -4.791166989919011
-0.24124878443169778 -4.730159647523131
-0.17504937936930615 -4.719705136224732
-0.29953337485400267 -5.030346314545705
-0.12914777475302058 -5.021176108309043
-0.15332063121904868 -4.996280564974216
-0.10263732945398119 -4.650298384068666
-0.303526930406116 -4.843769301661341
-0.3822386359417295 -4.875747761082391
-0.2802058102207972 -4.670834581146716
-0.1646291043398565 -5.0832707915405395
-0.16803106032614967 -4.660887818225171
-0.37837681953839 -5.1524905818667746
-0.19359134689711754 -5.008342711986518
-0.10521393136687396 -5.067106857389227
-0.35775408979356604 -5.163050447877778
-0.3392264425791881 -4.9097769635132735
-0.20095500189636167 -5.252903021089438
-0.32623062423344296 -4.6589961376347055
-0.37998560042312396 -4.732868646920887
-0.10631061572281425 -4.967604760076889
-0.2258243033783461 -4.736909317514636
-0.2710459719944408 -4.735670608757321
-0.21230193943235834 -4.994028529259238
-0.19038773300965764 -4.917964173463963
-0.29614270338153426 -4.894788736791323
-0.37512379035935883 -4.999121615282295
-0.30154519889070885 -5.273447409069139
-0.14649697165686393 -4.989147634901285
-0.32325085029504574 -4.819585673533097
-0.2019056371683741 -4.779809779373051
-0.16445027588473038 -4.542373871817117
-0.3295283296023328 -5.129501190390792
-0.3148404566995174 -4.882749281039565
-0.2812402420668927 -4.910343582549606
-0.34384944409561996 -4.671319404432395
-0.25591253347071147 -4.841681485626009
-0.16561376067895348 -5.013621039919408
-0.1278930428788413 -4.582172523982413
-0.22580105218632224 -4.645260953182539
-0.36910445928036295 -4.582571579786466
-0.3566639979427145 -4.541975508775181
-0.14671547769837862 -5.045537584637316
-0.2898074741778677 -4.9180914445365485
-0.11748940210012176 -4.879614412104133
-0.16329608540956242 -5.052200957630982
-0.1990985589971304 -4.753874007401955
-0.3256048046401818 -4.713349428529202
-0.24903309082232244 -5.192372684613616
-0.3928566215136624 -4.873386567224544
-0.16768183413954463 -4.806193162275516
-0.21790396732487052 -5.202712285340609
-0.31716204965805755 -5.243738494775794
-0.21401968914947836 -5.233478175203128
-0.3842143074179423 -5.1889869161685045
-0.38059100681023506 -4.705502374199857
-0.32394446198175564 -4.553382579333583
-0.23398705901614558 -4.682284876568084
-0.19759326152160797 -4.550829684268303
-0.38368838776593434 -4.764980279103486
-0.20865119738136875 -5.1742886317189205
-0.16656129102690168 -4.584380178068572
-0.20531047932852617 -5.1300865847648
-0.24017244877380617 -5.218482231218783
-0.19126905125851693 -5.241122022554733
-0.1294236679854378 -4.917107311499626
-0.21289410584788637 -4.574950592111646
-0.25676720723662516 -5.247244492374225
-0.24837885725593795 -5.206915503698064
-0.25197756512355496 -4.7021572697149985
-0.2107687832190777 -5.186159378184974
-0.2119815335313732 -4.546929485350434
-0.2275349711380096 -4.871490969979686
-0.30541872899143574 -4.723312624316915
-0.1474164747827093 -4.751922537663765
-0.19500811176841953 -4.88115209711244
-0.37516671231829796 -5.034880533423671
-0.21012075130463725 -4.612807703530083
-0.35647422867669143 -5.193012614915618
-0.10105053832350192 -4.846099149361977
-0.20362559279081355 -4.8885656684900125
-0.39721593847113773 -5.259458463938208
-0.3900607677217234 -4.60188684082016
-0.23889478284048404 -4.904921633887165
-0.28750273820120387 -4.688672230012254
-0.2723629082648592 -5.162965006647693
-0.38520784318678275 -5.26975376907904
-0.2423920427890992 -4.858473919113232
-0.25156584179199737 -4.767140288783578
-0.22034243578823254 -4.751773312182586
-0.2696697941949002 -4.935736138347247
-0.29610622571420997 -4.5800812754715565
-0.38577878657909737 -4.946595472325934
-0.2925421268089524 -4.715886712117302
-0.3578935080148189 -4.835338995820251
-0.21734191005762574 -5.14511822692995
-0.10567466585774138 -4.7538615046846004
-0.36292643387358015 -5.034942570343297
-0.19108927226924813 -5.220727406156107
-0.1423490508961519 -5.1215079097073595
-0.15116106804157353 -4.670107659725569
-0.29050477672047065 -4.951219962901288
-0.3617959633483511 -5.160103067739464
-0.22445307143506657 -4.5635178671623375
-0.25410951727091025 -4.662596756569125
-0.11291411091359266 -4.5688678708866135
-0.18834007923262613 -4.594291570052645
-0.3121399395321601 -4.623303696635712
-0.18078734016490164 -4.732895274743794
-0.352436815738078 -4.675718912808195
-0.24288579703001864 -4.695059171569022
-0.15472091411845898 -5.2361396045805675
-0.35862193326849173 -5.0356201966371525
-0.3447802454260475 -5.128305317747106
-0.328456567409953 -4.923778312584127
-0.21245976947683945 -4.7472369110330925
-0.2079880736095659 -5.277632506453241
-0.2638165532225353 -4.757914273996111
-0.2524225678329295 -4.854538180109945
-0.1911236493412578 -4.645631293836006
-0.28920800689591036 -5.085547302776549
-0.39165978019518144 -4.595368076873507
-0.12259019714653807 -4.628918182099831
-0.17142894970140238 -4.9433852712306265
-0.39969898243298047 -4.837629675837767
-0.35163769174434056 -4.998792658648854
-0.31137257955800657 -4.672804268609985
-0.102257002959587 -5.105369197303507
-0.10642612049475975 -4.8827858499994266
-0.250795732896932 -4.525234952467505
-0.20551646011051708 -4.729006874256186
-0.30762117654945975 -5.162482680379228
-0.28751965718042904 -5.1545640325498425
-0.15147807005315536 -4.734574716442763
-0.33419380757632683 -4.885217663235183
-0.24142079271262096 -4.620452575383261
-0.3934797191163376 -4.622731434042954
-0.24275874961012286 -5.173851667221711
-0.1807764858882004 -5.077617640651037
-0.36310907999484265 -4.945783483672744
-0.17941588089981989 -4.921842021500536
-0.21495184594615385 -5.146962408533133
-0.13932238968875776 -4.557165482609454
-0.11586425528478078 -5.063954255813355
-0.3536140922088527 -5.238124377996973
-0.18157941068267253 -4.633294938278716
-0.36239525131018824 -5.194992581758893
-0.3356453160815286 -4.687720698629655
-0.3672338900379752 -4.914670046805395
-0.250417815586108 -4.5858868931216685
-0.3652112354511261 -4.899128596512534
-0.3171454064160798 -4.6539555106322235
-0.26488850354629867 -5.224682699739977
-0.39778591399662716 -4.542308545276556
-0.30110878471271135 -4.691456000088064
-0.2267488484442909 -5.152634583551591
-0.24083913490832765 -4.872973381195132
-0.23729798254733833 -4.949512651607884
-0.13195995649784414 -4.763581867718902
-0.20753100504261882 -4.808422050885936
-0.2803316181162998 -5.003259010744131
-0.25533307512981496 -4.661487486571806
-0.2617972088116953 -4.531886597312699
-0.2942479235137154 -4.904872039147209
-0.3780962326576765 -4.777781815154341
-0.3454111144277999 -5.0708833793398
-0.17339724071573775 -5.236428009243361
-0.14799335561566834 -4.827556019390737
-0.23366996389994937 -4.79004647495957
-0.10407470788580131 -4.826373444917289
-0.24127421631591398 -4.764160948645124
-0.3661703645643116 -4.903183580463821
-0.3275462071394741 -5.083681089241878
-0.17310973730053825 -4.714079340452077
-0.13218638395818466 -4.537268363497317
-0.272915007286082 -4.559058757123454
-0.3658733364037914 -4.848659499831869
-0.1648209741307995 -4.652415325522046
-0.30128308306441887 -5.102249592503873
-0.2632706755082419 -4.802731933411738
-0.2667816490177997 -4.774494873482732
-0.1535248110043358 -4.757592438197132
-0.3043075772503477 -5.145642872391598
-0.17079912223612206 -4.955936788497768
-0.2864132849141484 -5.017690233454376
-0.23816595963096887 -5.044288566422174
-0.3912014902775708 -4.694768480997912
-0.15375613766251198 -5.005187860767924
-0.13069682838964214 -4.695031385344217
-0.3549176221594692 -5.127276011152023
-0.3151858575983701 -4.526236483058571
-0.2317325365746583 -5.236338410965892
-0.1290490742994463 -5.01577325985424
-0.2997054119353831 -4.979317941044837
-0.21762433059796948 -4.953262484056564
-0.10292166512187373 -4.947157310123392
-0.374100736184806 -4.93069432697444
-0.21237029999051402 -5.115288593248366
-0.17424355331752142 -4.970340744159203
-0.38853084974492647 -4.662447959638688
-0.28516580775592515 -4.922840239792666
-0.1729959980994524 -5.1842611395945335
-0.15303381753398512 -5.016543403415068
-0.3084273711556738 -4.547529753651607
-0.16897805020330273 -5.216977049952582
-0.1093688289919893 -5.00413754253858
-0.3690609049774888 -5.275155756339807
-0.15531499577362823 -5.087008919877701
-0.12924796519471987 -4.903645419294408
-0.3983623069624696 -4.9257888214067584
-0.3113243778347095 -5.057214086213809
-0.2518718574437423 -4.697836975907536
-0.30709633136973746 -4.685084445717076
-0.31959238002821166 -4.993146792520811
-0.22999758513511415 -5.135386868723334
-0.19055945806047114 -4.664076666500537
-0.232347501122552 -5.253228185766624
-0.3149586379601118 -4.894584474529362
-0.15177886373445057 -4.569804599304151
-0.20545028299096527 -5.274064828062508
-0.32461427312122765 -4.950123788889752
-0.34144690340779194 -5.094643210008087
-0.13889183333473987 -4.557878930713891
-0.10970818687150347 -5.067104227646054
-0.1082394876512558 -5.223723949082665
-0.2057530497858299 -4.610069644451446
-0.10809432486094189 -5.071317528249118
-0.22679100708522953 -4.728876215676439
-0.23557693017629183 -4.666050341484674
-0.1654957768126869 -5.231115882418802
-0.31098892501384584 -4.978754733643738
-0.3517185799182338 -4.9949897333638775
-0.39985923378554844 -4.683713677506624
-0.19781880648198338 -4.7282375276137785
-0.23485032599263442 -4.991488823485167
-0.313961377252588 -4.849970536532132
-0.16149743809969694 -4.837156261801215
-0.36941556968456435 -5.146336589229304
-0.24704894664781135 -5.034087395305582
-0.2653268125904473 -5.194248353042308
-0.23453786371365032 -5.260610653583712
-0.24166892276826185 -4.938921949366129
-0.35332158051302187 -4.735038823179283
-0.24597825392044004 -4.69671693878071
-0.12483965271113506 -4.774475833755075
-0.31945987196921594 -4.7020794745266326
-0.386949117114563 -5.059091076763647
-0.18137632490380484 -5.210562266519526
-0.1514086194129437 -4.544636349514374
-0.3312595149077443 -4.7193647020829115
-0.1368911172877202 -4.83244215038217
-0.335218308996307 -4.957380009683657
-0.2286335613856928 -5.130234629658606
-0.15902685644752365 -4.942985855137743
-0.30802675507486843 -4.639523693237977
-0.13572030980915223 -5.022722774316287
-0.2654785489190523 -4.606035292280376
-0.3467100117138857 -4.6501859989294125
-0.3150003383680252 -4.853403722721669
-0.25452676046167033 -5.120712911433015
-0.2350307862598986 -4.915845976838167
-0.1792064356192339 -5.0360439803211925
-0.1188931810533641 -4.6192079833186215
-0.2674247563675907 -4.727072585187697
-0.21066195510398986 -4.735293900788663
-0.1843359780987752 -4.633851513620371
-0.18362110664706383 -4.97837323742584
-0.21000728206153618 -4.843844478224402
-0.27252158973100665 -4.610517546309604
-0.13617520604993116 -4.594303277849283
-0.1406199816691111 -5.222956269950543
-0.28499890235352754 -5.177167719000969
-0.27932663537558067 -4.624538640913553
-0.3089399925241197 -5.079893188188396
-0.21146673221694895 -5.112919610574091
-0.21339391100426566 -5.270104052561415
-0.29898625493500325 -5.045046870092468
-0.23829498176661015 -5.006401178756125
-0.3203926718710724 -4.877394082562479
-0.3534902563099417 -4.919207419429098
-0.3960116335109624 -5.0756635413878035
-0.11811738166240277 -5.148699396536267
-0.3666192674797438 -4.744558970135221
-0.17817357455754027 -5.186390243252321
-0.1687500057256629 -4.586694279590487
-0.2708513487053066 -5.0713386895727295
-0.34033436491975566 -4.807757386486004
-0.27759060250602363 -5.109575630607215
-0.23402307790717242 -4.977065831650654
-0.18506500947641125 -4.965090391614852
-0.24640560229381475 -4.537997445580317
-0.16203050094454474 -4.545313818945758
-0.3461725498720026 -5.220412305434748
-0.3870242410725881 -4.5292191624058225
-0.31655846486025196 -4.790388756651044
-0.34268726367137853 -5.1112962098066275
-0.24668765809626964 -4.526655200834248
-0.3049893825626676 -4.709610479548282
-0.21656635073522748 -4.5884161829076575
-0.16162957024857555 -4.642633933990193
-0.2311396580839897 -4.79459397364536
-0.3508109009111825 -5.074832938763121
-0.3288363028925408 -5.048375851169011
-0.35325717248453936 -4.53555918817295
-0.35963572539400557 -4.555715088036727
-0.1827712795690012 -5.175680125617046
-0.30681528547794656 -5.273261895965374
-0.38951535560339423 -4.984815966362948
-0.3823101472144398 -5.192855122895961
-0.1700796821214408 -4.95935394092908
-0.18274834573687382 -4.83305283219001
-0.3519688170358636 -4.775287549671626
-0.2134752214772331 -5.231456545695854
-0.1494727791866287 -4.912225004426771
-0.16201470822206074 -5.099021054823755
-0.20554436337584683 -4.965698766694781
-0.3624164675066456 -5.0894184201684425
-0.1328675991571775 -5.155047735624123
-0.2332274952126035 -4.823187617098376
-0.39194025930746157 -5.210235135927775
-0.2119059737487213 -4.655806327130019
-0.34002789139339984 -5.0370577356237085
-0.27407137002572446 -4.718161371191009
-0.11350338172059726 -4.816812031605987
-0.33677234564631575 -4.9790650716175
-0.399315424311911 -4.851374139376772
-0.21673556127401006 -4.894681349746784
-0.15592556335960495 -4.891466071730393
-0.31728830807158154 -4.672096985048554
-0.3446034546927599 -5.132706142848782
-0.13136483566683183 -4.82386019087646
-0.23213807112950696 -5.25010748034461
-0.3778786052987635 -4.709140567056989
-0.1945257342264856 -5.141536670017285
-0.38752764749502644 -4.751397275561626
-0.34146870161436016 -4.819307048469905
-0.25664552009852515 -5.025107569979221
-0.16272238824192237 -5.082768070349963
-0.13984794809076434 -5.007465587934918
-0.13155303837539634 -4.736971324582603
-0.38056102007030174 -4.907837773841811
-0.36921180947332294 -4.584280843789294
-0.3093718068159142 -4.879685502220737
-0.10591937330448897 -4.683585872937706
-0.2621210507577312 -5.024756684740747
-0.2853577879445032 -5.064452614729408
-0.19640609754736224 -4.572960323571482
-0.24370583789349928 -4.762525295935758
-0.26987867841570695 -4.891291205953004
-0.39622818777143753 -4.889865180597741
-0.21883269617949386 -5.267582040696661
-0.2575652750826529 -4.664182263827622
-0.11043556763862838 -4.639810956165592
-0.3079683579890067 -4.987407903883326
-0.1898610496735996 -5.128344761497833
-0.14758370212638894 -5.054061679066937
-0.35029331552830406 -4.615230624213623
-0.2747672177411431 -4.982168533234942
-0.1658547819172096 -5.075158694311007
-0.18450467987489175 -5.258008830580949
-0.2643038842694304 -4.646136591302583
-0.11932749616024496 -5.200736035555048
-0.3327838500679082 -4.617556332800266
-0.1588271172496527 -5.2695783307762545
-0.38289952690580065 -5.078237915533625
-0.35790987493339355 -4.819916841030083
-0.17718506228585074 -4.98326487236046
-0.2343419192612889 -5.220475835112024
-0.30270074755128296 -5.195776895235556
-0.10899632342620713 -4.618399353930342
-0.3494219820807555 -4.630935954184569
-0.3924191477575197 -4.960823919709159
-0.3552643625111622 -5.117245073389491
-0.2407874591950227 -4.95372938044834
-0.38919821739242055 -4.6260536977530755
-0.19996543011276455 -4.981008837527275
-0.19092508097287125 -4.907974752404316
-0.3489343770044124 -4.872099062235123
-0.12320181409003067 -4.704030580942966
-0.1654420699908056 -4.721154867987594
-0.3417555277367016 -4.887252854027204
-0.27626223890749524 -5.229371519459696
-0.3507477611432546 -5.011427015810502
-0.17904639149826068 -5.050729486001355
-0.31271428032094734 -5.080075998876054
-0.3309281370483552 -5.124451736052413
-0.18282227106807158 -5.0161580515004704
-0.3139729277090183 -4.765386392745847
-0.28746182240896945 -5.0072307694342255
-0.29873821618673035 -4.727449849209932
-0.3253336812514503 -4.7922351107323164
-0.30204543723963595 -4.887598625787287
-0.20804287199658067 -5.221263162343848
-0.24154039155149662 -5.129451748588805
-0.15044871348251923 -4.535444826612652
-0.38739465341486207 -4.611722692560084
-0.21427258528224757 -4.8096851455036544
-0.10206835623440119 -5.243655776919827
-0.14676262129702156 -4.779480589901137
-0.30289795647290535 -5.073964065298627
-0.3270558719147378 -4.535548063019295
-0.3674675227801055 -5.243887034947066
-0.34885060293672515 -4.607633966209454
-0.31063484212288694 -4.95454372149361
-0.20246119181532882 -4.5389400276994
-0.17132338450748968 -5.159050133758785
-0.2915229526486849 -4.750113904537273
-0.3431656918025364 -4.682686571675498
-0.1983182882909826 -4.683949591358835
-0.20589052723986187 -5.146220423910199
-0.3836797412945998 -4.730994240182056
-0.32914904607350404 -5.151543390498589
-0.1659074873886619 -4.9603793982863404
-0.19185810159889904 -4.616958740150074
-0.12492123324802362 -4.652931008639934
-0.29443368240001094 -4.750488885979463
-0.24183344546747387 -5.005979738374103
-0.24904938413700844 -4.5959313858735955
-0.3573889872322047 -4.703281909071049
-0.15736238806746378 -5.22337325282959
-0.20906711233017128 -4.916245916567763
-0.1320208033408682 -4.585795807567903
-0.20537383373935528 -5.024121848775417
-0.24572491973047783 -4.727343109728054
-0.11197485721143013 -4.545690053701878
-0.18294366798614267 -5.094484619394665
-0.13338381920673098 -4.562998557363271
-0.1490783733173291 -4.702884704712015
-0.20576824879956285 -4.761635657742772
-0.22717433525371014 -4.817424605088078
-0.12174439841910012 -4.5529394005174115
-0.35046667852046226 -4.791542608839955
-0.3684184624311161 -4.962615412706949
-0.30659424571062743 -4.658180905110262
-0.292153878394771 -4.701961814326695
-0.23722158001911386 -4.842951696574848
-0.15166528429950618 -4.653896642069219
-0.14291420991730386 -4.590326059409281
-0.2765571604729272 -4.966708035970014
-0.20560235050043785 -4.922038199580252
-0.32487158890836054 -4.817180845126659
-0.10330256739028537 -4.840969669779349
-0.3038456109463439 -5.202698121113901
-0.19316913526720095 -5.063591902788468
-0.1613132782904517 -4.567245003036889
-0.17014031240539215 -5.138575796354696
-0.1596132933473786 -4.843355756119125
-0.27340918633646544 -5.100702531739518
-0.3707652820463712 -5.263650498709456
-0.11258439918337715 -4.869623081453921
-0.34804288065445377 -5.193559596008576
-0.2530119116657995 -5.200624411313247
-0.38698880712862577 -4.742399347117654
-0.3830893201474613 -4.75467329648394
-0.2884037359471342 -4.94202638877307
-0.2493991037954299 -4.692607538587288
-0.14594514138838 -4.713177138640876
-0.1374750521128516 -4.93494386522083
-0.2445576345302021 -5.0451539302537
-0.35857362197030923 -4.578675590661129
-0.17166032688713012 -4.928908449139552
-0.3848813347608664 -4.692894827770834
-0.3021211115591216 -4.683605466443842
-0.2799745927000361 -4.704405480604807
-0.2258803416418488 -4.922188358818131
-0.322924420369732 -4.71709270532604
-0.2929062615909155 -4.691997645191553
-0.2851361893862067 -5.106737984912929
-0.3928690539424551 -4.980796107523787
-0.3815999588826475 -4.621638230318333
-0.19186573982777594 -5.125450171845496
-0.18414050727768483 -5.197382747827512
-0.2577536822905096 -4.53150084340723
-0.121416339678948 -4.73354928878363
-0.25056208502708577 -4.5415971478013155
-0.39774052124547304 -4.8395995904571505
-0.30008909073934775 -4.5797581207540885
-0.18559179829446862 -4.638639265845651
-0.21410862596388763 -5.10761602082492
-0.2399301941949614 -4.917881945184396
-0.2538684965484729 -4.646652125808673
-0.1705807032310552 -5.119723101405538
-0.2601130410447395 -5.096022363635862
-0.39883653397562774 -5.21205532764337
-0.38234421135789753 -4.683947673311986
-0.2731169174612776 -4.762617392800664
-0.299075785904097 -4.8371245744805025
-0.17597753056266385 -4.8177376893715165
-0.10965931812380947 -5.169851934628236
-0.3367120886796602 -4.791647416444584
-0.21652118934334869 -5.128800222645737
-0.17649266267678845 -5.158430904179737
-0.341176252726811 -4.760508123979952
-0.3478540262387356 -5.02076899281704
-0.11986555993857234 -5.088076339410274
-0.174522203814921 -4.671871425066016
-0.2375095932951863 -4.533361650011738
-0.3333746321927823 -5.063521116302105
-0.2212875090119708 -4.8520702609094215
-0.1712527904606706 -4.781056507200451
-0.3416070129113389 -5.176126652080152
-0.25315274476041016 -5.081559606953916
-0.17974803176648882 -4.896533107725526
-0.31591394105469184 -4.764656832253574
-0.39231699590349084 -4.636361596523571
-0.33071134182848927 -4.68664514011008
-0.3961988635815899 -4.898696304287176
-0.2033028081644625 -5.04926240542798
-0.3188379073890065 -4.783544592252929
-0.18304490441651708 -4.90045347525635
-0.2423710925297756 -5.2253096949288755
-0.1493942049846484 -5.137575806973174
-0.13978206616379307 -5.199879905216353
-0.1917759857260381 -4.906038340185425
-0.3953582304622605 -4.634761232935565
-0.35877139661856133 -4.841307567592419
-0.12267416353051236 -4.925981694626088
-0.2321673219349619 -5.003711145726041
-0.11957725478411002 -4.726001936837319
-0.176319341265971 -4.905383416867703
-0.3718118285217722 -4.531473481710767
-0.10110604475545121 -5.261810005843995
-0.39470336302495584 -5.196509003797537
-0.23342349908969348 -4.772320955792844
-0.20066813135210812 -4.90852422279513
-0.27761559981030415 -4.908830698350484
-0.22466324274346677 -5.231051326888739
-0.35406823236242174 -5.063269011637545
-0.11199003597514123 -4.609115400862072
-0.11792904655278741 -4.869649048286815
-0.29122849856400157 -5.227473566672677
-0.15671987458595313 -4.981292995822855
-0.26041250022955903 -4.577923645655613
-0.14915548199126616 -4.801259958336928
-0.12238237598002444 -5.073577010324801
-0.298945874232711 -4.763113666670079
-0.3727530101626717 -4.527978981687671
-0.24640759185775754 -4.952028534602514
-0.3106882505514806 -4.9852500209114865
-0.2420534291137264 -4.639710611487951
-0.14492124069647877 -4.719687380575855
-0.2285927133885885 -4.61522506694964
-0.19542232169956494 -4.959704277144183
-0.20807192883494144 -5.113594010633831
-0.13879464497176308 -4.7638772194574255
-0.16484098388251994 -4.546762040222595
-0.28790950014332495 -5.161083500126849
-0.35148604371451353 -4.581666331080198
-0.2076392646885452 -4.579647059348329
-0.2643479917773937 -4.883665365391896
-0.36230685447405714 -5.036492090048666
-0.3987572164132079 -5.053417526232725
-0.3085051985185755 -4.855782307472487
-0.1550083630699723 -5.271150034139468
-0.25135819004087034 -4.606754207819652
-0.347918578391491 -5.1422614226320755
-0.2348898239878513 -5.124488088726259
-0.2960736786203138 -5.075330543674009
-0.21141239500351905 -5.125381862662088
-0.12390651557239896 -4.681465901968417
-0.3139486111197879 -5.100344988415029
-0.24108915464489733 -5.107101911398312
-0.15391708160064874 -4.914160305480925
-0.3775706959808013 -5.1024631149340935
-0.12405170960455142 -5.020467388781373
-0.3628884856415627 -4.971776262438634
-0.35916701280214614 -4.570491167344661
-0.30343758545418936 -4.537488345620091
-0.2355900068743963 -4.718526984197771
-0.1113045847146103 -4.956627483761347
-0.3054751782321261 -4.723192553763259
-0.23551429581134845 -4.974355864431162
-0.20156983705312997 -4.825333524614348
-0.16934336322089555 -4.644505998737448
-0.24699356189078822 -4.590713012458985
-0.24521917059576576 -5.100749627562575
-0.3549056101275815 -4.9190876207027685
-0.3018034130486304 -4.9554969303270875
-0.1532991287832766 -5.113043258648231
-0.33270976329125357 -5.09474099204312
-0.2584396981425052 -4.942192065335671
-0.393943002125132 -5.083002693404599
-0.31366976302548216 -4.7130267030019315
-0.15411989290135783 -4.595590674825021
-0.2912077869095594 -4.831032210150203
-0.3628131872096172 -4.909402842221286
-0.34956242850761166 -4.987477409345614
-0.2586049239082344 -5.049317383817957
-0.1379760729502058 -4.778565833230763
-0.3614884273851852 -5.264040826673922
-0.20376996112791418 -5.098597796464555
-0.38863214338849666 -5.263686692727344
-0.17491911267718951 -5.193818751099771
-0.14095811628455107 -4.779549162167645
-0.308095350320713 -4.684344459646653
-0.39803664738742484 -5.1230346543392
-0.10781753486750556 -5.032082860047575
-0.13586197467654643 -4.6877247266716875
-0.2620289755071603 -5.202841487403324
-0.2635431527432324 -4.856020925381163
-0.38681638375627075 -4.869147030236818
-0.35873327324147586 -4.855503130974862
-0.29206022208326715 -4.955716563210816
-0.16902630260693002 -4.822779656316069
-0.23341671026897756 -4.923456617061556
-0.21167403484415723 -4.632627924532308
-0.16182436569676903 -5.091913752821016
-0.1881268570090624 -5.258927530234723
-0.2944108413824612 -5.235788371484659
-0.11315760149863219 -4.715749859647669
-0.37135433875578117 -4.861984782015168
-0.3250766239803048 -4.5317936373613925
-0.10505728954300142 -4.652808311099348
-0.3883985533257159 -4.918737796815858
-0.34889594701237614 -4.764855950243842
-0.3432427683448537 -4.94458860790794
-0.22732383506601525 -4.686069389474534
-0.29685823619224416 -4.855238486197791
-0.16672032353275626 -5.040019257514356
-0.18533106186224532 -5.065350023251835
-0.36255530155619525 -5.24544391704823
-0.28118914045898363 -4.953682887005553
-0.15067701743783105 -5.157363672244795
-0.29884835690608486 -5.14704765803237
-0.2768356190762775 -5.106645413993057
-0.1789272928879766 -4.621178185064423
-0.15177202879147475 -4.597663178605028
-0.29985904763253507 -4.891406666838325
-0.2044936292290581 -5.070849077275383
-0.17381987734515744 -4.720634999345377
-0.1011130537151742 -4.732140005026942
-0.28495636040181693 -4.551925584761655
-0.15215126088824898 -4.759429264193484
-0.37288266449143864 -5.104847805127524
-0.21222942312465737 -4.899487766703115
-0.333267023256905 -5.071895377971713
-0.3072189853490079 -5.2589234276952075
-0.3325094904536967 -5.2692685179154415
-0.3969842935713778 -4.644500325226576
-0.39811311474053507 -5.2604111267095925
-0.3457048944339731 -5.134478238085407
-0.19589412206155898 -4.568683794293103
-0.20456254600712453 -4.737456176344489
-0.12434474389882838 -4.819719872027192
-0.3393139325406705 -4.86327822758531
-0.2876886955876354 -5.01364503082822
-0.39735731851085876 -4.53026308348042
-0.3606448759127756 -4.5945237501633605
-0.17752677048111137 -5.259303746849194
-0.38340342674187206 -5.20009038342342
-0.1544769953174819 -5.268814095126824
-0.11952837409635608 -4.549695577430213
-0.24515257033860122 -4.7772116225788395
-0.1582599909694329 -5.270595623130694
-0.17443458123932115 -5.044822544037712
-0.21184459896471144 -4.748453982260302
-0.20949232517073968 -4.614920115180087
-0.33115029732483714 -4.889346318198034
-0.15360065641263698 -5.1947656213093145
-0.3284547075783735 -4.832390527620308
-0.23117817444245994 -4.647209512572206
-0.3727201231872595 -4.970729753532856
-0.24505077574974218 -4.972265796819822
-0.3013704708111466 -5.218351355584062
-0.35702638344317544 -4.909432446474187
-0.367660133886001 -4.851746523049162
-0.16082317530454598 -4.842970584939506
-0.17768972254292253 -4.6586463171687775
-0.3195876184197246 -5.085602566765965
-0.17610596620984656 -5.23337136530017
-0.38817024920362275 -4.982895010256115
-0.21362983947964087 -5.153926357729207
-0.1649196152829001 -5.176346376473584
-0.24640924739466943 -5.277503003136617
-0.37925670975737924 -5.085974589598938
-0.14297797903286052 -5.183580401939861
-0.1888787296583245 -4.609807415729694
-0.3510812624436142 -4.579459099257344
-0.2812322876964641 -5.144318112830855
-0.11389985906269312 -5.238115332853823
-0.10609141032204078 -4.880799016244986
-0.20316437290416958 -4.577644401737408
-0.3991043748029236 -4.754633071564564
-0.3100842619499854 -5.167565030861775
-0.29473336726398625 -4.965368347645774
-0.22558132553620502 -4.975538117184444
-0.209489303616355 -4.532587456316309
-0.31573909961313296 -5.250882645107988
-0.32975091752683117 -4.558934717435784
-0.30876043094739714 -5.227531609444268
-0.27833733844592845 -5.121683744341244
-0.19998005254654952 -5.025020600846102
-0.19001025404283764 -5.110250739242607
-0.12555566046638167 -4.9793080605475915
-0.14781112022273296 -4.556226164453735
-0.2735522765409657 -4.6967635538798715
-0.2786401215457406 -5.23665819782275
-0.26377269961528227 -4.973019531489111
-0.2408141268292124 -4.691568973213864
-0.16857661253265363 -5.174150716074847
-0.12689865996901362 -5.1164416434678985
-0.3608350123176351 -4.874737333798686
-0.23996692693239985 -4.833067298832181
-0.3742238309247447 -4.674210445469732
-0.11570282714017016 -4.578065357819167
-0.3398524403282711 -5.2686540347192885
-0.27878842672032367 -4.907737296747618
-0.3182206138924909 -4.954325659114354
-0.32063651882384725 -4.568672442437638
-0.32815240742339963 -4.944307461603227
-0.2933283013267544 -5.259092746507876
-0.3125117827418888 -4.932124616903431
-0.20508951554537813 -4.638835491947318
-0.39162899020338343 -4.640796043670853
-0.13052892639181324 -4.711453404811191
-0.15302582409408158 -4.669108569007996
-0.38404678439054424 -4.774344828329466
-0.33244587975695133 -5.139593517026461
-0.20941733383278133 -4.774219487134686
-0.3967556029105445 -4.953864388435188
-0.37770192251458157 -4.582547976964234
-0.11740140052369263 -4.886660627888373
-0.21268609558856147 -4.852034901805024
-0.2763326435651478 -4.734430911303136
-0.30449152057714285 -5.122987216817653
-0.1391469762387147 -5.079067735572036
-0.37124418005125487 -4.872351073955576
-0.21881575991239238 -4.783530884735322
-0.30209025186343785 -4.6670451723263815
-0.1263468889972877 -5.119854988581155
-0.1990837353100261 -5.083708696869034
-0.2756208301695617 -4.662364310360708
-0.2901935724508941 -5.209490653377132
-0.23573401862930415 -4.667133781894221
-0.3408713715110071 -4.618435904654658
-0.32136999618245116 -4.902077747437746
-0.10776485707572686 -5.1021756531118445
-0.21180349691082032 -4.598501234911916
-0.3500859528795167 -5.09911836605682
-0.20643107183635234 -5.116620944934381
-0.12370932508033688 -4.611955845018564
-0.10691899804639182 -5.19501635109346
-0.15102109520498416 -5.19610904660502
-0.2287648991923986 -4.837240023996913
-0.20260458529340566 -5.043176705407333
-0.25221561530961134 -4.828675229339265
-0.1769724962899838 -5.063331697234588
-0.21891641050662566 -4.869842826304127
-0.1589482719641828 -4.883022839511728
-0.20155122220370314 -4.907168414428698
-0.33875518726243 -5.255263143614645
-0.24531850749500603 -4.892830147172275
-0.37957076229210557 -5.131723791521195
-0.39966482057811215 -4.683390941917676
-0.22866006566859368 -4.553523956578342
-0.25264606381921023 -4.976584234096568
-0.3045369054240762 -4.999996729740884
-0.3849951936323777 -4.781501335832804
-0.33266226161779755 -5.060100831497122
-0.13285410602732378 -4.992168076121774
-0.3625639116970288 -4.796611532702036
-0.16674682219827985 -4.815962831083148
-0.19865823913870786 -5.159812590170621
-0.3379333962596526 -5.238012869308068
-0.36437458411566 -4.994247245058384
-0.2295759857955978 -4.704532463353285
-0.22648399567815589 -5.061504152293551
-0.3696801121899048 -4.846997602268061
-0.3999233752231646 -4.580748410523226
-0.16029391690638164 -4.837175389375083
-0.13503896158278927 -4.973602550619735
-0.14183480576105706 -5.204966575771259
-0.34253177670242996 -5.209817098369217
-0.36425378969283007 -4.96203420749401
-0.2289629726992533 -4.680566021930027
-0.1317977566888494 -4.98258177519595
-0.11607933713122409 -4.758756527317111
-0.268108481219157 -4.60691321679055
-0.35774739462937055 -4.713650981529135
-0.32546549565415706 -5.012150596154014
-0.3127309453404528 -4.698544974364635
-0.17832800455144296 -4.70112509393781
-0.18571529007477305 -4.644229942476226
-0.3135947970113643 -4.765094710928124
-0.35996745066377345 -4.709916272926886
-0.36208175753631894 -5.087342529263927
-0.11694075780678465 -5.010518006590035
-0.20132030203998674 -5.099482067792083
-0.2823562581022182 -5.171591911059777
-0.2536215652496032 -4.971186467100808
-0.33000132905598334 -4.718146010180271
-0.14151527940598474 -4.603142562713023
-0.3153821319319254 -5.08262963388112
-0.29287853089700455 -4.994329036461795
-0.36367994389877034 -5.03016099311023
-0.3932549818357125 -4.665289192981968
-0.11645393804765836 -5.130608430750933
-0.2254143738969228 -5.101049181908209
-0.12382931387532342 -4.932182652301974
-0.34774387715753946 -4.901715533342613
-0.2272143000055489 -5.256128112913754
-0.2938988996152022 -5.248452744467246
-0.12287167295911311 -4.665704157957689
-0.2102979557456684 -5.245901186881986
-0.37057572995521537 -5.02939601629401
-0.11521087871983954 -4.663350840891362
-0.31611652147229125 -4.573888382681268
-0.3640014060380965 -4.525721260877562
-0.11997558970958266 -4.906284702679987
-0.2061216760264686 -4.63379156930272
-0.11833740560198674 -4.590787657434261
-0.21118853358056605 -5.127216720267391
-0.1930634022394448 -4.818780436260439
-0.23340912066843017 -4.995036322865195
-0.3858650727251612 -5.261978128877385
-0.3162339934431887 -4.806767135346382
-0.32445291521309383 -5.0911913722661195
-0.25638195848506296 -5.064568598404194
-0.31134526463937107 -5.1437553837292205
-0.19634183792711954 -5.018675691119758
-0.3929555458623726 -4.9865840215496995
-0.2779755208743225 -4.764645966840342
-0.30715431440988683 -4.906551523111081
-0.39853662446004207 -5.0622484293809515
-0.3065630724885411 -4.565478549273908
-0.16357334025894138 -4.833893958160375
-0.1476254606274101 -5.222698018776155
-0.39727647874382926 -5.143901034530359
-0.34017810429875794 -5.24124656258828
-0.339429956255232 -4.68059204860875
-0.12964301636725917 -4.565871418120088
-0.1565963058500343 -4.76737566250273
-0.24551617855174293 -4.811501866207978
-0.28073691420762775 -4.595968651713347
-0.17980083818410555 -5.054252788308317
-0.18122500902217942 -4.757046877418974
-0.2541151399122902 -4.859674412410875
-0.15591604513177046 -4.634167809859205
-0.13002101727352583 -4.7631225387538425
-0.31340121389803366 -4.600363591851747
-0.28667147202195414 -5.049356238298501
-0.3661635958992807 -5.268752899376174
-0.202524721554378 -4.914364299720413
-0.3670313929608735 -5.160872295159412
-0.37653084301898543 -5.0900374828023205
-0.26852574704891424 -5.085951471825342
-0.3767199862001294 -4.613808091387917
-0.35684547623452356 -5.243344089149392
-0.17878962266967155 -4.841207710264045
-0.1552267255103065 -5.214214388316805
-0.34364841885148006 -5.074313986786792
-0.3744944963647629 -4.784747895784216
-0.36033621840882185 -4.555900644104991
-0.1719418259228472 -4.677489089064723
-0.3490692055928017 -5.215546536720785
-0.1628056924370562 -4.793104120915357
-0.23415203445250393 -5.123491259725985
-0.39809709529192655 -4.729362536368172
-0.11890104225801734 -5.012232886534074
-0.23723246864829883 -5.2425419916504685
-0.35054886651110684 -4.741890644746171
-0.13903845692419098 -4.7541053355497205
-0.1912869272928944 -5.1850207942392785
-0.3689190178198915 -4.708433741113178
-0.2631633236153679 -4.572771350508317
-0.2661876487382797 -4.857392408278375
-0.12533301500478394 -5.067723277968155
-0.22364575910066742 -4.86959178329634
-0.10380847483621475 -5.085357171007352
-0.22289501455594596 -5.24506747575403
-0.1294637262874006 -4.832008391225953
-0.24951703697139208 -4.677292661056101
-0.3122549418704426 -4.820367755927049
-0.139244429167926 -5.173202019603222
-0.32516994264034393 -4.991812200443993
-0.36763723451981895 -5.138331601145001
-0.1950025334735133 -4.686226606352333
-0.1964535313677592 -4.735417997708644
-0.20963895317691764 -5.219829149702112
-0.2690032294240524 -4.722233149355085
-0.3634081173529673 -5.0753652184998845
-0.39900947946422105 -4.786576549912831
-0.3680258864959366 -4.63737712368935
-0.2799130835903786 -5.2304205157093335
-0.18337122455197805 -5.253659882942889
-0.23223316878613928 -4.825031886346235
-0.3959948125912905 -4.956291621320726
-0.3146844386432268 -4.893722916416198
-0.38982008036829163 -4.853260254107896
-0.16616357112616034 -4.724590882094192
-0.26134854149813364 -4.801305879762643
-0.36961029445854804 -5.028615068380853
-0.18112491674858627 -4.651611444420002
-0.3595622316489543 -4.62948436292139
-0.16189461683449075 -4.947743898897251
-0.32146488399730216 -4.567735516853267
-0.1793355476324658 -4.6035015703980955
-0.2534947365962664 -4.73750509812727
-0.2101857041634729 -4.724445729928429
-0.3394464519110836 -4.764214604302188
-0.28155228959366785 -5.248712304387343
-0.15083534411962007 -4.746799883731148
-0.11540786070371767 -5.262697254986234
-0.2225482731707534 -5.275162372806042
-0.3348801419237257 -4.856518897782616
-0.3181635588526959 -5.037268324813725
-0.3633258217303816 -4.582138645998187
-0.13637014462538521 -4.876397486667419
-0.20273228344341745 -4.879398399294693
-0.24596664764026974 -4.593674400814267
-0.19927914366716715 -4.850795211072084
-0.24952894328709627 -4.979133402784187
-0.15121561578873338 -5.1173923376128885
-0.32845577608970933 -5.13778005402559
-0.11475419068066106 -4.588016014884093
-0.12960960105642866 -5.106221336428744
-0.10108916896335685 -4.856695982818083
-0.24311870081525283 -5.027851386693899
-0.3034546019600506 -5.242740397831964
-0.26512684666063624 -4.707161407015753
-0.35066569619653387 -4.987051752587307
-0.26245877833506914 -4.746550831262086
-0.21063232784550298 -5.086340284666704
-0.24052860125452696 -4.8943281721193745
-0.19659914224654904 -4.9483750908261
-0.2112796470633379 -5.119601604525004
-0.19107109872659894 -4.690806193491614
-0.26925963668030506 -5.082832960336038
-0.19129957759456487 -4.837604617996145
-0.3460660355132174 -4.555844580986239
-0.3081292070630766 -4.882709873242307
-0.1256155154466258 -4.598499084102518
-0.1398236698587484 -5.130979937863116
-0.3418639612207139 -5.266139877508737
-0.2931771613375466 -4.749857575781946
-0.1492913201218528 -4.609862116477043
-0.37353690072971646 -4.556186649397782
-0.15175109921510035 -4.601677564393264
-0.21811807645414008 -4.748026749770593
-0.3320955973446662 -4.669022072733448
-0.19366573657065653 -4.948127894516786
-0.2703442243388234 -4.877528166507767
-0.11519807084844302 -5.2264599845614335
-0.2896427411734195 -4.868951409742171
-0.15282813609146353 -5.1702606433921225
-0.13666669718243524 -4.915704279345896
-0.13865123313321448 -4.730602645952379
-0.2546389184735445 -5.166552233390685
-0.15196558805575938 -5.081193287940198
-0.3371360467572155 -5.258034061021587
-0.3669829460918129 -4.988017640725487
-0.30461524439377474 -4.73086829918018
-0.18051255274720843 -5.004844317406322
-0.10372446535284263 -4.781944605745604
-0.2531468699924758 -4.758843819083434
-0.14615961492015805 -5.0587482856862485
-0.14659200594828814 -4.711972826607642
-0.18944729323184023 -4.584267982093417
-0.3463922211705741 -4.555740580644758
-0.24546525993560575 -4.894966844278741
-0.3618302119276904 -5.277199069056072
-0.24858363928003396 -5.207388313318431
-0.3018352804286451 -4.572305251899991
-0.3722531088152091 -5.0250795716582894
-0.14865667609744454 -5.239718742257775
-0.13117782595025745 -5.178839114369713
-0.11379815765395995 -5.175477606167513
-0.304711943778007 -4.782764530722524
-0.2459146397648732 -4.7830210578074
-0.31039956234901117 -4.547535426486285
-0.1538018191988631 -4.705149724152696
-0.22673079413882535 -5.227367300750044
-0.38130457435383025 -4.872874506126128
-0.1931348435253361 -4.581523483872058
-0.2852501098421409 -4.777516758654745
-0.22040404716967965 -4.832638795353727
-0.10864745509955342 -4.862536310705572
-0.2595874190661745 -5.103400727602906
-0.3834262775336656 -4.737995047139103
-0.324287305904169 -4.578508625698467
-0.3758856850244187 -5.267662657232476
-0.349554190397598 -4.643636270547319
-0.12860570946618605 -5.169404933933121
-0.11904370621801924 -5.130039681810947
-0.31167261336508384 -4.757188647225853
-0.29999001296134925 -5.014717862200951
-0.31512118501885655 -5.148630351910633
-0.13825396637127574 -5.0283606224633575
-0.23767565777945412 -5.107530776093421
-0.15241752323593707 -4.873936557963933
-0.1152497389108259 -4.663763999219722
-0.3882473015209232 -4.683059719378136
-0.1812492575907534 -5.1988202768834775
-0.32984572887462443 -4.995065714018631
-0.1899411172298293 -5.192328004290065
-0.17710031131538656 -4.546477984314447
-0.19793666805892166 -4.7428606763038434
-0.1840570219843143 -5.203503940489569
-0.38717826675365635 -4.788105324156793
-0.15528439682912712 -4.926141357085751
-0.25793803106363955 -4.56646389495402
-0.23331521700398727 -4.940372357140504
-0.28372116996101554 -4.613576324156734
-0.23724056497184484 -4.573278909732389
-0.35345795511257433 -4.827349179965062
-0.2296521624448704 -5.0824595884834665
-0.3984318294719261 -5.243088779305371
-0.39425157924202103 -4.942006568897315
-0.1333709229169145 -5.123733878410249
-0.24321390672259868 -4.762381625278996
-0.15507428521909064 -5.170354547404813
-0.38056470609611165 -4.92838453799655
-0.3982824157476599 -4.930825034412769
-0.24767685052751015 -4.928538471165824
-0.20306511686437775 -4.589473704144234
-0.2498642083200695 -5.238233596664765
-0.2872332883241649 -4.669022605506176
-0.3804986017271392 -5.191240157277673
-0.1355398486422102 -4.568143703916263
-0.19266719859341458 -4.9365306745450095
-0.3865355911989901 -5.170118403449081
-0.23480391454679983 -4.780418442001752
-0.39530228917720345 -4.596183783247266
-0.13105264914216364 -4.871329205713693
-0.27528563070210066 -5.166998240030079
-0.15149570984589958 -4.676140206201275
-0.25573318056120964 -5.07475839819242
-0.29206542631404653 -5.18199438690198
-0.31093083847594577 -4.75970038529435
-0.3170650898860997 -4.954406535178781
-0.21481203245418493 -4.842327834154176
-0.38574707352023085 -4.658669663042047
-0.1790912590506673 -4.953843176888181
-0.20814388571517736 -4.862215657469957
-0.34661256453120437 -4.731717116348036
-0.32320103205789785 -4.925237729538269
-0.1475772248926196 -4.7248130756581785
-0.17783555806171064 -4.605570663156917
-0.29686563687346823 -4.644203789576256
-0.3261096778087614 -5.230873237333233
-0.334034686050053 -5.093943900859387
-0.29603179665576573 -4.818306609823681
-0.15668758864281387 -4.677597472014365
-0.20616554682436197 -4.964508632049504
-0.25179332399555154 -4.839553450654987
-0.1653792320008704 -4.779686212865239
-0.22139800761839964 -4.944756128444043
-0.1830528179894504 -4.879072995366549
-0.19640767500816744 -5.102380295533133
-0.18598838437393844 -4.551043252186162
-0.3636052390454722 -4.748347057640865
-0.18361839265376173 -4.661337710399335
-0.3858890913003531 -4.933479802959278
-0.14827721979837477 -5.188889002120726
-0.10882116522346524 -4.557560428457796
-0.14307803754713244 -4.900751097592841
-0.13626535229574605 -4.7200682357553045
-0.35652458170922796 -5.052167483013839
-0.31066989134797374 -5.190253800421722
-0.2693185309103777 -4.9031538404286845
-0.14546258880410434 -4.692527138659749
-0.3093293867276244 -4.734527254242281
-0.13476223402829807 -4.549902651480206
-0.39469901254321255 -4.747379831017877
-0.13124008153924133 -5.035807344368156
-0.2618230461027946 -5.047412842243507
-0.29268581115958536 -4.599173056130819
-0.30276288661432904 -5.267796510585608
-0.20352787684474735 -4.684703113072456
-0.17282145894834777 -5.191319739220452
-0.3549853136144291 -4.683862556276541
-0.2257806937259568 -4.9054652508135
-0.23789110944827915 -4.545425029064892
-0.18875948090826378 -5.1345742641200385
-0.21766318776314064 -5.076472106748317
-0.1832767931546309 -5.130346990535598
-0.36844210705793784 -5.0190085586825735
-0.3587046830889271 -5.167145917135057
-0.260078561191753 -4.788372676697657
-0.363897350157377 -5.195964063999472
-0.2694014149364098 -4.555077735371343
-0.30703086472456836 -5.232935957220325
-0.20898432718278306 -5.222496663145285
-0.14303565195192502 -5.228707193692961
-0.2366310652064546 -4.856537403078108
-0.12259999965067198 -5.164673885672345
-0.2583699704541034 -4.936815991239815
-0.3908868517450788 -4.995937702369636
-0.25491853904022377 -4.548848923823243
-0.22280675774037645 -5.214623924039655
-0.1521082318195482 -4.989498034256818
-0.11238865528709613 -5.029760038396394
-0.3165807351764648 -4.950458015387746
-0.37918787833877476 -4.669792076908457
-0.29048671715723356 -5.12055735110296
-0.2792445275579495 -4.718664450034967
-0.15041111430044335 -4.90771996746795
-0.23418416682333726 -4.567757770672908
-0.3704520500140968 -4.922525449471198
-0.2792234240657201 -4.9036140622137285
-0.15387248230652434 -5.1084096505664975
-0.16276788910134446 -4.850407895851894
-0.3945654172253651 -4.633970432445975
-0.1320434238814963 -5.265459848223918
-0.29340123431209125 -5.045611224555108
-0.2872881977097202 -4.605150935336195
-0.27161494345754 -4.873723629379526
-0.18267960022401722 -4.594644413507876
-0.3295678263179774 -4.999759709846102
-0.21348118907937141 -5.027723763193295
-0.35544266730506663 -4.700038578277627
-0.2662662684898941 -5.065525691254947
-0.26522975251915837 -4.69045971371359
-0.14265246958966832 -4.761541531004828
-0.12878547790825 -4.584553021390043
-0.1917992868736047 -5.060348069197116
-0.12194815276794047 -5.016510584395904
-0.1324536275936395 -4.7434982337422795
-0.10681381175222271 -4.873605839457454
-0.16279098365971428 -4.825165497246138
-0.15815385936852175 -4.884935507681181
-0.19259897292741934 -5.253572680737971
-0.36586963036171594 -5.182091108551761
-0.24735185908691487 -5.016549473579982
-0.24129801625424663 -5.143700339352032
-0.36313841944645264 -4.642735969720452
-0.2907846002132769 -4.771452463623462
-0.25087423025673494 -4.802764469027512
-0.2941562405845702 -4.821362698737737
-0.34146282170046627 -4.69064130649738
-0.253016448791248 -4.604406448271175
-0.3421742088443302 -4.982051072217634
-0.2553293399763445 -5.127076325215004
-0.33648313987640305 -5.00345631858469
-0.1472321932608633 -5.261572109001404
-0.2436460975592795 -4.719941951892239
-0.3154927899799421 -4.719983662985798
-0.30856362594922854 -4.556562036715846
-0.24180228964018674 -5.021426212061277
-0.3473833314003745 -4.768323058345818
-0.2723518717250949 -5.069611245108619
-0.3804237051358928 -4.768743723745769
-0.12524982252689387 -4.846635276017933
-0.24952853517350881 -4.797647963319951
-0.3737537493752995 -4.737568846054478
-0.28409933750674693 -4.976345228224851
-0.28390220294402857 -4.645605853093669
-0.2935938865559483 -4.749573585418468
-0.10121203681232244 -4.90006551739991
-0.2985586628067655 -5.1608766445606795
-0.3211043913484417 -5.006938784355933
-0.13836309934021046 -5.236321199697532
-0.13530929146431858 -5.095495504430828
-0.2932284951128439 -4.7381944795496125
-0.28598256081398216 -4.537764820200528
-0.10326916006585429 -4.8050720372376645
-0.33590661712705133 -4.528960914815096
-0.3124241586334522 -5.0813735216541955
-0.3748280005925077 -5.143519502358633
-0.11888669526452139 -5.252372698419506
-0.30854499635425225 -5.045821267450052
-0.23135356880547064 -4.767373266180198
-0.13052242669661784 -4.801854685777906
-0.28653966699317013 -4.560454134736112
-0.14824099410599395 -4.808825219187163
-0.3958118499598159 -5.0963091656566375
-0.3971072404177635 -5.104204982793876
-0.3332942048364915 -4.703417462042612
-0.16578125911379157 -5.152426125601547
-0.34831779393702506 -5.237337432577071
-0.3477453394069289 -4.584098296797602
-0.25128715323048423 -5.001051715821321
-0.28479213052963553 -4.927208720027983
-0.14118724389741594 -5.081660381006217
-0.1857144525881264 -4.529883133462004
-0.16884348268323135 -4.588600637181995
-0.379169362732912 -4.885380202073344
-0.1608514450177895 -4.737414696425132
-0.39301399129107006 -4.64515135570639

0.15103748047969867 1.6341646739196483
0.07929631366104378 1.393555108641647
0.06083659217138023 1.4665150059051664
0.11302597811588061 1.555573560743043
0.15917101314394416 1.623723725154425
0.09544810457760472 1.9898924348761784
0.12629299688762696 1.8077216232974223
0.14112525867088274 1.7974629539084543
0.1077033489129693 1.5110326844583821
0.11027887279722823 1.9802190801638482
0.14171525096895188 1.559251054273532
0.06344445698695107 1.5925070879508967
0.10829186127932666 1.840302650321843
0.0943417425421259 1.9960063341766432
0.06531694291950943 1.7354181224361045
0.157759547189256 1.5843149948744453
0.1461194287973704 1.9258619482886223
0.08833528865997035 1.6208940524124829
0.14755209086952525 1.930783234206294
0.10100560836462419 1.2859984324762375
0.09422135566282938 1.9988042659724692
0.11936342931540886 1.9716793666155978
0.09154110492880335 1.4630322255776207
0.06679840272175605 1.5385133334764876
0.09127485676232514 1.9695656490382647
0.07412770577326568 1.8116828983660387
0.15203422919282883 1.6761969648118342
0.11139409204244491 1.2011936484448222
0.13107028607325638 1.5304394237891532
0.12368660689139553 1.5532800436739485
0.09186570344904839 1.3750096679709662
0.11738571822315128 1.3846219965986006
0.1127648448849127 1.5085143382986788
0.08109587763945499 1.3581902613301062
0.06829493065782656 1.9299115084533298
0.13896525020552417 1.6903530963126197
0.07274045103341298 1.7717349095548651
0.12938175173470573 1.8226666716278328
0.15502385895441484 1.8238347379006323
0.07951405899901821 1.7599627718398927
0.10228598886556435 1.5589838468752497
0.13092112409133 1.2119303583697743
0.0874570773201738 1.7562737399785613
0.0640149569803328 1.2708016382599303
0.1451364044652219 1.5824614964709085
0.14110844178220217 1.8601635434938828
0.10061550025627447 1.7731703920012394
0.06258488020980896 1.5542625800758425
0.13067716088624315 1.6813497752541025
0.13286809299945146 1.8092667406950271
0.13539847146370593 1.4572297696012222
0.11366677995266802 1.8691822838050496
0.12537955186306937 1.683364242665855
0.15420275816305373 1.5273058424636712
0.07610582614266295 1.4417360460365536
0.15532269097932422 1.5079333524097827
0.13924189328733771 1.590533694323135
0.08126721647429441 1.2071365308620998
0.07762139338929969 1.6421439537473443
0.11778506178338038 1.5776815824207082
0.15608808327534524 1.5841465612343597
0.10631122669494517 1.5537203353562086
0.08291451740204056 1.8929156091714527
0.11739508686773015 1.9096055720401153
0.13821064915686987 1.6630604999262848
0.1341299247177049 1.4489791616298324
0.10093035523820106 1.8347502584487256
0.13636259452864902 1.4007020091149862
0.11105628897559658 1.441532493575928
0.07313724046318172 1.7230760234650284
0.09799803907691393 1.6084437845800246
0.14805625767285469 1.2617077238284267
0.13577162335598533 1.5427725394383172
0.11874394748753245 1.8400307340702367
0.14518420964251028 1.9246173743975055
0.0973311716552516 1.9228656883128712
0.15452012628172426 1.889631956813866
0.06871817085516375 1.2616093553607157
0.07376728090070825 1.3181850792184653
0.109578176362449 1.5342728391098062
0.11572172115197826 1.5921467473174
0.06726921244994163 1.2912609611914343
0.07035381437299498 1.6597488791748767
0.10820779121967827 1.980954414365534
0.13799383406735166 1.983307592902699
0.1234704241303225 1.5760408551683658
0.13163058188752935 1.9697713616723296
0.11078243943209687 1.8896625378796315
0.11391014348631193 1.481397067586632
0.1308219431067743 1.7977295438324716
0.06820008112598253 1.7175592535181914
0.14700180238787386 1.6238757367828462
0.07495114939669265 1.8647541750114116
0.1401643163804434 1.3027092218409781
0.07935402867188282 1.3658291558617803
0.1538074085149025 1.8511908011280571
0.10265342610082404 1.7450970734881621
0.11810088885273323 1.559927816234021
0.13870760063880788 1.9873087221508046
0.1490297998327676 1.6421589612442467
0.09593519762512204 1.4623080230483683
0.13732806959484745 1.2899456036824426
0.14992967300093357 1.7594493013152044
0.08063481852780813 1.6568385662509655
0.1428430605822899 1.9129309386775792
0.1501853158879444 1.8098735049030605
0.08873987346398897 1.965123478717931
0.12047013879336427 1.3278554306085908
0.06820756658848846 1.7913772915299693
0.15478981938670763 1.4954059939497095
0.14569407738414014 1.7742131991593117
0.13256378371261016 1.5975658169119398
0.14976169023880775 1.8052802891972732
0.13289965730904107 1.894968644789516
0.10715234555399764 1.5505306114836266
0.1423457697618498 1.7569362696921957
0.06807635184560455 1.7459782020863295
0.15130573317318352 1.216872010122106
0.08527080540139291 1.2273939019712001
0.0870882471994893 1.9569983633191124
0.10718960491512183 1.945302010941466
0.12209317692670632 1.5127964546785477
0.08351929381549364 1.5960076555489255
0.07805433871222599 1.5022007192260227
0.11037042774468411 1.2408118843943583
0.09527621802102246 1.4002641410779197
0.12593781792191797 1.6598118859658955
0.14481898513642527 1.359012971202602
0.08473606587630993 1.7926585115469393
0.06786564069086445 1.797266807792567
0.14950470475204553 1.4644701038915113
0.12227053673545231 1.8906738158921157
0.07005930844327497 1.7942827757771431
0.1447490918727185 1.2749018858708079
0.1518273044680274 1.9952858681082455
0.14869403238394532 1.301177304288437
0.08545756691555992 1.9223126211787886
0.1405828684731981 1.919891823788882
0.08624901656660806 1.6086698107447381
0.136745741395567 1.701549432372345
0.06324714084662707 1.5053876979409626
0.1543186220579607 1.8813869523641
0.09444600943812594 1.2997131355322573
0.08199306826096404 1.9741102819555492
0.15515875115011127 1.362158440497915
0.11889642523773214 1.254716081968222
0.07878981966176063 1.2943238983335876
0.10348539866107329 1.713191886922548
0.06394356199256576 1.3435802560870322
0.09492364948453288 1.985463852307911
0.08530430269098428 1.5856618928585802
0.12771592055136088 1.3233558165686294
0.11658144788436386 1.420297467121503
0.11293232105014098 1.8059728892311608
0.11412077695979017 1.947011724354973
0.11928156498020442 1.3957151344343892
0.13113948090924 1.6248924866915233
0.09440979655446732 1.772462161235623
0.15877363217547602 1.6731601238779203
0.08775850338631323 1.6326270955868076
0.06368912117399433 1.9452459547576877
0.15600198918985858 1.6590765579315898
0.09167797098531616 1.3012184374238969
0.08147354867768948 1.7200534924742565
0.07444575273054811 1.4144934616770009
0.07325434068442545 1.7675962754046672
0.066083050622384 1.2400024162954273
0.06254150688431867 1.8854328306594423
0.08150607848480398 1.3575235279693052
0.11427237157988254 1.8031928020686143
0.06863551262836197 1.2702576941853947
0.15578284710095613 1.5639988423565847
0.09088216306568958 1.4373742468626363
0.07382871500266186 1.3429218834576357
0.073748334615827 1.385007711495064
0.06502526935086247 1.393898551370504
0.14223645766975265 1.9277133172256886
0.1515000708137167 1.908340251693069
0.12259915195264151 1.3921876287092576
0.09189976673281178 1.8188747174704085
0.0892204314910681 1.328199489241161
0.08854858502994674 1.3032267442549814
0.14185533734185288 1.3449719439099546
0.0729479718875248 1.7489052452637543
0.148640712085425 1.7828933540693992
0.06209843571088487 1.222380122000072
0.07330672700119172 1.4866369524593896
0.13206593229480085 1.2994443413887633
0.1312747788551106 1.5984534172799987
0.1295535709375707 1.358397697532819
0.12419048097286108 1.4239336116526642
0.1374543271786091 1.2248031796220504
0.08710655955253924 1.896707864097146
0.13000879047080766 1.7933568254690178
0.11058016015343958 1.5981591112147646
0.061599165218234074 1.9545221402540944
0.1406954948629644 1.2748649193457116
0.1434614573411554 1.2291301964979071
0.06931797039748186 1.987497342998138
0.08540618623963 1.3267172602476651
