10 50 30

0.22793740121811112 1
0.46963484392030386 1
0.30340886526531374 1
0.8390284688845511 1
0.9947993291675269 1
0.2649827092949604 1
0.18665058200137563 1
0.3541563149590602 1
0.9241220904539098 1
0.31954103127087985 1

-0.1579271312068286 -3.8018118663208837
-0.226175774286655 -3.338609249586793
-0.25630676843905376 -3.193775812682738
-0.23825889472981682 -3.2862875932230295
-0.24795499210488084 -3.760240671274342
-0.1968244059422975 -3.8311918696449387
-0.13930639916947568 -3.5837777603640184
-0.15016073387888715 -3.68613450894679
-0.3926559743528583 -3.1417306206086164
-0.2278600116475118 -3.720946869910278
-0.20721076696792187 -3.3677657956825335
-0.16292915349112064 -3.6740288031006445
-0.3817474966337232 -3.4751998264233404
-0.20323018689554673 -3.241207555538569
-0.11378183000911674 -3.273322826896597
-0.1805745198809339 -3.3645927440268144
-0.30580721317658066 -3.27454341560812
-0.32183594335632254 -3.3900768651778166
-0.13819251842400282 -3.527971369489731
-0.3068782680027517 -3.2455520810960703
-0.2984510202395568 -3.1559155597217274
-0.3836930595299655 -3.8170385641732927
-0.12046531495033941 -3.2399708477606364
-0.38703032669676385 -3.889738246043008
-0.12031916464483272 -3.874821822052177
-0.38004722689502407 -3.84850015425088
-0.2150485304425307 -3.4183127472118713
-0.14176006970961536 -3.371238224504874
-0.14053007542204404 -3.8332860967674045
-0.12136350361193382 -3.4199745724473205
-0.2814354653722259 -3.525836061752902
-0.3562572939156389 -3.491999558693699
-0.22271255592816475 -3.4746791683196747
-0.13614660684330426 -3.2505779007923508
-0.31298737139713884 -3.801740528331769
-0.3526459705710583 -3.268333476871906
-0.1772613006120139 -3.302791963631424
-0.12858850295458618 -3.2310012959582783
-0.22528353542670046 -3.203263742247678
-0.2548917879433333 -3.2176494996909657
-0.13795516468813768 -3.8314290343413804
-0.3608891468093617 -3.5866262771016304
-0.146230584621877 -3.5648831889896226
-0.37628438550293697 -3.520386788200897
-0.23976622908520503 -3.7617666772090166
-0.31947692444217163 -3.7876460247577506
-0.23685654310976575 -3.638474804899341
-0.3306779964712976 -3.639052073342976
-0.3711158765398511 -3.2067311639358445
-0.28723389091859697 -3.2719052227133636
-0.20955919656408176 -3.5580515533332764
-0.14341206716563942 -3.7093417602225447
-0.3259121459178732 -3.2572414910407796
-0.26790610749092403 -3.858050226795345
-0.11864741101104187 -3.4384062996897575
-0.3631570093521304 -3.558965618964997
-0.11374085323020544 -3.2322430533046815
-0.2808559790310869 -3.8844393890302507
-0.3688826622422881 -3.2102660087267085
-0.3419590189916746 -3.6697896984003457
-0.31786558348058863 -3.3063616474678326
-0.2937658192456455 -3.600011690551137
-0.37115923663126493 -3.5491922881312608
-0.2104179894726691 -3.4401248138151272
-0.17984074815749948 -3.608713022313941
-0.30464796070179245 -3.6389131055462567
-0.21956587060800736 -3.7426390642247642
-0.38252679775623755 -3.6851152370918734
-0.23614279005311428 -3.3996392491444936
-0.23459339615828267 -3.259405430681678
-0.37954010938464283 -3.8439881740748607
-0.35240745871371115 -3.371011299811079
-0.3887888444557218 -3.4396289320718028
-0.2683821218491125 -3.4769381431030086
-0.1814890325379706 -3.4735341825435184
-0.3778653260721858 -3.889732530290646
-0.2961066868463625 -3.7382630173314597
-0.2393700068310197 -3.7320637436366493
-0.10120365377094076 -3.775609854881908
-0.25407891868521326 -3.1784176537990496
-0.20047773962821308 -3.8111782772284934
-0.151936955573448 -3.75312010857997
-0.3958284543545446 -3.692929668459295
-0.3683971817626554 -3.475127466612131
-0.14659978882104724 -3.232211697737158
-0.36090105134787664 -3.6283233343661347
-0.21537341019099554 -3.7033730536662492
-0.1499898330712321 -3.799220689848327
-0.12195763518493452 -3.5637002564946916
-0.17068184870528266 -3.633181643793368
-0.19403704247650072 -3.376663502014506
-0.33855831113287915 -3.509519010979976
-0.3154086381360367 -3.7310809899796955
-0.24518886114326674 -3.2549949761835273
-0.29672446498253113 -3.29951421481111
-0.3730043882629278 -3.4007405627712006
-0.36672550514244445 -3.681809186905854
-0.1646344917539062 -3.8585752517534515
-0.37139233017680123 -3.2241635273540004
-0.28249258596763294 -3.500992396062558
-0.3316834657873208 -3.366361684891417
-0.2851760499203627 -3.1781674558832416
-0.19419328352139117 -3.288636571111218
-0.38994643331233203 -3.783503234829153
-0.21336453745823608 -3.325871829940655
-0.18098115516486246 -3.838166541824995
-0.2963886970000972 -3.345647710168897
-0.37979423927441075 -3.83574360997674
-0.10253173550646344 -3.437033675229216
-0.15001129257674858 -3.672499196932245
-0.2393512173483507 -3.3378678498263934
-0.11004947672010512 -3.470950956243035
-0.3835955499986481 -3.206709308799585
-0.28410883176937973 -3.4323733717504514
-0.21955224859797887 -3.814599284062762
-0.3907738909304598 -3.279520260994346
-0.3124319809909047 -3.5575658718601257
-0.3673024520332455 -3.2930455756551407
-0.3156662794108437 -3.456124794017232
-0.24392320826732372 -3.511054540701884
-0.2952004872648273 -3.8590272081748305
-0.22614493207897954 -3.2183597330028246
-0.16428325046723988 -3.540598438252233
-0.11089507564035994 -3.202978337647134
-0.1585336372210741 -3.273204203260408
-0.15858575198114652 -3.408106773054493
-0.2677867456327373 -3.153259764889988
-0.31419932569840653 -3.656943451783521
-0.27858667023781025 -3.8916757818126326
-0.26487485506371655 -3.822399714169631
-0.1586471256071072 -3.233455382218074
-0.17869958924607765 -3.46648690624816
-0.1364303479950828 -3.761129982017735
-0.12785506205580743 -3.3275631543237894
-0.33822473767836087 -3.328587052668986
-0.10297428887456989 -3.6065246651506104
-0.36404735805499266 -3.3478431368143777
-0.34943043752993763 -3.7860400753236796
-0.22812302490931577 -3.5073825594607975
-0.16086592097701743 -3.695618562763523
-0.14261557970418937 -3.641679284542953
-0.39728067178226945 -3.251077732653381
-0.12425472478782085 -3.3237919657711936
-0.2960216514949888 -3.860656968133331
-0.21903978407698887 -3.872312028334793
-0.2418023454827851 -3.7476622941688364
-0.3021670726738639 -3.261443259230476
-0.15537605068597843 -3.6163309656081926
-0.1883851642165455 -3.4707815857293163
-0.13089841955873677 -3.353849351972194
-0.3157689050361664 -3.4514288837828055
-0.2702351864203104 -3.703693766546484
-0.23346851583643297 -3.8217576646315123
-0.1392734078011193 -3.1931128123088586
-0.3944353303947412 -3.7127083123175932
-0.2257810891031009 -3.515525427935126
-0.3782346868044459 -3.141449636671597
-0.29938685837489915 -3.7376400462009896
-0.3349925323568334 -3.2815606337758068
-0.21798927236202997 -3.355597187725513
-0.13012592171962162 -3.2873249451357496
-0.22856115822323775 -3.225127447879971
-0.16206188376758993 -3.2221829518083904
-0.38438404222007067 -3.3722542368431188
-0.35830457483968436 -3.5391758838565526
-0.13529374120486648 -3.7558170301755993
-0.29835836417884126 -3.6743377184995527
-0.16517905173972597 -3.519039374747947
-0.27330224984408413 -3.7168123295351663
-0.18649650108708576 -3.5745294960679854
-0.14197723833477804 -3.6827726501250266
-0.15887575169201523 -3.220784961761155
-0.26000488903735164 -3.396671757356536
-0.18671657901930394 -3.6558723448659496
-0.14455232983556449 -3.612971574742842
-0.2918334272627626 -3.6775196648720714
-0.3517003654981498 -3.300414221049571
-0.230741077885769 -3.7030077234155376
-0.18891602663113477 -3.4685400557693447
-0.1595596748304192 -3.4587438671438813
-0.2884511619912715 -3.2116776066641948
-0.2605462180604707 -3.7804936940786034
-0.1027842623389364 -3.779169916175242
-0.2967732391798869 -3.3330265090660065
-0.38821631153344377 -3.2917051543024716
-0.2909242558792359 -3.6022028689327046
-0.19519433198685995 -3.539319033274338
-0.3129049943716976 -3.5354499146559637
-0.1769311474068226 -3.291125877948316
-0.3530106210028517 -3.512085902621232
-0.2584248825126268 -3.415275475192366
-0.21750200823311505 -3.291858660627949
-0.2725715119276265 -3.5313115371196013
-0.21634746733243138 -3.682700149795474
-0.10302274032584119 -3.7401870316636696
-0.23837701079874152 -3.8508014875889245
-0.16354665947341562 -3.1500707586498295
-0.309573008826011 -3.856850713811395
-0.3013396616821598 -3.538150253445303
-0.21414277234214057 -3.4949898702413735
-0.37855060735167334 -3.742028643219
-0.23019493336583535 -3.3554388604897705
-0.17515727365267636 -3.4251848374657285
-0.10060954442544973 -3.2839623416411436
-0.1844868208112997 -3.559131731845024
-0.21310958900903537 -3.2635309664589953
-0.36180141318364634 -3.4335126773853557
-0.3650418105448571 -3.8181947270060435
-0.2918978079379789 -3.5987655077591216
-0.3865117345940159 -3.3498929516081746
-0.2576947560647541 -3.4136847980410154
-0.3055000862435422 -3.792335391977758
-0.3296050130020675 -3.1424691127119058
-0.17345118596641004 -3.26642783664223
-0.2969386197100008 -3.4837917976340607
-0.19299594350034396 -3.3921263934380854
-0.192682421334111 -3.608879148092181
-0.2761961052917903 -3.872200830211411
-0.1877991506853013 -3.637200116235291
-0.2606729184904293 -3.3026793130079763
-0.20532381388792842 -3.1572419359937802
-0.26481548210364614 -3.5728858019098566
-0.24500143019141457 -3.365540846699679
-0.36097553331404997 -3.3346868810451746
-0.370715112629546 -3.7626891737318315
-0.3220530556258878 -3.184091807236432
-0.14110009358853637 -3.5336774552665036
-0.359600937218254 -3.7344417690261844
-0.3575022947168825 -3.4340861455780223
-0.3516918379547599 -3.446219717696509
-0.29238253522826213 -3.18956641469469
-0.32264191414318655 -3.1613324173654744
-0.269642569629742 -3.6496412330483645
-0.3196048906806769 -3.599821287469963
-0.3225768854281389 -3.670707369262991
-0.17431921517932447 -3.7324537627491146
-0.11024618810235143 -3.794907751826635
-0.16510275827266988 -3.6763688813876443
-0.1931585660882887 -3.6017165291259245
-0.3974525303830305 -3.4282329915386436
-0.31974569349372367 -3.6521547425150627
-0.30243738998974895 -3.142644839696665
-0.3513146618143902 -3.2966574915632556
-0.2079869411020453 -3.8842460309003064
-0.1904834266933127 -3.2670364610967155
-0.1749753084097645 -3.5436292736029604
-0.15451087618400808 -3.3525451062544263
-0.34572758959818994 -3.824269142799396
-0.22341438410725994 -3.489119967090634
-0.2906554273955355 -3.451356666637552
-0.19285401008055425 -3.3141967068276497
-0.1900228058362333 -3.466858278180963
-0.33884744247136417 -3.3119621198314846
-0.38649139105589214 -3.864930002736965
-0.17284702968439375 -3.774471318873806
-0.15640677961376975 -3.162764527075819
-0.29517624794201003 -3.1626396607116307
-0.29943460474473216 -3.222833350271572
-0.37865228078634305 -3.422195221844763
-0.21135739987450142 -3.2153293244047587
-0.18868657464847235 -3.29627423424292
-0.25861062954461045 -3.353488964572688
-0.2870997658167649 -3.759955046223154
-0.18615628390985017 -3.525595949555786
-0.21056596062988298 -3.810091030267841
-0.27620663381803334 -3.514740865162707
-0.3203853627951119 -3.8344260574228963
-0.2881107061364999 -3.1516228083314246
-0.17427965999674333 -3.6619504423649154
-0.1261063037944416 -3.8487290513072407
-0.2891179380129748 -3.6919108817525697
-0.10281547786764811 -3.5992177371810383
-0.3604902952476609 -3.846469221193501
-0.3182792847452492 -3.650307263130665
-0.1791700067789925 -3.7389661779858154
-0.37619800631370626 -3.8351079489412174
-0.11873609793462642 -3.7820455603867216
-0.17453808241448646 -3.8394291149541644
-0.27014939110274405 -3.6484865425788495
-0.26374993199535945 -3.37687200174326
-0.24969953450597826 -3.8701227119418653
-0.3873514713887621 -3.469892373399927
-0.30065507487784293 -3.533465884521021
-0.2513206639332471 -3.4444152058845017
-0.34356320750846103 -3.7498660400255748
-0.30949768582768666 -3.405228911433251
-0.3191506145709074 -3.2924732862010604
-0.23064625601031916 -3.737149523152664
-0.33710379310127764 -3.8036877647948155
-0.10988912353321961 -3.7196799115282264
-0.17130108024499768 -3.5558458843252416
-0.2297903710006266 -3.8010728567257845
-0.2975116982854401 -3.321321895928112
-0.23654555506433206 -3.486948112064951
-0.24445041219854693 -3.677811466819403
-0.3800199350209275 -3.4799380267886764
-0.33640896547004323 -3.2710243656572007
-0.21476160820080561 -3.6675695937213035
-0.16927548368668535 -3.7521053241905666
-0.1287770540475175 -3.8140721263859354
-0.21179245006749045 -3.667867397107314
-0.22707883303425175 -3.859217797404284
-0.21738616019915383 -3.190141931888508
-0.12960555248584443 -3.258684062330465
-0.22967448917104935 -3.33945060558401
-0.35913619189794904 -3.5999293232053815
-0.3588784899791581 -3.767396578033299
-0.3696373488049415 -3.7600184570381265
-0.13820635687960414 -3.3046486073260315
-0.2653654154246028 -3.15787939525695
-0.21543536981758982 -3.8122641152692616
-0.25589279304122403 -3.6806412059498417
-0.22017543467954231 -3.44949056006711
-0.11474486420578323 -3.834635228435168
-0.22869913052518556 -3.8669573584392194
-0.35672598479582984 -3.7561503040490822
-0.2666927638007245 -3.5234296342313036
-0.29811052279999933 -3.7907769075469298
-0.2931813633256548 -3.19162137598528
-0.17236778817577736 -3.30068301668218
-0.36399563692382275 -3.710201333312465
-0.2188008239439412 -3.716868343967464
-0.1621224604203197 -3.459568627420247
-0.3171679683045709 -3.1440213313828256
-0.1351489603605382 -3.85750140218166
-0.1500330407495833 -3.7325670379885008
-0.3083448204617673 -3.143899784845658
-0.24517732377817592 -3.2534359273947215
-0.1600349720102179 -3.60248029597947
-0.31118806073650046 -3.4070668297750575
-0.23801440175973046 -3.328287067548968
-0.32461093509926775 -3.5518633304113902
-0.3914770854934673 -3.4317076476122397
-0.26119440533945837 -3.639931374095641
-0.19839317053681355 -3.4283976683686705
-0.3060255806475754 -3.3641703854343907
-0.30587718508022227 -3.166059195711329
-0.18974613409310664 -3.660352217872178
-0.35406171111887685 -3.221117422486287
-0.23795190260790428 -3.3560165083687608
-0.13454156465565037 -3.2826058832480864
-0.3571697309438756 -3.30169195607281
-0.3841305345932902 -3.4020771311661964
-0.2170955828638393 -3.881811867614651
-0.3069044519629933 -3.325138821255594
-0.10826794978538701 -3.158870767050492
-0.24509346880556407 -3.8138580028857656
-0.28975274940800977 -3.465061083076821
-0.34400857461561185 -3.2909436263010146
-0.2896723755856552 -3.2126074992334193
-0.15531067141314278 -3.7547267422806865
-0.2866015577314222 -3.282332406793324
-0.3260497591207666 -3.445783791706313
-0.38497339560260546 -3.7279449376473193
-0.19569796996155556 -3.765064632473
-0.21678966727393614 -3.2127399920302224
-0.2114744093436609 -3.765903110097467
-0.2413848050274757 -3.3256513801145204
-0.341424012214434 -3.337968273859237
-0.10300530321033152 -3.585204810563548
-0.22696241163313488 -3.6094510823433787
-0.10218914346706237 -3.637022221504834
-0.34294738857384616 -3.264134872638474
-0.2635047956127792 -3.7232996572689023
-0.26132787642989186 -3.6388855004316323
-0.37030997237749486 -3.852365534141008
-0.2681246767443911 -3.796868737933232
-0.3392472971003049 -3.2215274665329825
-0.1564639779608159 -3.2367442606588983
-0.29961570244900115 -3.4404446425916237
-0.36914753465627254 -3.453506910657586
-0.34712331181684275 -3.8321489508556414
-0.2528548473447369 -3.2613365115527175
-0.389476366650084 -3.629124394790577
-0.1936169996608279 -3.2465913562663125
-0.18829198619624407 -3.375076288669363
-0.30828477022584155 -3.3808584818493803
-0.11573737776639698 -3.5525436842851033
-0.3916523492473928 -3.889715673789571
-0.1638753657806968 -3.43529941544226
-0.23381253153175985 -3.5586797056932684
-0.2719560708427501 -3.800841347551535
-0.25374225499862724 -3.641236091784638
-0.3331825692792769 -3.3060301662422553
-0.3583253437289953 -3.5904528053468105
-0.3267606644877852 -3.737394957584438
-0.36238274494311296 -3.286721828636401
-0.14509885046850518 -3.686407007928027
-0.14563592543725157 -3.435501774302025
-0.11623265795082888 -3.2682256259563003
-0.22706846401513442 -3.2916181458305154
-0.18210190259513384 -3.2011216796216395
-0.10659686430014809 -3.642536652281278
-0.22116806475965067 -3.2170404134681463
-0.29296051879905916 -3.8203584713363345
-0.30969934554039275 -3.63383369785516
-0.39675517100023017 -3.5027287507161473
-0.3658428887144659 -3.583353574704099
-0.25253274607938625 -3.3689576975654854
-0.33032804991602555 -3.8018217524003424
-0.3550909204083066 -3.159473528919623
-0.280758545879678 -3.8769885757676015
-0.36252376464509495 -3.8675531605556404
-0.1718523652492402 -3.5936751088519254
-0.18295662673702423 -3.5919612456785845
-0.15671897205574162 -3.7978026175552553
-0.17821512890089006 -3.42553986040058
-0.18896987786693029 -3.8773954243792614
-0.12421863430138047 -3.2000799071823027
-0.2779280025538084 -3.494937549359125
-0.23024588410194363 -3.808892829474174
-0.14145542750909323 -3.8709003756167144
-0.1949707142817769 -3.6186837546916175
-0.19648259644931967 -3.4309324680385056
-0.2018686480010535 -3.642934129985113
-0.3539600067490102 -3.8571609357845587
-0.3439881279168615 -3.578110126896464
-0.2394450266155532 -3.2671363400037565
-0.3434437233542078 -3.8077310262554422
-0.26406999304754253 -3.7705791095677585
-0.39058750846447504 -3.1659209154703403
-0.371807222624008 -3.2298590239654774
-0.16572071900369928 -3.7530879379479694
-0.31913536297536677 -3.5067679829841376
-0.14786826141811288 -3.331380382814936
-0.363226735230037 -3.715072114018985
-0.21209887153184992 -3.6933558686815946
-0.34244674662998176 -3.185352649615397
-0.11288824921842167 -3.6235643148294323
-0.14615556049121048 -3.510149502013258
-0.3011399705942538 -3.4621471525689564
-0.34762587464453065 -3.325143688378775
-0.15076143254379432 -3.4169828301070946
-0.17975282406771864 -3.667842950332224
-0.10412611842200664 -3.6734612402542735
-0.13934631616909215 -3.432064519356267
-0.16547863852250763 -3.4379074879394214
-0.22573208576315942 -3.4029510922664645
-0.14480370611511795 -3.7090893678761714
-0.361014544605196 -3.742931296210102
-0.2583306069432296 -3.390444383593493
-0.22496195900695787 -3.374803034458242
-0.3521806528801236 -3.3584341036793273
-0.2930365695233823 -3.170672466103262
-0.35137698398287365 -3.484864992715333
-0.3507245400031027 -3.727784475320172
-0.29582720655167205 -3.7440085454724974
-0.15729694574232578 -3.154782093324744
-0.37074446617501816 -3.3061242315483645
-0.356239130993769 -3.173566097885196
-0.15139487605796684 -3.885377595136442
-0.34981447963106405 -3.40643967405554
-0.23024507978413983 -3.8609389131840066
-0.37236748351603927 -3.7829854234116307
-0.2271330264874574 -3.3429514798372804
-0.26639104461291424 -3.8051549986366204
-0.23281850806202148 -3.818403138129334
-0.1428475082718243 -3.386532099469882
-0.23995704299610016 -3.4707313142702567
-0.1161696115288951 -3.4138126940990676
-0.2972248162790253 -3.15522217450932
-0.30627391549787786 -3.1760912610480005
-0.3305777327858502 -3.879548501570859
-0.39495788501259543 -3.869291482642828
-0.1910327727532276 -3.142326019329162
-0.28751346187035426 -3.411220613921633
-0.3918722692692029 -3.553123242353305
-0.2959982359942665 -3.7334069937792
-0.3072518368476904 -3.8858622855188605
-0.212881976051596 -3.8757364393670413
-0.3451619934556183 -3.561615459558835
-0.10116489234836451 -3.2369056372437064
-0.16979880552943827 -3.689696171941271
-0.37192889687353003 -3.67124840014948
-0.16593035026170516 -3.2197851834139217
-0.1990447249610758 -3.7239270272043044
-0.1289347682278575 -3.7994935078993035
-0.155059692608881 -3.2380800144570054
-0.2309159228066345 -3.628365925168136
-0.2844226628679392 -3.235217651139668
-0.35569982390402 -3.8634822739879517
-0.33315405738882986 -3.8702006294076767
-0.3863626300129456 -3.3410523435512642
-0.39519938024809176 -3.390569016658951
-0.3333398612466064 -3.4698612836117566
-0.2943196136469176 -3.5848849936325435
-0.26832845763754537 -3.792391156676993
-0.33101264992521623 -3.1695011251518075
-0.18284825992474726 -3.819261627717127
-0.2653003434813613 -3.2563072427162814
-0.27296487612148645 -3.4943526789000625
-0.1880414892455116 -3.2186307615658345
-0.22933182117031736 -3.3058714629634203
-0.3560872525266052 -3.371443561771676
-0.22593456956037433 -3.296297480331768
-0.22431669909490135 -3.885949005138826
-0.20548741891159583 -3.617753310463729
-0.3005712608585181 -3.572698390604386
-0.12664003768680293 -3.2001641802528793
-0.37775557019559314 -3.6807955358231115

0.15165271404709046 1.2649358960588337
0.13459631964198482 1.6825883331919758
0.06144742644788296 1.4340667868954586
0.14921110739282428 1.5310515704465923
0.13453050491291235 1.7028197129441245
0.13251052846691352 1.264622473025519
0.1373764823501472 1.4873305492874551
0.13715943482238963 1.3198851742186613
0.08723739424972707 1.5263126332704622
0.09015935270859218 1.3253191934736466
0.1292854420529671 1.274048898658696
0.1510723373581962 1.3780561819667265
0.06260618042473713 1.436868157376828
0.06596920807997968 1.2789545244324774
0.14841867069602027 1.6389320304815658
0.15989746517669334 1.6316492133357179
0.14460276671387795 1.811307183983016
0.09725337877400783 1.4152794644564115
0.09144522729880962 1.7048528313784632
0.12148585124248325 1.9636909700089982
0.15582469704469723 1.7210174448208626
0.1498025959928494 1.9418909219693878
0.10859224619907973 1.5360819568453534
0.13429671345770203 1.9523865224231012
0.0615155343375016 1.5518789983066843
0.06863746819850632 1.257295474154054
0.1373460023671464 1.3733442916052465
0.14721425780987102 1.736381265485363
0.0936767935293453 1.2968820070186589
0.13326378266686123 1.7546919547427053
0.08902684675696892 1.6571802148306398
0.12086148273028918 1.393009387289951
0.14329816033075402 1.7099820743245124
0.10149097456851439 1.2264963123958634
0.0677216914533898 1.6696436898820712
0.07531892575272683 1.8027023070105246
0.0920523909575833 1.8616211238055902
0.12759261431651875 1.918299358607456
0.14761425230414918 1.8280824828876667
0.1343805285436382 1.3781153498797554
0.11505632297324311 1.8265583934394376
0.09488876640863328 1.3303084240272482
0.09002381625887604 1.52996117398774
0.07626054271601151 1.6924063360076984
0.11798084406371626 1.63686231987535
0.08928535420970336 1.87401481599244
0.13983771680488866 1.923543715955761
0.09667280321793242 1.7377810283434567
0.15520793228692437 1.402817686875111
0.15250596180484483 1.7955657553134425
