10 50 30

0.17188318595478314 1
0.8061053041310844 1
0.8871246272579911 1
0.5609829686082823 1
0.055084135984746485 1
0.5192262939491502 1
0.5016174607457052 1
0.8166741099649572 1
0.44791148873872866 1
0.21407557544109934 1

-0.24709508028027743 -3.835815871979319
-0.2592300207533912 -3.729522598154976
-0.10541598537428654 -3.5749495379045517
-0.2766015062762312 -3.4349058626440474
-0.391793219314327 -3.271499281793046
-0.25568871384048664 -3.1525351861783655
-0.2197325864565483 -3.7749024882039306
-0.36950485655788257 -3.2215901227978687
-0.33012506408383435 -3.8058741020965576
-0.1967352664116551 -3.672384907500804
-0.1890889880888653 -3.7416542847468426
-0.29597411852507405 -3.5141782212432076
-0.24170057882639223 -3.3211772021964197
-0.2308383883649293 -3.7627004503343184
-0.16717840719231977 -3.7899133776496456
-0.23752383797804077 -3.8157154930591646
-0.27663171177316853 -3.510755768417173
-0.29864839266322757 -3.274716955368471
-0.22761845004412481 -3.154386336337067
-0.2877937117431979 -3.5269591126728397
-0.25360096370446883 -3.1737611953623612
-0.22503144852575768 -3.547252645577665
-0.3263416299586171 -3.3370023335400374
-0.16602421428532588 -3.3781212656915094
-0.2001298399957402 -3.151301088490465
-0.2820369233444732 -3.167625539381126
-0.18920394705075347 -3.5578033431339113
-0.39528097094721254 -3.247120474400171
-0.2230500441650137 -3.290262287862864
-0.3528585352605249 -3.7584025691652414
-0.25005875356160795 -3.888502090508304
-0.26694921748472256 -3.745184739504739
-0.1019055308592633 -3.6361989295493986
-0.3051271902760321 -3.7313860598527198
-0.30930764376849584 -3.7146244431689657
-0.2954992247727778 -3.532699652968967
-0.20416627715621044 -3.2889029364397535
-0.3997640722626529 -3.4418880015009883
-0.21541538380432798 -3.522431168486403
-0.13532742074989956 -3.4582977563979584
-0.2953514251899956 -3.273948900054269
-0.22157400840832234 -3.6924044409923504
-0.2094743900590498 -3.316372564414544
-0.26070686371844154 -3.829402759392168
-0.39698543258949837 -3.5066826284329027
-0.37879482658724334 -3.6493276975175384
-0.35373550638417955 -3.5008868365928483
-0.36096717253681637 -3.2385666470615084
-0.17932695149751732 -3.327287017872643
-0.27341024905556577 -3.7564008373431848
-0.3742997698713912 -3.72549920363751
-0.14222683683562043 -3.669227721550851
-0.1481580486187727 -3.4290115766532296
-0.2920229691885302 -3.713899966944125
-0.2065059079688381 -3.484184924834368
-0.29131412373607085 -3.3141706179348485
-0.3485830034899463 -3.340210012840106
-0.3396143888786163 -3.7389941182785025
-0.3145686058703607 -3.856858249386365
-0.2672088353365002 -3.817387293697456
-0.20476632237687858 -3.3625372244103544
-0.13934320230180947 -3.3150707304663745
-0.209775525712109 -3.146939360685135
-0.3291577990368061 -3.4394833194976644
-0.16831182741098819 -3.1558103752159745
-0.24745643596825473 -3.1454962578656858
-0.13924063109440643 -3.469054752864998
-0.13684457606222128 -3.18128079456742
-0.15282324085328203 -3.1782007084149453
-0.2042130441412708 -3.3610058505792235
-0.3970195716480844 -3.6864897457325982
-0.1354853920336891 -3.7466331771139187
-0.356068228952261 -3.2577676010425582
-0.3935026586533576 -3.3579913051683934
-0.1080790708069615 -3.527338715413417
-0.14620453034578434 -3.3559253761008874
-0.29891483717196127 -3.5866563998071848
-0.16600599360337798 -3.5956394521672213
-0.2946149069919273 -3.3142241445241387
-0.11657757746070835 -3.390898847557019
-0.20703293858771885 -3.5736254359054676
-0.39924433886339705 -3.439308554397191
-0.2018398292687148 -3.5987902068458375
-0.3865215399185416 -3.418985489068515
-0.36067317768798224 -3.7162772774398114
-0.1798706026930298 -3.6638262908513233
-0.3363343363827081 -3.5743799506370473
-0.3057369909129835 -3.45522518608947
-0.23989540332452247 -3.8457306300478393
-0.16752483217558445 -3.449874237193237
-0.19891302721219067 -3.560096850549837
-0.1585360063537454 -3.5967660204489493
-0.1107219717112577 -3.5331163068380795
-0.2479113272046786 -3.5380136713364188
-0.16939227893816095 -3.2193770499069805
-0.10896667990968423 -3.759351391476702
-0.22394837178315086 -3.4095773437943917
-0.3300371451924157 -3.353475502279956
-0.14347977927333794 -3.6901304151359504
-0.19027164997954793 -3.6824055735651235
-0.3099512211469127 -3.16633302620594
-0.38230636085782005 -3.714476074519225
-0.39240979902367656 -3.484363650793335
-0.37179351918859527 -3.6702253633864608
-0.15095836822695627 -3.594581824344165
-0.25286455762235194 -3.2604675880592815
-0.17170018516410143 -3.195994825688635
-0.15851732526214485 -3.7407540449218994
-0.35750262706784297 -3.384447569746143
-0.28953524527330876 -3.6061282076698
-0.392025107963619 -3.226232373984848
-0.3438859493149823 -3.8835644184674596
-0.39927845235242776 -3.6280642596899497
-0.16616415566283305 -3.2114009234570147
-0.21441537563988355 -3.6341759889004686
-0.3106320338077985 -3.2006002191517493
-0.3544218552232886 -3.2698649916813465
-0.22446533739645017 -3.6387532108876086
-0.33798396937861463 -3.621110266892599
-0.2236914738746422 -3.6753986699480765
-0.34415908429661274 -3.654890822019001
-0.35146799416594593 -3.879437021886752
-0.15457920413445644 -3.555040055586261
-0.26822249700126777 -3.677323372572009
-0.1668969853088079 -3.7511658323220667
-0.2396526324562047 -3.325543250843393
-0.20381811488592363 -3.359369553940513
-0.34096050750497425 -3.32732117471621
-0.34396424697945577 -3.755294918509339
-0.13536069431689673 -3.4305931406945636
-0.34098306470364104 -3.5611564131466644
-0.15314952874364066 -3.3083048889354227
-0.1567442399684975 -3.6575481721880405
-0.25822469355696037 -3.5502757058811794
-0.1808977561822477 -3.306377223786015
-0.1822297106107353 -3.3212265943296835
-0.2604352035353408 -3.35787463067192
-0.32506531535885486 -3.400456966850644
-0.3596221548083533 -3.678613952071311
-0.2224686437136272 -3.5735353535113745
-0.19998217538595445 -3.18176153040726
-0.17159482435333773 -3.6153999654786566
-0.3640292546976179 -3.4931272100944497
-0.31607730467342376 -3.4770945331698067
-0.19571052941282147 -3.213384424112992
-0.26781749769845054 -3.303069072202647
-0.1459906563296811 -3.8539039884937076
-0.1035328262406971 -3.4589708780200756
-0.30795736144774855 -3.5727715482891913
-0.11875686319163653 -3.305832534778595
-0.16631501938629684 -3.8377272696622473
-0.33408330380469786 -3.8284736540213755
-0.3669717991843412 -3.4262278768756267
-0.23801947657593966 -3.4773593141677246
-0.1716751693973549 -3.5510385218605194
-0.3203622769553418 -3.1621754726545426
-0.3498607694912297 -3.8227798826914414
-0.18865369974407675 -3.285026941272781
-0.34521135702249084 -3.694594980060964
-0.12019422425948034 -3.3584785547195217
-0.1462933524770591 -3.703836996702039
-0.3769934512955057 -3.8194871292192007
-0.1791860092385105 -3.5499410936944797
-0.353894324555577 -3.5445245354390678
-0.24782515997430268 -3.76092574655813
-0.11084718383450942 -3.8255197618324797
-0.2664251937264369 -3.489551165271865
-0.35746352318942354 -3.2869912202431255
-0.3131509996892315 -3.4600089032507695
-0.20297627520609607 -3.4367489259719943
-0.36975899174276805 -3.329775430995907
-0.1866167008585418 -3.6690122551140734
-0.23975335292233452 -3.3412584534582144
-0.1997508039084169 -3.3822331430677277
-0.3272587892998725 -3.7346933728375604
-0.2910062045686287 -3.8443808347707065
-0.20894197829336966 -3.3042447830993726
-0.37754048649502864 -3.4551142750686696
-0.35183190822564026 -3.1909359110646376
-0.30880175669523713 -3.3400050803279497
-0.2240664682546286 -3.6276792323855758
-0.22272735414972675 -3.3981172237551185
-0.3414634578153025 -3.522697479933232
-0.20990326814849683 -3.3112902882094675
-0.120637916037234 -3.1435092501533757
-0.20647640165803066 -3.6781470683166306
-0.161035563599114 -3.7934716375120248
-0.23528493727270428 -3.6823532521493325
-0.288382831706878 -3.869337103174236
-0.28385627786264767 -3.7451259481375256
-0.26843826004808424 -3.4447293366828835
-0.2737321778278749 -3.738672254836832
-0.2811395259984564 -3.697238039433655
-0.3026374806363575 -3.329739582458696
-0.24960575865739948 -3.407747276620908
-0.16674145778808092 -3.2958782486636067
-0.13483947438084765 -3.728055357113791
-0.2343339804205096 -3.439242890584089
-0.3832919741514576 -3.7161185626223445
-0.11877965199669904 -3.6190290350659846
-0.365818049220566 -3.2431038210585923
-0.2720740735553705 -3.3099179283004787
-0.10554002422233666 -3.492915565741602
-0.3750608199332969 -3.200533192703674
-0.3350922537032977 -3.5830438355399137
-0.2851680664519577 -3.516108866860698
-0.18439965728310692 -3.3301141774015965
-0.15724687449338753 -3.5936087101581724
-0.1430880995135841 -3.318687607469995
-0.1554254168497679 -3.3907030620862635
-0.3472185875274777 -3.1498227400850345
-0.2622058847145624 -3.396994701829562
-0.36431625627984343 -3.682477991769404
-0.1040940515871212 -3.3595543455588297
-0.20016812276413554 -3.1440656416875905
-0.2610827059437854 -3.553873456868391
-0.13687231811604472 -3.8111391310461538
-0.10749553336024187 -3.7556718613719666
-0.33959103982982475 -3.7927561538054864
-0.12857272068534525 -3.403571410707168
-0.2050772969844107 -3.7696190664047156
-0.33023914820411104 -3.2564118627479255
-0.16405744838300562 -3.735279509894391
-0.13373392177923588 -3.8364370731451127
-0.2927590161455974 -3.630418544645017
-0.25933110266696996 -3.584080174579565
-0.38535916451800706 -3.4666287560369
-0.27311929844258187 -3.7754834828390664
-0.38872776262024594 -3.380507597538837
-0.16851363264574062 -3.731351926372788
-0.37141707075638675 -3.1424301277551763
-0.10774013966320406 -3.7230542349816678
-0.16581888629572752 -3.558727666471429
-0.35539008416396156 -3.711891213665937
-0.24582776698412676 -3.1483990521624103
-0.16080131968515984 -3.4007428795250414
-0.24948097317549842 -3.649340245351699
-0.31139182261869713 -3.868117352966801
-0.34366473878374637 -3.583157912453427
-0.20829664074949156 -3.2869608377449477
-0.1918410056441724 -3.1423049446624187
-0.16655717752483176 -3.5480946272514124
-0.20831520934148257 -3.605361644831967
-0.32612372778611465 -3.761507379366705
-0.17645476155802334 -3.5981804473831245
-0.1778025438398306 -3.2767451148715305
-0.13158519966364807 -3.734782675514014
-0.16229898643839102 -3.736662623898854
-0.1772302539334291 -3.613488058704555
-0.37664290689122853 -3.481775784529374
-0.25326130999958385 -3.5963259232510825
-0.381086371900459 -3.355464095395944
-0.3999846734273226 -3.8068643275069887
-0.20467904806259946 -3.2314889195627194
-0.3494400254448689 -3.6881354961161255
-0.16115107506032605 -3.2651236244319963
-0.3693491013201535 -3.7373999936120046
-0.13152834372851752 -3.575939838428216
-0.16385215135784056 -3.886232401644502
-0.38338119629498724 -3.8109077289833975
-0.375928775078601 -3.229335309416574
-0.38479741216068225 -3.386095832054664
-0.33389694273933423 -3.3501886180760128
-0.3729825067994972 -3.532444451074285
-0.31958962596547846 -3.6836360090025977
-0.13007721705552755 -3.7745246660180394
-0.3134264870230273 -3.6943849552545323
-0.30654275544698567 -3.1730499002865242
-0.3887282907331253 -3.4445848179687935
-0.36012345797544687 -3.2993842604993953
-0.133988977237867 -3.6142884817996785
-0.15999074710306802 -3.2724627989453565
-0.17241145844346087 -3.1521184038064956
-0.2558857056919558 -3.564985913663302
-0.17032680563443428 -3.189933473323635
-0.30565246427292114 -3.218662864397063
-0.39102298871985497 -3.6659258728877635
-0.3204074369194717 -3.6237134700323517
-0.1784260381297998 -3.742647747514633
-0.3132967934923667 -3.8634757559989747
-0.11969684353569643 -3.6337572460262324
-0.1914930146151494 -3.6210407365891393
-0.2152898481021603 -3.249798710145761
-0.2950541324028828 -3.148856834985704
-0.10274078800867309 -3.762330704973901
-0.30258829661155023 -3.6314955560593725
-0.24481948865606365 -3.5735109100371933
-0.2765388132685906 -3.656978617095161
-0.22995107256528063 -3.845705995610366
-0.26002752873174095 -3.6155111159739506
-0.1853408957083555 -3.666573588214796
-0.21271396361898318 -3.7872031375240987
-0.30023529205994265 -3.790208160402292
-0.12773761901023595 -3.299038095621027
-0.20045788160918193 -3.461714184018567
-0.18706785186172153 -3.349764152048037
-0.23643799438772814 -3.6808067358919097
-0.22548560572470855 -3.6685550032502743
-0.18323241673973864 -3.5097794867471994
-0.24663305523703077 -3.408392581974725
-0.2561427413080499 -3.3828196580364933
-0.23857387170130157 -3.4192397418367
-0.1286076038761641 -3.358551928513538
-0.1719653252093803 -3.8032000431273065
-0.2598838073933408 -3.300308682434143
-0.2154003614744934 -3.1853254661645405
-0.33577608793577074 -3.8609995021161625
-0.3299060243990145 -3.7734526335614937
-0.10356875524643094 -3.546315148052468
-0.37322165860224366 -3.6459832532878793
-0.22601137871564217 -3.1850469430189596
-0.25940908111905614 -3.8338654850001395
-0.16402819293510296 -3.7585060870678033
-0.3751643461499557 -3.2545616869163356
-0.13827317261201855 -3.426232045367362
-0.27646122045020216 -3.514394900297842
-0.1887602180658308 -3.5155617454607375
-0.20856213130540746 -3.243511404701631
-0.1830430621456915 -3.318111626225699
-0.33075729827802086 -3.20096481798074
-0.12148881254752886 -3.2682658801023585
-0.14364469073384634 -3.8472257515597454
-0.29895122671908914 -3.5877100469112815
-0.20430373764178916 -3.325871274105669
-0.3097554228934121 -3.273211109401863
-0.3688223308338986 -3.4200975831945284
-0.1282119453982971 -3.79370717292317
-0.20090820264766432 -3.6398523732735453
-0.25193195863703294 -3.468069613895827
-0.2873534518297921 -3.3265156674922878
-0.32667272512398726 -3.8533755067550945
-0.3597056642572345 -3.5607203836244543
-0.17245723249807476 -3.5455111950663944
-0.3304687695342815 -3.7031404220443265
-0.28471650057841624 -3.759165598583653
-0.30069026966817114 -3.500416808266227
-0.2857365638392161 -3.2790520976254176
-0.1823162697903663 -3.5727459606231458
-0.24816192604945092 -3.5875375507346776
-0.37600295903736336 -3.5227013844895594
-0.11457102939380864 -3.752661140142804
-0.22282904635940323 -3.4633114886617755
-0.18786667747884447 -3.341140127766179
-0.20354844781563464 -3.6251118720898012
-0.2826235376236919 -3.788290976655153
-0.20886869600801475 -3.6007224921847074
-0.20483226986511943 -3.181821364640106
-0.14115178641770237 -3.4479309265573845
-0.16750805162977386 -3.4930861543232585
-0.13263342808818163 -3.615960430251962
-0.2662403090447052 -3.659219751403613
-0.17054490478852227 -3.831840297703828
-0.11256763743299081 -3.61815266635909
-0.15741097777149857 -3.183598571985832
-0.278413094415284 -3.835851846404437
-0.1808562543464937 -3.338243352112875
-0.16123218889357463 -3.4158779245967525
-0.20359279225476526 -3.478123951075752
-0.13187816895472715 -3.3609089753678094
-0.17293725661226556 -3.1412125222986735
-0.28403862823617854 -3.1627754891348068
-0.13527699628337442 -3.618190029757432
-0.13367841232115651 -3.7146462855682465
-0.18485030778152636 -3.140249014499017
-0.15999640703707216 -3.339217917148464
-0.36571597492850116 -3.3302056050341573
-0.26089096702096254 -3.695958992129024
-0.3653298934683312 -3.8692241492280357
-0.31017447599562775 -3.617371889349098
-0.33826451269457525 -3.5718094930335806
-0.26940380174049117 -3.69212411792676
-0.1455732383033806 -3.3666036774210086
-0.15938241437285025 -3.368260595024794
-0.208853644597808 -3.3744426080627505
-0.32381146169423736 -3.3917720485368257
-0.2271917038864322 -3.60278897240279
-0.3836221960571412 -3.7916985005932324
-0.26626517561633767 -3.355030903007765
-0.24941349938500323 -3.2006471954224898
-0.10018895577301479 -3.8769180105670316
-0.1628469835931166 -3.221784550437737
-0.14471716712044663 -3.4109309387310423
-0.3882319008411477 -3.3883034004010524
-0.15096900785823827 -3.363110511219486
-0.19877450844634126 -3.8203636652198822
-0.32527142326784086 -3.3919915627803405
-0.3598100340123561 -3.3870187914606804
-0.22946906533063305 -3.3479232923144564
-0.39617701625955476 -3.816038085654099
-0.1204487117804609 -3.602901787994824
-0.17596789632171622 -3.429591667315601
-0.2594774870355261 -3.876235277498785
-0.39917811254746444 -3.763351275989326
-0.16277644193625038 -3.8004754455334333
-0.14680270874142792 -3.348020871244452
-0.119457402269042 -3.8493028294095906
-0.3097673102749529 -3.7769088663378803
-0.20554654549782178 -3.1864517825361
-0.30028700542367004 -3.3830188784690742
-0.38754138571530766 -3.2350020235075574
-0.37796817150514045 -3.32215280560773
-0.17106453443620737 -3.3193135923241943
-0.2500241661145162 -3.5016331979721897
-0.19277459359745594 -3.7350167014725253
-0.12704239059931532 -3.3202593336446835
-0.31028197149943326 -3.8916648287402857
-0.10452319767130913 -3.571339604365596
-0.3370122602986896 -3.4033290516499033
-0.15980774801280598 -3.492853815118428
-0.14472844835039428 -3.155377195666327
-0.2945028118106351 -3.7271773453596357
-0.19317685305093057 -3.224262496563603
-0.26638862520288975 -3.815400491277868
-0.1984451895690711 -3.3754262606124876
-0.3597574039106297 -3.4028345971927565
-0.2998334758168168 -3.610883101445025
-0.3159945074058277 -3.4622124242220753
-0.33510306290200004 -3.214945788716992
-0.35360893748140065 -3.305282755028196
-0.21069201832968448 -3.6523020707936915
-0.2999310492876472 -3.5854451959414777
-0.3994880352670248 -3.254765204983787
-0.3160729538347957 -3.6008767247662856
-0.10788690333871587 -3.580628664685104
-0.13166520596559678 -3.4505143546602763
-0.3075337921912917 -3.202931611930531
-0.3069640298919625 -3.447134741135872
-0.27060090910652496 -3.6706134594907995
-0.30220890256565447 -3.628277095919658
-0.20950662201817144 -3.1865885830852014
-0.17694819994793023 -3.2252819112369058
-0.16367975402316892 -3.1736728425403
-0.11713771380997062 -3.6279125761771294
-0.22376104885589973 -3.356186383031764
-0.2844867567199291 -3.5483306360190734
-0.18971179686502831 -3.1762538572221315
-0.35829978688787983 -3.3475990068273473
-0.3646394460913528 -3.852596157798945
-0.3791741878867196 -3.840811250587605
-0.21884783963264134 -3.4087604519990373
-0.34247616241367995 -3.23902723759718
-0.27220711597177194 -3.5789580641871046
-0.33827418501911904 -3.6108541849964295
-0.3720277402312162 -3.536703384260163
-0.2093985250478571 -3.2284562003205854
-0.36702547530223284 -3.8815134630139108
-0.23205601982339014 -3.777683001716206
-0.3494000092641887 -3.8177918952945014
-0.36655231485170514 -3.393318468765737
-0.2894046827370299 -3.2028601254126565
-0.19068353740204036 -3.6098812366374022
-0.2462596402721327 -3.3775784019969546
-0.3731803825900904 -3.260215398169824
-0.14687842502083032 -3.5006093669078737
-0.2810166304853779 -3.7239841911710823
-0.32546832006845994 -3.7444941778883227
-0.2694583728880537 -3.3141304652882955
-0.23162188301227332 -3.46757927347762
-0.3946375113035031 -3.196102468731443
-0.12012629251484197 -3.779284092857142
-0.2761029769651274 -3.647164894197192
-0.32596023081658865 -3.4474720809280606
-0.33493426927937303 -3.3118376561045824
-0.164484690125097 -3.1773397165170505
-0.20597728734136422 -3.4301216549850473
-0.14934548649296148 -3.8011309679375818
-0.1368620268762924 -3.3068248682166788
-0.21739889455743377 -3.748277138281901
-0.33876791061966477 -3.817209308496378
-0.14970070654960071 -3.3949195224760857
-0.27852980710457614 -3.2258615555274996
-0.23325516991993372 -3.299732828506131
-0.32136100606636175 -3.492451483340711
-0.2105380290854123 -3.4350072996232726
-0.3204955545436351 -3.538746096025829
-0.17802720042619138 -3.8823786779241454
-0.25279514487469623 -3.4853641723084268
-0.3575600631546897 -3.640608544214806
-0.1003451702629451 -3.206890125515642
-0.24426123921779397 -3.3375663256041226
-0.12265074560186112 -3.4942629596449772
-0.13559623021646244 -3.2903712522032174
-0.3697377764438011 -3.71687773160391
-0.28521801739793495 -3.778800967377338
-0.14109259509397643 -3.5570235462144475
-0.38154088007259224 -3.2204413976806197
-0.22195656819681367 -3.8577838239737736
-0.22523000413899458 -3.6381904432472973
-0.281338484644843 -3.666593773738856
-0.23393424958478648 -3.2601528433512534
-0.3149401565829283 -3.790854009719985
-0.10426911653119997 -3.7501559748469444
-0.19409932896136123 -3.2142021160465157
-0.22262687660280864 -3.346951679607649
-0.3706713660275882 -3.161393713390468
-0.1924354925329833 -3.4612876892167055
-0.1407465664651536 -3.7398617648352688
-0.3941541954348165 -3.398595125656991
-0.3030899692719419 -3.5107552027236366
-0.12693356100104153 -3.3534700334623624

0.09828755999727895 1.3792217994481222
0.1167798071725839 1.8193615760797046
0.13733738965210046 1.309216031805566
0.14141784894254922 1.5557139443203511
0.12179905131089233 1.5214456278802673
0.10164311398005699 1.9070966739777582
0.13111480753655655 1.970703124027251
0.13990521776725678 1.9889992539747503
0.12714755606820577 1.7259774255070948
0.09980161896753947 1.904628505740086
0.13803606185720585 1.8713623149925
0.10774835982767439 1.6254280375162558
0.1282438931341493 1.9748080772242473
0.09801200189460102 1.7980308312239666
0.1280430125528661 1.7413095592957568
0.10735786884062884 1.3618920427335564
0.08230230876891127 1.2336763018387025
0.13212400609629998 1.8817310580577054
0.06154239548899045 1.8607793283443714
0.1508203258695721 1.4804589477770613
0.13597859753326164 1.4186023585571186
0.07994379611054404 1.5472187852923092
0.1153981739068073 1.8432356938696355
0.15085728296287437 1.4801406005009865
0.14503428587673303 1.7771140512879022
0.07061053953983694 1.9627083993039272
0.13432516085403468 1.3318959528093306
0.10292069938654347 1.8699288960132066
0.06552051087671273 1.3796415022766129
0.06404933709154853 1.305810203040215
0.13592093113263748 1.9882027361843564
0.1366548554618 1.2531013659166026
0.11612048456645513 1.7138675753234955
0.07883632827416336 1.3842658555838339
0.08396739758821584 1.2994599564928782
0.07592375891570236 1.8687127318274297
0.14018764106333337 1.4019543539730772
0.06425749000380991 1.696635907861003
0.0676690804284875 1.3012051039185961
0.09396833782142527 1.6460645738189528
0.0797441069666043 1.9111709880597227
0.08600237279958002 1.6886409390501396
0.1432101985546244 1.5707112829343866
0.13211853165876078 1.402576555635098
0.0781808910335238 1.8281465354140982
0.08954820194855342 1.8933020261854225
0.1325915720233372 1.9344371921939139
0.12148314660899404 1.956940837465091
0.1250555988684346 1.3783828808600753
0.07568322982063666 1.6627879818035416
