10 50 30

0.799840715675104 1
0.0604819880814752 1
0.5149785516935874 1
0.6523902734454059 1
0.8002036558070543 1
0.6106877536463938 1
0.18078286818659672 1
0.3520845119647549 1
0.5017441638954321 1
0.6520830264946924 1

-0.2987148643943882 -3.270468333784545
-0.2787659165707901 -3.5520546383103593
-0.36293662707517954 -3.6271591521546513
-0.11444779272877864 -3.6506492631039467
-0.23276699635300438 -3.433655298759306
-0.24998651746707476 -3.7753257435129357
-0.23527406302077994 -3.750446844190782
-0.1259395520470713 -3.7821372653069476
-0.2839351532068595 -3.4097350191125733
-0.37729850371660306 -3.4727692259281646
-0.39029243953574666 -3.764389201199582
-0.22867886984561284 -3.698526513241182
-0.24447581563289295 -3.2515705659311154
-0.1168027772678219 -3.6193078494908253
-0.3240278319553793 -3.7612305648546625
-0.23009222268254517 -3.2164314204580275
-0.22661336542616403 -3.710457315817847
-0.178434528444166 -3.315478354207238
-0.3128493771079778 -3.6474051186390994
-0.13093563047167606 -3.2096012291220486
-0.16856432326730272 -3.3016938020138284
-0.3164577796416289 -3.5109909690067913
-0.19843603326781306 -3.1767718852365756
-0.17839049570836774 -3.82453469286351
-0.35886214303818165 -3.1695540596548977
-0.31495505463619766 -3.8404934612552455
-0.17748139477050437 -3.3040595361978258
-0.29486633091597136 -3.1531713971231015
-0.21621505759336387 -3.7197805747813772
-0.16290283777699993 -3.891768793762382
-0.27131064040585984 -3.6315598708216386
-0.12888693156295544 -3.6545112292493354
-0.3060921163107032 -3.1962397687009774
-0.14757770191464564 -3.58964313105164
-0.37549165429027287 -3.354745839628051
-0.3494681826166589 -3.745893691036724
-0.24401272819367234 -3.498761638592238
-0.13551404332714495 -3.253385536129773
-0.19378476547524656 -3.760943566019823
-0.1871276190760953 -3.6349879322602345
-0.27740456690830617 -3.6697358072324113
-0.27392265623071566 -3.319625353685991
-0.31434885531155354 -3.3584409139252713
-0.3243560195872899 -3.810701419509084
-0.3881153250204957 -3.8313728657105655
-0.2251564615278232 -3.354655863262974
-0.3699491499069571 -3.7470638440548165
-0.20458720384383663 -3.8509073906140223
-0.3647380690414677 -3.4510269719115483
-0.16073279515720715 -3.3844596715942186
-0.15331785052498192 -3.6671018706060012
-0.12695583075057926 -3.2386882757449293
-0.3312211002674188 -3.767410613195538
-0.10313183397212716 -3.189757383177393
-0.2861780837299165 -3.809241959802529
-0.21372352175446152 -3.716464795700596
-0.250343894418547 -3.325930034096827
-0.3483468965799027 -3.175618854175119
-0.2896788866911193 -3.1643639069078437
-0.2346430326248642 -3.2307519134683913
-0.25585174952950074 -3.660156238043637
-0.25609941208491926 -3.4000580398659297
-0.2787123836552129 -3.6596390823864793
-0.1783925752061822 -3.590296173447126
-0.17983117886495775 -3.153713843271762
-0.3435367420576727 -3.1511786187898734
-0.13141850959165935 -3.8888438039247464
-0.14561558732592322 -3.6241632563589237
-0.30872469946348696 -3.438439398637083
-0.1797090941543743 -3.84314929590756
-0.34268886598355136 -3.152388737178601
-0.35368960130089167 -3.5407282058656904
-0.36119105412991925 -3.7083953150928455
-0.3275579494986674 -3.5865492358406104
-0.22549629251863118 -3.689356553552431
-0.30111798785828864 -3.5610062485602123
-0.1284908426854574 -3.7121665596167523
-0.3900684216857374 -3.827892164412226
-0.3975483684426594 -3.5022937964525327
-0.3397404966928001 -3.7015691753081366
-0.15127366072566553 -3.1441709814160648
-0.1822970078900617 -3.2085757342691696
-0.10128786240774929 -3.870290518019693
-0.15332428112321517 -3.820019819555114
-0.20356034926627772 -3.3900967844539895
-0.33034986871129157 -3.7692638779819765
-0.17269618311309864 -3.5320472843086805
-0.32806817954129847 -3.502352203827228
-0.14368963708841687 -3.798692100844217
-0.3849249910120934 -3.6041901824160596
-0.21277664555184594 -3.710073796006912
-0.1942831759735155 -3.511168837169043
-0.22596255271017085 -3.8798752992822836
-0.18307335937736735 -3.267977739821353
-0.32771829740469494 -3.879040903096449
-0.2972279867061531 -3.6341079737613007
-0.14961573100044218 -3.3510250898670035
-0.23837453828981564 -3.326001659193858
-0.38938390414501656 -3.818252444792581
-0.3274720687169286 -3.2995454006464717
-0.26075540944153774 -3.581077423641286
-0.25921823741360994 -3.755451007818133
-0.3570953885601924 -3.773167935508417
-0.19631308293742822 -3.3095335518230096
-0.22144396328594632 -3.300846719022978
-0.33189542332040944 -3.174211513767544
-0.30265070973718655 -3.296131596665288
-0.3641085035612181 -3.731715159316418
-0.2709308352420109 -3.1961378696652893
-0.21283176908850734 -3.4131803037720627
-0.10776876281069103 -3.4051258525339083
-0.12374036702570917 -3.560888777745515
-0.13593644816815176 -3.2885115187242517
-0.39875755465111046 -3.6109455900833782
-0.2700549439690706 -3.8135617516910942
-0.24321342939379073 -3.2338258254479517
-0.35585130541646415 -3.507000017963915
-0.17323250644522364 -3.7845724354943235
-0.3501359874047052 -3.349861940919328
-0.11369470999556269 -3.1741813648995585
-0.3145429120436708 -3.4689698351745193
-0.1148637537859924 -3.1948129310318745
-0.2245811373912166 -3.212067327823609
-0.13738405721417435 -3.7453393974446088
-0.18737591972029874 -3.7551647306733376
-0.36710786498124254 -3.182577389106238
-0.28913634579965924 -3.456998027079026
-0.359673650894961 -3.729492101125277
-0.26203063165684837 -3.8468717545488507
-0.3161636712869208 -3.6763927637770126
-0.10317003169879357 -3.5584698439722757
-0.10043548963242571 -3.3363581949117456
-0.1145592827281674 -3.8526986075205514
-0.17467609750166013 -3.3725571540164063
-0.3841512148346188 -3.4501552570572205
-0.2517172146051301 -3.7211324828988395
-0.3417477160900154 -3.875293887294686
-0.36907252735451623 -3.845784288266803
-0.12301456392569088 -3.382150720212832
-0.19760853457665833 -3.880526875470497
-0.23286642244311231 -3.674440567210019
-0.31902904411210586 -3.509824276155414
-0.36100317288497 -3.4999724701817128
-0.22339233570031442 -3.2407953379965004
-0.15610083926384824 -3.3712608884665687
-0.30087228617497164 -3.2953940761179146
-0.30513026823213407 -3.4925365600865272
-0.21657391893959146 -3.3862555274410258
-0.35835252069782036 -3.420473468544757
-0.2429727295051938 -3.7010322494188443
-0.3103731475447696 -3.659926884557677
-0.2103825531402813 -3.462506323263734
-0.33421040649294237 -3.163836604743368
-0.3294165650754588 -3.3542919484693123
-0.3177305662677571 -3.352375358652726
-0.1564322344627407 -3.5162997264070928
-0.2929838901902181 -3.1786677242639687
-0.18681314643493832 -3.2407972203211166
-0.21540777916035717 -3.1598368532691117
-0.2365730923221068 -3.617679994932633
-0.30871967687969665 -3.7526187753016735
-0.26730573116257916 -3.1614248738961823
-0.20371238599380975 -3.4317640440939283
-0.18945039444148104 -3.388904379531525
-0.3892494065045535 -3.6771772537410934
-0.22329591446371516 -3.6894384697749385
-0.30683033184366515 -3.558482067428495
-0.22012572898616228 -3.526560004820712
-0.129020672633824 -3.8445740196387423
-0.13073705210035585 -3.306397786722691
-0.26734055191792433 -3.503557294204877
-0.16875337778760144 -3.7577024087802275
-0.21658524975586374 -3.372807406456654
-0.2622666050346376 -3.7681105064299056
-0.22395518436538034 -3.395329486695256
-0.35694776563810104 -3.5967131712260785
-0.309093639463553 -3.8033362542706386
-0.3623851727524977 -3.7955324907285077
-0.1467277235916129 -3.4501143967144823
-0.3027565851071387 -3.4273133921609578
-0.35723838538118763 -3.6278034443873426
-0.1687632827679741 -3.3984073011194846
-0.3324200538526495 -3.6317305531779454
-0.38940353678834355 -3.238946781558796
-0.20921971013399526 -3.387132536150689
-0.12054985155471953 -3.1937800384679003
-0.2881899431731935 -3.533371674630095
-0.2682196024323342 -3.526224853511257
-0.18949533399562896 -3.585725059260535
-0.25436117636613764 -3.738537775207053
-0.3548384015073324 -3.6525025707127763
-0.3885464110704965 -3.531309799950549
-0.23625613865048822 -3.48198823541093
-0.37856646190299365 -3.482452776872547
-0.23421549923092957 -3.4274828984438757
-0.2602513583303464 -3.7127610863645044
-0.12535939252776584 -3.651847185799234
-0.3347667522897853 -3.216449145901103
-0.25918222218809817 -3.867600594336943
-0.1283144518288658 -3.28400824227117
-0.27327242064259605 -3.8517596188471668
-0.36953992047639184 -3.336184659172135
-0.250817234506293 -3.305163182201852
-0.34445106708026857 -3.261154485909203
-0.15699167481606077 -3.2130127284115924
-0.11175578547528814 -3.7008719459699706
-0.39489544405401433 -3.6451643475766495
-0.3325316733588958 -3.201736737583323
-0.3012497461112717 -3.7948876293305807
-0.2767675737954866 -3.42334095356856
-0.3415480985220218 -3.1721049675628707
-0.3456296774984509 -3.4539048567420076
-0.29586455340343243 -3.7671465741206096
-0.19622929110170204 -3.6237874137103683
-0.10391105147455254 -3.6630431926165192
-0.3865735301495149 -3.812332212883923
-0.13886603067189413 -3.7605442597413754
-0.3031539570749494 -3.884791997161063
-0.37419710944370405 -3.401159038311671
-0.2309534082680586 -3.30952204911139
-0.2694438979378504 -3.7316257747123878
-0.2652252171571136 -3.7917877097848502
-0.3305488041487141 -3.1406920044552042
-0.1388377070568627 -3.769335699701367
-0.2092556268305602 -3.203341065133969
-0.17634161447548838 -3.4964111553115496
-0.11219096864537426 -3.327130745373603
-0.24909537649807958 -3.5783699394259396
-0.35887563382179155 -3.156418106585052
-0.20069564913311386 -3.288132350167072
-0.3923180713162855 -3.4824910581342214
-0.30389177692700226 -3.2456021711815626
-0.25126840987825677 -3.784857247089395
-0.23309020323426477 -3.3148904121815717
-0.22878174959081873 -3.7542587197977837
-0.1836883213753132 -3.814269164955786
-0.11443390169649154 -3.319171667016662
-0.1762431989777195 -3.7980109073507267
-0.36318000162976566 -3.1726616563022736
-0.26379886421437915 -3.2709464556097534
-0.2733283645747261 -3.27337637692197
-0.11488941523574264 -3.207885421831593
-0.2644296330478912 -3.1586608756922403
-0.368423780564946 -3.330646469326423
-0.3554260791371804 -3.1401136790554265
-0.11195076309449498 -3.6010651481460236
-0.13010587545727476 -3.608766850685141
-0.3042933983203132 -3.7926416162129435
-0.24769350783929456 -3.36820759883042
-0.18169981631647458 -3.6639769160601596
-0.32215368234196806 -3.7407109662744733
-0.2019167559637467 -3.613744474998426
-0.36742093412903976 -3.8808240713085342
-0.34461332557460883 -3.4879419862420304
-0.19919478493308054 -3.438688182504511
-0.15049940828793998 -3.2307826372590016
-0.27872584204403533 -3.7479270006007357
-0.31868869681462353 -3.4266940662007195
-0.15618902466550189 -3.668226738632185
-0.2605563991192949 -3.833125913236699
-0.1061498716235787 -3.211620141202032
-0.13481188603157934 -3.553250229575137
-0.37482207021372727 -3.367422430977028
-0.21955094348336132 -3.554673702903688
-0.12693367536426442 -3.6877492429101975
-0.11184988381309569 -3.275568378008809
-0.3870103591594376 -3.273638817214224
-0.2828894683724871 -3.7701182391054306
-0.28326973993151633 -3.1458774116210053
-0.1269744301018313 -3.6643344016830457
-0.2824030647785205 -3.877395032138349
-0.3671397432759687 -3.724074297800823
-0.2708059541448807 -3.6371676472568315
-0.25155004123063823 -3.5799819852476054
-0.19120872954554546 -3.166488505150983
-0.3028565711257384 -3.632286092472208
-0.14147852488560253 -3.4890753003025443
-0.33226157632682646 -3.8075835271539993
-0.22240412957075015 -3.401787098717238
-0.17969749745747973 -3.633705307281668
-0.18079930416957987 -3.5241793844731575
-0.36195424021369943 -3.531889445668755
-0.25963132536326405 -3.170276973702161
-0.17698057867061992 -3.7222539506298964
-0.23450722551357206 -3.4461070379284786
-0.22103329719347078 -3.5791582735119665
-0.23994963418024057 -3.7988222516925396
-0.11167839474424324 -3.174060055599499
-0.3835846795831704 -3.7191656648022686
-0.20999734709267315 -3.795167817587193
-0.27547211596659865 -3.3912661501662527
-0.2906840204050426 -3.5993313355522245
-0.3301215891508833 -3.323497910983663
-0.35012255073532933 -3.170028627167599
-0.26793899989504366 -3.434787044930846
-0.398504373691138 -3.825861511152353
-0.33216668761086837 -3.3791242227058214
-0.3239744880664207 -3.2869335945184623
-0.24680533571049232 -3.4151455581190424
-0.39188705678461005 -3.2336626755939593
-0.16396098351023092 -3.264219188295696
-0.3900997364069775 -3.380570057628464
-0.3857910492535414 -3.7466724062070953
-0.24996833791981066 -3.3203843045228205
-0.29150891173630233 -3.364663573488188
-0.2620376218244105 -3.852766930364168
-0.18658247162340133 -3.534857975124507
-0.11002750367761299 -3.334450912003537
-0.23707543158300776 -3.7969838891668344
-0.24335756379822238 -3.7919886324094287
-0.1442270107797003 -3.6920104395007227
-0.3085024953523795 -3.705913708077076
-0.23405487808328404 -3.596832451300733
-0.2959078219355708 -3.1950699313878026
-0.29548313078613825 -3.559004347164863
-0.3451386001381777 -3.69555054733733
-0.20765239556522738 -3.4040433213659944
-0.20638729427474398 -3.294591885704477
-0.22950983905589895 -3.8159110017068807
-0.240227307357189 -3.5316101669378335
-0.2500101365285936 -3.364655365431362
-0.14253156808776657 -3.664371247339484
-0.26057972381487327 -3.5430450084382867
-0.33523568138277887 -3.594546795471606
-0.250335307160811 -3.7600604474188866
-0.384649180377056 -3.250216708795499
-0.11790452824260211 -3.4597496801840957
-0.17172944119437172 -3.3586358248984354
-0.12410207283070279 -3.70003471155515
-0.17243823539935965 -3.5234957235084865
-0.3552441484880261 -3.2620496585328835
-0.36817439974390476 -3.4346698528938795
-0.1336650067959722 -3.1985019482079418
-0.3392825697256928 -3.57509518812581
-0.2631267436256233 -3.6866675822827055
-0.24090577578559902 -3.7668099222494353
-0.33992095084507196 -3.506419154251164
-0.11244437495810738 -3.754248178502374
-0.24171391801620762 -3.4320376841945266
-0.32132296970432683 -3.8545027965901357
-0.12594881525505297 -3.535542041088248
-0.3650998059777888 -3.4574090674048055
-0.3924678467875051 -3.7678215339021226
-0.32812685134249986 -3.2062036018600155
-0.34656646085112797 -3.280401032543552
-0.14657749300903294 -3.5069861175081014
-0.3354333831143307 -3.484070410821998
-0.2099551424640743 -3.412022211101447
-0.3454460165060163 -3.801013191226319
-0.11545239972149907 -3.2752461231649717
-0.3165228583507812 -3.4288848338022877
-0.13376898584711022 -3.5711171125617027
-0.250353980295411 -3.480393224334907
-0.24812305782036773 -3.6339465278348664
-0.32876996736124786 -3.53124191141486
-0.39983195617815553 -3.5475428421061745
-0.3305969741240146 -3.6227309461416106
-0.34582723449305003 -3.5684247569480276
-0.2925331261117036 -3.507363280797089
-0.14220337333051664 -3.4348460018074225
-0.2634184643774101 -3.4583337266893572
-0.33918212874165954 -3.4292502642222598
-0.14728459767103091 -3.3161420588288175
-0.12848325359280854 -3.261094500551601
-0.29686633128444084 -3.545664056467319
-0.3570278517666986 -3.8692205012443055
-0.3192062284030787 -3.409859401686575
-0.22620736366688945 -3.6923629264993347
-0.1620911140312346 -3.4152268409286646
-0.3959647757286046 -3.6157228857597574
-0.27563196504820253 -3.174462837883508
-0.36395728429453417 -3.530252169715552
-0.25523465100834486 -3.6616076310306633
-0.3968595108754705 -3.60879608689053
-0.3792611566889267 -3.299627365451591
-0.14170248022606896 -3.2544206595244107
-0.14237662038708915 -3.2647721917331824
-0.21587007982122836 -3.640834423113652
-0.3924466273887772 -3.7417458203001077
-0.22830167748812052 -3.633952290929877
-0.3836639408605727 -3.28973620985322
-0.14549890248837272 -3.2197563144372365
-0.19969576690764038 -3.3443105217747813
-0.16166822217063403 -3.1956264613757157
-0.29040972642426266 -3.593848334268319
-0.2524125483065593 -3.7992686863342975
-0.33173658861659494 -3.600505861664771
-0.38705191957369933 -3.582776135051987
-0.2581281801277264 -3.7734340776855144
-0.35764962694291746 -3.3712520145959513
-0.28670395224805295 -3.531779116543453
-0.10068655711546076 -3.7973354080055457
-0.22714086777232487 -3.542958878682
-0.3905847480117448 -3.3342725662825297
-0.2088362538078786 -3.713051289335871
-0.17054700167297734 -3.8540619851042
-0.2110424676270302 -3.605213777802224
-0.10059402220877084 -3.4340006021792524
-0.12449958844524422 -3.4588738955470335
-0.1515451530553719 -3.4318777392065667
-0.16831523667745757 -3.3483490118217514
-0.2532838950538939 -3.4573291260928354
-0.1084535250251874 -3.5209275372472284
-0.3563677183670342 -3.551090069840924
-0.2745715453440605 -3.476298073685131
-0.23454024062387416 -3.5280841898125024
-0.3120412098652654 -3.8043962629355335
-0.2282376022130958 -3.2298702953957847
-0.21459825033398164 -3.1747887884358583
-0.2931585024814014 -3.3841951656653526
-0.2098600927497566 -3.343966873344483
-0.3938971285384362 -3.182998801437864
-0.11259055830065734 -3.2516851762009242
-0.3001386799888746 -3.3652367490896715
-0.3064292432375366 -3.235703159639306
-0.16845184936913588 -3.506033734497318
-0.22827732400495224 -3.5902646879846745
-0.2768648403475636 -3.4259705725792142
-0.3012145326452796 -3.3919386790776245
-0.1075530171207647 -3.528920936461639
-0.24911617757493987 -3.753878640238497
-0.21039211487715212 -3.6982999951623885
-0.2597346725165057 -3.184858141439073
-0.1476724184785732 -3.836848575761824
-0.18675105598309685 -3.6596690268334275
-0.1845080939403724 -3.7713348844025827
-0.3305272772909087 -3.638685930318077
-0.311792084736024 -3.866199013510134
-0.2520782010219574 -3.823483005366492
-0.352956216536229 -3.644033901615551
-0.36083273946071287 -3.1968265445633692
-0.16378280424263408 -3.676267116796096
-0.29855271444781556 -3.335163247726669
-0.12968736156183425 -3.436459818488385
-0.33910406148908273 -3.508882573705603
-0.2809734863433752 -3.6196872048574464
-0.3254940175252508 -3.3240169623848397
-0.2270868595840632 -3.2688168594621088
-0.2292386910557837 -3.470788188215116
-0.14065195259718932 -3.716062349230198
-0.37028106126652066 -3.751545063648043
-0.37313929632303233 -3.1908650558152494
-0.1131629341941745 -3.4554692313673154
-0.21879221347943062 -3.3910661301027356
-0.11986847267432849 -3.690212367487065
-0.13935361157765197 -3.500245348768574
-0.16110369221933946 -3.1567010092669108
-0.24521639648621452 -3.5405787919126412
-0.16060027915679978 -3.5808422602515306
-0.1801453242272972 -3.4217042760125733
-0.2487440023785145 -3.707220697768816
-0.36874202682833845 -3.531536193708097
-0.2525880834295813 -3.3584629806238273
-0.3285656645866243 -3.420311268873395
-0.1250829422347613 -3.8217581032323977
-0.13799216561978073 -3.383911064987002
-0.1369319228072841 -3.6666931034274404
-0.37968372668793593 -3.374791747873128
-0.3578311352475613 -3.268880745932047
-0.368100641251537 -3.3603398500294563
-0.32582521914490253 -3.5137919034705623
-0.30016825710763423 -3.7948835132041707
-0.2779390833298739 -3.2120720128762708
-0.12435375582809588 -3.6663818804688724
-0.11464010660751922 -3.5747198016969204
-0.15915582853195265 -3.676543351200192
-0.24551463595420472 -3.830454603060804
-0.32171997287086873 -3.7361972682086937
-0.3987946679949134 -3.248431057008344
-0.1764438205540574 -3.854186639136684
-0.14951069173568432 -3.8041159087096355
-0.16019797791336918 -3.622317998665723
-0.11285061590977674 -3.6825183244017494
-0.3055455897227875 -3.5284019810700995
-0.1645446129004411 -3.2457127506954255
-0.2953352248192202 -3.8300415300575166
-0.17303932740721428 -3.227559174353302
-0.3328484762889857 -3.453056720875638
-0.2234510279903122 -3.178090026620645
-0.1313391566722814 -3.738351103891038
-0.2786891158155003 -3.859262741120715
-0.3904221962101963 -3.4948480742967285
-0.1341550185978957 -3.2033408941732437
-0.2511957254760114 -3.4795343425279888
-0.2659414531699872 -3.83309841732785
-0.17279413005905853 -3.43947619433593
-0.32697999042145426 -3.807352461421309
-0.34725047453254254 -3.1952853311290457
-0.342959510485962 -3.268837047012547
-0.16120547162627957 -3.1760950076422647
-0.15772621904040335 -3.7330756888788676
-0.22893864466808378 -3.2449169596762704
-0.2437717392107891 -3.4936403525427613
-0.23076723097749768 -3.242379012234717
-0.1922108828363497 -3.8332344984351163
-0.19437808692137779 -3.563121399312763
-0.38266284598707845 -3.1467828324318106
-0.1827053427851436 -3.459606464139772
-0.3604040095908503 -3.7801304467141192
-0.28831834550905505 -3.144479699240733

0.0865699395589593 1.471778921557634
0.10323056314986491 1.9949617668796376
0.09692674955353578 1.546429800912774
0.061092140603079124 1.4506250631714206
0.1022189714260788 1.4835655368626885
0.09128366855980785 1.8676196614248552
0.06678725525327052 1.9921333041454157
0.11839652159866415 1.9818331919750227
0.11885650321741667 1.6131751816642284
0.06870471364043115 1.8229687595226012
0.10645921488212075 1.455267989972851
0.09940898224841682 1.5862076618427252
0.151705753711306 1.5856823573794503
0.13760611996174915 1.237556757283956
0.15127117999118783 1.5482863990960551
0.08810153789757763 1.8605084466338828
0.09651940605178927 1.4465802132625925
0.06373471979087116 1.5642085575271305
0.12903260924186516 1.5093179358006936
0.14715243311304838 1.5935966749132522
0.12306403039167872 1.4520374491122667
0.09839489463002699 1.7222313457356444
0.08359426170405189 1.2659995730166176
0.09277136296933038 1.2619691166678708
0.12063528952590388 1.6479562050558192
0.09400111733654623 1.8858191502161752
0.14282072801033854 1.469413773871046
0.09532060648514212 1.84356257003354
0.13351214575271442 1.8558611094643527
0.15833195341419357 1.759817412284542
0.11355881568578215 1.5781866782612626
0.1169060336371245 1.459495989149147
0.1221992803987261 1.5922317994290245
0.12437100247127912 1.3350431376435747
0.0747379918372834 1.622061557180918
0.1233139346793438 1.522342386543625
0.1072496905033092 1.6326439577267455
0.08281934297946912 1.303749381483217
0.10037445616429638 1.2355605140903347
0.10006976653023421 1.9081736290047608
0.10965790123622798 1.3891963924791042
0.09550165965305824 1.4171818035505321
0.06158852793452281 1.4989624380181497
0.08949524654367966 1.2455216486853338
0.09048377798321178 1.2473859304199364
0.06877721392091594 1.5661943843057982
0.11937822962226609 1.5994003425406955
0.07671426191675898 1.6827588971813767
0.0736308458719689 1.8925338711756443
0.06703249791810743 1.576846669710223
