10 50 20

0.6047125757960277 1
0.48598237001482303 1
0.27776830303177613 1
0.6551545877193832 1
0.5030716112212026 1
0.7064274501112224 1
0.5190454359009857 1
0.5996986303522983 1
0.11804868597869944 1
0.33266450662775715 1

-0.10702020738308893 -3.6828071361686274
-0.3724674032657805 -3.2686574816715854
-0.30815412078850285 -3.4675303632601424
-0.28685859307272266 -3.218133468799005
-0.2944523311837855 -3.2651624777224866
-0.1047524990045759 -3.826068869032218
-0.1542757215575187 -3.1600654996681596
-0.14168032401825537 -3.5830829459971
-0.211846628873878 -3.3800586321554693
-0.3507401492169083 -3.365635764204613
-0.31669360528024304 -3.5095256321634465
-0.3390093445975726 -3.8581334618285448
-0.38788289276396215 -3.357741788251421
-0.2755572513016563 -3.747118320980935
-0.3376624669291874 -3.249222620604643
-0.12830472857007608 -3.555474886060051
-0.36997517281521397 -3.8845935265976212
-0.14919867720057078 -3.792754125902177
-0.26102299632526316 -3.5102607775722268
-0.38296697436484467 -3.453717575906465
-0.2727961125135883 -3.4007321417841023
-0.1350648515887376 -3.6322182846949147
-0.12490570456691119 -3.6412678023135547
-0.3977154863201385 -3.1890782935428135
-0.11622568320782317 -3.2245020008529997
-0.27643829399538444 -3.3189732215557153
-0.13556548451187633 -3.412764870484742
-0.3455140286596391 -3.2314174402163633
-0.14663206435638426 -3.3954715986201296
-0.3360964003555942 -3.6710411340229148
-0.236826159933171 -3.659770258112834
-0.10133700310739896 -3.6031234594817017
-0.34770458151048206 -3.256806341735372
-0.26464592247230323 -3.556502766259549
-0.24127072708053882 -3.509881334684952
-0.17959807841717385 -3.732904472601059
-0.1859945663852904 -3.327361731613647
-0.2417030010255037 -3.5789564860058705
-0.3655677453043066 -3.233711464190179
-0.1772502060899012 -3.4818538987604115
-0.16295349140431525 -3.7709530044626263
-0.33457483483581807 -3.8572374888998864
-0.2959817897435607 -3.8857574835825224
-0.3426130719282425 -3.4386788136144233
-0.16079915135253248 -3.3909833757125427
-0.2607533055893789 -3.8081112692078847
-0.3716905005375067 -3.3127288050113752
-0.39102472321440007 -3.5706329722304715
-0.15897069185232315 -3.772847029696792
-0.12013249769104062 -3.717778174206863
-0.31635032565879445 -3.883664371609526
-0.12658744696515117 -3.3578778805787164
-0.1673797697027707 -3.407754404921433
-0.22451854596682083 -3.2208391672393817
-0.2456370435919845 -3.50947415466957
-0.2327481092527545 -3.1877710383730533
-0.31544226556072597 -3.7431469383705753
-0.3900305368456757 -3.31450079803485
-0.326399129768863 -3.481018847887248
-0.2686289054797326 -3.6253474221984225
-0.17226248455176854 -3.246278221577718
-0.19712609324310224 -3.34685025624485
-0.2584318337985576 -3.2154439263117016
-0.1679371008400318 -3.318217792775021
-0.21104670454523541 -3.6169897370437694
-0.1218041075597594 -3.2199010415344307
-0.33301701720250465 -3.2128627405917753
-0.23449227925013624 -3.3964096511435526
-0.38526328691213435 -3.3256607331912917
-0.3404728350229545 -3.1667582066300004
-0.17502188970548377 -3.665423629446865
-0.3502267703384378 -3.4133576865489
-0.3320805101300862 -3.8725653486535596
-0.2620564247606513 -3.5338729940358093
-0.14477524103678063 -3.5988815194772594
-0.3949613127049448 -3.522552981319831
-0.1477905277285838 -3.492021481561075
-0.28929995236711337 -3.437818165913206
-0.35552873501267895 -3.6300457895479408
-0.36285035286400796 -3.751958727039333
-0.39532459425105737 -3.5144060399372634
-0.33602151455455354 -3.2075441471904327
-0.17970560957945858 -3.2208967648338556
-0.11580332543347194 -3.793064898981562
-0.16738581681255038 -3.6948667903221786
-0.19359611551454162 -3.308590861594001
-0.16225240750407988 -3.6929434046528242
-0.24545754141723652 -3.272320570316955
-0.3022800083871915 -3.8077942226801427
-0.16505778759679382 -3.3811927741070407
-0.2123459407322537 -3.603967756977376
-0.11499617115621824 -3.685924314149125
-0.16537087421855257 -3.2839543777030906
-0.21766659908078334 -3.3852596915466897
-0.256960828819933 -3.215654370368628
-0.12390536269184482 -3.7448848585450447
-0.1467410644415464 -3.8779147874180637
-0.20236294164027957 -3.417872397542884
-0.3877323995520835 -3.831777473654477
-0.1247195664419018 -3.775065800265186
-0.3798622270626264 -3.463605265083064
-0.11155923518050714 -3.2467735093449166
-0.2887656981971519 -3.551698485734562
-0.31804510139693776 -3.6411328576294917
-0.30645607586466483 -3.4007849368944294
-0.25150958529149536 -3.2490930813812895
-0.29199513583431846 -3.4554015934307265
-0.10924119204995575 -3.3981627590426564
-0.3069373805480127 -3.870497199370527
-0.2599493962842497 -3.5983892618793156
-0.3432328000374659 -3.5086574605348986
-0.3615202712414519 -3.3187135912638888
-0.3073902803792705 -3.3037448817955557
-0.1907378886616068 -3.6500358174972445
-0.39833185059576715 -3.833752863103485
-0.2513028298073071 -3.2223314885533094
-0.28663980440744263 -3.833735410203999
-0.3334982972023564 -3.2381244142689427
-0.3746982643973348 -3.7612943117035207
-0.30075188809018616 -3.732054918936136
-0.1759221425069511 -3.802764337296141
-0.19394324624658868 -3.6195917770397874
-0.15517445648829423 -3.6921501286863685
-0.3748195970171894 -3.5529423446712145
-0.12362092261948504 -3.238034984647302
-0.19090927745037486 -3.8329528663935837
-0.33397062243533027 -3.719796512357334
-0.2681373990412955 -3.4459415185486177
-0.3166967809608268 -3.363917107102649
-0.1645541142651297 -3.155606118484453
-0.20217554107855876 -3.6787288599824914
-0.2606310417751274 -3.4909899996099263
-0.2696975734124809 -3.48349412174243
-0.20414882475675475 -3.142749156839699
-0.3902839099877101 -3.5105434801340594
-0.13379090453498582 -3.8858579429523896
-0.11923159182117965 -3.3373933001306306
-0.1016982146860852 -3.66748761603105
-0.35546998274791275 -3.771217853259522
-0.3424510136109656 -3.248312465078551
-0.37670826059718965 -3.171302854357698
-0.15934764985180466 -3.680903273094498
-0.22336085717282053 -3.493649272930166
-0.12511725853270655 -3.6849385720882246
-0.16189162011460356 -3.886044505713159
-0.24312488116567793 -3.494099240290638
-0.28581317892921193 -3.4808909515077597
-0.3666924231535482 -3.696168780565929
-0.27977240795643654 -3.2964949220828976
-0.36945940498500757 -3.621909902069566
-0.29133761932139457 -3.4136050265880904
-0.2267003843177815 -3.7845116906886482
-0.1340518355274385 -3.481454928596576
-0.3932738260080158 -3.578898151279504
-0.13919154387426447 -3.4544019414253504
-0.3826446569376141 -3.2052091164019765
-0.3232388468930156 -3.7661488046694505
-0.23309003076797183 -3.1849694681076866
-0.3914513255950973 -3.3067957271033457
-0.1028697206114817 -3.540700460260371
-0.20365775286047735 -3.3757421796602096
-0.392908568897251 -3.1665147658054145
-0.12414521652171273 -3.2307494752609514
-0.20700568176582482 -3.1539357807764716
-0.36284892503435884 -3.8594926975185673
-0.18571393542215392 -3.3344390426728
-0.22592173466655566 -3.2760669607430826
-0.2140326803946361 -3.657832936937324
-0.24641932964238425 -3.344037058497599
-0.16456158229269574 -3.5412898714798104
-0.25538132090541066 -3.235682126610737
-0.1451074889465906 -3.7801787976286736
-0.1518910891696821 -3.1447290866891997
-0.21741452541331324 -3.563311541288194
-0.15298781679901935 -3.368764161999723
-0.24949841318752128 -3.5012131331156398
-0.3149146150329268 -3.5247829810789097
-0.12228370759692714 -3.78865350078304
-0.3724619923467917 -3.7338748186819117
-0.12846023459192402 -3.8054388772619228
-0.16151718084754824 -3.874070525974488
-0.303324961418595 -3.222365168608705
-0.13625492094268737 -3.4115904334976657
-0.17268820557142994 -3.3788578804067653
-0.3325033734400237 -3.7127873057823004
-0.30492872172795366 -3.3479757419126117
-0.11177477580930029 -3.3025527886014805
-0.3788472691170082 -3.606731110181449
-0.12848942444278771 -3.5339005375231816
-0.3829330504375689 -3.292091253624106
-0.3658795900655343 -3.3651763050896095
-0.26607509566598464 -3.7737473917318396
-0.22496816648529003 -3.447121730161262
-0.2919278398231898 -3.1594869557964875
-0.19371777990505817 -3.718768654210727
-0.283539617865626 -3.3847641115398224
-0.1748006105625089 -3.649775477797561
-0.37657395047787856 -3.253249614921198
-0.3173242811991091 -3.4174123767731337
-0.27490078575302623 -3.2957211641617548
-0.31245014657924874 -3.573561793432007
-0.3568527029669601 -3.572276198179303
-0.32194636558352574 -3.308211350924453
-0.3788638083430832 -3.407741421499853
-0.3535943805232153 -3.656206995783251
-0.18318828191933093 -3.3416526775100013
-0.3058100014942403 -3.852340505431639
-0.13349714531170392 -3.5323341285992953
-0.2198090353044408 -3.392404683380455
-0.36613656478262746 -3.169489060151544
-0.13272116021840058 -3.646282212536423
-0.1455179307126157 -3.570063705422567
-0.24526412097324213 -3.4245273060067163
-0.2611171765803988 -3.613871054852566
-0.3819413743488538 -3.5451400989444073
-0.21070121431360256 -3.4232560041583415
-0.3776068569399442 -3.307696811185019
-0.3870403984765515 -3.590255982274692
-0.21295566389031406 -3.294724524158396
-0.10788995402789892 -3.4120163450547114
-0.2992741705763021 -3.446465080895788
-0.38416692436096855 -3.7789909621272253
-0.3318606219387871 -3.3512023784285674
-0.2464382304576227 -3.439495235210748
-0.31963333132938576 -3.283103499661036
-0.20655721814217035 -3.2539150433304673
-0.13921714625115722 -3.866125081251101
-0.3962670893043961 -3.8525179286356934
-0.3435135900391995 -3.2374300776669576
-0.37519222055544477 -3.453895456221283
-0.24856965351464483 -3.768670622051414
-0.21951975366374094 -3.3881580101145055
-0.3136971155321391 -3.681483090472477
-0.39397319228258154 -3.1663580590976075
-0.39693267572282576 -3.795539937676039
-0.30917734942655717 -3.5067089182968294
-0.10095236075385489 -3.828189021258322
-0.3036287058282415 -3.39305655127799
-0.11707688699053903 -3.831994968914872
-0.2720629096314878 -3.3847128170138965
-0.2571364561333072 -3.7514659416877847
-0.12220628073606526 -3.6222606598850526
-0.1353341731131335 -3.581081029470065
-0.2531348661780264 -3.5230126690081685
-0.2275031977545277 -3.6619673416513754
-0.3729255817249669 -3.277458118215788
-0.14576084745593404 -3.516124599955219
-0.14619476944036836 -3.1422433152551807
-0.314293883134032 -3.3819782536276577
-0.15871197225110542 -3.2971895360577284
-0.20336065297058797 -3.598033455000482
-0.2527995343049813 -3.609211662410445
-0.17596215707556623 -3.5914837007560085
-0.13978361856482857 -3.7314972773614046
-0.25379763628393015 -3.2261458908235117
-0.2582045656845231 -3.60906041901032
-0.20848905900309245 -3.775207142994994
-0.28070477383215614 -3.4265159333483415
-0.2843235981992511 -3.452176483704903
-0.21126000724758887 -3.348100806321348
-0.19153594994206655 -3.854815725374346
-0.38084359870422135 -3.146519178829486
-0.14216474099555276 -3.329519682108293
-0.296239387207923 -3.4822209240945505
-0.21213315949837602 -3.8398595969904963
-0.2286827775157501 -3.439957608426994
-0.13709764583677242 -3.4981440203611136
-0.3641634914613838 -3.3277821027538046
-0.22242103603468524 -3.7775898625105775
-0.22903887618660715 -3.646394106638566
-0.38530372543176483 -3.2997447524844707
-0.27068428706696984 -3.30535806164446
-0.3055077377769834 -3.6252503465990173
-0.17694030234518004 -3.8675229817861263
-0.1149624546925831 -3.144123334412467
-0.26712262469835646 -3.6377256773692768
-0.34830842508472115 -3.4516713838319837
-0.3889888600221406 -3.817972381863388
-0.3786310194598402 -3.320838011367047
-0.12228067351952077 -3.244038997138494
-0.37123718520244453 -3.1671230485058204
-0.15796993831637476 -3.3287287328074653
-0.25338991552248696 -3.6452024298341437
-0.22661304970019638 -3.210800626383829
-0.10056984836609706 -3.1414757458345037
-0.31498605862413487 -3.2580626508778696
-0.15955641344107296 -3.6816192463498707
-0.1445539224390442 -3.67180444397616
-0.11930157862511287 -3.364570089492004
-0.33370648966377975 -3.1917026679015423
-0.2842377444721776 -3.752799100656505
-0.20622589184640647 -3.676329301093838
-0.39544222423159237 -3.692390107212103
-0.2253072666528593 -3.829493583457349
-0.1014129705662451 -3.6578588012731847
-0.15272417588965662 -3.7590763038476447
-0.13425081520614018 -3.682763301637004
-0.30068689110679797 -3.735423819136172
-0.39554835541952216 -3.825104682209371
-0.2747086184898131 -3.8762170142792254
-0.22633828224645683 -3.4056511700514402
-0.11489223569994139 -3.203311734192899
-0.32418662060336306 -3.8917969478039884
-0.247962149899202 -3.391709746480105
-0.2895873059398325 -3.7121629745416307
-0.1778550087053284 -3.193042472090803
-0.17485945312531787 -3.862697942287322
-0.32697088085447124 -3.7987609863912484
-0.17204915226077297 -3.8730450131591168
-0.22442788594029697 -3.186418864406211
-0.3739101425414728 -3.6195589357265954
-0.24646175325542 -3.2702857991255465
-0.3490090524107123 -3.590640330915452
-0.232421008941812 -3.408691685539517
-0.3873202919761733 -3.621974534699106
-0.3359393438804764 -3.424970347752626
-0.2783971891403654 -3.3936770946732766
-0.22537442241740938 -3.8480916935371474
-0.3862238100132062 -3.487318328511631
-0.26421874008080254 -3.7245736266748475
-0.15432142560746412 -3.4114790526098857
-0.2179711887544574 -3.874197327906463
-0.37356503410919384 -3.4464154674022134
-0.30194924075366686 -3.7653124752797633
-0.29113620319067757 -3.843516612274104
-0.24248489365486306 -3.804421366573354
-0.3778383580109465 -3.568948250948032
-0.30734819032940214 -3.7568570509795256
-0.3493589192535663 -3.3571268279024373
-0.1843202227653461 -3.5682024712465936
-0.22020321290457637 -3.188470790707835
-0.38017547897182596 -3.664268368830705
-0.2769571715622502 -3.581901422991494
-0.28875221813022206 -3.172510183255915
-0.3986655317512857 -3.225677468519713
-0.3535176307020947 -3.43483191506957
-0.12658548380942886 -3.2873326038562656
-0.36877110010137953 -3.146749292744141
-0.10630966162878186 -3.5969804943021977
-0.13936357203250005 -3.5544627581854065
-0.2326746770904688 -3.1642167064791495
-0.2207594349198581 -3.658576046710172
-0.195977800206022 -3.4866121584043475
-0.18024734026498818 -3.2763401390184463
-0.1736316138698439 -3.5749832662670977
-0.22931134353324747 -3.264227418581776
-0.2599416867054886 -3.7694816456674043
-0.36484074980764214 -3.1741536786592586
-0.3392622127483802 -3.15749786239765
-0.32083729873303635 -3.6632005978527635
-0.16392181292366192 -3.361685229598185
-0.12181378936440668 -3.2945398637051255
-0.2941509071984127 -3.775133669471361
-0.3610577544334241 -3.8314035226182503
-0.3051877083795895 -3.7200318372108487
-0.10214010161685444 -3.417935445807152
-0.10628547474661676 -3.6035543793674596
-0.19798872159056907 -3.8804070367176804
-0.38537788198382733 -3.4138655662373343
-0.3953776649827191 -3.880350025547384
-0.3302631132503731 -3.6134715434338753
-0.34928490115171357 -3.8793063498879117
-0.3875988150805404 -3.409011856940435
-0.3655061029685248 -3.3389923380545525
-0.2674719479345317 -3.1443211537329803
-0.1744989026502698 -3.2735894562448444
-0.23547907716440336 -3.3192852636326053
-0.11782553458811429 -3.8303208341149033
-0.16001272227004926 -3.4747417033009764
-0.3210372498203359 -3.2988702630781317
-0.14315576236670202 -3.2389932945445135
-0.1743214797234851 -3.3893733060454756
-0.2676970137410864 -3.5754366280359258
-0.3147076972037082 -3.4413566415106804
-0.1845944065158979 -3.7696384579668565
-0.16598279513777278 -3.2568914513028364
-0.2980437780642182 -3.8712745942737063
-0.3227143460223327 -3.616311176645467
-0.3728301824865954 -3.415456955734846
-0.15795467633084523 -3.722942935324286
-0.2166759464447747 -3.8360483549373487
-0.22636694820417988 -3.7732106003134973
-0.3343277834246567 -3.230987668159156
-0.34149024138972806 -3.243748607660522
-0.2944406964678225 -3.680142531747219
-0.39106532868698485 -3.4397766196009942
-0.39675401975616653 -3.1396933106700704
-0.16963707998197747 -3.7113214901082787
-0.18753244056847898 -3.536647295607058
-0.379826740429578 -3.383779186933234
-0.3886486411583866 -3.3733012854155153
-0.3155443862181221 -3.21030845397792
-0.23327947427878012 -3.64307813032805
-0.15214183845587886 -3.6329897889719414
-0.2852455483388478 -3.181293873208208
-0.12167546053345141 -3.340612330881626
-0.29549090410711204 -3.559073729642363
-0.2158246323874264 -3.152751300909948
-0.1570613912598673 -3.2076204961125505
-0.2220130689356574 -3.6007110658272174
-0.21044871890597058 -3.6288256442322013
-0.39722678370912434 -3.3300103014216793
-0.3541407402938964 -3.3152197524159126
-0.1468496939421463 -3.4178281815996967
-0.22896967462356033 -3.255889223541521
-0.15130581750592045 -3.6034369380993114
-0.30828044956432693 -3.576095435175444
-0.16932241460524364 -3.14851042142181
-0.20679151103935192 -3.3731926120432654
-0.2666531803731508 -3.7433193051559934
-0.2569610465128003 -3.144945010396253
-0.3833845845360612 -3.375810079301658
-0.305085804654579 -3.399937711547033
-0.386947057804952 -3.8158512175645973
-0.2701498483034831 -3.626291037095579
-0.280580070677572 -3.66305042961927
-0.3757424492703389 -3.2180240030430856
-0.11384192833828649 -3.321946092624858
-0.20783193964088661 -3.5616745730151314
-0.2191022809546379 -3.551392764302568
-0.373286568740043 -3.539341152655529
-0.16095538154221734 -3.8617586251381013
-0.25227815068509213 -3.6982169811307952
-0.15644361679888014 -3.7839336664334327
-0.3519866941294485 -3.6660910045831168
-0.24380015680360811 -3.3044057149974098
-0.3610761073693149 -3.6689952568894255
-0.19823152012266623 -3.2771434106647432
-0.24299399302558353 -3.8797307266494037
-0.12186598425845813 -3.8066737131232946
-0.14693152654461378 -3.49775628067671
-0.16738586601984562 -3.2412646325987224
-0.32700041507825717 -3.181155834716059
-0.3222039811604287 -3.558807938510139
-0.20193914308176883 -3.6661373440290586
-0.1322686942896376 -3.889232705116887
-0.3940524203495982 -3.454547728037884
-0.10588202618011272 -3.4197920383925853
-0.2681871799128206 -3.183295667549356
-0.29250092041204245 -3.648782047784868
-0.10031974419128753 -3.8906060812665886
-0.3724380681759156 -3.224077650626189
-0.2718136627128815 -3.891401153480833
-0.28206474806926124 -3.6909552972289332
-0.1027977364021525 -3.233711182946266
-0.39701238651256426 -3.821939587887892
-0.37857620166624417 -3.2109436347926654
-0.302239102826773 -3.830657308241853
-0.265288795390815 -3.8538088681762765
-0.38002684523168206 -3.6599045087633177
-0.14633996231512175 -3.8070759413370148
-0.15032213596255414 -3.3939101641821905
-0.26745766918281194 -3.853433015987367
-0.33649161778746955 -3.853623761001817
-0.1756494775204734 -3.8168743248308226
-0.2422400874790694 -3.427334695155075
-0.3816305187989355 -3.755390155609932
-0.19286414410901914 -3.2969077791042394
-0.32755773817699785 -3.279910701062681
-0.34020616705675444 -3.27883188517194
-0.30742864525183744 -3.7826329482193812
-0.15200767760174622 -3.6541945613230964
-0.3410593938869824 -3.8111006116561548
-0.17540488715849645 -3.630761931106928
-0.25152354793593534 -3.5421518654285844
-0.25578256341216776 -3.4063000907604897
-0.12342306012653448 -3.3433168675297065
-0.24499152154947376 -3.3815041633870297
-0.3404929602295904 -3.8163960346884416
-0.2253902564726917 -3.7510930563244234
-0.3735769990326315 -3.6616677208184054
-0.19957407299089866 -3.802614140967263
-0.3741009876962625 -3.2878847657593826
-0.19640017867713863 -3.7325193343771192
-0.18800555225203539 -3.3928767143903835
-0.1831537740480827 -3.5258719730184773
-0.305725122424602 -3.879300454000957
-0.33994253208827463 -3.539665996946397
-0.20209668843452316 -3.558505546794928
-0.13737241596606964 -3.4945070479759814
-0.24948434519015011 -3.2219121043990606
-0.23459568032893496 -3.344647404831259
-0.3779374866266295 -3.3259469756134257
-0.15126095056940259 -3.7956663009109266
-0.1668627325715475 -3.6326551196398205
-0.3949407205543224 -3.322636678519541
-0.13705150681438028 -3.5657053211465217
-0.29912072905896003 -3.6619454953637893
-0.2850944365159086 -3.3714199141564007
-0.27298696038953696 -3.5546592649563946
-0.19506836416040305 -3.347433612193576
-0.19286053415302468 -3.8891350792885233
-0.33450898585578104 -3.5416042533184964
-0.10882661162566604 -3.384904040444908
-0.12570207058617677 -3.8120896248737997
-0.1126731243342114 -3.2079210945270487
-0.32500312529193454 -3.3970141856441822
-0.3767337972729036 -3.7968026847270138
-0.33824338423093997 -3.232968561141136
-0.26646105065968484 -3.299554787650632

0.09364662143346908 1.8542491739203304
0.14656072632763745 1.2007241439475898
0.07455622946400024 1.9024075475462827
0.14975917558664015 1.4242588309511293
0.08772468603587227 1.9016555430998738
0.12419639602940744 1.409854379264595
0.10576913666723337 1.3215864976987424
0.07082134086352491 1.8894249265693133
0.06447226146535032 1.4117455723168666
0.09858405609694398 1.9597651232155546
0.08501716011647319 1.3568106264348898
0.08306549786337432 1.4338881174016385
0.09827977146505604 1.7879118955946343
0.1255491998141191 1.6347485880161035
0.15363916091133728 1.2400926554549616
0.10275930901006337 1.4685829660813068
0.11518943373269194 1.2873534819512324
0.07871053816386767 1.4438108295271799
0.0987527272229293 1.3267919628395177
0.13044472226472786 1.9526007277542283
0.0734969763877357 1.988923729648464
0.0979008855097975 1.9742582759033174
0.06644907724501095 1.960622487659742
0.1518987616329525 1.3468957998117537
0.14206594741688083 1.204770852029444
0.12423037201156152 1.87732973051409
0.11745073117375587 1.464214657947128
0.13921696431591501 1.7057270794439825
0.14743591583797283 1.6807175095137918
0.14247036239258498 1.3054069378101922
0.09231457318086347 1.9756703175065229
0.10030399664186632 1.9701873389577644
0.07017441825948598 1.6880809572014608
0.13531770739746557 1.6260879836029476
0.14680858095658528 1.6011275658950734
0.10829581252999274 1.924850907090749
0.1541629776193168 1.5873762704283783
0.10181603536531994 1.4059220677748605
0.1548845910842775 1.3196165311813424
0.1512151726238662 1.9255653937945167
0.14797873833408517 1.4796771295377469
0.13651485499465105 1.200918367149562
0.09265066376229092 1.4642883892624265
0.08136604725855695 1.2827738688204504
0.07767875152084834 1.5932157857059168
0.15059766711159245 1.7816132507817026
0.09453586541594729 1.9363881446389613
0.15326001818625212 1.3996423800384998
0.1493133219236293 1.8309696722276618
0.1494253528723781 1.244029069352914
