10 50 20

0.5058724064858221 1
0.41835709229777895 1
0.3737258972621642 1
0.8387734666231406 1
0.8347785330914157 1
0.8234671295926049 1
0.38950950972330267 1
0.056674688655399486 1
0.951573809685945 1
0.5828005126738433 1

-0.2905571877794374 -3.6196859361625418
-0.12718693116894386 -3.60044819600969
-0.22897288918287562 -3.787431848919521
-0.3492410275075802 -3.8183754163471564
-0.29064132968885903 -3.405092422382819
-0.26281976069554436 -3.4067780511674903
-0.2119802853712419 -3.86418764481295
-0.3071705179355523 -3.2638720342242404
-0.2777231083643569 -3.1902982550200267
-0.2651332845256602 -3.19601250275571
-0.11679905193079726 -3.3682900638489954
-0.3653447162907164 -3.449643149928493
-0.3236175769077051 -3.597597411718651
-0.17246468021056696 -3.86175253902552
-0.3989542216841899 -3.3238879900741902
-0.20877375186457894 -3.792222464955777
-0.10021245819679536 -3.7667714396516176
-0.2055441146241359 -3.2711035144926344
-0.323344805329431 -3.348241689049238
-0.37268833740325213 -3.2993783780641057
-0.15897059513581663 -3.1739555405394793
-0.2535137838879521 -3.873201074861404
-0.36770940259878115 -3.6780826743450006
-0.14269141779338695 -3.3477746784957993
-0.25486919493578863 -3.8079700417830384
-0.28768432667456234 -3.7840891084052632
-0.3731513677335757 -3.7772755085965426
-0.22251795354010834 -3.591609841808156
-0.39491445789294954 -3.5989208993422106
-0.1773092363081188 -3.7960664782164066
-0.2730916554758379 -3.6044140718008704
-0.3342226725627355 -3.707346200670093
-0.1392235280345296 -3.442500727542532
-0.2682117933273804 -3.4967470897579456
-0.23869860420562244 -3.450826540658593
-0.3018074238754634 -3.1846797045173885
-0.16807689264233747 -3.606040856624916
-0.20159889086822377 -3.166531691058005
-0.14081998142412067 -3.843151963465616
-0.2281222976677977 -3.864066418248833
-0.12080158241513772 -3.3186838816481865
-0.1669620684283682 -3.5929938276263615
-0.17827635129055705 -3.4048058520179403
-0.22086923047830556 -3.835299083726378
-0.2830159567247123 -3.6752333132869714
-0.19853885611612662 -3.376077509759373
-0.22791601373347084 -3.5498948116704208
-0.38691956763894786 -3.1828823406998437
-0.14595983250003647 -3.409442575601822
-0.28577609568414186 -3.7217042810615446
-0.2685382265375089 -3.5472850537352847
-0.23078776549578142 -3.3694003714107534
-0.27339511305570907 -3.298532894924544
-0.30309950499947935 -3.2623769188508174
-0.12293077173905492 -3.5827388983706965
-0.3077072424816275 -3.4576484431875394
-0.25016968411572016 -3.60153202824231
-0.10119436151033157 -3.4697202086101084
-0.2624895860469861 -3.584224597368983
-0.348929529820894 -3.4120280269752383
-0.34689809946400696 -3.8395093752004037
-0.10266710366475995 -3.2030310118160163
-0.1137127290430947 -3.724520714070016
-0.208733390398129 -3.3977134253750783
-0.29704655865990126 -3.8708580698311907
-0.3979413882918631 -3.321909625502835
-0.3322712764884521 -3.437293700058415
-0.2766944112021946 -3.7232213321264642
-0.285326252019901 -3.2380593354770646
-0.35116487468463226 -3.6402544880660948
-0.23067304064756736 -3.274440784073719
-0.18800849458077204 -3.784250731397207
-0.215421204913144 -3.3794833767689116
-0.3620703765287355 -3.2476596911416693
-0.2604561074286094 -3.227606111235089
-0.3603023804619895 -3.3496606143462824
-0.373904859459569 -3.2454690951008516
-0.3708052141773879 -3.74623583253625
-0.22582744656516154 -3.156619842480951
-0.29181095685371944 -3.7344002509560608
-0.19637038796221593 -3.7238358292504397
-0.12653735548968398 -3.8803411822495066
-0.1657639772217275 -3.5262401413382616
-0.15704748091770765 -3.2811533513830713
-0.22659115836970106 -3.1442310891291645
-0.1298842646416063 -3.7601894227842267
-0.2087138364819752 -3.6685941392484733
-0.1244782903369297 -3.7917187471266613
-0.20791907881867802 -3.2114508932038106
-0.37761975207822657 -3.5100216096795473
-0.15292140964255374 -3.600491142849463
-0.14200674599451513 -3.267997373042008
-0.12668747187270052 -3.4689967233543215
-0.3703372486890168 -3.5140303679897116
-0.3834734783478715 -3.7114797379537627
-0.3555975648567241 -3.8546904642854796
-0.3353250112452344 -3.6098391816451256
-0.2567733327569438 -3.257661246658888
-0.16849937310315596 -3.3810111667079026
-0.39624672812655237 -3.462772211431524
-0.21785167539259406 -3.602828457234927
-0.31774073703287836 -3.393760938666192
-0.2732706586592514 -3.5678800341249812
-0.29136682133589603 -3.3056422752726347
-0.1635396499432847 -3.8571570371718207
-0.2860565575166867 -3.6563852340343286
-0.11701090432540762 -3.757536488511952
-0.23820363410509068 -3.3666776857850786
-0.33475577289154235 -3.7262282948237804
-0.2573292161225348 -3.6982432875553597
-0.32650657399284044 -3.358139894635256
-0.23606767906173237 -3.5202562915098046
-0.2575514586239572 -3.409570899920187
-0.23767279507638986 -3.810727889188066
-0.2405123485448093 -3.217037753278248
-0.34967730391283336 -3.4491601706500603
-0.288800856045849 -3.509181283321171
-0.1876233160429457 -3.5312762140204677
-0.19142724177094725 -3.779165535117781
-0.18604574059904316 -3.349205155465718
-0.22200304359412915 -3.534455409962746
-0.10159625289217172 -3.199654771605807
-0.2248086780749328 -3.336045214466124
-0.22800977446944734 -3.6283932360422777
-0.2214695635467939 -3.6123840825168303
-0.17565305216755492 -3.1898954112360696
-0.10687090408043198 -3.172299985098527
-0.2024544628032177 -3.640069494557725
-0.2646804065552233 -3.655799165209338
-0.3727426162491451 -3.8047457552431476
-0.340626853926474 -3.1689581331926124
-0.27332695479075564 -3.6613639658604544
-0.15968584506926348 -3.622382528190309
-0.2766768856528931 -3.332689084711571
-0.1601986563229333 -3.703243945396826
-0.1502577897684412 -3.712839428487486
-0.3789723165971469 -3.2910571072434167
-0.13630214215869224 -3.284762157130354
-0.24119680603093555 -3.476629514565873
-0.3019380354502561 -3.2077936474729722
-0.2882631468314651 -3.651576845005454
-0.2748757757243101 -3.463251935074312
-0.10530764907215812 -3.524597476074897
-0.13441577967119783 -3.4900743732623627
-0.31678667538475463 -3.4193598391509843
-0.3329882400683095 -3.7808434585421304
-0.28090246963065924 -3.8480938186250837
-0.20784859832491062 -3.3686366131079657
-0.21193725082579917 -3.421441963741538
-0.14448878313523028 -3.4905224286270746
-0.12738952191906844 -3.6186494785910854
-0.30386363552765244 -3.653676042931746
-0.14771160948449857 -3.276686763377575
-0.2045278780581007 -3.277955565576574
-0.3513945825611655 -3.3919936074912673
-0.32183889035235713 -3.4592738973991652
-0.2437013214143911 -3.3366747460445434
-0.1848241920621431 -3.482029162773187
-0.3213260871900051 -3.199942955627386
-0.1448537483634429 -3.3693934884727086
-0.19968658716623702 -3.1986714926437796
-0.24423898058804083 -3.548972127310707
-0.3503470464867754 -3.389462617445358
-0.30655378745864 -3.2674705828810615
-0.16471905844947138 -3.4630382790588343
-0.20646371621548762 -3.45870160881174
-0.30585385757073624 -3.6354176388050514
-0.12775162379502697 -3.492572891394082
-0.2795994469799733 -3.3222921579627247
-0.16008835272580338 -3.7125826747974524
-0.21407831325800433 -3.647152328560359
-0.30788401476744776 -3.2325962205382686
-0.34712167340234096 -3.1469436470952235
-0.2066706634886186 -3.8410589077171093
-0.17085199539513674 -3.2848397406068406
-0.17558476456775512 -3.7513771591394507
-0.23156272501641312 -3.781056570722096
-0.16134508760589414 -3.6317652611622964
-0.3811804675731372 -3.487407604632073
-0.27501065258839164 -3.607500900385824
-0.1880377684823349 -3.6846590473186653
-0.2878452834327097 -3.6775047696215313
-0.23251931865909967 -3.887353461716931
-0.25113093476653653 -3.599096042382277
-0.24144223993779165 -3.414909994435052
-0.1968210097508478 -3.511799104175788
-0.17319329528600746 -3.700333596767027
-0.21705518318193542 -3.15248635966007
-0.2069244632996091 -3.855941805352276
-0.10064780237927079 -3.595796899854427
-0.15629701829207762 -3.4920894588273734
-0.3100112674800516 -3.3889925475359757
-0.2752415339578659 -3.7783225303169807
-0.13403675242855756 -3.619667806780023
-0.282523865866972 -3.333220072834761
-0.14729363188475486 -3.4381530350339813
-0.32630663168446283 -3.774653407268347
-0.3986131242375988 -3.357423400115636
-0.12878875927223343 -3.6374391639436974
-0.3233749463170935 -3.8240717291558473
-0.19543801996923865 -3.4215354247131318
-0.12357014480138351 -3.5513513624595507
-0.3886455954501037 -3.160915525647461
-0.3618878662010244 -3.3096821254199944
-0.12320514734469218 -3.6610290429803327
-0.13490698659483036 -3.54136340943263
-0.123184292015524 -3.8652762652419774
-0.26372668849720105 -3.272005836503661
-0.20843779913645386 -3.7277687846255154
-0.28474806680325987 -3.509714616646322
-0.34929436194809405 -3.27295873917796
-0.3233650293007113 -3.254259184054207
-0.305899364298769 -3.5525016545654062
-0.12011427725309398 -3.5224908099777785
-0.10189536323368487 -3.399758368068771
-0.20969991572054394 -3.2508813927758506
-0.35068410607996964 -3.4099170515724433
-0.2549120317991521 -3.753931657470205
-0.10705135121144094 -3.3468363889794674
-0.16283418485356702 -3.3569150464681607
-0.1882805671550396 -3.619510932102382
-0.18794537528914002 -3.4828849066148
-0.32535908206732905 -3.168268841995979
-0.2819922140278576 -3.4420176037511863
-0.13330171734278762 -3.461242440025335
-0.2549427286510072 -3.309498120366611
-0.31647836040176397 -3.5593592685947706
-0.22158956886998118 -3.569605283544604
-0.31974939537652614 -3.668109134525617
-0.39372689611007033 -3.4523763930800686
-0.38314395345134217 -3.868372472894801
-0.376898843690095 -3.1969035975382276
-0.19258738472025771 -3.275295117718229
-0.16173550270381973 -3.337083609448393
-0.3700032213036862 -3.5652697764953025
-0.3699717362749297 -3.8041540347370724
-0.14253297274183968 -3.1787935434919863
-0.3512744117128825 -3.7859654556930398
-0.13130088363411108 -3.6878326283981355
-0.1238297813471746 -3.5657937368428407
-0.1307738110656808 -3.331246045386331
-0.14164740283283722 -3.7312366283824128
-0.2641691668816032 -3.6757860427450764
-0.2620586937126729 -3.2378945573076043
-0.337319606428777 -3.8602564735906264
-0.2901941301063603 -3.376445304526092
-0.393819422869297 -3.5290739684700165
-0.16583522883652482 -3.6702117669927414
-0.12499930216715516 -3.6375950874777874
-0.2019821125936306 -3.1861471426613126
-0.32683118034059905 -3.839454529487663
-0.22885577486549966 -3.8076517087894395
-0.14130002653935014 -3.6137908644762375
-0.2929699961776985 -3.4195664775475136
-0.17945295187615629 -3.576544213382901
-0.28182560367794773 -3.232142809756283
-0.2974799904339107 -3.725964294328243
-0.3005902116046508 -3.8691890305884087
-0.14541741210303283 -3.85886201059061
-0.2681668791146292 -3.538614665361194
-0.26542976396718576 -3.707813855523405
-0.1640789863713011 -3.2136582063366594
-0.3689950879120296 -3.340465504721091
-0.24029940635664507 -3.3080669814475696
-0.289262428472795 -3.3601018792080106
-0.3388112015682584 -3.671032669397279
-0.1913602568760921 -3.4420127972293564
-0.3781834448106015 -3.276039497854748
-0.15821315572452624 -3.4531026214269507
-0.38808459701156006 -3.8623736652851437
-0.3497797447352715 -3.6803187154527204
-0.24051687414238257 -3.284828704561275
-0.3185037797431278 -3.2415203088561997
-0.3657242150464764 -3.2561567080050406
-0.18695963683753977 -3.3345618638403836
-0.2945727193784382 -3.5654871060216538
-0.36172795190106133 -3.558713031450865
-0.2372740768866478 -3.8672597274037446
-0.1097134593004771 -3.455348489324494
-0.23433894052313142 -3.2178374269190124
-0.14719242028491547 -3.6602193763145703
-0.2387621418841878 -3.7836918742991026
-0.29700112951115504 -3.2641691102798838
-0.2038415294107542 -3.502094797138544
-0.2094144675711667 -3.38852992627843
-0.17280616089241013 -3.2753197428231555
-0.2700870983516664 -3.588886379085381
-0.28001626423440884 -3.855079228264878
-0.283048702819828 -3.17757792521485
-0.30782423304858286 -3.372473499276737
-0.37823907663984463 -3.8031069340608776
-0.19456534249060517 -3.8375575717608603
-0.17323254255993714 -3.3846112965884307
-0.16683944462081915 -3.5606487150808293
-0.3839696351321266 -3.7339174847666268
-0.36883779747198026 -3.1588265109591074
-0.30750215365701816 -3.174497884661339
-0.35193906891008475 -3.4616693097369584
-0.2445579478594282 -3.1508752773035718
-0.32030213425340875 -3.7265689384645513
-0.38383439777081496 -3.688787637743878
-0.35591237086692284 -3.8369283398815917
-0.3829158114004059 -3.3034653065666126
-0.2799797802654251 -3.81784719847442
-0.3865496191670682 -3.684453074036722
-0.19560891636832548 -3.6812295198324687
-0.14294116038046306 -3.153658462117784
-0.10783052494688217 -3.8032775260440745
-0.3390955179398162 -3.4149567097838975
-0.16444810352138461 -3.462117372317953
-0.20038811127540357 -3.4456157346916116
-0.24282927579321623 -3.621144793628892
-0.2576318438382338 -3.8901763246648127
-0.3153462017156524 -3.2112618067491288
-0.1565656351559018 -3.6624276258361634
-0.22330138098844052 -3.5009907612721216
-0.1994672642182422 -3.8261614843805005
-0.10493292646540348 -3.749541631864343
-0.3381527902163926 -3.872597331215942
-0.3353126940419582 -3.461269040981385
-0.348929402644528 -3.447501361798015
-0.2841234904853871 -3.8077707245899552
-0.3235823710190534 -3.524807640001483
-0.12731841660325877 -3.8224662885108134
-0.12243274847827695 -3.498005602169057
-0.11925918689461334 -3.7753151883666543
-0.17747153332895177 -3.8369668865970223
-0.19365253447011616 -3.5101134029339645
-0.393300503689715 -3.6315111807447096
-0.1280677869309229 -3.4117058097903237
-0.18481955362110505 -3.799731177540075
-0.12239972061813803 -3.835419736789867
-0.3449335327842111 -3.2288230294886544
-0.30923597838280925 -3.7088541280431357
-0.11925568871510367 -3.1887279190962525
-0.22170609801042754 -3.1581296229350397
-0.14896968655184784 -3.6634559107364826
-0.19898306033324317 -3.7575493323813016
-0.10503670902231144 -3.3484444226627668
-0.16688699568800108 -3.658910710777493
-0.2925454223991691 -3.7629662957364913
-0.28634335858374116 -3.834454512632215
-0.29105514049230335 -3.852096534579678
-0.2501772647662224 -3.6340118145082423
-0.38608268979403665 -3.8802799592259283
-0.1834187111297505 -3.4372745873739854
-0.31254182775692424 -3.4170804382949456
-0.26397480426268205 -3.207028432973652
-0.1424550011563222 -3.2891238769939366
-0.3100625465915495 -3.425466638165889
-0.17508011742540996 -3.5213477003985587
-0.20402266856968526 -3.8010242823268707
-0.17085953437242604 -3.220978715022098
-0.29208884855197537 -3.819620412852777
-0.2941546604347348 -3.7025451862459935
-0.38038478970789225 -3.7579854074326127
-0.23017101423619582 -3.333243390204647
-0.2839941703173664 -3.231781068498935
-0.3513565563986571 -3.2806931394974663
-0.26527012362727703 -3.706987022813943
-0.1860184444638384 -3.870034089512837
-0.12879874045078743 -3.871497338139023
-0.21471553684492953 -3.8107676253211165
-0.37901454855523925 -3.7389227527064803
-0.16807280948878003 -3.1746980143406995
-0.20590417883515527 -3.693813089205259
-0.26337881956005166 -3.641667158828172
-0.3089685827862157 -3.4664040521690467
-0.3462626570244077 -3.3688323999853322
-0.16122825000535168 -3.664614188799857
-0.11655049487561181 -3.844719181553243
-0.3198696937342773 -3.764270769300167
-0.15920219598910115 -3.3928895522827487
-0.14610663267747565 -3.3849965727603677
-0.1467167980295188 -3.74711319783234
-0.2112496774438244 -3.3138792307017617
-0.3388117970034126 -3.511693470583288
-0.2697945880656403 -3.6470093502199794
-0.10101313075293938 -3.820148821998318
-0.22611236511792313 -3.8186271239388514
-0.20906198917626428 -3.4803723693587094
-0.31808712453846527 -3.6328576067553806
-0.21401055519886247 -3.220740721997335
-0.15546696731185297 -3.2408964002395555
-0.38837164807410096 -3.488745470701004
-0.1392322609162739 -3.8287498547008205
-0.2388456634917218 -3.355296726910572
-0.36033322184962546 -3.2250670946665942
-0.2956130929343703 -3.1485271982191705
-0.23318583999263498 -3.661714347518523
-0.37444415729204994 -3.6065108185476253
-0.30042441972493683 -3.3771446053426653
-0.21324376210183546 -3.2827041121950233
-0.2920056688687369 -3.3135296647925228
-0.17063919214778583 -3.425003078699735
-0.3449550858022986 -3.2429909796407017
-0.16276741793188088 -3.8327773861369283
-0.28277477210922086 -3.8801787625722755
-0.20549442442305668 -3.763830505139543
-0.2972047401218045 -3.191537212324622
-0.22766451511930455 -3.848477413916635
-0.23895467446468494 -3.2322606291814746
-0.17219251978405367 -3.567156585886009
-0.13745321407184802 -3.591012301526475
-0.1699804569645485 -3.187513814951746
-0.3659171032239632 -3.2129712280912313
-0.3575817160404147 -3.5503528966812157
-0.2712643106083756 -3.4965881405037305
-0.22441536400314938 -3.818312151521773
-0.19944489213453045 -3.5700258815090256
-0.1651301873615196 -3.3030300209534182
-0.32656659555245215 -3.7884857182546527
-0.14357965964150954 -3.4917850683338134
-0.12054259002190715 -3.4265655027989976
-0.31043704048980186 -3.726419748811194
-0.17375139731963807 -3.621237516832598
-0.24516887457453446 -3.3522156853233893
-0.1712198897761908 -3.158225093001432
-0.28826528342223456 -3.686354673137193
-0.28151504871145844 -3.6603953001682616
-0.2629425364173893 -3.83470783008327
-0.24162284257111055 -3.7499233676733503
-0.3883533700004496 -3.254910531372933
-0.3373101229770443 -3.64954781412804
-0.28144983537930934 -3.393144375814759
-0.3765903162654452 -3.4839656914974118
-0.31479638751606326 -3.8879674761666387
-0.27428543504661196 -3.5037300145516483
-0.1674324762401829 -3.5318247108864322
-0.3142184529310124 -3.5555365216336154
-0.22899450628031284 -3.343400599290499
-0.25455010485812823 -3.7793223537819833
-0.11019582132148609 -3.649394471584308
-0.37328283568438075 -3.1790006714051224
-0.27763833584973874 -3.3687972450213715
-0.23653733046915376 -3.445561813144095
-0.15084585495051905 -3.6007834239664827
-0.18708067684867918 -3.282474910533457
-0.16963328432662922 -3.185586990730584
-0.27177616534260485 -3.8184589008983325
-0.21031609211986357 -3.512249693591192
-0.2769002486574386 -3.4980235421608863
-0.3009610382256306 -3.4660000968394282
-0.12073634091442464 -3.766310452927558
-0.32749091898527416 -3.757338229983595
-0.31732816730457547 -3.710475522519068
-0.20950725920705726 -3.206907990125222
-0.12222459985292589 -3.6557997827232964
-0.20733479795841447 -3.6625120198588883
-0.2623564006549246 -3.176841877989487
-0.15841752253644031 -3.6116393600594385
-0.3680486798996786 -3.5403822920299635
-0.13202697399747965 -3.3151382350111893
-0.21460279493912987 -3.484622344390169
-0.3705832494816075 -3.4122558229540028
-0.3592238683927853 -3.339524620033467
-0.3880400385927269 -3.5599978967509447
-0.16364860328744624 -3.295209362658159
-0.22420776815381363 -3.317284961361759
-0.2239733301017708 -3.475900749633667
-0.36762934598549 -3.2334263203049725
-0.10905714662923344 -3.289886904752785
-0.11979984456467818 -3.8382193418501
-0.18727108090190073 -3.297838153168484
-0.27533825626702024 -3.5852089329613954
-0.2531914067569881 -3.336141801359256
-0.1565560857119576 -3.886354717671759
-0.333779826228119 -3.4882454069073536
-0.37820653875178917 -3.4537822751040292
-0.19517452827795934 -3.601902762756489
-0.27881238453672225 -3.2943927776011392
-0.35708171033042835 -3.7242257186756014
-0.3469041096474813 -3.64556978528316
-0.3276271740044689 -3.8262599892596794
-0.2655192061894228 -3.4159854484666003
-0.16032333057614567 -3.1582376056213044
-0.22012875676786167 -3.445018750895471
-0.11105966754038504 -3.227235841506284
-0.2745788786018418 -3.7654719387956748
-0.10473009024065633 -3.334240293480348
-0.2824427941400378 -3.5962183548281073
-0.2927861744292198 -3.8859253044392594
-0.3243466899719887 -3.885533480697963
-0.14434026411560352 -3.667916103278401
-0.2390298680405694 -3.8854661091296405
-0.3216006282701354 -3.771650346835955
-0.14307447819140107 -3.4144013914511944
-0.13168689751987728 -3.7515467745787787
-0.2073712716962103 -3.20193223859314
-0.3530775536557471 -3.3232853666822786
-0.2221344774889719 -3.2994755802278024
-0.1979848781879492 -3.4723871655760026
-0.28891931708762697 -3.380594520818432
-0.11935640202006881 -3.1655352200160993
-0.27086336820930706 -3.280226650073228
-0.35107486706388297 -3.853736865210141
-0.20968367011394773 -3.619262738168944
-0.2535352639775037 -3.7642618401095462
-0.23837823012281728 -3.4854264529711108
-0.2953735767107884 -3.303457344401328

0.1524778961867927 1.8926671802145896
0.06706702931338974 1.7649582758335913
0.08224649708901025 1.5354999520238877
0.14078416556025625 1.6166147072024835
0.10588525484410097 1.533800911264298
0.08307696032097447 1.4998692012678925
0.1598925372439095 1.691272115422355
0.09637845525212727 1.859256618815429
0.11101935639374186 1.7588681074535613
0.10320853313783603 1.912635431378176
0.10907406944088612 1.2753728038384557
0.15733196984431116 1.977403223100416
0.14595619061344434 1.3751252412211876
0.09760709708618599 1.743452957346605
0.09845266907047825 1.35859084269812
0.15365690568972024 1.4596836691322896
0.1021015106882901 1.4099985625483673
0.07295901988314432 1.480271942888593
0.10018047155256346 1.324112532552002
0.14548394651073604 1.6616660809722055
0.13452788833472695 1.9289017098647498
0.11487226175927287 1.9118642205047711
0.1539015867365765 1.3336536412614255
0.06732564345276061 1.7145259634884567
0.14881916422111047 1.9646135006866263
0.12745381165903882 1.423924355647216
0.13683764054125033 1.708368001134601
0.08980218390588007 1.91300002140496
0.06668653175999041 1.5000537557744853
0.06320273838179781 1.5951160005508427
0.11047747788969836 1.4559060997609312
0.15959604666706048 1.6792055570575823
0.062420215022277716 1.5345343004715364
0.07401993904505373 1.6953524871280934
0.11564009455031651 1.3351623648877402
0.08391996064170237 1.417237100911974
0.08926504253039498 1.8246521279070766
0.1348740942193618 1.2597810327521213
0.07958344423621608 1.7567334112918882
0.0816467636157178 1.9904800642982046
0.09650043611483916 1.6781931456829957
0.14692022901052554 1.2371154475463773
0.07371011710134431 1.3327739381829709
0.1193789216239959 1.5033202644457786
0.14956081193977272 1.6875520080117423
0.11715663320212834 1.721950907257511
0.12842100861835473 1.3425376833064624
0.10473166493665759 1.4216189344484134
0.07443472708462982 1.7367360866436203
0.1564387672053562 1.6267141623158916
