10 50 20

0.6275242695601151 1
0.2433096989381629 1
0.4636991645227755 1
0.4940392908250504 1
0.09285325006297707 1
0.4082333420545655 1
0.014714674447921516 1
0.6398884956828155 1
0.6497301025730426 1
0.012722086135233401 1

-0.3377387311383635 -3.6770731750554444
-0.17652192116560056 -3.544423696057528
-0.24771764836155452 -3.630118061267165
-0.14423155714556796 -3.322735047795108
-0.32408930085508236 -3.3199363519719434
-0.374064090685484 -3.5408115963946654
-0.3152248056050714 -3.3249306124988536
-0.287815850492938 -3.750600932651899
-0.3224460638534205 -3.3120177159281154
-0.3726030077327755 -3.7077224388477332
-0.24780830863249445 -3.28851427349551
-0.3815982888471004 -3.5505578945933594
-0.15197388056324748 -3.7126750651103486
-0.3056186982100364 -3.858475456118802
-0.13458328496508426 -3.274295647320095
-0.20116040344580544 -3.518969971895669
-0.24842784796064887 -3.1746756646558034
-0.17591392729746466 -3.339431130654597
-0.3468112449361225 -3.1563604491447386
-0.20709405780890328 -3.460553880420391
-0.38527989074614916 -3.564941981582032
-0.12933700494779582 -3.215093258714213
-0.346739568020279 -3.573070742561518
-0.3517539898417451 -3.6280893368282827
-0.3396064145593025 -3.2902653015729277
-0.2515204678618688 -3.236705845295357
-0.34885183239415185 -3.6639485447622593
-0.32982350233552704 -3.7964436218835917
-0.21258825649643787 -3.341923114642867
-0.21142919248679484 -3.5239250143351164
-0.306869742690148 -3.305040767405889
-0.3765559976712241 -3.707310797151043
-0.2155998696464782 -3.3257522698898505
-0.3955862499934591 -3.8091030225117692
-0.20997589295820346 -3.5797728744604003
-0.15949484469648845 -3.72689642812855
-0.23736686466163157 -3.739128761006157
-0.2982008652747452 -3.828306602103414
-0.1764001426808559 -3.4229677039550794
-0.2437551403170522 -3.4894791903628053
-0.38335074988371615 -3.243513656497012
-0.3418324612418041 -3.1917275124179136
-0.179979851609235 -3.2412002191633627
-0.29823262920553895 -3.364826974514284
-0.37749445531175974 -3.564602114043352
-0.21647752758596556 -3.2104366688698347
-0.2892912842775792 -3.89055468188329
-0.3230888139640579 -3.3139879912858907
-0.20434163951704395 -3.256247385323405
-0.3910715352685085 -3.2605576413234143
-0.16233239790868548 -3.2462477964057435
-0.27590575414444896 -3.4863815236048223
-0.1119065542900941 -3.858149086028713
-0.18963519592188066 -3.5258479150072857
-0.1547217387091572 -3.257975024090471
-0.20658448866733303 -3.7227091785624102
-0.3861141633033986 -3.803001281273704
-0.39586696622677053 -3.5693825330460025
-0.34597080758296833 -3.7592153889348525
-0.1514789466643199 -3.2874662049178474
-0.3669213080185177 -3.660596520212171
-0.15401785924633377 -3.2699830941334027
-0.3661922133175472 -3.4767918361999297
-0.3417960985688108 -3.189287218203058
-0.20921340373561728 -3.592097267625897
-0.1763993294972893 -3.2015693879901175
-0.2923502106202398 -3.701334747856719
-0.21602689543615194 -3.7186535090932513
-0.20260463298090178 -3.4984556351178373
-0.31637993007689436 -3.3140941881943164
-0.16607932064051598 -3.2448186030275408
-0.21257503495173866 -3.162489768968376
-0.25966779571990634 -3.4461472312907793
-0.22359534340814563 -3.7159873992596237
-0.15316454428068957 -3.749203192623661
-0.32360560433366 -3.4813762407593014
-0.2227193762745284 -3.588828266947933
-0.2898621595638337 -3.17470204812536
-0.17009923327113527 -3.1964956589010685
-0.1661959676401698 -3.20964972138406
-0.2990598724943459 -3.6653150611424854
-0.3320471279778635 -3.490073910283245
-0.20716750454692867 -3.7873965300044445
-0.39963241658007603 -3.6579050795345016
-0.16318914934294249 -3.8457931150995934
-0.19541181741403627 -3.163446168979898
-0.18870927671493198 -3.3881877450449385
-0.14959828405789222 -3.514341601075309
-0.22448377521409685 -3.6660098642999923
-0.3634026853345219 -3.534791530100406
-0.20432294871175144 -3.8163728060825695
-0.23563827919989813 -3.7258943465357177
-0.22807397152619188 -3.5857109353214645
-0.28620844560930664 -3.6091661235443624
-0.22236667710587066 -3.687669501371276
-0.31417698680606576 -3.866906685874222
-0.25059831973964675 -3.877951729615613
-0.2297252024045725 -3.3869243525920503
-0.16547617763683609 -3.764671703812245
-0.11476484794167419 -3.388131593598725
-0.2468827788892849 -3.5849736745938734
-0.16355552814156024 -3.5926438625324413
-0.24961899500100013 -3.51850229895893
-0.33203712235966265 -3.7505132881725864
-0.19037638400589285 -3.526219391708028
-0.2371046244192348 -3.6927815203539374
-0.14344959959579984 -3.6613848382844214
-0.1578188759142824 -3.275273086617174
-0.25962283834690014 -3.5298734650651884
-0.21655800246263915 -3.7842979310211797
-0.14854514947192904 -3.8097351524315926
-0.21731556997142673 -3.3138909678303268
-0.22073631468989693 -3.5008991891745094
-0.28035439952168306 -3.203365568075458
-0.3728170892988563 -3.3815722253867637
-0.11758216777410974 -3.262689053301795
-0.2122290122441702 -3.1713008189856073
-0.3987202212785755 -3.307234685609832
-0.18562967417719214 -3.2239043882288465
-0.16867411430457 -3.377528389483734
-0.3901832191389375 -3.6262729463242565
-0.15347794236244644 -3.6109809925552514
-0.2933705871329352 -3.3855674167077927
-0.13512891262871818 -3.2616359512049597
-0.13975919897067202 -3.7156369233096855
-0.2810522007776737 -3.714149093665993
-0.3242568136426838 -3.185942192471123
-0.1565517141915269 -3.566701471547811
-0.17928215452250443 -3.4087661444374575
-0.1101436954423825 -3.474662272706462
-0.3804919145707523 -3.5446568080720318
-0.24620549742307588 -3.860661464791768
-0.2784349500960285 -3.514801171918481
-0.24752533610818994 -3.161562833035082
-0.14779566070934236 -3.304178129567271
-0.3491323573997858 -3.5624524248663745
-0.10324751242036789 -3.50817053132865
-0.11345265972249047 -3.1390030133702944
-0.2438085119175342 -3.361661538854025
-0.3166851939489337 -3.193472076256478
-0.35348806158313945 -3.8414061213745865
-0.12464813142565845 -3.500890951375713
-0.3259604510101146 -3.636834703666015
-0.13579979243109686 -3.6426329743032695
-0.27312000158034433 -3.7450047953517314
-0.30268012008219664 -3.5307424455903718
-0.1423901705897962 -3.324852053546392
-0.2087365458493185 -3.7286679191969525
-0.33829369066676956 -3.704994533477569
-0.3717579556793914 -3.3174025273613426
-0.1811206216421797 -3.788677989610974
-0.209607594013024 -3.339732410923232
-0.21105673045414652 -3.616993378357279
-0.22891119809063426 -3.776586450151254
-0.2287627481034403 -3.5890621870501924
-0.24714707193797297 -3.8469266506819215
-0.2746837219333288 -3.3054389062759246
-0.3793889642185552 -3.398828983829876
-0.21866744593831386 -3.7789952970131764
-0.33122828682321354 -3.4180674274696243
-0.38944631830528226 -3.4866634067297646
-0.12455823575370828 -3.55148532548819
-0.1993789816586947 -3.848890205657932
-0.1996630756451067 -3.5633008071260828
-0.39903593079983535 -3.693153314558273
-0.3569299872518007 -3.1744814257570573
-0.20490739869860608 -3.8100576000526565
-0.278444392520667 -3.8831480721492393
-0.3927984773088466 -3.527722885908407
-0.36614571281407743 -3.712192678843838
-0.13875011102660828 -3.39775599677555
-0.3465757019409807 -3.849571046410328
-0.1306756385974554 -3.6071427172188404
-0.21630694692314562 -3.6999874453310344
-0.14752456903899075 -3.4430227068989554
-0.32180197377868003 -3.4160806676673077
-0.38507696752374726 -3.1556892518951205
-0.2690996315094346 -3.4945000519566376
-0.13228243515916055 -3.535521922891582
-0.20476771345675004 -3.8424343825928364
-0.16258424980719569 -3.3368679389956046
-0.10526015384606735 -3.336325286014029
-0.2643390062526226 -3.5948297290178766
-0.36253098044926385 -3.31662518268402
-0.366030741181691 -3.139750689530191
-0.20404590957344174 -3.5225043908842064
-0.326971928656823 -3.540214215027535
-0.36462892434408684 -3.2291017803756628
-0.18239017474944821 -3.737518342374324
-0.22776177331542521 -3.8591224326867297
-0.16838549995065996 -3.3448624018663957
-0.25258252791553837 -3.145073935081361
-0.19892253334244406 -3.4160015782538493
-0.1985903580655531 -3.793328143659208
-0.37725115189308767 -3.807151755269502
-0.20179109632155354 -3.5184508363706333
-0.17103024333921146 -3.1489405382997537
-0.2860934783191926 -3.8586927071429105
-0.3351980881533543 -3.5242301031637924
-0.2444526050135085 -3.2046980560108627
-0.1852771583167455 -3.6701605323999016
-0.2715416827003262 -3.5677057590249412
-0.20785398196077393 -3.632317698979107
-0.18186006015141684 -3.716247544728625
-0.30653126107866885 -3.5369084695732567
-0.32766610273756325 -3.340170902761119
-0.2538811656205347 -3.383546804429469
-0.2921873397556621 -3.5600125123065562
-0.15597924103408148 -3.384533470461856
-0.1533242971288394 -3.7285713221533023
-0.24003975415261694 -3.497510535261747
-0.2888980690033188 -3.5083754793149176
-0.143969857638659 -3.5452176533688733
-0.140435900356569 -3.2373653771651636
-0.21842289816134935 -3.600336026622695
-0.3181394555935489 -3.166709582045565
-0.39062269451062837 -3.6038427461121336
-0.10293518163200488 -3.3771627576965813
-0.38262320960967106 -3.496718437743558
-0.16977980258740955 -3.815423730946881
-0.3344072960499962 -3.853727677057969
-0.18906879211553482 -3.3478722093999265
-0.2585570670805694 -3.4638835793070246
-0.20168433481724282 -3.8302565374525877
-0.34428037621730095 -3.285903449992168
-0.35048716131939217 -3.5631129956172884
-0.1789904565978382 -3.415559003568621
-0.14346643317049795 -3.42104131376186
-0.23361542511870664 -3.216660849264824
-0.16943967650669142 -3.783914594444427
-0.2198616813089397 -3.2385437703271234
-0.3098181973006144 -3.7740761697078176
-0.1972246063645022 -3.311681933005718
-0.16923457486552226 -3.324149456793104
-0.16015665158213085 -3.60987964551855
-0.39843043160894254 -3.4532436652347283
-0.11331006194788729 -3.5153636122234313
-0.1566210866172446 -3.3314164523433383
-0.18462241004886265 -3.5759300847887454
-0.21030033139712329 -3.4370978822189544
-0.2643519321154198 -3.5363903523387146
-0.385728968632595 -3.849062510087062
-0.35264076747903106 -3.478893251711637
-0.17305509008457415 -3.6745173772542006
-0.3512128726406959 -3.2630785206050197
-0.15031410125702435 -3.1472059830656285
-0.14599710883118816 -3.875866953828474
-0.3952493337007727 -3.537461382539729
-0.22205415515541663 -3.719945438726651
-0.37562028387720603 -3.480481866868589
-0.16983767804663075 -3.5546278962899653
-0.20634597191027912 -3.614865488707326
-0.3562491434160035 -3.1519627385867173
-0.3777330679193641 -3.4435550045926053
-0.14722747439039613 -3.4007553051080723
-0.2256797784492648 -3.286965312175906
-0.2690136424303191 -3.5393005546456666
-0.32766091055532726 -3.6404578195748467
-0.3427031292376241 -3.2218878348061777
-0.11440190876837719 -3.5939735027841753
-0.35680759804927253 -3.6678758288520816
-0.255260518233369 -3.676845792587414
-0.13366326694077113 -3.4681037856798977
-0.3431316910356398 -3.5184554107720563
-0.29209997818806227 -3.3232368253188755
-0.13586195811222807 -3.3750275248137744
-0.18203175919356293 -3.812440165862799
-0.36124532331352693 -3.305654835198139
-0.14970027018746623 -3.632348697087418
-0.2413148213203831 -3.482488407609152
-0.1627801554232156 -3.825288867053922
-0.266173773241706 -3.7956381134836703
-0.38587856135906057 -3.850579153207267
-0.3675146997944966 -3.3886757089607826
-0.306923055752913 -3.734938016452987
-0.39806382611396246 -3.789422762964961
-0.2025353255035953 -3.2084396294247215
-0.25481454178954865 -3.792140759948591
-0.3938600611470257 -3.779891479823406
-0.1075644335066836 -3.3761463560355507
-0.2781738717211518 -3.2708370873988923
-0.24753846157330714 -3.559166067199333
-0.33627779070799074 -3.5236685044708955
-0.27939503312617686 -3.3903127374395385
-0.2816135127296378 -3.305317682674061
-0.31606370761347646 -3.706399580596096
-0.11135145621021708 -3.401256041686194
-0.36380809508838363 -3.3632214464074184
-0.28539051709341035 -3.89140521184423
-0.16895643898081167 -3.351678378955021
-0.2576609692150292 -3.3990265951827796
-0.2582532330191833 -3.3203155652210583
-0.1110545304371533 -3.2511991523871053
-0.10482448968687175 -3.843939869877256
-0.2896683125116115 -3.476946365110408
-0.3306247148688981 -3.531938075604932
-0.322750863700012 -3.7383921684578105
-0.12570720099241933 -3.193755060783411
-0.3684975800799877 -3.516002442066546
-0.22275007983566464 -3.347405113582451
-0.31203437242057175 -3.3707235449788406
-0.3392270948520669 -3.27056505238964
-0.1382679812389201 -3.691672196353369
-0.35328505536686083 -3.5203334280777523
-0.3862657812763564 -3.744863610323255
-0.12246192557639252 -3.319755808969952
-0.1817804917066293 -3.582234161155858
-0.2612705743553825 -3.7238685646946026
-0.3494062098976586 -3.6915308799764173
-0.28615780807356905 -3.348933467942932
-0.15032257203715116 -3.7270402537875538
-0.3496719076737145 -3.1747090140343786
-0.22017803366624666 -3.6306663175684997
-0.21302917316976766 -3.583439282970804
-0.18156751299707893 -3.564708371165009
-0.21083856867478157 -3.547876815273771
-0.155089675734585 -3.6633350809735887
-0.23451293874697943 -3.6544278327175967
-0.14647799025910907 -3.5073633454606776
-0.30615148335424924 -3.567772570799105
-0.1984346920745435 -3.81246693764279
-0.11541973155170887 -3.4231516095966716
-0.3244398039062989 -3.300255381192092
-0.27101148668527364 -3.887247658759936
-0.27835852139124906 -3.830893989109677
-0.25720208437897973 -3.8901167962716423
-0.24811916011768262 -3.7352072688454903
-0.13421620957234898 -3.5342970193632524
-0.14685503918331577 -3.283242039569674
-0.331182883132919 -3.4907110182641503
-0.33697012913839236 -3.503494457135412
-0.26994635990635274 -3.543339986900482
-0.1742474004733072 -3.4161690127595508
-0.3551612344319185 -3.3347723292440317
-0.3706579205179848 -3.82504752044555
-0.17287839849312397 -3.472936993373
-0.3394616565689105 -3.2034437861412823
-0.39153277320793034 -3.7699771763167766
-0.34028339307420596 -3.510545629457394
-0.10303471574208323 -3.8109487231156494
-0.34628461047701176 -3.4904172671037834
-0.30861198211663843 -3.422228602846034
-0.3382586860539477 -3.7419632963586866
-0.31372842207992563 -3.1788322247587772
-0.1437419388643354 -3.6350361079968367
-0.10626653048906132 -3.8787269780874922
-0.21904156320379733 -3.841124295871127
-0.13912477530798478 -3.665400231385514
-0.25682414295562705 -3.316718630537622
-0.25979539382373235 -3.1858486779219457
-0.2789264081992898 -3.572845138383271
-0.10815441397491793 -3.6707829797295854
-0.19797563642315383 -3.7775089460455256
-0.35030073888491847 -3.429200287215137
-0.24439284407931658 -3.8885657130488074
-0.23205521045903138 -3.4614528108322746
-0.3294953265226759 -3.678736555442937
-0.31817255446711923 -3.7643452235973816
-0.1851456146746312 -3.320219199092632
-0.3147798951313371 -3.4623801784347132
-0.2553037373108409 -3.4941349056636155
-0.2551410092711036 -3.815921392446977
-0.21331018927221065 -3.6534696032402976
-0.37777178747307233 -3.410195809658894
-0.2021117918672067 -3.245562344015355
-0.24504550542645334 -3.525365724195068
-0.3423567771632307 -3.650747223828717
-0.338556094538094 -3.6192684964776407
-0.19000768847319038 -3.76698006550267
-0.13158655490698828 -3.268709568485596
-0.2391324579123227 -3.685172492122367
-0.3120163302750665 -3.7668900768253897
-0.14559285714443954 -3.7562106187093804
-0.23437329816606242 -3.5196405996950153
-0.22311894365794518 -3.2124382813468983
-0.23149416343526383 -3.4478515219541968
-0.17476047579560952 -3.691624015816388
-0.18463826707246989 -3.53424577905806
-0.19445415170101843 -3.8634920967756985
-0.3549310316118327 -3.5895327814962066
-0.3350176421573604 -3.2951852203350587
-0.34084125828091416 -3.1656931943572433
-0.2137277915735677 -3.454782474437515
-0.16827784012178684 -3.4741328749439457
-0.18175642784516366 -3.4674051317684444
-0.13788696591407168 -3.1480579426181188
-0.1890864566659205 -3.4308805043525186
-0.19791996438913098 -3.88738902553728
-0.2466488430109628 -3.1845296875890683
-0.287057404134154 -3.7619987187768476
-0.1912036004382362 -3.762476223169674
-0.23322141793842835 -3.659427599531549
-0.3459465308789872 -3.620782180425257
-0.15102754658768128 -3.2142446644786333
-0.11980312723090025 -3.2961046436651804
-0.3888256208350439 -3.882016794654958
-0.3343337199652846 -3.44598956930383
-0.30320656278476166 -3.1491267024964626
-0.3855169834573712 -3.3185138883570584
-0.24702853799971916 -3.210170473471565
-0.3458188559382862 -3.2377711458764606
-0.39292652822817026 -3.2645579373752533
-0.22958148855872176 -3.797530099320646
-0.34505844980461037 -3.6378420804530096
-0.17786012794310374 -3.7310711888454087
-0.3483734732209918 -3.510505728294965
-0.20249217100344752 -3.266000660579516
-0.3254394052297094 -3.2279762963167653
-0.1393077294904847 -3.214710664356223
-0.176160237006903 -3.3373893843196787
-0.34720556624692717 -3.5020185499839824
-0.23679914526753784 -3.7246624654331777
-0.11157145582201572 -3.2256016278881434
-0.11359056039118631 -3.42038769530761
-0.25118452172765293 -3.4312998085527755
-0.2727251032889885 -3.1391568747172434
-0.14018871062580435 -3.678118771831665
-0.24019891719825442 -3.4301394983214
-0.3419830928866624 -3.556555678338817
-0.1798216641626979 -3.1430904308546923
-0.12980287521244976 -3.6250026337793266
-0.3749835729419172 -3.6596145932969906
-0.3173615763174346 -3.252549543736346
-0.25289209867866747 -3.4386574478514977
-0.2283061399957766 -3.4240989987597747
-0.10700363173014571 -3.487454079735169
-0.12980464840385442 -3.4791837745716223
-0.19216377508127364 -3.885202670470683
-0.15760596144337158 -3.4377488241550287
-0.3243411858756049 -3.536079044511556
-0.20477042261671927 -3.7972018304098736
-0.11459327630122212 -3.5042121985585672
-0.1663874735778695 -3.3885118555926876
-0.2177674916326421 -3.801980438100923
-0.20785965124042002 -3.7072009945954436
-0.19619250218155965 -3.8875553521128112
-0.19949461648874253 -3.680470976436569
-0.2211614359363895 -3.581279068626301
-0.1801217676451233 -3.3899364659633093
-0.11877865779969699 -3.3104815608877596
-0.14500290212279465 -3.7176449997392518
-0.22872902763949746 -3.6623496057756526
-0.27752828181160116 -3.7020894738054118
-0.14863474005699173 -3.6989305938383152
-0.2030107533531162 -3.277052841645904
-0.12707623081509178 -3.1483148732443267
-0.3238263012989586 -3.373013446643689
-0.10509152778352893 -3.458347967352534
-0.10942495962324122 -3.2713128743766955
-0.33447815912596923 -3.66264600776241
-0.2914461155555842 -3.7345793866871495
-0.34155233410016084 -3.6024212186362248
-0.3315351672689723 -3.218247571770714
-0.19484834010248311 -3.1572944817177016
-0.22388797716376588 -3.3270995575265867
-0.3053356861141875 -3.876156773277424
-0.13165563349303494 -3.31204733988979
-0.3540942643086999 -3.4779774725980968
-0.12086055489451303 -3.3670868589834733
-0.3574662550401384 -3.2395939509762517
-0.3800623438987037 -3.647747888560055
-0.1670047613580307 -3.769197835665694
-0.3223807002476875 -3.5430877654997577
-0.2586913757987038 -3.433261574487736
-0.14118564986478166 -3.430406515467382
-0.153396707511594 -3.323502942648153
-0.17931323463431795 -3.3115214016128824
-0.189296360368655 -3.49713790417427
-0.28837835719582794 -3.634998370459696
-0.2121979716635086 -3.4807914287374295
-0.37406382958982237 -3.6468930723201143
-0.3692163780843698 -3.710628695773507
-0.3325989666745339 -3.2755759537467615
-0.12944590579143017 -3.2386892940497445
-0.11564382049525107 -3.678085942041972
-0.1253329597806087 -3.679750472596448
-0.14916716070996583 -3.547668773439467
-0.2165412256630863 -3.3178132934608877
-0.38207604368850906 -3.314942989481711
-0.2306336999154958 -3.4269276847019863
-0.32733335741088965 -3.6942803753819162
-0.18303149718579764 -3.854298006029546
-0.39933538381462014 -3.530497915869332
-0.21770737497001957 -3.3932399283661985
-0.3221827173215261 -3.3080407686692372
-0.3546847536936938 -3.775307186682465
-0.2975536437764812 -3.52735164074847
-0.16896638399820982 -3.453318845552328
-0.3970584669642718 -3.2746140809065305
-0.16347605054682415 -3.1945029305499992
-0.13592056403804986 -3.689089320012573
-0.3629141087371196 -3.537261008419134
-0.2665207787308902 -3.736914812608526
-0.23563357349298034 -3.719435422987012
-0.10976374252206267 -3.197849138380067
-0.2186204606483264 -3.530032545007054
-0.24419559052044348 -3.171550265345129
-0.3452030452540939 -3.302977191962124
-0.26962467726255956 -3.7239780129986757
-0.2045431135194897 -3.193090427669847

0.0901439732319403 1.6723556125661259
0.12007659772942453 1.6855438218882661
0.11934452047464829 1.2704277923763647
0.0683916020747589 1.8748482519890104
0.06235221830518974 1.8525821958432862
0.10971575375257725 1.3213375084535033
0.07343633537375123 1.414367676832463
0.09462657385239333 1.8826350320182605
0.0706760132593341 1.4965803338715098
0.07573862015057366 1.9192143399020103
0.1027640843069429 1.541891909235322
0.07815512480887622 1.6217987544878034
0.1000834992251825 1.2706188500920652
0.1310529111186513 1.9639549691559892
0.06302619446380571 1.5071204340658575
0.12549932654845403 1.219787956853007
0.14975271969017778 1.973706164759868
0.14765719615709538 1.993979884645765
0.1254602425323249 1.9691820539727964
0.12215953360212564 1.905937349804384
0.14712578623799866 1.2654650616132554
0.08840651262941461 1.3593944651704188
0.06939357370443683 1.2965358328899257
0.1284492871167227 1.323620091518046
0.1247975931364654 1.224353098406905
0.15141012050103614 1.5062309143943482
0.06775177238894922 1.9021614621600436
0.15987936359293795 1.4917594995995855
0.10537956520842064 1.7689113836417343
0.0743567206366241 1.529089002436478
0.12713939034355998 1.3988738112041958
0.15134126585513896 1.586861644012322
0.13995478444209186 1.5074432712829762
0.12073193115310532 1.483429446001112
0.07203310161509437 1.2286366819710617
0.09148549414461951 1.2158761923319672
0.07917380952539621 1.3643076588932495
0.06710906123263848 1.329100979236463
0.07069012060879395 1.2355299351995
0.10887113073729052 1.8467537908967069
0.12236987230778901 1.971685526708418
0.10390502019631265 1.7475080207196316
0.08879779793080082 1.218453214941808
0.13271572795379105 1.8760955225758207
0.07325008135313883 1.307478482907862
0.06740554474529362 1.4726955218047355
0.10204268183649232 1.4556326460763296
0.09309818411806511 1.925479617913257
0.1345680644616868 1.705124078953017
0.06565133041563545 1.8749189283191927
