5 100 60

0.3782643915884514 1
0.9446276980373959 1
0.7527797908296797 1
0.4676558726246469 1
0.9709634747924947 1

-0.37644862710989074 -4.04927520621606
-0.2216095694983747 -4.495767408716559
-0.3627768265571723 -4.495230782488258
-0.17679109263350468 -3.8960211616164058
-0.39397878096827305 -4.299913778487954
-0.2769488669634841 -4.104623322142098
-0.3930394796302047 -4.05426784144329
-0.16222988389658233 -4.0953683604816415
-0.29738018438372865 -3.8367474167768796
-0.11809726014022226 -3.9934432357713225
-0.18934626704742932 -3.948142255304278
-0.3071529690402468 -4.131643561414402
-0.2537698698626727 -4.135018185776476
-0.2800321168489765 -3.9618759645287573
-0.3104187487245458 -4.503382085877881
-0.10826291866435966 -4.580972654332579
-0.23247823314341495 -4.120143718051432
-0.26524888310737 -4.1925295535467155
-0.16755540101933525 -4.414216436893484
-0.14822950996608641 -4.190718685925483
-0.1557750727118936 -4.511974023644106
-0.19532940759057005 -4.094578516430548
-0.35188869662175987 -4.3813713995079855
-0.11848590645186413 -4.183910743879405
-0.2805719936084987 -4.075421988215302
-0.3031187131994545 -3.858212215590276
-0.2089048374144126 -4.297349573957697
-0.3453736602997612 -4.575970271083082
-0.38018739359034553 -4.332341759035607
-0.14050665276523439 -3.933462750513912
-0.25862872243511326 -3.852933318006591
-0.2398392876806111 -3.8853550528005734
-0.3934138576012699 -3.8698073365811254
-0.32623030003607 -3.8605553232732626
-0.18216949468746269 -4.394989628401257
-0.16152062865587566 -4.091446787750304
-0.11868071342254816 -4.033128005524327
-0.3020833552615964 -3.8842522033691456
-0.23821757586847775 -4.149449787259497
-0.3964594568395898 -4.1517912417269995
-0.26135029278234967 -4.468735628578324
-0.25832136058798405 -4.532864820167111
-0.3823721077652509 -4.073951019022087
-0.28108235641124096 -4.088003168020274
-0.16673438499132115 -4.305354104340308
-0.27907695832941165 -3.995977749270747
-0.15031286965498072 -4.442777758803033
-0.14374094865698123 -4.574542721980421
-0.17594894441590678 -4.015509370495225
-0.38353746239667835 -4.161165528480611
-0.3362455211434525 -3.9202773707290453
-0.2638267896030401 -3.9035252208836435
-0.31916854929317773 -4.1367377180000355
-0.38694781245434007 -4.42091953960186
-0.20999539039574863 -3.951168196570089
-0.35957395381810325 -4.038102812873034
-0.10356100999121609 -4.505787833775593
-0.2348400634353825 -4.379176521981014
-0.35169244605262934 -3.883038620679614
-0.1409277116665213 -4.238858636536591
-0.2207810294481856 -4.036753185316907
-0.38090080212521493 -3.862665699213747
-0.19158596292692137 -4.425576032939303
-0.2623519396894373 -4.389300950006843
-0.12414485117351243 -4.31723131666029
-0.11650815638789586 -3.886984724678574
-0.21456865374598477 -4.496518140688421
-0.2205371744129862 -4.245862412989378
-0.26916125554606457 -3.9767731617603603
-0.35481663341798575 -4.333095512885279
-0.23669948297156626 -3.9313933353943367
-0.1450353281393642 -4.553267163386096
-0.1364810650587278 -4.011765523710048
-0.19571898858046705 -3.91302841039194
-0.2590441138541817 -4.204032981693303
-0.11710223241651746 -4.413460367824686
-0.32811535034306893 -3.941473893133674
-0.22614192558090443 -4.40659269229978
-0.1990218858772784 -4.176866233271846
-0.10413450436113841 -4.3674735121959385
-0.39788002406795236 -3.853566396121195
-0.238053571194636 -4.483069663272507
-0.15719117903134824 -3.8946599367617187
-0.3720824921820244 -3.892736106887424
-0.11228983498207334 -4.398080192255147
-0.1767591887568552 -3.9899700740229758
-0.31274725493378264 -4.331064758318809
-0.19513009091832187 -4.230453661594453
-0.201960558415356 -4.322369066413831
-0.17341399230424773 -3.959660872730609
-0.3177229206041631 -4.085602308932551
-0.24372707597670312 -4.559299941645647
-0.20800101432457968 -4.41640304415654
-0.32050323918707835 -4.4949275730764455
-0.3164303955173299 -4.29800984243332
-0.18523495678659485 -4.494274988792572
-0.22822286579159193 -4.327247909794334
-0.33670710162814127 -3.8849772807106477
-0.3523933128976675 -4.252073045227925
-0.33460913065975406 -3.9980494008112837
-0.114147046070673 -4.0326960477766685
-0.2357966521169858 -4.286308068416856
-0.3394818418619427 -4.50563846879067
-0.3635579181482877 -4.077930483272448
-0.2013521028696845 -4.563420549557077
-0.34071971451993066 -4.1300107700742235
-0.3772459480284345 -3.8430660728811676
-0.3742106118021721 -4.4124660271354665
-0.12152002157169345 -4.312051216614995
-0.13297305193086395 -3.8995313759035954
-0.11639429050365685 -4.195293721283664
-0.34595105892830974 -4.32808558253524
-0.2513473060484496 -4.215629240527306
-0.20506232306619732 -4.021214957974075
-0.3234693070269935 -4.039060168342446
-0.37156655073303446 -4.431680270306865
-0.33497240337192224 -3.8685687870269967
-0.2883514774000488 -4.43040629504024
-0.3979556794116487 -3.843300451444729
-0.34518002529033914 -4.541784900208337
-0.309769617878929 -4.041405382582856
-0.13842818180994465 -4.079688270398854
-0.3480119626154981 -4.276806164588342
-0.371102025361706 -4.065351605744103
-0.19124608810165988 -4.118120402835788
-0.3015546841390517 -3.8756413106331817
-0.10728976053305417 -4.244246623104556
-0.34683621287875677 -4.186002801378218
-0.20358557688477966 -4.066580310237643
-0.2312200656060119 -4.463468498630581
-0.2794305974060167 -4.2026704948221125
-0.17311606206895774 -4.2377575352862005
-0.16347640497863716 -4.53157540597184
-0.21974283568915248 -4.318006643353159
-0.23698289840203007 -3.8767881515621894
-0.38798658581890655 -4.312753197138802
-0.15356184337242718 -4.529505127981199
-0.20579179472672754 -3.934629719452411
-0.35334433722568737 -4.31163463349322
-0.21078655153888518 -4.310342899073289
-0.23394925534370545 -4.215898878774445
-0.11353795950631301 -3.950313938000205
-0.2275955075278542 -3.902857224366075
-0.333627628905949 -4.106011773414922
-0.331028963547666 -3.914448411693757
-0.20288671030605102 -4.010760417137796
-0.20685192920725856 -4.360723334714624
-0.35439367708754216 -4.286571697799317
-0.3378816295547979 -4.047661590258434
-0.34620778757370724 -3.903674593825116
-0.35310210972491507 -4.563703288642649
-0.3048193661345319 -4.259059851636707
-0.27285858212681535 -4.1970865945408375
-0.1515116591795458 -4.372910502752246
-0.30568010330805173 -4.408975881680102
-0.20512035844769597 -4.422042968773853
-0.3618252086214154 -4.511838181293049
-0.13416383997788578 -4.191302927161307
-0.11291995073683658 -4.028094937720123
-0.2690905258884163 -4.4678487574677765
-0.14945658742959816 -4.226498966292559
-0.29360236960278674 -4.183229492360618
-0.22889360116381946 -4.193550345678331
-0.26826720270812593 -4.411299675174753
-0.2193669109167151 -4.2003466816947235
-0.3029457637408086 -3.932353460031395
-0.24488899447237955 -4.152378838533277
-0.1518030960776924 -4.566148168176231
-0.37473530684609113 -4.472278677943752
-0.31448459974009596 -4.416218078129562
-0.3784350713177215 -4.281891354993136
-0.19465614012403137 -4.47659109834589
-0.3119063191098373 -3.975130235317428
-0.18640515283592182 -4.316848267478591
-0.19199275868093452 -4.033705693520239
-0.32215239639290033 -4.50363330757614
-0.2995372796694248 -3.997397402863505
-0.22267416548040941 -4.53470134843151
-0.11856741620105249 -4.162929636741567
-0.33790769138898774 -4.02571597744924
-0.17245252479236417 -4.432301705939619
-0.35097210440305426 -4.580584190040639
-0.17750384375251077 -3.89249298028836
-0.367539624035195 -4.138123532509154
-0.17100721019112805 -3.995158290320768
-0.12411377150743236 -4.473625799640885
-0.33456699532329115 -4.338998495737526
-0.1904466627351197 -4.101188221808523
-0.1125106891117636 -4.060895807687771
-0.23876483472618235 -4.384795362782164
-0.35229569752297557 -4.379081223692994
-0.3579942847458041 -3.94530777926609
-0.2695972352626228 -3.995953756767363
-0.15734598050747423 -4.059917997511513
-0.3112166681322567 -4.435283641631513
-0.3544012932655263 -4.127056426078296
-0.38741256238484273 -4.236372919618639
-0.35500173099007737 -4.392167340077757
-0.183879026314445 -4.3360520962242886
-0.3240096993566215 -4.090494817530202
-0.15096063634679402 -4.203265189208966
-0.14288192521380755 -4.223572515302152
-0.1499544247314989 -4.528965184608856
-0.21520209921905917 -4.003582739374683
-0.38188681817513576 -4.1283594043024525
-0.13715683499179454 -4.29678892214426
-0.15008589314692813 -3.908352140530149
-0.1242634790027412 -4.4060721265127825
-0.10384270074749852 -3.847671340466063
-0.1553611986672058 -3.9071033617194715
-0.30564135647285184 -4.574300038504548
-0.25707970609002434 -4.403404689541704
-0.313721139563831 -3.8534287490298924
-0.1767247802334781 -3.919841154625895
-0.15583320857437122 -4.476813552810949
-0.17561389945432399 -4.3420308553998055
-0.1218852781071863 -4.078841034416348
-0.3652370985653971 -4.4823178747601515
-0.14649096012338325 -4.073567538349738
-0.28215454142873053 -4.439929116786624
-0.2810145167451793 -4.2492594251641265
-0.14023045319375926 -4.5777186888035954
-0.17470681310357364 -3.89729900870038
-0.34869928798591077 -4.369429853916653
-0.23362722339699088 -3.8394290112973906
-0.1919803616667236 -4.049204617822259
-0.37973349515098137 -4.539306520703107
-0.18518785596375775 -4.346235480839251
-0.13767468498773544 -4.09716379572699
-0.26439646290044777 -4.009217451788756
-0.12771655831943995 -4.420608771855984
-0.39379093565245454 -4.0369368146120905
-0.37923892637789963 -4.059880158768164
-0.3629652199042584 -4.5662480420556895
-0.2718333558285877 -4.052201097811812
-0.10240017761436288 -4.187987803537045
-0.3987894433012143 -3.982831210846258
-0.3587857301560222 -4.515357105026592
-0.3514640786691619 -3.8973675616973416
-0.3884057843550404 -4.243067833014037
-0.3494339955479162 -4.387849074525336
-0.3155155526216111 -4.052680937995875
-0.13393672333975476 -4.346648555355414
-0.25295639063175557 -4.4565422894312725
-0.1477382017050337 -4.558584034467799
-0.2503209102663245 -4.513280995890202
-0.18956886277530338 -4.106511061207504
-0.2568253215843812 -4.003591644797714
-0.3197973990927295 -3.840500184056964
-0.14844240203743542 -4.280066920400232
-0.3803215680445684 -4.43348853048786
-0.2611076879791776 -4.132253700080017
-0.21520322802078234 -4.009082237793951
-0.2207451854404319 -3.862538882598243
-0.19189491880269235 -4.308283284561825
-0.21639511484774063 -4.121715045909222
-0.11806048088313154 -4.120219387666243
-0.3395053056290016 -4.536777784758437
-0.20596241563018453 -4.091863888039131
-0.17216738369517404 -4.148579589139546
-0.21804090904526394 -4.2010493508822835
-0.16248163546957173 -4.152500968132838
-0.11015774125161731 -3.9803295854297747
-0.25677223044765185 -4.340001446575027
-0.23626455236678784 -4.229424463318112
-0.2503039355532646 -4.131665639002233
-0.28184674383293273 -3.8708159922548226
-0.29323251401252953 -4.153329578332013
-0.3548247752573264 -4.562109052363565
-0.3008573881552017 -4.178252431917353
-0.12427977680274149 -4.270241859611397
-0.18940493953858792 -4.48381376631135
-0.290171776331687 -4.479480586041454
-0.22519307987503584 -4.102086593950904
-0.2505521287692488 -4.048702671585348
-0.3525507872412842 -4.177209719859959
-0.10329199344990886 -4.301350125131581
-0.27635708376579843 -4.439742984389369
-0.2771909655937968 -4.460255504097631
-0.1101318353881151 -4.1704720854941275
-0.17190946889041353 -3.876072542193745
-0.3648723212973431 -4.546043159992392
-0.1255675854002733 -4.4675375998978355
-0.24904694281738338 -3.861067764734239
-0.30471394270092556 -4.009233143690658
-0.35273494043470915 -3.9163503411263636
-0.37351126363618625 -4.22968227979684
-0.21953877131362587 -4.27837467629096
-0.12182206417489116 -4.3752403323340845
-0.22080993638957072 -4.46936990307327
-0.18145765899123162 -3.880891331238927
-0.1298975487240182 -4.191648984292787
-0.32202830672291505 -3.907770456346136
-0.3253452959360327 -4.271480796630753
-0.33983477464302414 -4.052954168489467
-0.13569545344031192 -4.467397993307566
-0.370578882403974 -4.287378575895634
-0.3243073164571393 -4.233349074597147
-0.23972431780543357 -4.408084710549155
-0.35947680609867155 -4.502575685331853
-0.2252236325657951 -4.310794558546349
-0.2818091742428238 -4.10898305104771
-0.37001720143455025 -4.127657720534747
-0.314691641265307 -4.479304060581355
-0.24891199541215947 -3.8470453949112615
-0.24041879386704798 -4.125186147455463
-0.15002629802999656 -4.37226847200685
-0.29661571091706024 -4.131941751061284
-0.29721575429734987 -4.295975261337466
-0.231081704957269 -4.434161941306415
-0.30325465966508103 -4.494980979237273
-0.17119003207089417 -4.439672024037991
-0.22207488234726525 -4.096036666241515
-0.30427590231034535 -3.9550503214623984
-0.16024577059392806 -4.584522717458688
-0.12628078079900762 -4.236286655164515
-0.17258965186085318 -4.528637775333914
-0.27576818909129447 -4.172024119707241
-0.2426921621313658 -4.089080142538193
-0.3645111062116638 -3.853826657664039
-0.37824656762014824 -4.015857603746176
-0.17169310517938696 -4.145295995029031
-0.12233764075562203 -4.5491068726430415
-0.18194387691609615 -4.079554298614233
-0.10509831669204361 -4.177926037056573
-0.3434533881777177 -4.319190356445725
-0.3774004618333652 -4.071018856899024
-0.2871687112908124 -4.089755438129146
-0.15011803151959166 -4.344155720869297
-0.1912939549209549 -4.208876408812747
-0.3389390185520083 -4.019169819722756
-0.3907358895500878 -4.10687632666648
-0.3324437333754906 -4.2289284584545594
-0.28871010294958666 -4.06733114935591
-0.19758271628451798 -4.379236069129019
-0.395042219755221 -3.8790079998892795
-0.23838821224190118 -4.569672718592317
-0.24104308466482877 -4.5156576175678165
-0.15594301211581502 -4.318395648629126
-0.1650868620780596 -4.33743961246038
-0.20094640344595113 -4.481022469268641
-0.3971332980738858 -4.28815740985567
-0.12593917330190596 -4.580084957686217
-0.2705223720227521 -4.4543999689678335
-0.381553011100087 -4.46113548238893
-0.36596257887895045 -4.221395027408196
-0.30760720547764325 -4.123908793279171
-0.2455617972541451 -4.4142621269399775
-0.23944103820401771 -4.342967441800212
-0.3222781895250839 -4.053369115179313
-0.2549344008803559 -3.8658043518837157
-0.11094618694381825 -4.0760681982322335
-0.18590415570780303 -4.219511877630699
-0.3907015516605858 -4.506805170421344
-0.11133513869667466 -4.0992795726578635
-0.37711293808041146 -3.9810677158145786
-0.2657922920692018 -4.066589403674474
-0.259371510223937 -4.4815558686495764
-0.33728449627887097 -4.341193666040067
-0.21687868155292586 -4.283016464343686
-0.16509027065550785 -3.978559918445554
-0.24134131019312294 -4.154326729769584
-0.25985624936288837 -3.881052053650308
-0.35654735715732117 -3.859384012486484
-0.36031872681068955 -4.460275652766421
-0.36364862667206754 -4.2111414224680885
-0.12333462729674616 -3.9675426818599293
-0.33432022101888625 -4.185541513987212
-0.39905802394502443 -3.944108930384065
-0.18087353413091378 -4.459027669407883
-0.21118536889666492 -4.395365918503676
-0.3624645243886424 -4.521979127305001
-0.34384521810624863 -4.403788349630793
-0.37746576334073 -4.026543487767631
-0.24276910836215193 -4.213489855709125
-0.12897021180031837 -4.318781665085664
-0.3980319710285875 -3.9912910185217534
-0.38594188386111195 -4.100257503850122
-0.31306746215913067 -4.468836569118561
-0.15675896708956377 -4.430800997055329
-0.17229393051396272 -4.15326804629932
-0.3574009602582223 -3.960964732390886
-0.1378605976465344 -3.903162089263921
-0.36890042097016307 -3.984839067659588
-0.31586079267941164 -4.001055049080599
-0.2880110505880593 -4.0535446325696824
-0.15431369905608194 -4.434097953992154
-0.18189651174179983 -4.265942231397885
-0.20999106845222634 -3.847449277424706
-0.11862295037509452 -4.260938907793427
-0.2274273486288694 -4.290118887650725
-0.24509728676490594 -4.067937661519359
-0.13136350488138943 -4.323539895046423
-0.12376423520756047 -4.5595868883700925
-0.2501171001109872 -4.315042325716258
-0.2094393672368442 -4.386751163104254
-0.16528822039647356 -4.431959367433453
-0.27753115132857414 -3.8413971982395108
-0.15803543679665158 -4.129728784818782
-0.3723230055323231 -4.077914769154157
-0.32504813047725006 -4.582640583947837
-0.21903183654351904 -3.8947924860073213
-0.176205741396058 -4.2640386478462675
-0.35396408149554204 -4.582914658580104
-0.24538567290383237 -4.528747977711742
-0.12321154641637877 -3.926108956932426
-0.1958523635404865 -4.183942965698671
-0.35242600459737167 -4.246116640603163
-0.2722362624004112 -4.231715623063573
-0.32207320311404875 -4.544880165530618
-0.32043744384428485 -4.297603257504777
-0.33617572774763443 -4.137337070259843
-0.20146132133184871 -3.853752753308541
-0.11800235467721648 -4.281050053252736
-0.3109905531371325 -4.484473346714048
-0.23292377480173732 -4.554501791959747
-0.16414576145354026 -4.528781366276209
-0.13783955520501046 -3.842266205219251
-0.35512839388981926 -4.183797024594124
-0.1590751366760415 -4.451166841512599
-0.2637089890986307 -4.5594703686682605
-0.2132180168901662 -4.485887642343034
-0.36149624145067505 -3.852478585639826
-0.22050360192201995 -3.864382237052931
-0.3169216959695798 -4.142655993181259
-0.3834541631273098 -3.8720888389902917
-0.3435586705058059 -4.324402223207224
-0.20476478361745293 -4.068578902243747
-0.18344845891580897 -3.9089865766634455
-0.32837100059230706 -4.196867061065771
-0.11744313387780964 -4.583195262781524
-0.31346514720299296 -4.1727574971635315
-0.3484303608589069 -3.8772402191118083
-0.2719469066733541 -4.181173660082527
-0.17637789243576704 -4.303811680368579
-0.15538671110116895 -4.503849136132619
-0.238795192245559 -4.214450035669168
-0.10935006227577643 -4.047662489577677
-0.31613005386082327 -4.210243117290866
-0.2349686269040638 -4.459482890947511
-0.10942591637745541 -4.110134772065714
-0.26123287255263217 -3.9063632927875678
-0.1915546164578523 -4.310521248088973
-0.34272571874251284 -3.867590810414049
-0.22496173839106565 -4.35591949646448
-0.24011227556991985 -4.362490056414009
-0.18701778574373973 -3.892067586632822
-0.37791890949934687 -4.296974274098474
-0.1922539155942608 -4.050985615405539
-0.2420181297642245 -4.306294626318278
-0.39042421813679173 -3.890770441964733
-0.13655561590584303 -3.8531003861710733
-0.1642011778854694 -4.132446077481427
-0.1075678575428975 -3.838592086586246
-0.2533612816135459 -3.9835275533960597
-0.37548546101047864 -4.173631654930491
-0.3364302813154044 -4.4722010970538095
-0.29779430351612346 -4.469135635145925
-0.13150468832257695 -4.326059655821381
-0.23115641710546822 -4.417949533768427
-0.16845279040952862 -3.9861914322573213
-0.3761195814679309 -3.9639245547535396
-0.2468439581155474 -4.323448612328654
-0.34704226452947495 -4.052386286867342
-0.18303546046824523 -4.0879553167823195
-0.1455904471700008 -3.8390117974775704
-0.1869952810697992 -4.4492948272806
-0.1002641620586785 -4.316587359577629
-0.2128663606174027 -4.40012510622774
-0.287633082718164 -4.087217993535221
-0.18949995822012353 -3.970891580077052
-0.37878662859743495 -4.001722530951356
-0.3064368442834114 -4.549740797353912
-0.38126083581303866 -4.327618188347167
-0.14220288200012782 -3.901375530935725
-0.10105751528860651 -4.50460122627358
-0.3673459473898996 -4.253867719911851
-0.2685032834338571 -3.917805599557503
-0.25109854106642393 -4.5714788750223905
-0.12549731476305132 -4.0496704713307246
-0.3770891924306438 -4.525777577259442
-0.16780330052878675 -4.19694881381255
-0.11586273386495977 -3.9079481578511976
-0.3320779757112498 -4.169235549711332
-0.23873821263218847 -3.939311781949292
-0.18130977325199293 -4.18271917951362
-0.28718562494685385 -4.143308257714125
-0.3072131718485136 -4.296698524701241
-0.16977539773917555 -3.8863705056178026
-0.13540684198919428 -4.461189986729286
-0.1622021459724834 -4.309416757816235
-0.20114303620542054 -4.401878580203726
-0.24032443953273785 -4.234215894637624
-0.33372010670413577 -4.078825189366077
-0.3963592956394209 -4.233296447147806
-0.19242780932892328 -4.390175135089961
-0.276171493516661 -4.155634472742241
-0.30021655505272016 -4.261460946188011
-0.23000183463336665 -4.271197775561022
-0.3863906373393421 -4.389059168519845

0.12541412943850505 1.6231552423473938
0.060366363771239516 1.9549989712816045
0.14652350365202632 1.9794947237179246
0.09054038485588926 1.7456288000087816
0.09972585689752896 1.814790301402942
0.10310771174281613 1.4442019158206731
0.1303706470651395 1.6099253076540478
0.09872653695004324 1.8324184179652347
0.07608079920464346 1.2404080363797132
0.09348280299436593 1.3712279094772288
0.107281453960509 1.8445646502914659
0.08528210789346957 1.395566203138708
0.08735162060596224 1.5385788656898904
0.07378346012683527 1.775877414026633
0.0977395459336909 1.553209841366307
0.08559722220128288 1.5725309676892874
0.08085742192988796 1.4449343149441916
0.12274831906080771 1.4224534392618633
0.11425545692620095 1.2279847250370817
0.15528048546290035 1.3106277840920895
0.06645771760845622 1.7003981349773667
0.07919498919598608 1.8739342820323597
0.12051856204364744 1.52983921853928
0.11326628449791326 1.9653572250212963
0.0953216711905851 1.483459426004149
0.11052313304511305 1.310933042760041
0.07286958083783716 1.31576988803245
0.11381998271395707 1.3901597128590315
0.14035796147315804 1.7893901965432135
0.11855803016995783 1.992469527006563
0.13196707367604746 1.7773652393004118
0.12810694482799334 1.369095565746027
0.13101569905971183 1.6858247235578336
0.0905164441464819 1.357001465933085
0.11617688772350089 1.5485953862544988
0.11971843719565023 1.5042600868905889
0.10329261630917452 1.7689231651932213
0.09354211616635166 1.8857413026862402
0.07482803160890641 1.6107347001169188
0.10626267647045315 1.3044675753812678
0.14264022830814466 1.3147601040221069
0.11103290534550392 1.613395007224976
0.12222957399113754 1.6695186221296612
0.0787007497298329 1.3311692963246877
0.08209299828487342 1.6818623746276053
0.12017076909772145 1.7962750769299118
0.1542890378508211 1.4146967460159332
0.12354798577677482 1.3398658466209488
0.15469985808452769 1.6586954882526532
0.13875645243357176 1.676807932050016
0.13902246328204673 1.4020254633303142
0.07059558579857152 1.8048082616522532
0.15537057542981658 1.4227289595775054
0.14733048365443568 1.4427925970082827
0.11500165640061175 1.2233123651604536
0.10322337010809737 1.5800604312314237
0.1263439174514219 1.672850745483216
0.11568405484697361 1.4591300502434486
0.14488409381266193 1.9296532085842295
0.15803400263700962 1.3506145422620657
0.09996676737098656 1.40191404123076
0.08690119859021346 1.2484540640347142
0.10058649067567861 1.8513754473637893
0.15850312671948746 1.892521722609127
0.12428232053081634 1.6697607960879917
0.08041717557306147 1.988468750222992
0.09291733996032982 1.6205143522945051
0.09828301801938169 1.4993721891117866
0.10578436580019326 1.376275682832658
0.14384081616475955 1.923344192345372
0.09055394218660105 1.6357927941122945
0.15433914068042606 1.4294340888467894
0.07384389054995436 1.511100445832378
0.1590357740242359 1.7737931265740001
0.13217967673446568 1.4272390869850744
0.15820166218101656 1.608542736008338
0.09438341911895949 1.5161972096770424
0.13853136062904098 1.4527127212274475
0.09586195517216667 1.7116341491467937
0.15172680576763328 1.2687265690388239
0.11238247334376256 1.7306287544381425
0.12462505672014478 1.4802790431343311
0.06934534408149909 1.2846071394602023
0.07524022678749724 1.5981656404364768
0.06736957840935252 1.3040288884154612
0.07274739141894271 1.981042138154636
0.09771091779640924 1.3853734190104092
0.11435570947018338 1.8884803200028624
0.09653386370275503 1.8957853967523866
0.12705861489120973 1.6000908762623507
0.08671865194620174 1.5185331573659435
0.06536330427517155 1.895809147523825
0.06342052275882899 1.30990933538759
0.1590795302087618 1.7112079355206737
0.14289293022484895 1.654921939651126
0.1580041422372 1.2100271695393692
0.13528789914925066 1.8563615704852443
0.13840359694580007 1.675212640520087
0.10430741187450922 1.6716591445834892
0.12247489959214804 1.9497723303257626
