5 100 60

0.7576604543649857 1
0.9938885334659309 1
0.8958389702443025 1
0.23285929627403745 1
0.806020463409188 1

-0.33300523354121236 -4.211173676714956
-0.3943103260660959 -4.204065457405365
-0.24234961911713376 -4.420669953587632
-0.22251241627881602 -4.250585318030648
-0.12571467708370915 -4.407678786214305
-0.2234530208469254 -4.534015215492095
-0.3753968010798007 -4.0304716769049875
-0.1005397974914935 -4.318613275720699
-0.24035520601483032 -4.308241541989674
-0.1906275293230065 -4.170203038008655
-0.35352093302727594 -4.417362389491146
-0.15985004192101876 -4.385101833379261
-0.36303122667087395 -4.028589358351108
-0.3829837337780564 -4.032150205793223
-0.38247127468290315 -3.8511117504754178
-0.17223627575028141 -4.535191913665491
-0.1786862962064768 -4.581105120559415
-0.2559236184611765 -4.341876090466808
-0.38444193616979255 -4.574811809186098
-0.10238613607047048 -4.149563282361952
-0.22520207729555497 -4.341050152164682
-0.39375463389071425 -3.907214401756335
-0.25247735899104673 -4.338076416079486
-0.2597179322842782 -4.32314520020862
-0.2449666271145016 -3.8663596653698096
-0.27186769671817207 -4.295613818998468
-0.3789550416015475 -3.8803765648591693
-0.3549266638896571 -4.561116546806832
-0.2653349389501158 -4.020748458266231
-0.27567974654624533 -4.47569876100456
-0.27272161810413686 -4.229573220406062
-0.17930547121131915 -4.065122359304876
-0.33339623771700266 -4.453819217142098
-0.10047138899094887 -4.426683387206506
-0.2839862200181751 -4.258368385103403
-0.11352945382988999 -4.221282518266736
-0.3203935984797388 -4.011424977268019
-0.2105770931541797 -4.347594389933447
-0.1781975652440886 -4.404949943518611
-0.20061348176639243 -4.010499716865408
-0.24642401716972528 -4.097212778243186
-0.17909829553994658 -4.580802270112591
-0.23614023797713207 -4.3468574936883
-0.20844651690244162 -3.946777093949985
-0.3458583535783083 -3.9086046147380555
-0.2981205748591096 -4.37894745051802
-0.16867945847380136 -4.174584267543303
-0.1811737159712475 -4.209727262374669
-0.19910592916293005 -4.1678098535645365
-0.27272271022597205 -3.870998093431918
-0.36528788408288304 -4.087242139032658
-0.3186357927083011 -3.946964645664007
-0.10816995991538803 -4.123749943491447
-0.19567727581689398 -4.364044287801902
-0.20355586091895092 -4.494263967512981
-0.2900330164427211 -4.1416718611711545
-0.26813482365647845 -4.189635543114915
-0.24488625058289074 -4.119779509420947
-0.37954934324049444 -4.076352776172755
-0.15528887694788454 -4.073053311323484
-0.33876294008758173 -4.2101801614978624
-0.3594622196044567 -4.274416209965551
-0.29951345767360427 -4.582261915284796
-0.35866790663219844 -4.238959029401524
-0.19692249633046133 -3.8832516910147588
-0.3134230694740885 -4.032422888435674
-0.38849781707992165 -4.0406238056101955
-0.2955613561099205 -4.082286027842781
-0.35169529489430773 -4.277286880149511
-0.10642404668175548 -4.263234114677688
-0.3134771348351908 -4.22127707128556
-0.2152085281340664 -4.055090711599949
-0.39762470672258016 -4.329077783800625
-0.16058175721474915 -3.8467046557908193
-0.3833582023495115 -3.84577881783634
-0.3172345208398517 -4.387064969417111
-0.12957722153102552 -4.0438950481344955
-0.3917410596485544 -3.87376610954093
-0.30513297065988343 -3.840112895004556
-0.16234834106709137 -3.863002722792588
-0.23208232322088806 -4.178563115162723
-0.28472897720505314 -4.253861004889394
-0.10746371767092394 -4.145766735240954
-0.156331269173211 -4.517282591195787
-0.3380087391642299 -3.8511423933104325
-0.13169888332057628 -4.085774480181082
-0.35839306747891136 -4.384605866746948
-0.2825371268845065 -4.308943573280831
-0.3296762531980353 -4.580635737484483
-0.28199902319361103 -4.531823399965817
-0.36994783981131957 -4.428128019322446
-0.16228950860481406 -4.564540025406479
-0.160474467028422 -3.9348374044653704
-0.20849067360507514 -3.856342523869307
-0.31830136142641363 -4.381674647384287
-0.3649532636197136 -4.481985239208936
-0.10506464923202297 -3.8904137293921934
-0.20125372137695438 -4.1082149012867255
-0.16572169052120136 -3.975410668695786
-0.2535019156216245 -4.08067789054501
-0.16745821719357962 -4.115103753086893
-0.26463933523136335 -4.133570701195954
-0.3532752165861026 -4.097313299593589
-0.11048166742336663 -4.466787557307963
-0.31198703803375344 -4.444632866581441
-0.31769038597632293 -3.905108974747949
-0.31240240418734105 -4.19010764962729
-0.10044293041870878 -3.8422121250466503
-0.2675076168352961 -4.220900690540539
-0.27356232498791255 -4.3832434178696715
-0.23178723772564358 -3.9103339252630445
-0.13687280358623344 -4.136701353514413
-0.348983728927391 -4.389525130566424
-0.24586711512367532 -4.369946479949691
-0.2664842690214866 -4.169169225132867
-0.38283758366343157 -4.146186626384252
-0.3365800294933459 -3.986370603905405
-0.1019773830060216 -4.180592851518686
-0.17037513968839121 -4.488637895392512
-0.14834909324945206 -4.561024936213434
-0.2460009147378053 -4.406185917360836
-0.39971943330919557 -4.2073528290548285
-0.24369510174498932 -4.46933030365045
-0.29123524071995865 -4.395618670599972
-0.22687149206706012 -4.443751373316445
-0.18540893569829614 -4.422639784062919
-0.23418996385694116 -4.134314461959774
-0.24454786823302432 -4.3301919528704715
-0.1320447586851023 -4.397373014928996
-0.3073971988570261 -4.330569924824067
-0.3836469165890069 -3.872908632070505
-0.20492587410140994 -4.2190229353695985
-0.25806862479714077 -4.358676616497952
-0.3908842997328233 -3.8653385788269787
-0.2081597969484227 -4.151967276649618
-0.24164877766622078 -4.4476260236865155
-0.3754119354331411 -3.9399683885471366
-0.24306575628290927 -4.426643116060101
-0.2417529276899843 -3.9185400997612945
-0.39011047942640986 -4.498116642427887
-0.21224235646394948 -4.41941941053991
-0.27824262606709016 -4.493920602963252
-0.246098918183533 -4.224135496857055
-0.21404491913390342 -4.347702100007728
-0.14825304684722523 -4.105610523942037
-0.2803021467489367 -3.966081138842094
-0.3489721476169735 -4.106311320648987
-0.2691863049386569 -4.230847583153703
-0.17543221743342102 -4.396741100359408
-0.1997269120044443 -3.9312097105725767
-0.18808105141225323 -4.395917796049926
-0.183106097056885 -4.398298223568265
-0.14560375054703123 -4.065258281289744
-0.1959259376176187 -4.027575537596993
-0.14045658862014615 -3.9297213642422584
-0.3355540470985174 -4.445822475183444
-0.19653683289097978 -4.170163484238945
-0.39589427933427696 -4.51172055178107
-0.2637555923066212 -4.2966594060160395
-0.3572126328960895 -4.014966230269083
-0.18698473675247512 -4.203509158775742
-0.3921068020523835 -3.832844882766727
-0.1549999415868362 -3.9693363218258764
-0.2875125082975191 -4.020432661650259
-0.3239560373968438 -4.284564206734932
-0.2779815302987512 -4.126070906767497
-0.27813391357763445 -3.923238862142786
-0.12028584253021096 -4.2542259741669
-0.3356918097249088 -4.154316225276205
-0.24445346740787677 -3.8832086191057926
-0.27652507629040796 -4.405646386816366
-0.19709282076797877 -3.9933097749279987
-0.11814705644128609 -4.110529275952002
-0.1298547343248006 -4.269863045542382
-0.10152519174875213 -4.199703905452795
-0.3903540973826635 -3.970645471338942
-0.32544143125300956 -4.520301850328568
-0.3654932982912508 -4.460351023909352
-0.130989088610241 -4.308853741772328
-0.36986254334424357 -3.8772893686715033
-0.2910673594417291 -3.9696498078434534
-0.15885205602183658 -4.561622180721896
-0.20410071699676252 -4.2695945804735755
-0.22616023122991638 -3.8973667129939926
-0.29677048507750536 -3.8576682536570797
-0.1230441382945821 -3.88369392364873
-0.38632511668269937 -4.56082933127578
-0.22355913601006608 -4.13719054917526
-0.37927575322121215 -4.126960546809295
-0.32011454151352514 -4.49241088931836
-0.10240775253899159 -4.02543647699519
-0.1447493357180344 -4.413987041377871
-0.38168805175769743 -4.1177046350594715
-0.16889783253892518 -4.15224170454466
-0.16526088435118355 -4.125445120513288
-0.2762425482280721 -3.9738464718056177
-0.33970220083015495 -4.574152832480563
-0.17023423066738078 -4.185215346737167
-0.19000577435079882 -4.363027117537777
-0.33751013029227 -4.489309835130115
-0.26904607829503696 -3.9674223395970416
-0.2273703712546214 -3.8346483637527284
-0.27634299192662837 -4.11481469211927
-0.3329960267854039 -3.9891430579554092
-0.14422918852726735 -3.971983557711905
-0.39646613435945816 -3.9675136557808233
-0.2437916700373464 -4.3379983105546875
-0.39994924363161355 -4.378833876511246
-0.13270791314144942 -4.341507312029416
-0.1515432821908097 -4.045654578306895
-0.12040789685750425 -3.8461000867111435
-0.17208566758941057 -4.475667638262152
-0.22422298162060522 -4.508999748751029
-0.19257395063796562 -4.41101756112956
-0.31452658020732205 -4.437187086642572
-0.26872774706338165 -3.8349984337839085
-0.1207254038498835 -4.100422900574777
-0.2085700136401829 -4.43386016216934
-0.29877545954555373 -4.197965995629288
-0.18331063748476525 -4.5358352585090795
-0.13424903297716706 -4.224747375129018
-0.17515550294739438 -4.268093423528116
-0.224324228508744 -4.186174045565245
-0.10997833983682054 -4.168698804378678
-0.19880454866716923 -3.973108707103458
-0.22459129290143687 -3.9471017994252753
-0.24697119080896904 -4.273627032099445
-0.38218543249568476 -4.535113527956306
-0.28298733886160715 -3.8763430978555835
-0.30783700444536577 -4.292035058145994
-0.299511324228525 -3.944727400580836
-0.1502523566065848 -3.893803293925376
-0.3621749919085631 -4.196578167974207
-0.1279010969015576 -4.515012869432566
-0.22907402678592895 -4.133421387481616
-0.3057653783505062 -4.083228843151576
-0.3597693355199645 -4.228704720313405
-0.1603147219223322 -4.01985619454215
-0.3832653655609481 -4.1514487580605826
-0.2751245556631075 -4.544064276285436
-0.18984875258144254 -4.317277216707798
-0.1552409873000885 -4.371741398057197
-0.1111460613481774 -4.327111097446803
-0.200251028504848 -4.113678729209458
-0.3529718595181394 -4.0686859783083635
-0.35907161512169394 -3.876750791904454
-0.31850538737519973 -4.547138371464478
-0.2270208766640838 -4.346870331265867
-0.2528583697042189 -4.268610331505603
-0.10046047597939883 -4.1742525093167755
-0.13220692722122562 -3.8580553134003206
-0.34216650547045624 -4.07842784534636
-0.1403418947553855 -4.444468799037894
-0.38891644124402974 -3.876429646101785
-0.1531901733815033 -3.929225169732816
-0.18902771587848677 -4.193308776246518
-0.26853780658246024 -4.343004452852557
-0.16927225719434985 -4.339265071794061
-0.1283250292765749 -3.9657870783747664
-0.33430228895354464 -4.133183959257106
-0.17230946050631232 -4.039042645205968
-0.2989004971571863 -4.303924144755185
-0.3651957039121425 -4.265404081478639
-0.2814024015048436 -4.1846090275855365
-0.1649634623341859 -4.064504214246766
-0.36285152232963935 -3.910373983691314
-0.22531470771685205 -4.287439600079118
-0.1391091664617527 -4.136880057552972
-0.14530876798831366 -4.429612659134911
-0.2396809453811184 -4.22913009204003
-0.14162710787931632 -4.400489001210633
-0.30415386338433276 -3.9142396475371104
-0.2595515966540478 -3.8646144061503334
-0.3924851757628753 -4.579571188003833
-0.17833390909016744 -4.422019109632121
-0.15792798426444962 -4.136193544147913
-0.18308214669561013 -4.325014532520614
-0.38603159131626624 -4.3212253878963205
-0.3657915542440345 -4.100424279028846
-0.12383049952837344 -3.9130332931036005
-0.15613873535711523 -4.460481465015243
-0.15569091474186103 -4.479947187873498
-0.37235311552399114 -4.0785255279874155
-0.1859865133967727 -4.114300625635897
-0.39284167943614345 -4.179357388486517
-0.2776372974793247 -4.129532327538109
-0.11470667370537485 -4.203014357526688
-0.25640414963645314 -4.193836725351485
-0.22764758779785402 -3.847881019873955
-0.3877920149547511 -3.8402869670063096
-0.3109184388022064 -4.250170324092642
-0.3371012314145447 -4.271686033118474
-0.2752144308757721 -4.495268434483228
-0.22827869247930246 -4.501305767959658
-0.2843508323170188 -4.324921748657844
-0.13545527148950065 -4.50842018168919
-0.2916359800332706 -4.481301706906618
-0.3790537331193591 -3.9712150368159067
-0.3930421094085168 -4.544401910304991
-0.25298640489316626 -4.0581913028473044
-0.3885963234791047 -4.5366520678358375
-0.11169743043988739 -4.072443250113266
-0.24688596979758085 -3.896272337283565
-0.34649022193732265 -4.518045669566797
-0.3821034027879436 -4.0150374588064786
-0.2752591208188184 -3.9265981390081572
-0.34977294519909397 -3.8906876438614213
-0.25545604526270216 -4.279871088105987
-0.28810751164605364 -3.9276452321829676
-0.34211078770283604 -3.9323090858735306
-0.17343222192782373 -4.00979748198925
-0.22914752541164743 -4.082322685208121
-0.2248752115394871 -4.394872857161218
-0.2776028235038128 -4.3748926179482055
-0.12434637783620084 -4.24842575865911
-0.14047286125097602 -4.439760341777763
-0.37924787359014905 -4.278280714865427
-0.3992474715948964 -4.451056703334499
-0.11550682993285927 -4.0794904378765775
-0.34016772281677854 -4.5773599830705045
-0.1563565309075057 -3.8478127126823205
-0.36686900960380553 -3.9504764214604773
-0.11884008516070632 -4.012180069603769
-0.119974749056525 -4.408319002908817
-0.25079926876306485 -4.487115730297411
-0.3424381548834717 -4.460974537502482
-0.11634759286731988 -4.091460494615657
-0.2400498762016801 -4.53569449686178
-0.29256809137649764 -4.114676025167733
-0.1921495245281019 -4.521330321595277
-0.38915527557047797 -4.385053238225856
-0.32976896030754943 -4.216027218919879
-0.2381966516563307 -3.8792721401530477
-0.3573543243836819 -4.4107485352243305
-0.3933465436549355 -4.5522742257380875
-0.1266226126465172 -4.002972428732669
-0.10829608334608981 -3.953486106382149
-0.3225012720165983 -4.39577834144423
-0.3965599748525274 -3.9611976873011905
-0.22508141599080103 -4.015196216350244
-0.3496860516912288 -4.222601711324359
-0.18559808271091616 -4.253530422442995
-0.1242717801463743 -4.3101911673668045
-0.13986176942338296 -3.868325815042721
-0.371963647857668 -3.9324898182382086
-0.3088923570876464 -3.9826007755285247
-0.1928399523244705 -3.8800152874974723
-0.201710844934213 -3.9761729783740076
-0.2834159733974696 -4.421115372669825
-0.22578790809386198 -4.124934093961279
-0.10376184002188793 -4.02076561436241
-0.15483944362788318 -4.533937918382005
-0.2620763220319118 -4.549446947506962
-0.16301177903659356 -4.580685227262837
-0.26733754375342755 -3.9039375848172835
-0.2626652562764042 -3.8867516353227725
-0.118900481870015 -3.9334235875690404
-0.29899307846144474 -4.122531140341806
-0.1231960639372689 -4.443977102646986
-0.36961168363054187 -3.8659694830938567
-0.2203365163181752 -3.9350116119947556
-0.1550438278965913 -4.414866506043818
-0.3862473091307351 -3.9369151553104373
-0.3229760637644561 -4.2375800435698725
-0.32673305726831736 -4.036957792735466
-0.12236213041618793 -4.323001926192935
-0.3911193350100246 -3.8444677114956076
-0.1071759520277194 -4.278324705719423
-0.30572788903362347 -3.906972292907568
-0.10768223289556861 -4.336136967184001
-0.3622108569422685 -4.502054523024921
-0.21343613223745028 -3.961575168989874
-0.29784273232821573 -4.40784989754686
-0.34072723671676985 -4.290696099028421
-0.38771183712919616 -4.317155091577952
-0.16587606991975323 -4.437198541620971
-0.2597067323172953 -4.441472446913461
-0.27636973573041596 -4.426098529088499
-0.1407785709776897 -3.9033501500922534
-0.24177069497985423 -4.034093291571156
-0.3645263191764162 -4.047680149439112
-0.16122590402303327 -3.9460281030179623
-0.3673427299781259 -4.4437120087775535
-0.1478030402275145 -3.8624516938887035
-0.1315416535656928 -4.440476160693302
-0.16760379463375316 -4.545004627662665
-0.3872197650703769 -4.443187360192547
-0.30363179589191386 -4.139275256950641
-0.39991072898577595 -3.842401663283545
-0.1697721793156823 -4.258838693519323
-0.13308361163337856 -3.8687833465008574
-0.14250814818060303 -3.9299905211784747
-0.23295094780373982 -4.143558820776029
-0.2397425248000649 -4.1862129638818475
-0.3097649980673711 -4.182383019163648
-0.15998822285973485 -3.989437964426333
-0.29621661696572776 -3.924190041946031
-0.10956082000967127 -3.95148083291141
-0.2826746158938148 -4.254954788903988
-0.301245615520387 -4.165628820018424
-0.39897680883391906 -4.012740337044858
-0.2816388208714184 -4.543737834391121
-0.1395743094152414 -4.064559312667887
-0.13582402665596427 -4.12958899775132
-0.1614092021396836 -4.050256035505569
-0.26114173378751976 -4.026167803572764
-0.3713881524446104 -4.019052743123899
-0.23970783032501605 -3.8323388521419486
-0.19709701140700528 -4.522134406749099
-0.10769337660407291 -4.204450250566452
-0.3983454960476101 -4.198188633840966
-0.23574115243360116 -4.21643724069722
-0.3593017163019657 -4.291006250804899
-0.27517637236625314 -4.369246335115853
-0.18473903021036123 -4.555522403903897
-0.12946695169638733 -4.00646165944209
-0.2142227499756148 -4.300668011107522
-0.2783922196506713 -4.551743146545748
-0.3805422514162631 -4.231580765347233
-0.12118672341796499 -4.1250964039392475
-0.35406503240993975 -4.418234874377156
-0.12177498423196242 -4.239274648133227
-0.22644131534550355 -4.383989182503161
-0.25416285024519647 -3.969372635157061
-0.19016633379041997 -4.234205720705418
-0.10501692787159367 -4.418789083501831
-0.2310813570535578 -4.544157884275861
-0.25900876911256515 -4.5307720701706335
-0.3828515132305765 -3.8488207119928344
-0.20816444155898078 -3.937215727863688
-0.12455083661705335 -4.349165915594349
-0.18118584139120397 -4.006655595516595
-0.26513343359035824 -3.8453381254813883
-0.22943506820165183 -4.373704078284046
-0.17154080198326216 -4.235386905862091
-0.3595275159741142 -3.9466593121938063
-0.24220768982676932 -4.094244107739972
-0.26958771187632824 -3.9520290187289775
-0.3330268048624647 -4.290356910956063
-0.13058437612413126 -4.304833982552876
-0.3951384320070892 -3.9701819672435588
-0.11436133146356237 -3.873291027763921
-0.2728718412353083 -3.9421951115500704
-0.2071899237655424 -4.124146879827575
-0.24325822829308869 -3.8983165034288474
-0.10089150043638012 -4.013600258328648
-0.33182767706664795 -4.500942952408953
-0.15805566570602442 -4.4295868624917425
-0.25448039008734413 -3.9844100064128614
-0.1099834439612089 -3.9339908179592236
-0.3771200093554173 -4.299503763426504
-0.10042210093177956 -4.453550839748911
-0.15316672833443887 -4.211316255797191
-0.38996779693565464 -4.430468683485116
-0.26266517811137413 -4.431512815875628
-0.33659013519306535 -4.138199586146119
-0.19310220930378488 -4.510832408999043
-0.35422150522725293 -4.37845828693723
-0.3191767896646406 -3.937971389746424
-0.28176483354931275 -4.008754610973858
-0.2249328211248032 -4.152338711895765
-0.21706749866595407 -4.179395581374935
-0.16935415784950095 -4.4729889292620815
-0.36858727401070174 -3.9210009031709703
-0.16999176728706902 -4.097611015052227
-0.2789957956791962 -4.100223141886379
-0.2677179188590473 -3.8632547132597033
-0.36524366436115885 -4.35516761002704
-0.23384231787830265 -4.0349062753047775
-0.12471925149094298 -4.536203083672059
-0.22715374988585754 -4.138410371466934
-0.2797396568101222 -4.210601588398066
-0.15640824541236698 -4.5403181182058105
-0.10288253372549389 -3.886891182045528
-0.33282716413827407 -3.9994914291055865
-0.2767744291201769 -4.348824578537925
-0.3028503537903767 -4.016771977898001
-0.35507497616784756 -3.8542759643745694
-0.29604407549359335 -4.225045482751211
-0.2240344263901648 -4.16871122499538
-0.31282192548515403 -4.2868779825301555
-0.2962009055171266 -4.322786802413022
-0.17096686791475288 -4.3254148466711015
-0.15157962758266294 -4.223279770340838
-0.2228496244667264 -3.932656276400313
-0.13540550689371428 -4.338007664383634
-0.30429239144468845 -4.2343424684842565
-0.10795626005118492 -4.208479357587536
-0.16690423902625928 -4.273962672130235
-0.2936349934411705 -4.438389005452972
-0.23124405318255314 -4.454769290975268
-0.37994674106137655 -4.309572533874986
-0.2903742459356806 -3.9395394185196713
-0.21515244749484122 -4.525862504246711
-0.28444372668776796 -4.040163889118538
-0.1507673601960595 -4.277794493309512
-0.35235815485397387 -4.400359518797618
-0.34501425355392035 -3.904269037920236
-0.1348194210253802 -4.301186192205232
-0.35749837442882215 -4.171742410749664

0.12326832069578272 1.6547932467613498
0.07613106356968308 1.9928851418843316
0.15330377801753436 1.5495328489506737
0.11702696329799869 1.6572925403916883
0.1495117792075369 1.9619892196958517
0.07107987152937645 1.3975657832750585
0.12903584151001735 1.3247551981535874
0.07358579089997692 1.4042596371686327
0.06570628257281243 1.4002855945200916
0.12166564304179864 1.7530294195229668
0.10910220860003927 1.893802196698442
0.1244553585566657 1.6571156590867613
0.14514939258404913 1.2950803875362897
0.1126310825688964 1.3760230985105268
0.13366126752269125 1.2116123523852202
0.1416532226134295 1.5110579647733717
0.15566618535247678 1.2833426212788488
0.06100169986695181 1.4485785078263833
0.09801561882325162 1.6512340589583387
0.06105444424533914 1.5304448068295553
0.1573097708047987 1.2956447888058997
0.13392639303479237 1.537873233561136
0.11117842347690979 1.7167683785496075
0.0827871683413814 1.292705541016114
0.14170860903535593 1.6074573868271955
0.15430012554387373 1.2421307121464307
0.15523307773888465 1.4360423632178994
0.09827387460112137 1.2086720690759314
0.07692692987895633 1.7842948064512032
0.11024310325730718 1.281180539885164
0.11567288059561462 1.7232029589736162
0.1397110491900151 1.5388289899536887
0.06998424517628621 1.9899837427513194
0.06356879963189146 1.8388588403127777
0.10291629559975149 1.4922083528737249
0.115961568101217 1.8345244708285406
0.15159162738211246 1.5099898976251545
0.12102980997984622 1.6753950658130097
0.11763076160795113 1.2208772320867407
0.10488377130190266 1.9224766250456071
0.13125445189615662 1.599764250200961
0.0644000265305471 1.401752020100132
0.1480799979658592 1.5453409348656844
0.131477682762844 1.7262230755974461
0.0710924658573387 1.3236779756937231
0.0882415662442832 1.3417704402224657
0.08543406726639131 1.3147208448151562
0.08332590156000638 1.623732177846031
0.06273782238059826 1.3366822349535186
0.0824890142915175 1.498577893439523
0.0989937645366647 1.9573766514185142
0.098805062122831 1.463152513646812
0.11086742976962913 1.5216642422834696
0.07171598199814151 1.8046830223360368
0.09898714770194081 1.9051128494939191
0.1111734688631439 1.6342396734418407
0.1492005132238991 1.992995959722252
0.1386582542489136 1.5342031650680648
0.09437645649701212 1.241800435820249
0.06212308387831859 1.6136763138566124
0.14484626709534687 1.4610842522173417
0.1484318679630258 1.8813746263064726
0.07541246626753148 1.259744550349678
0.07813370838926527 1.78554459828637
0.1024405075266874 1.478176495790836
0.1486471658193611 1.7445938357119273
0.07189707613786407 1.7391943734719417
0.067724318601582 1.444303347689111
0.13836405342084807 1.8283101866619094
0.1547575399606595 1.5400194193508736
0.1352935814413999 1.3593339182026054
0.1400445744143048 1.7480402229434175
0.10093498084948557 1.4473664403399649
0.07798707892561016 1.69128078006311
0.07969800647381643 1.652758481493687
0.099072190906025 1.7047918647431413
0.09323172845595229 1.5176145066880307
0.06868779187379727 1.5109018806562582
0.1289929013739775 1.9242249783390821
0.10202483510048396 1.929197199489442
0.14677966301050444 1.9097057864531592
0.08288511231810966 1.8881935267195296
0.10183769199380172 1.6860244954456256
0.07237172337756204 1.6533190277808856
0.14920758584635047 1.8634839873430076
0.0769715933211962 1.9455517294002032
0.10442020414466402 1.4450439203887744
0.11083658456937925 1.8216252806635578
0.098400794029196 1.3618705633930641
0.11130226749654434 1.5632267108838636
0.08038170547376422 1.5717809165859062
0.06650376513522763 1.433152438692535
0.08838593365152453 1.9939851847833716
0.11198093004074272 1.2790872747280202
0.10743820186356268 1.406285446354987
0.13874013668045088 1.946507112213519
0.13674919420151277 1.3717123944263525
0.09020618451467435 1.4594258054824676
0.08770335077735769 1.6830225135972032
0.11396835115444134 1.925442717220851
