5 100 40

0.15868728649667196 1
0.6160386971915258 1
0.9255106181864453 1
0.3567025013452355 1
0.3124824694460281 1

-0.32571968425905035 -4.120650020550459
-0.11599197477692524 -4.348034800391927
-0.3845275860426149 -4.029819804761308
-0.15353365885140777 -4.282728944186232
-0.2572537918224017 -4.245425908076658
-0.28332523804750936 -4.161070266658967
-0.194975689063477 -4.195809542377283
-0.1594670818213737 -4.300300884368866
-0.32832393601801035 -4.350803643117818
-0.10769537107530125 -3.979723160356684
-0.31108314571568796 -4.546880502230619
-0.11347660758727174 -3.927817259907305
-0.3712121281443591 -4.195131175635133
-0.3845759923271807 -4.121849189453624
-0.2496149684021585 -4.207569709149146
-0.10294873595982862 -4.1908576805116935
-0.34176641372707317 -4.031166163985468
-0.34524818620779474 -3.902375520134536
-0.2124624234431352 -4.479676522023403
-0.33910535576163847 -4.511647665411027
-0.3084933537559481 -3.9780828348410484
-0.2511609350212676 -3.9815062412596514
-0.21964225347026475 -4.001766169797665
-0.3987847017856296 -3.898179517396591
-0.32290634642251353 -4.1467524099937805
-0.2200228968787004 -3.925953975031094
-0.17661694666352976 -4.167554596556423
-0.16377606071812717 -4.436497224569943
-0.3263532166688566 -4.299555205872137
-0.3690558529659878 -4.5212731218054465
-0.3796729067618267 -4.445814694435096
-0.13785958653295666 -4.479757844718821
-0.3274469031898754 -3.9257782436297144
-0.3649268735347747 -3.8853869939529675
-0.1844502172231479 -4.540083778391036
-0.24020410028826567 -3.928287826342149
-0.11366592235631157 -4.5597495455844435
-0.1525797201378163 -4.020188187826605
-0.14112569910857836 -4.5060066526916716
-0.20316849173133922 -4.227676061506768
-0.3452428795366454 -4.3226391571385765
-0.16207587492453224 -4.546173899877128
-0.3286761914409524 -3.8946735100604375
-0.10750132063254186 -4.3008605170835805
-0.29716336910398866 -4.286776013570255
-0.16691388989382902 -4.23289533747882
-0.2042873209789168 -4.236748648360435
-0.18135948718313352 -4.192297075000663
-0.13805025236815927 -4.548307963000742
-0.3731358317302982 -4.157010710953013
-0.3742402325126788 -4.5136154014705925
-0.17485248279892143 -4.352135651395566
-0.2527079740672473 -4.5545972754164765
-0.2869239310034376 -4.086141658249478
-0.22141291060541254 -4.1572647165504595
-0.21949823034456983 -3.865625296021738
-0.36980139553631225 -4.403527498140571
-0.23749821849505265 -4.099971670924612
-0.15623393918439102 -4.4398467526875915
-0.15258945702501645 -4.0303810727062785
-0.2418263892467315 -4.450808344225813
-0.20300509714899553 -4.111509105851358
-0.2746540271412954 -4.166638269545885
-0.32097034791151524 -4.458838702151429
-0.21746872016792657 -4.055131662915639
-0.11793809658671944 -4.215252116220244
-0.18686157347703408 -4.096542635304664
-0.18685359632152254 -4.20354981417483
-0.21440617309703844 -4.283704352745259
-0.24018347686492605 -4.047397347192973
-0.23469560919335072 -4.463446455812882
-0.24684894362775653 -4.405305833944071
-0.21156610752862398 -4.135436683874627
-0.1489368994018757 -4.017665096393304
-0.29688359015572985 -4.3535887845418095
-0.11647524163943185 -4.181503270156309
-0.10480624792826043 -4.294944309020823
-0.10792135030020861 -4.20906875009044
-0.220796635227412 -4.488210028014512
-0.18857184905377672 -4.267807445879064
-0.2682785515109452 -4.497253854098479
-0.14800540589052347 -4.049302951716555
-0.19354326260047333 -4.490939239271936
-0.34505200840130945 -4.495678237158367
-0.151357287117506 -4.222613109518891
-0.29325107325127486 -4.3553270134307125
-0.37514618011341866 -4.525526624348097
-0.18285770313763627 -4.237452323385801
-0.33912687990181867 -4.451485756344107
-0.11223901035358536 -4.492038884640966
-0.36043847636590653 -4.13570077016203
-0.3195630967708468 -4.465974897543569
-0.18398355310110237 -4.477251525738397
-0.3915574359683836 -4.533672365455248
-0.14744982309209287 -4.067461725940184
-0.3557641111659847 -4.379245761412504
-0.16287974421225654 -4.035053417553146
-0.38040062603297453 -4.249699897440494
-0.1414599126770525 -4.373556596616962
-0.21106732615645185 -4.291735472909835
-0.3573833616112846 -4.583276783047403
-0.3883722858200384 -3.9710490720050826
-0.2397987739705482 -4.313950173302358
-0.11124393200910926 -4.467213325013114
-0.10672310763798326 -4.053106644139832
-0.14842334091338422 -3.901962351089445
-0.3675026266396217 -4.495848750558721
-0.14232069275340242 -3.9233939312887878
-0.34282331668467597 -4.082332497213726
-0.36055551029314725 -3.8479360999061156
-0.2275082357508501 -4.353561171429614
-0.27263230238378466 -4.068214210573511
-0.21849865523893314 -3.996373116459295
-0.31846688374597665 -4.407493132255324
-0.10986507203373075 -4.158441319644133
-0.3355268520739194 -4.383817798906904
-0.3497509894828006 -3.9279465577479984
-0.23428442244157252 -4.075177236365975
-0.1313569832383727 -3.97489460076077
-0.24762808000303774 -4.1562927848535285
-0.38122974067841925 -4.437410774531104
-0.18200687339702992 -4.418151907791527
-0.30537908049991686 -4.312577937118002
-0.2475798568156155 -3.915365391642239
-0.12917850317545804 -4.467122947018175
-0.38465425689385624 -3.8333746631830152
-0.22823035587343002 -4.073006762631731
-0.16361996668488216 -4.038551179926281
-0.1526794896907267 -4.360028301061168
-0.20190439636550828 -4.585117642758186
-0.3809590009523163 -3.9054585061770197
-0.2548349405710569 -4.111230375347797
-0.21748095618027827 -4.305465351060263
-0.3979971603330789 -4.569240375878307
-0.1215767474998109 -3.94573508579878
-0.2624768943219412 -4.5794201210020855
-0.18536024273506865 -4.485881601925506
-0.20439671855647087 -3.9228195222590605
-0.20407774744602877 -4.257569181863977
-0.36279390726634375 -4.002751754260996
-0.22357684646919285 -4.464099357595324
-0.17780613657390265 -4.178512757253736
-0.26582389180573585 -4.514266448180927
-0.20021936695448558 -3.976786028694455
-0.10697109475161648 -4.287855706367239
-0.37317514636040133 -4.3054715285370895
-0.10972665984613039 -4.281620715470034
-0.3684333727596765 -4.506323382796108
-0.3619297167633466 -3.84831950492672
-0.3275801357730604 -3.8850099652257692
-0.10526453782409373 -4.095732200166514
-0.25747926606528143 -4.495275184749386
-0.23842829844303098 -4.068275917999999
-0.3390985729300342 -4.326035630907712
-0.3483921310057372 -4.342433247911443
-0.34813474589656596 -3.8867070963941686
-0.17635589870947585 -3.93914928590256
-0.28381729159020663 -4.135608921216253
-0.33017069590065606 -4.5007192987049605
-0.15560646663524133 -4.069965069446507
-0.10714340099415931 -4.271232746791873
-0.20981133216325976 -4.135614320520418
-0.22244927864986358 -3.8882583453934028
-0.10919849645103197 -4.197668646185171
-0.16848386833191623 -4.170780831720907
-0.13033144375858796 -4.0435059772540365
-0.13273413839489223 -4.5100788155277804
-0.2248131031317077 -4.304764995213703
-0.35402232370653697 -4.2228922096585055
-0.2327288645015327 -3.897200683381398
-0.1371600532534562 -3.8794402161977963
-0.17663681860668978 -3.9284761196319193
-0.2512885066147554 -4.391833168331844
-0.19815970676793088 -4.292209514429131
-0.11381439720999681 -4.250633788267965
-0.3652818153181377 -4.457713270185465
-0.1270234105135511 -4.033300605522697
-0.2599502058522947 -3.9609518660875107
-0.2899919555529662 -3.978909513510074
-0.30664124567826384 -4.013774457753017
-0.3671953381858694 -4.564016380090667
-0.27721234622911917 -4.479340853680718
-0.16667763259541046 -4.174033433531067
-0.3680233124687854 -4.543809034999915
-0.18431057817972896 -4.581392826623622
-0.22558824424500082 -4.498443716574196
-0.32353469159969295 -4.415850250157351
-0.2686411013109723 -4.476275478850625
-0.10266414495139153 -4.265140616662945
-0.3593960451543219 -4.244608712141384
-0.2710947343463542 -3.889778601043548
-0.20862938161790975 -4.467950501280006
-0.3941315169909951 -4.08218150149831
-0.3063293467535261 -4.247599752402067
-0.18261815505624535 -4.345084135009353
-0.39480059846805265 -4.185911691403826
-0.3803427925029509 -4.199899973406111
-0.3419351711651431 -4.310147006888388
-0.19655978776938562 -3.9721751025268865
-0.14325171556972138 -3.9090579414945847
-0.247275087461639 -4.321329568115871
-0.35102436489292077 -4.352860446968002
-0.2124891949180363 -3.8777338878137586
-0.14855586201120113 -4.373562583017789
-0.1953219096484296 -3.8662884308732286
-0.12766735280593355 -4.0913529497009
-0.38742304574140624 -4.315230512916858
-0.3387850587841186 -3.9670054527896896
-0.1610791539891746 -3.969928717597833
-0.21645685322699826 -3.952574946958985
-0.33330732436249444 -4.466845901905807
-0.12356074821376412 -4.467115003766191
-0.31482420550988804 -4.129581158972842
-0.2544274903128969 -4.006080695874783
-0.24442175771416397 -3.8796243952792944
-0.10161060960684065 -3.904027742796765
-0.22937682151327424 -4.100579034856146
-0.2877974066303347 -4.401798873475662
-0.3650439493557266 -4.417518055823002
-0.22718743048185627 -4.0609348038413176
-0.22200933368697365 -4.192835227044569
-0.22166427737803587 -4.405724983093596
-0.3291346104920885 -4.185428161176359
-0.29646294323790945 -4.394530101240381
-0.10479991101056252 -3.858998761801462
-0.3472785896949726 -4.375122778155036
-0.3106726668012393 -4.329255169670399
-0.15658377171360405 -4.256905100282795
-0.13965751976260105 -4.253615131512203
-0.3385973459428492 -3.984110434445514
-0.15393063216290753 -4.12630961633124
-0.33323583292991843 -4.101836189912017
-0.316601479927918 -3.9239928785580904
-0.10010448439433323 -3.839004869695222
-0.39731779666522515 -3.889507277934552
-0.2005771564541062 -4.3041157004092305
-0.13710126778050485 -4.4771435928818875
-0.18610999864379763 -4.306053466230976
-0.2554725207404118 -4.1431591261777125
-0.13381409456942728 -4.0258864555311495
-0.13110638664723967 -3.9855268565958353
-0.22068917683115033 -4.205519718474665
-0.33758151751103443 -4.316764360996605
-0.24726662456246876 -4.250261598890305
-0.3711970313940142 -4.033894900158414
-0.2640455383739595 -4.267730570889818
-0.36851862397534707 -4.313460747199976
-0.38621673757392083 -4.126561948985187
-0.2903791702733394 -4.386495573020223
-0.25579647417631457 -3.844283598705374
-0.17482798686971884 -3.8838317766749944
-0.17276312710980274 -4.142352155279127
-0.3606557012395987 -4.070736275753251
-0.11063726202760166 -4.136659962640229
-0.18279101343304152 -4.3870705992009045
-0.12359194094079762 -4.488221459678998
-0.3744122849948508 -4.127211317589242
-0.11723212365132268 -3.925482593892729
-0.3572988782626307 -3.895724663279897
-0.25808863179917496 -4.4421815612627515
-0.16575725410911624 -4.408990095837353
-0.3695024558031112 -4.135004677728167
-0.30935145067925757 -4.111683260235162
-0.28946829193539175 -4.50923301211039
-0.304020777679895 -4.182467091211918
-0.33494573681254225 -3.8408956326403776
-0.1534746073553266 -4.5281468068997315
-0.3351942997515054 -4.257018963205105
-0.14811893241434315 -3.883481625786954
-0.39121956437858335 -4.299240524395549
-0.3811094943924457 -3.8457663393486405
-0.39770129285674827 -4.208961502330623
-0.25070744899191466 -4.157015183163442
-0.25286731892059733 -3.9167108671883293
-0.21396649394920178 -3.8402989711414994
-0.21875995526376513 -3.9315035627614403
-0.26199158016314894 -3.851811095389455
-0.20155467479228498 -3.8547441782970218
-0.32229463678002834 -4.246126052048324
-0.2045787830888527 -3.8494586325833255
-0.29853409771550193 -4.570923928833747
-0.14094573033617958 -4.12371354471481
-0.15870565249141325 -4.089269276259035
-0.32542063085854944 -4.065341631545171
-0.3530880775273737 -4.577990439712718
-0.23557284937799783 -3.963134004723334
-0.10189457335416419 -4.002834642338698
-0.2060261282034563 -4.008622252291857
-0.3327969717328109 -3.8474019597939164
-0.15371400352199818 -4.4021766066447885
-0.2656853943227353 -4.48990770732536
-0.2215951389771464 -3.98125954586365
-0.3474381743914517 -4.04020815153738
-0.12500656138143945 -4.23103034580547
-0.3390745688976247 -4.4857086217165465
-0.26205082749250325 -4.001158895509551
-0.25484373310317304 -3.8849554241084223
-0.19335872275619842 -4.4596282948569606
-0.14105409092063503 -3.99984050679707
-0.21379601474758617 -3.9998780320645566
-0.3405174688655666 -3.956419895453213
-0.27301758558586486 -4.581740491859941
-0.36871154573908105 -4.099640241876612
-0.27305770793424083 -4.333946037198385
-0.3232622128382732 -4.371745229305202
-0.2807383376651885 -4.324740356102171
-0.2580740524975983 -4.366840909051776
-0.3733936417901267 -4.1285017918446
-0.2218351269206257 -3.8727871742738156
-0.20329114667782816 -4.306198436547287
-0.3491672794860319 -3.9733077348990387
-0.2610751629388402 -4.37446746038391
-0.20490216810891207 -4.377598975557355
-0.12231095280831927 -4.030058999722753
-0.27619512555206005 -3.852676376273415
-0.16736392932452288 -4.2960078817241545
-0.39855777271441944 -3.878805871812162
-0.15276588854709014 -4.553672589397449
-0.2644632091969247 -4.279981625229209
-0.18877638574551453 -4.363841220001798
-0.39441043947135374 -4.315459068842513
-0.37089738781566817 -4.330738876379881
-0.27101368194404407 -4.127208460527211
-0.1469383144755501 -4.029201042289252
-0.3272177096109603 -4.173984345837861
-0.14859087610175642 -4.083410731151607
-0.14560329253788745 -4.038223101389217
-0.10500268473251906 -3.860037017519745
-0.32771657587284286 -3.9202206871827583
-0.3365353252854915 -3.9391844433045526
-0.2503056222237482 -4.130841181895062
-0.28177401518802975 -3.8563158225038077
-0.2946312750314209 -3.878999260198545
-0.10163337615842172 -4.508650630569621
-0.1691292674806615 -3.93845468468188
-0.1938690629640662 -4.195467543111351
-0.2759887910657846 -4.1611723484033725
-0.11190292619309394 -4.542261360251578
-0.32877955399063596 -4.40643963420904
-0.2961607037045101 -4.565781979707623
-0.30341751778828074 -3.944056989802901
-0.2897436257089868 -4.379218424382657
-0.22264331711775143 -4.046172666863026
-0.1343007487556826 -4.249114461384596
-0.311414872991265 -3.968016155013869
-0.3271689505520827 -4.061081360667273
-0.37134373104143154 -3.9585219169757946
-0.37322091558215315 -3.8487467896364373
-0.26731590530655136 -4.543022848727344
-0.2262627473478577 -3.9218749716651247
-0.11080399798907536 -3.8336257351022267
-0.20120532957042656 -4.302927853902203
-0.197017414101668 -4.166718117869478
-0.2631020839241409 -3.9903163878594015
-0.2191643652233718 -4.069254333149697
-0.12963539513017686 -4.394391625533033
-0.19881203961087057 -4.517955281908456
-0.26203815513803064 -4.252318397479731
-0.2500151618289639 -4.354386669712911
-0.2854475336649297 -3.9244783162273107
-0.1009048354280882 -3.8726116210577146
-0.26154382212109845 -4.541716276163682
-0.28593467371820935 -4.043541485838388
-0.36737257480625485 -4.036641010070193
-0.37428958310231625 -4.512731438524761
-0.2618716530714461 -4.407086013271878
-0.1537104018692915 -4.546129794324946
-0.21053756295721338 -4.16012654025035
-0.34331154260396446 -4.109405905370177
-0.1872409368422818 -3.951076440980767
-0.30936854171374195 -4.5520255939377705
-0.159100045115967 -4.031014290273279
-0.2647018995199621 -4.569829226373996
-0.1903827769228332 -3.924566139230967
-0.1531896930113345 -4.335948581071316
-0.3302207961017073 -4.137890493880209
-0.15991397936672855 -4.034219830159884
-0.29255548504929535 -4.052618480805077
-0.25554235131061204 -4.378448854297499
-0.35624406336453285 -3.905054304164957
-0.10306580800225218 -4.307097288848432
-0.33370493517706196 -4.137596263702359
-0.2900090759031201 -4.567030811910043
-0.21320616136632126 -3.9811232128457705
-0.30719561483222035 -4.454551559103438
-0.35734489478553133 -4.238251910550645
-0.1089497161353048 -4.506480803165677
-0.19131964712436178 -4.188305687279797
-0.3624620212938287 -4.408311992738975
-0.2843651708864521 -4.149081045590226
-0.303790058674605 -4.145549390382822
-0.2671201415055865 -4.09701614483473
-0.21837689240526803 -3.9502789039650077
-0.29003166560998506 -4.087850043585082
-0.18781579113973146 -4.061997705096266
-0.20752224996342927 -4.374722704371698
-0.23953239285849426 -4.2998273096779265
-0.19586750087578073 -4.052705450828116
-0.3069638661447262 -3.838380843153066
-0.22622717578225718 -3.97097055616129
-0.12256686156766017 -4.066566986571621
-0.24363729224829778 -4.22944402312421
-0.1517560547575639 -3.8963166834434313
-0.11871707674129922 -4.197521464415628
-0.11738099269786112 -4.0229670735020715
-0.3998758146165831 -4.094435541513461
-0.15400092428267206 -4.426158409104958
-0.3686091933007478 -4.493288683023561
-0.3676126406467746 -3.93118788806304
-0.10446851122173684 -4.000999013561117
-0.13348104875735184 -4.556909664863502
-0.12206873596806428 -3.9660326144724776
-0.2888618611949623 -4.297873498857453
-0.11620694093305378 -4.445904872447556
-0.15159318107633618 -3.981479324487006
-0.35359585582917114 -4.331260112760727
-0.20547481295169726 -3.9523400447125128
-0.3684865904517582 -4.469763938433956
-0.12549134728705308 -4.4277479963096145
-0.3920624445890584 -4.192221928253099
-0.15570743510859705 -3.85844469496193
-0.15428958171891485 -4.536755119596225
-0.17616503440216086 -4.264116210586984
-0.3857871883636142 -4.224581720190445
-0.39831994927414177 -4.091368704525945
-0.21502768995537588 -4.4180938079224195
-0.29774191648607434 -4.450206908054762
-0.12555826464307035 -4.338792882466054
-0.16894787342872214 -4.200511679815027
-0.12388079648245726 -4.465079907343293
-0.14460113733623647 -4.125581506068989
-0.24469662794056757 -3.91110645934193
-0.2462472934310801 -4.216393171497604
-0.19312745775499748 -4.201539307636648
-0.20252274138586804 -4.1584029235656725
-0.28640642312596176 -3.933195990215669
-0.11138431278448269 -4.370386532746012
-0.24265262326545906 -3.8600125749884775
-0.2386674373135 -3.8925796385559197
-0.38403815942871244 -4.561041017265998
-0.1815360349018274 -4.223216364389321
-0.2623308579106751 -4.121005042767448
-0.14538318214908508 -4.493147450483609
-0.2649049643686428 -4.570248557472497
-0.3722543862988082 -4.143763371205597
-0.21051694295320447 -4.384415241973463
-0.13047269829644337 -4.461483375990126
-0.36524962490562357 -4.339062014203635
-0.37111930737091287 -4.525926345369908
-0.24580507418967992 -4.36983526835481
-0.260205719577854 -3.934605666093565
-0.2612506576156861 -4.426209331500761
-0.2990773812234105 -4.240296404101444
-0.2100643092479615 -4.420223641519656
-0.20958957537641906 -4.066672820245887
-0.28800108305506505 -4.30675689419355
-0.2727856399754873 -4.064296696899826
-0.27828917256098673 -4.144481280112785
-0.24274569675843438 -4.566924760471891
-0.12401799365442029 -4.017360638839403
-0.18507630866104718 -4.393514355512473
-0.29947851008328796 -3.881894331547053
-0.37629725033806627 -3.943712434421416
-0.3792124212577575 -4.388457824689614
-0.3530729130308711 -4.180456362987894
-0.28318670872426455 -4.077588587492395
-0.2799307073018178 -4.215176120403617
-0.16473149656413621 -4.483180638293945
-0.36504591739231185 -4.406047360337603
-0.10423182290327421 -4.308394127326651
-0.3780105856058571 -4.1608650141802626
-0.32455993146317696 -4.129221116518705
-0.33004187890939973 -4.408143685828602
-0.2727056910741299 -4.1257057869227864
-0.22679995394297472 -4.31343084180012
-0.37517759491784625 -4.35963763654909
-0.16000013366101112 -4.500933888430895
-0.18501441574263497 -4.370645071583127
-0.23962928037855322 -4.368096485864619
-0.17516682365087372 -4.20136468941863
-0.1462300706011514 -4.572300515052267
-0.12546039166191825 -4.066246442683171
-0.36028226246058426 -3.925411001283397
-0.3226620608947548 -3.850436100106694
-0.21299264224100597 -4.326968781504685
-0.3804424221493752 -4.500042927765742
-0.35894870483372887 -4.233391830069043
-0.23535918130714012 -4.1497701728966865
-0.1678724018916763 -4.270379072114259
-0.13215299358653915 -4.113022765831647
-0.2117040231944322 -4.290502290617066
-0.22718223697075154 -4.0332233782258715
-0.27029893490368107 -4.083912773983977
-0.31622713866044394 -4.405373032681852
-0.28809497568318565 -4.576525994932989
-0.12076688624451326 -3.89574953144232
-0.23417243894024387 -4.312083966702073
-0.292275213951716 -4.150765668527357
-0.12379349409513724 -3.873788147665081
-0.388753252625336 -4.046342083489558

0.07676377302286973 1.646267325184856
0.10673947141432708 1.2663502906964388
0.11709226092904752 1.5269300913218407
0.1486951814308366 1.7202899779256935
0.07623586923268882 1.2255270205597701
0.13685399290968214 1.504937802435418
0.07863183564937135 1.5260167581699635
0.11253686284825704 1.8774432586664056
0.1261154585123273 1.9025652406186477
0.06569149816695775 1.9989958942143085
0.10065143973745055 1.2389485425104054
0.07765264031262466 1.3775044605403153
0.14993624395408095 1.265600925251686
0.10692837782159334 1.7387486580682823
0.09219892257266521 1.6688276777170097
0.10185092948828474 1.9454787625501822
0.10929321390832433 1.2658281781151597
0.10539145544283857 1.8122466535563304
0.1167608482473433 1.8706362055784913
0.13795048507443103 1.3644729094858397
0.10927783204147903 1.472462896606615
0.09946268997647004 1.7184039894741767
0.11316151236754715 1.6831617177611218
0.11451854979975953 1.5749091568726499
0.12404339284404195 1.3880280403601388
0.10496604875571458 1.2751085160384776
0.0656130207700459 1.6801215452905451
0.10110074080606132 1.411176304134592
0.11806248000505498 1.3765997183968937
0.11966359738583782 1.2175194519394836
0.11497428517919694 1.7783135386011102
0.09260112948361955 1.3145640482225214
0.09084597957353532 1.6370805552756829
0.15845488948997358 1.624622240097332
0.12390040929173289 1.4443803518931806
0.11924798105794629 1.7632282693307995
0.08487598650144013 1.7232824242616416
0.06500948894090922 1.2590406734902961
0.0841464359911887 1.9301456462872186
0.15747543852360435 1.4580961675686313
0.11346983550527481 1.8923235214140988
0.10952925401916477 1.8879132483310175
0.07983030929562035 1.518151577770563
0.07025536201156778 1.4741827656847069
0.14480026238365606 1.5493660004493446
0.09494873822965819 1.6727059909052875
0.15129402102735592 1.9728457121021137
0.06253205624037536 1.5071267157245738
0.14827801828617818 1.4318406363481762
0.07108643630220682 1.3902548401137733
0.0945356668682612 1.6174014312969083
0.08528747560988516 1.26368523904921
0.14956743560898142 1.2025423837159717
0.14869930403988513 1.8840548500743397
0.09492206738637568 1.7516973659951383
0.06594030091140624 1.4755982052541214
0.07395637375822596 1.3800873321890388
0.13759031157404916 1.7203216452851944
0.12595463000704207 1.4675458620806587
0.15627888452140626 1.5614415156029118
0.07474094743794511 1.2699224804330822
0.12945535535738179 1.7739197294134543
0.12109742414452324 1.9423732790053378
0.1495670376434508 1.5378962413415556
0.15628066548291336 1.8159600308054729
0.09698634846954203 1.7664674198619683
0.1509951873307756 1.700316525273084
0.14570429660826867 1.677172660744836
0.1412038931716478 1.8898086011609216
0.15198763818436714 1.40003050930714
0.15514838676055126 1.302630280710479
0.06757494957952818 1.8831840528466244
0.08244266490933654 1.757391222328555
0.14802334571737202 1.95574924732948
0.07857662752122656 1.48234949434066
0.10616344970169142 1.5048421726075825
0.13711624177710874 1.9245273741475846
0.10618166235487926 1.8194216389676618
0.15919113277638025 1.629343502167921
0.14488278644050806 1.6963745358038005
0.08811479813582107 1.646243167454424
0.15802961139413252 1.6425706612127593
0.12008444590137124 1.5667978266994773
0.09849019567700351 1.8380502905672107
0.10880586586757843 1.6709414134572769
0.11826600297224549 1.3383930060864004
0.0891108204941721 1.7297595081844563
0.15425617717582657 1.7228663576348953
0.07155537332048134 1.3449113617305555
0.08533170011395236 1.7115214752364158
0.11807095530435621 1.9101538809028717
0.11249103029340302 1.3558087855620293
0.08519918280393778 1.4718760021186992
0.08610560834991209 1.4889870822383764
0.11483688270263628 1.8237372367735731
0.0710815071783176 1.6282649984044117
0.08654058442606775 1.6350199349506287
0.15250094246406218 1.9030119670405687
0.07462148164510463 1.277547278622033
0.158204330289302 1.8948246130856863
