5 100 40

0.6243270473644197 1
0.793703813029147 1
0.7451270398694073 1
0.8476399033086846 1
0.03853138104225717 1

-0.32694923589519354 -3.8461413375464644
-0.21089480103313732 -4.163743477649559
-0.1979882382926397 -4.431184575252459
-0.3858191737385039 -4.191257693288141
-0.11819480933574422 -3.9612281525802544
-0.15408731919096505 -4.41852689224393
-0.12895129814870054 -3.9248967997170627
-0.10269065754427531 -4.1552627687096075
-0.14551143921914805 -4.157399650050932
-0.3129337194422527 -4.1904270021052525
-0.18303502679286465 -4.095448866483107
-0.2653323742157435 -3.878815266711956
-0.22059267951305367 -4.074240963193079
-0.33180213431499483 -3.8616799869682024
-0.203416131879421 -3.8624518841009756
-0.11899676857605279 -4.293643490343993
-0.27610362614304174 -4.51756697852056
-0.2881855791286493 -3.8390624170778596
-0.2432014708118262 -4.4990595791940144
-0.26470671402180257 -4.446265097059207
-0.21396667138805908 -4.499053030817379
-0.13667780072288366 -4.209951630854257
-0.36672073185558995 -4.427197555254708
-0.3549170472369973 -4.397779095721711
-0.3941503983109222 -3.876104034797307
-0.1564884160477369 -3.890170165912007
-0.11163112961059984 -4.189164650631582
-0.2703544711331867 -4.263423474669623
-0.29715925187667724 -4.518110808315457
-0.20362521755505633 -3.848965548147413
-0.17719643364320964 -4.176861943828056
-0.16319660759914345 -4.270614549297531
-0.19757149473557756 -4.067510566629405
-0.20229335360464826 -4.454433674282418
-0.2736103090569833 -4.49080547626334
-0.3855281325543695 -3.943625749759355
-0.1854438496961967 -4.107997330219231
-0.24162576433277153 -4.307179462453053
-0.10787338798017665 -4.194915201430934
-0.3588764858359045 -4.149063896835736
-0.1193329727395559 -4.401432281285175
-0.2072315058488842 -3.954740883691846
-0.3601696090515767 -4.280518756315083
-0.33796332760068504 -4.106781908276874
-0.28746560281898953 -4.555539861775578
-0.39383617638668805 -3.9571163828515794
-0.33765133179592627 -4.4178243721622605
-0.3593183915565249 -4.085346968204295
-0.359270591531026 -4.201931240388467
-0.2944873576295369 -4.1383106600731185
-0.1667943461661626 -3.8802803025164967
-0.3425682912059619 -4.1797085594637196
-0.27149427063317955 -3.922537243113125
-0.17120750259315695 -4.391569154494152
-0.3022951227728784 -3.9040655040623378
-0.16385500015384805 -4.292804144533022
-0.10633715526679077 -4.38113861338786
-0.18652967266279827 -4.573501247722988
-0.13507470805739147 -3.8494683027467147
-0.2776575265751732 -3.9608059606720087
-0.2598370196717656 -4.332368634760183
-0.12848528122371644 -4.375543054849563
-0.3171970474949257 -3.9796353011797323
-0.2013085746218818 -4.48578205739155
-0.2635601849684931 -3.8462010099847106
-0.22871810340419524 -4.3822228520804725
-0.21421904409501893 -4.254257029826404
-0.10272484818883626 -3.9121429522010907
-0.18366966967042309 -4.430842422947233
-0.257865294635225 -4.24474522569432
-0.364640293048851 -4.125073866786003
-0.15539879320134004 -4.143517810116404
-0.11227098290981902 -4.183176962381547
-0.36348383140698887 -4.042110974551761
-0.21309090690600452 -4.230950273114884
-0.20680243754301322 -4.052592981669598
-0.16333649598703087 -4.250978374299518
-0.39041900703125787 -4.171331410622272
-0.3996134907041874 -4.062290094273484
-0.3463251275375197 -4.499343254001758
-0.1344962448646349 -4.27809197088858
-0.31439499657379144 -4.479863927494258
-0.22968164816866424 -4.492325416816412
-0.3676280713996262 -3.8396569161639724
-0.16809860900177198 -3.8958903363922346
-0.2301477508364281 -4.018880377912623
-0.17794626728464288 -4.002469083024119
-0.24381447487057284 -4.326293925208647
-0.2447400363883089 -4.121382212951411
-0.13010829121579282 -4.459116336150608
-0.31859248158533027 -4.317033453098524
-0.15518822855947467 -4.122366697418775
-0.2967850208383345 -4.157325659326785
-0.13430440401575933 -4.2537773112036925
-0.1787244000830424 -4.572630057866351
-0.32344176885954995 -3.9617026879065165
-0.2181967448400683 -4.441227563563353
-0.26748103013801366 -4.223719154569647
-0.1356878778746729 -4.326391530291333
-0.13931345778252469 -3.875379392020516
-0.2831002304652469 -4.219951724070325
-0.25006559632323977 -4.488712080550369
-0.259046618283972 -4.099936665080322
-0.18925522427070818 -4.454427125037743
-0.2481991436129063 -4.1918227514695
-0.3834926400561442 -3.9822388398394413
-0.3384249097034786 -3.851174333993479
-0.33134924997682236 -4.402082493669663
-0.18827002442968943 -3.9677986259418425
-0.18816896805652486 -3.854906766616951
-0.2679873751915468 -4.274817915064674
-0.21139138313319306 -4.401232313980613
-0.2495233917227054 -4.046919737455154
-0.18961795943435378 -4.4940121049931365
-0.3865428982608404 -4.017271784028299
-0.3549140862206964 -3.9982278437822005
-0.1642172797001389 -4.373076870419966
-0.3712503660128122 -4.333208691035182
-0.16874247224916603 -4.072760055724284
-0.21395664204498008 -4.537510912280429
-0.13364163258812117 -3.9734837786587054
-0.20926663631373524 -3.9688039369688632
-0.16709279477226147 -4.49773698099361
-0.27168220572118806 -4.386368444256651
-0.28245409039197533 -4.071063204541325
-0.1493976354956732 -4.515073143478728
-0.1716909892767372 -4.403600509172998
-0.23455055419185514 -4.531280636214527
-0.33401043811565867 -3.8697432687335764
-0.11867459293728966 -4.420289304844893
-0.18506590583764343 -4.187768988021682
-0.3477197803111675 -3.878720868255387
-0.24292345786232236 -4.380495689376059
-0.22756772629219676 -4.3543844074527
-0.24196355291095192 -3.9923040184192997
-0.19930056244295122 -3.9062964355322136
-0.2531095188692206 -4.462259621791047
-0.235221223297988 -4.581854723821925
-0.2630942534282186 -4.014690039897946
-0.24691109539710193 -3.9269409098565564
-0.3437313807955665 -4.489208197274762
-0.15057717931702486 -4.20231370756027
-0.19163163801769514 -4.203693944957071
-0.19585927690769958 -3.9546260609643897
-0.3016678196072683 -3.9361901930098924
-0.3545673510287096 -4.569232634932741
-0.3239566797325455 -4.264680586964421
-0.3545747330637197 -4.219913196251467
-0.1196831878807445 -4.0526639575218795
-0.15465675181807817 -4.366986312636276
-0.3091895636586641 -4.3091105578325735
-0.2794776092043392 -4.4702792695263245
-0.2558256297323377 -4.581386213725097
-0.2952700427734994 -4.544126004178608
-0.15749210625816895 -4.037799160795809
-0.29866112153471713 -4.40841919980477
-0.2798455548948589 -3.9895377333053927
-0.39940126144603244 -3.9476247185040294
-0.25222469333083664 -4.383176208030585
-0.22894296243169956 -3.934858407599093
-0.29028859367816856 -4.071598691521162
-0.19507219398529163 -4.505053248888862
-0.3365772048067327 -4.187446663838831
-0.3836938211563912 -4.068466907165757
-0.28737131104853997 -4.561540723131177
-0.1553706665681996 -4.379780942396589
-0.1671023218350066 -4.007366121928977
-0.22223682214073262 -4.392608986103237
-0.31757024857322574 -4.155114545215988
-0.2947756820838136 -4.1683566525330455
-0.117760357314041 -4.003727283307155
-0.14157085462849966 -4.2238083580063845
-0.2342566180016742 -4.056016362145563
-0.2426046746592703 -4.329346108973056
-0.18141836901010405 -4.131497361723207
-0.17484478799196188 -4.404834017062715
-0.38466553261012837 -4.273255039976254
-0.22418161542505483 -4.0113979083219835
-0.2236015439422198 -4.116040407306459
-0.12225569550689869 -4.306990374699016
-0.21911152827167438 -4.558361726465675
-0.20879124966148863 -4.063697710617907
-0.18950259206665931 -4.189185338364478
-0.13957646333772594 -4.294297021638801
-0.13512073242247052 -4.433283691786794
-0.1178586392568654 -4.1518007388646625
-0.37534061593990253 -4.569521896683795
-0.35365973163273745 -4.527450671902803
-0.23714560371276536 -4.454254207723764
-0.10344816831093945 -4.552464863304509
-0.3603742595449792 -3.9487180685661074
-0.1336820915964722 -4.002766170733519
-0.2252075175930528 -4.389746549615991
-0.10326430296278111 -4.564000836749878
-0.31491497587402006 -4.499825826814121
-0.2846560446638089 -4.171638218368928
-0.2872277567023292 -4.222940596062818
-0.32140724466305953 -4.3841443753736815
-0.3334618915617369 -4.429965770949915
-0.39621107209104023 -4.501162278711292
-0.18021736233598365 -3.971066677326136
-0.10552612863987393 -4.180836937537895
-0.32251700024441354 -4.498526078804
-0.3249537749129573 -4.439321827590051
-0.13404207709564842 -4.098320815779939
-0.2478719785680241 -3.9654297182789224
-0.22609566655402616 -3.9985055567305112
-0.2127023955039645 -4.077480984274631
-0.34119348825770773 -4.5061417964184125
-0.30055652663164556 -4.336732115925012
-0.2903338407689204 -4.422992714219106
-0.3765315236227429 -4.2738462205372585
-0.13421555458918683 -3.8481298575557883
-0.1917947881793824 -3.9267070771749673
-0.15058272658901328 -3.985520881073783
-0.15808756837753637 -4.037448103041348
-0.12124323651594587 -4.175785177688778
-0.3379652875613921 -4.495803912348685
-0.3356151447449566 -4.253285344469271
-0.15163536393442095 -4.098159235482377
-0.302700244453538 -4.563075870153315
-0.36946484961076315 -4.067587496952542
-0.31266679065777603 -4.074479636259401
-0.13881886161824103 -4.27052826811102
-0.3447718499141198 -4.224117934418869
-0.35656849523371625 -4.3097268220324105
-0.31668396627252626 -4.327202120760052
-0.33717838581386184 -4.032987003467619
-0.23602994936045749 -4.434343562213023
-0.25458083819504945 -3.882581634897905
-0.27447396745938535 -4.383411213259943
-0.2232335191178112 -4.497305377956258
-0.31068557622724813 -4.298144465793869
-0.3270044148581431 -3.8700236619771022
-0.2534853065197892 -4.017420711584874
-0.20756261146075672 -4.223371966478207
-0.2321766863001758 -3.9366935559909035
-0.28153999870698365 -4.054581794571864
-0.33055768997504786 -3.9270130656695157
-0.14205828602140808 -4.390282743276985
-0.3966659488647967 -4.136557303599986
-0.23153211162344478 -4.243119351462919
-0.14823146672087345 -4.041202162143704
-0.27609661405869124 -4.199649433642078
-0.10959399628214184 -3.8600351128035966
-0.2410201658198721 -4.1738774389267865
-0.11771402771501432 -4.410755769430602
-0.20088479680975405 -4.209750967209213
-0.2285140602754548 -4.331882269367208
-0.1483799806650571 -4.265909974967016
-0.14342968997546335 -4.114585031024718
-0.263417772989088 -4.221382392749107
-0.17351351320665898 -4.198359267203214
-0.2212357646871948 -4.574780491657658
-0.3023936503135208 -4.517320117105239
-0.1797032269069287 -4.453253244814579
-0.36198538802481606 -3.8821894375907586
-0.21452885447156608 -4.049774927443184
-0.2728191337914754 -4.568584502337093
-0.1438542046870534 -4.257505695176967
-0.12923739582171795 -3.916181486919704
-0.3941998549761386 -4.0317236616280985
-0.23497014303264357 -4.143020396381138
-0.21138312205339976 -4.488809470043135
-0.3651635541879169 -4.053331521385953
-0.15331812007294532 -3.97069871837807
-0.12157328903857778 -4.359112842755581
-0.11661385471050395 -4.157704744417514
-0.277204077422767 -4.528937875942552
-0.10665386103430252 -3.982582918030299
-0.2857205680315697 -4.3835011305165
-0.28838420166331663 -3.955598194186014
-0.10997941452879678 -4.218512360362113
-0.26884335449088714 -4.4972766092650005
-0.3029746869395948 -4.541839483149942
-0.2708059640485201 -3.9419053218953177
-0.2928018670548531 -4.229646674675026
-0.29987529884007813 -4.2419685302171075
-0.34402431734331446 -4.530301562449833
-0.12218205792599024 -4.360867528433589
-0.17606151492438052 -3.9165516463638683
-0.29117308973766726 -4.201782983085499
-0.332944685404455 -3.8438620131721
-0.3998518841464238 -4.360801027402129
-0.11546494206739705 -3.8591066955749564
-0.10349627936762534 -4.568679160684682
-0.14485327185660585 -4.094243070382098
-0.35296592836052143 -4.3889759745087895
-0.10643847295781711 -3.9921364131642627
-0.24567452802463213 -3.966456816562123
-0.1814539021352296 -4.543775308012958
-0.16234452105346156 -3.927901344621314
-0.22460173399946645 -4.110546172614099
-0.2295746027715095 -4.381032341989909
-0.24099641924636142 -4.5177189114151
-0.16318792084865502 -4.046072334160735
-0.31461209352152053 -4.40053958477782
-0.3591069294935315 -4.179252003838633
-0.32114835244643264 -3.9498596790255847
-0.2770142343032037 -4.535298673846998
-0.2981512177612052 -3.901307090002689
-0.2902897932930325 -4.1384593218992585
-0.18096861556962726 -4.351197273920645
-0.34889056069197777 -3.994158699477815
-0.32003624821780624 -4.527726685819482
-0.2659569955865805 -4.529466508163195
-0.3127531381065781 -4.153492289865263
-0.3687290320482187 -3.96696509928538
-0.2872973355389892 -4.115081744644108
-0.21222023721939876 -4.245914183114041
-0.1401991622073348 -4.584020339451853
-0.252834264197425 -3.932299712685244
-0.1008162684781615 -3.9316909065641745
-0.20202028017007687 -3.8912425141785185
-0.29256413278070176 -4.390901760078124
-0.14433580051526596 -4.234819220778941
-0.2934184045330116 -3.8462045074838134
-0.30547750498185755 -3.990831409232853
-0.2504906170894769 -4.50978390413152
-0.1517592072067066 -4.280485404230685
-0.2453766579688456 -3.874922066554351
-0.1713419207576828 -4.115150899376854
-0.1909175901273409 -3.9829063556871236
-0.14028216643034352 -4.318908644487966
-0.21598700632556758 -4.332692581016877
-0.3800040790383581 -4.322506983926609
-0.11887296572562517 -4.165000100879452
-0.19253852553899373 -4.374305251719951
-0.20249149085037804 -4.421728497334213
-0.1565696354698532 -4.038061998400178
-0.3605845933026919 -4.168310247135526
-0.1439731632977475 -4.495196394194007
-0.392517088393954 -4.197860551053447
-0.3311007229309597 -4.30872640777565
-0.2649342581154709 -4.401800115724333
-0.25115404606743996 -4.508492018168635
-0.3009659255329988 -4.143945399323776
-0.3883797673243694 -4.506538314243133
-0.20476111713943657 -4.165090250569815
-0.31270320335692225 -4.284551244962296
-0.2555947987949334 -4.404450156754722
-0.126158163995098 -4.072110175560292
-0.15548744392503477 -3.8786363348334962
-0.295195857134213 -4.483548174550114
-0.1159752690396223 -3.940626682268619
-0.17380556712881956 -4.049827792566807
-0.2854577537019508 -3.9936540529627464
-0.24976995721402792 -4.4350915576147285
-0.2913286011752543 -3.929077901448728
-0.35413136451006116 -4.565623079881361
-0.3300080248313815 -4.151957815317235
-0.32715388941164364 -4.241191629127124
-0.3836747362720632 -3.8869647004084196
-0.30988645255663394 -3.8761666246212862
-0.2528218328162683 -4.239240112004275
-0.2273205921431495 -4.02399960014773
-0.3312289709458328 -4.525096871428546
-0.2507147845081652 -3.9277559347573447
-0.2991909152530597 -4.167707851033162
-0.13732988435907728 -4.25665050195213
-0.3750339638047317 -4.382600099591653
-0.276286753781089 -4.513873584777147
-0.36469218738125314 -3.9358990593575376
-0.38202125170009166 -4.3103973195131955
-0.28321589331014657 -4.152598074985125
-0.20860690235532758 -4.333911702455014
-0.3185696095088798 -3.9715308393460247
-0.2153532167784809 -4.058476604683763
-0.19023550087980745 -3.953336508042636
-0.2620034086174041 -4.2957532064288
-0.12905680812864773 -3.987999172896042
-0.1362646844280579 -4.513484078032414
-0.31477550863723425 -4.549997802120593
-0.11751727767879477 -4.101610480057338
-0.38753013698178107 -4.421810467053304
-0.3978413043304247 -3.849749437025465
-0.35757192939521926 -3.8458190683142415
-0.304177477696443 -4.2970958768822785
-0.29611537869474863 -4.062336422079812
-0.3129534138825809 -3.9955790977369077
-0.34982828094847457 -4.051829750827006
-0.3674641761338402 -4.0295994956575925
-0.2524520717807248 -4.066954635415225
-0.3597085503134293 -4.1101143610927835
-0.2890656480378932 -3.8795651199086656
-0.3445880523510432 -4.489795664985285
-0.3787369977477604 -4.397361245976741
-0.17271943993655675 -4.098564295225447
-0.18197269579768133 -4.126398404165826
-0.25454622147657496 -3.911302189528057
-0.3447104938616709 -4.113698210882551
-0.20856864420935112 -4.08511277623214
-0.23836244697523007 -3.9943105590527788
-0.32617965130902116 -4.184303083335051
-0.2747840716536575 -3.836411416146307
-0.34148283629532405 -4.488839622694858
-0.2340787464564793 -4.546966630699011
-0.2728049057601039 -3.9062440196120427
-0.22319156742636145 -4.080151366177965
-0.14813496750126592 -4.26508046486617
-0.20213436753099526 -4.3093344516259195
-0.25080097718948435 -4.100542541689881
-0.3747963028377154 -4.114302935028275
-0.39715060580871264 -4.120850728817452
-0.19511094271945917 -4.434952139745021
-0.3154405279922537 -4.413428132660982
-0.1349295980786378 -4.4599610978577084
-0.2826035251919395 -3.980784718043366
-0.38288203914711405 -4.038618512766337
-0.21619753564871788 -4.4195594585767
-0.16799107723336187 -4.019767864697697
-0.10902560299067932 -4.158638296665744
-0.38397137656815505 -4.5725634993090125
-0.21479980484731803 -4.459458387694026
-0.10075670334356107 -4.229415427384442
-0.31015486775725787 -4.176330131907019
-0.15249414334731107 -3.851290823461063
-0.23733267613593734 -4.0892192754069505
-0.261130757473801 -4.34221887266869
-0.3391357940710484 -4.545834600822884
-0.35292384111073416 -4.006565526476442
-0.2493872292243746 -4.460391237793859
-0.3146540630892063 -4.269322259916608
-0.33020856541870286 -4.1078315819149385
-0.16403858449706146 -4.071368725117482
-0.22539489148854566 -4.322917174060665
-0.2655547129864172 -3.9051311854761988
-0.36452091466434566 -4.386003047166191
-0.10746949452712584 -4.554699815923792
-0.22747789748607888 -4.073721574785894
-0.340421055184721 -4.384819919742225
-0.19761457275455477 -3.844341705341221
-0.3714531326654878 -4.2374214415034785
-0.37059223760830134 -4.147006681768859
-0.3778036101881412 -4.002702618326631
-0.1632888466443031 -4.55609192425334
-0.1949246245797332 -4.317554226119961
-0.1651891998461032 -4.215642262771944
-0.21052812628084555 -4.57663042768415
-0.37010144703878967 -4.183420441059537
-0.3429979655316207 -4.008359834006978
-0.28631085973786913 -4.125010500250119
-0.24022216703985333 -4.421225809349258
-0.1893969891285384 -4.171764963773618
-0.31873535200816205 -3.9662825928256016
-0.15011462910631304 -4.525736957480206
-0.28875326430683096 -4.441630908864159
-0.22905962854455467 -4.461025556219683
-0.3214430280185374 -4.004212101288433
-0.3145266299793239 -3.9345521701902983
-0.3022230403851204 -4.112761853439751
-0.30625049047435243 -4.290010257554866
-0.3220004274559818 -4.173182109804879
-0.21773584870955484 -4.112326225400176
-0.30171084706353574 -4.109160898683585
-0.2855479711722882 -4.394151422458412
-0.2221380728094296 -4.1249596945667175
-0.3216532869819545 -4.333148564054033
-0.2602026302146289 -4.024542867276795
-0.1862133270941409 -4.323501710612913
-0.159664472987526 -4.410341572049201
-0.18367811213370672 -4.071087181698362
-0.13930454183381258 -3.94426940983767
-0.3343282880639259 -4.415049890491584
-0.2675302224473721 -4.475855816440397
-0.276478750104392 -3.9143210997006195
-0.17889340364945014 -4.339306120211634
-0.2958440080873258 -4.5761007914220375
-0.10709077325753419 -4.1802956103430775
-0.3182439875360532 -4.130776650297397
-0.32729161814824465 -4.17154796516265
-0.15727292448487398 -4.562855776342014
-0.18128339178451897 -4.20778748489687
-0.16945066966015015 -4.139722282212624
-0.3838768919741912 -4.457124557950398
-0.36434953630343603 -3.8630285435553846
-0.1534321007612049 -4.5553169868310635
-0.1944816036589611 -4.145496689223116
-0.10586043150994495 -4.47014098462194
-0.32593717103204767 -4.001041928497612
-0.29029253575795544 -3.8546841161440315
-0.1876792574541798 -4.085956152620589
-0.18993059231853807 -3.9848642779296775
-0.3096357393779645 -4.401418433472572
-0.3086362945497032 -4.168589880513843
-0.3927699512981229 -4.002220176718218
-0.21899212817561162 -3.9881366685724973
-0.28133055495302367 -4.4738505922445455
-0.39068249675166344 -4.441752235660755
-0.29248651287010263 -4.254899738833655
-0.20765925500449303 -4.200081542171112
-0.13027888143155153 -4.522028645438414
-0.34134558690435524 -4.040664923102962
-0.17022477891504234 -4.558230834860978
-0.21008683407027134 -4.40924399479595
-0.10250418141101353 -4.56147389583316
-0.2736840382681931 -4.189880511307759
-0.3490210452052102 -4.4265280980249
-0.28660518214483244 -4.242206008106149
-0.365699197280135 -4.448438616877458

0.12133914090850945 1.9921705805674117
0.14370725948706467 1.49028139594218
0.13507944630858204 1.3635270418390797
0.0964472387869414 1.3957983392101314
0.132485540800017 1.9336711878614048
0.09974263058278734 1.7673433897917543
0.09525513950117198 1.5329871008190357
0.11166107309601031 1.7319688196798948
0.0856057134193694 1.720845771987161
0.12567371657900456 1.6211958007319893
0.08228878473563592 1.3440313161614414
0.06737239453711005 1.7873298101202335
0.10153840409299103 1.2951669990003198
0.0980389816355404 1.208065066004199
0.0937644825535624 1.4060636721474964
0.1211584723010451 1.2713120331017245
0.06681286965802949 1.316456068745889
0.15269768499866052 1.4949840725741594
0.08637084610870108 1.8266252877870452
0.15567894121430761 1.5353015114404942
0.140728130259775 1.7732068606640312
0.1009122632664484 1.8753386687071782
0.1514185848977182 1.8076350191982078
0.12872814265597543 1.4174962375940305
0.06184793696381228 1.4892733421420656
0.10312982432699154 1.7850382831486749
0.1193587114959479 1.3589094880497832
0.10697294937907847 1.7457137377480447
0.07036447681886154 1.337081672368253
0.15040245907013872 1.4277797712052507
0.11239369114006348 1.7971725647423886
0.1072916698551955 1.6215715461404998
0.06719607744395047 1.5442601937576281
0.14880031666663665 1.250003199867111
0.08197453687416513 1.3854025396913034
0.12952971635666166 1.8464389902131209
0.15840259407652102 1.599085057109731
0.07403985053120624 1.2840524311460382
0.08398301462401425 1.8764440968467235
0.11340209331999435 1.8005816463943933
0.07519934427326323 1.8891093699012524
0.14772255602696055 1.5910732483461407
0.15187764231426526 1.3738280519982675
0.1460146518457153 1.8707159882175972
0.07124920362369926 1.6521924000142896
0.14655353193213377 1.2747100671506368
0.10454321882903019 1.721349445215854
0.09302161077532192 1.355420219171527
0.0746441500602555 1.7256302611893357
0.12032585714564295 1.9927878085333772
0.07374928130181996 1.310496409591841
0.07353604003535552 1.9515046452946563
0.13369587581438075 1.7583686478677925
0.1416312534241794 1.5276804798038077
0.13915945723650314 1.9191467098937762
0.11510808640655415 1.817095133430463
0.10114379723468186 1.9052922132422858
0.07692390442915967 1.5739496189985027
0.12097603891667538 1.8896904713117442
0.15407834703718337 1.2776670962525214
0.12121354080501678 1.2243351892119716
0.1576187693118232 1.4879952938189862
0.1278708358955574 1.8652179707243448
0.12466435420486181 1.6900179771280155
0.14147501065889884 1.300070957029001
0.08641215528220132 1.6962588147254956
0.09697474021853578 1.38084616807695
0.06803742996568239 1.3195888481371554
0.14561139331406125 1.2144475810675843
0.11128239066447561 1.559106402337131
0.08740149669642908 1.6094152888924047
0.10030313823965972 1.27853316807764
0.06185308334488461 1.7419384029857934
0.10316738319779864 1.6026237821229827
0.10970689257588334 1.5231674452005812
0.06351917047982021 1.659001565152705
0.061137374043024585 1.8895695121344112
0.14606350606932228 1.8083910759161614
0.13832889477344476 1.4607155429824368
0.12043214696804724 1.2466037203650917
0.12850817335471892 1.4128689209525636
0.07450210321808691 1.6033251238253485
0.06478801408655468 1.5589939754834141
0.08235566136057568 1.6537708869037664
0.09182567210074052 1.5013135701332772
0.14142940809328514 1.4415324709626116
0.07309173614111295 1.4375424776599603
0.11792550556264221 1.502748245861663
0.10671060468033633 1.7134568887406698
0.12100432340173395 1.8797183601722478
0.06282013929890937 1.7615391794641022
0.11915670128838879 1.6313258419677328
0.07023289241312033 1.5003245451191907
0.07576827577752228 1.4751385042443956
0.0662302626910119 1.3306128095960938
0.10162099973690142 1.3948258205007584
0.10790951461857774 1.567490906422756
0.09454930762746616 1.5473117196399242
0.10995117026548992 1.5142519592727837
0.10373317258966205 1.3837833952864225
