5 100 40

0.3784922129581231 1
0.2066930483649725 1
0.3594035596062941 1
0.40131874705557224 1
0.9521151551124664 1

-0.18305029534662437 -4.418051208708825
-0.36277848302378624 -4.20796482372349
-0.13805026642168833 -3.996214139824856
-0.17482863033144 -3.8417585464517847
-0.2840573752545035 -4.5093018026466325
-0.2707341209593548 -4.40063517228891
-0.1117679806206675 -4.385696454608969
-0.2340441797481746 -4.369105837686977
-0.126991266682707 -4.379576644098384
-0.2511258436621938 -4.201779542115865
-0.2693639680352783 -4.320134948511785
-0.1399551969612104 -4.163214420181147
-0.15293999766539776 -4.152053210228196
-0.3512135918921424 -4.259839818072425
-0.38179465395343254 -3.853423603118862
-0.3106626451489892 -4.003186592096494
-0.3179749592816381 -4.522782642432449
-0.16157481078269578 -4.270036262666597
-0.20739028925670286 -4.3052047887093465
-0.311043985241102 -3.87277529526681
-0.1729612928956309 -4.546922263152133
-0.18365649159816985 -4.195809032675703
-0.37497899059887857 -4.5307539178766705
-0.29425813113977395 -4.295429400791355
-0.21517126301613412 -4.13380783288987
-0.2867317183929498 -4.127359832037968
-0.34942739869797673 -3.8662624050109113
-0.2771401985534628 -4.04713324342749
-0.35053039152010285 -4.0484296032307565
-0.1384497759499781 -4.364470614289334
-0.3559800117859351 -3.9749302941861284
-0.29155411731539344 -4.472865429142193
-0.15149532680442876 -4.130477165455848
-0.3480482523471271 -4.281008064367146
-0.29907967505645244 -4.539032278475443
-0.36662730205676963 -4.41806029705316
-0.3673531270622645 -3.956789834850695
-0.3188969189590918 -4.4527494627494875
-0.2457274052837769 -3.947511082353745
-0.24165004948750857 -4.299235543561008
-0.16571939327331506 -4.230874354222915
-0.15548389999525675 -3.9961018735259066
-0.21707565087931574 -3.986433865603546
-0.2881218596028717 -4.559152021553989
-0.27640318822417137 -4.059103651448247
-0.24246148076170634 -4.364941808201464
-0.1639385746439589 -4.42902252024664
-0.2954449720485732 -4.1715328970393415
-0.29433898358395805 -4.068255959536454
-0.32409947226676805 -4.279792470999505
-0.26569879132213736 -4.5178890676310495
-0.21054901766012543 -4.283675409243192
-0.24683999530247752 -4.192825434511516
-0.3360377178159209 -4.440607614396696
-0.27689516114593493 -4.147413308900071
-0.20814174995670975 -4.44686056921308
-0.38463265217404013 -4.184738840371269
-0.12810775611981656 -4.11928606488628
-0.18522291438730998 -4.121732275030954
-0.21460576293401823 -4.504019997219138
-0.18066107164447537 -4.134761817165778
-0.12191415739693118 -4.099416027160205
-0.13240021299751575 -4.310261441334551
-0.2071948297297994 -4.043677646424452
-0.1710114106849987 -4.537429428366044
-0.14210149623585494 -3.9255002348807744
-0.266699769768557 -4.491604428732929
-0.37542817231320824 -4.023601638548285
-0.12214120678158491 -4.016023961842494
-0.23032383248774094 -4.183917952013572
-0.24692523295239024 -4.073235244815282
-0.34737714276766773 -4.1013348109679795
-0.2030874570018558 -4.046421326337331
-0.355744407377001 -3.84233919812993
-0.1993246546043622 -3.990173832228284
-0.2920637764881587 -4.4288087299175585
-0.1635717184440862 -4.212337897155909
-0.13478725089389876 -4.432563482260894
-0.2708831844055598 -3.9468548171057
-0.3138324130990893 -3.962559411559364
-0.19335365286718675 -3.84637450118234
-0.1863093420180194 -3.8617263041107464
-0.2566286335818209 -4.1454423098931565
-0.24705554968177257 -4.387312811978554
-0.367387887851543 -4.120999619399405
-0.24436747205176157 -3.902978549932523
-0.23371022784363416 -3.9904013326478425
-0.17210492859132176 -4.4330026230149056
-0.23888076256165855 -3.872243060602392
-0.33924518163541995 -4.320979700366374
-0.3137786670466878 -4.489300375821865
-0.12747927304625084 -3.9740112672285055
-0.19732567686087915 -3.9743844111915996
-0.27135150715117035 -4.536541204734693
-0.2919700347815425 -4.382054865435414
-0.3127585623735718 -4.423767753575295
-0.30834694251470274 -4.257848828999426
-0.31536371647764205 -4.289177419677904
-0.3536932158490923 -4.075110880629662
-0.38486599971219404 -4.399942066876217
-0.1482669795546237 -4.203680736165758
-0.2160610455107875 -4.320181145006686
-0.3099069595525053 -4.417279137417808
-0.19714240601447167 -4.303059732767625
-0.29724735407447594 -4.076690503309014
-0.37754648825919623 -4.317082561322553
-0.16510283170810494 -4.082466411095947
-0.39936924836488596 -4.3019133420836395
-0.3883714679039283 -4.23791322966247
-0.24076927262164433 -4.581069713633476
-0.16155951200345586 -3.9323698039133586
-0.1724866939093916 -3.953241516847742
-0.2211330611040909 -4.26439526889852
-0.2847650471433415 -3.8675678186204294
-0.24119613714833912 -4.5410316771950265
-0.1611950191495985 -4.35536790584729
-0.14149989954487974 -4.352871237753133
-0.3823525139676188 -4.295633284638252
-0.38539010936168994 -3.885131498615216
-0.1600629011196702 -3.886884111581561
-0.11607123367930766 -4.392709794816058
-0.14116871998405595 -3.893090147698207
-0.3486335616251922 -3.9166030069969975
-0.1435429037713693 -4.291327719497461
-0.20458146088959067 -4.4191616623512715
-0.14910674553489495 -4.205410124398752
-0.13530276387787232 -4.150042081050057
-0.2396833453871659 -4.379485011333901
-0.21025357362785654 -4.10884844057613
-0.26707843080997734 -3.9766406413221427
-0.23704949020010016 -4.108296745415558
-0.39388911867786197 -3.8450705420626683
-0.29691842159126347 -4.474973107027531
-0.13777000725918093 -4.043529357054386
-0.2587297193179114 -3.8463954630876076
-0.16462023270182508 -4.053138539709986
-0.10754431297197181 -4.541191409739051
-0.1526586758522374 -4.500650502717876
-0.21710520066696343 -4.556391430222848
-0.27703662383252015 -3.860747981342528
-0.39689980169704997 -4.491264370346296
-0.23699859255959357 -4.219521118894235
-0.24957796349549835 -4.047656802248884
-0.17184622691845894 -4.239951826638376
-0.29928426797777385 -4.107583773497424
-0.3429084282458306 -4.452194675270676
-0.14032585472386772 -4.429653765862914
-0.3132827030867311 -4.025070196222352
-0.12188541712026446 -4.368801685497124
-0.12197842339424675 -4.552544232475588
-0.25791465047880335 -4.072702265240608
-0.32620536309102627 -4.182985746675709
-0.11757831084257575 -4.387745344514007
-0.13810711154309846 -4.214520549992032
-0.37838537529018884 -4.275930409248545
-0.2972137614711701 -3.9585858667155627
-0.18187550612048692 -4.0736714559374265
-0.15664158642929318 -4.5150362559657395
-0.1758864175382716 -3.8466872645135237
-0.3119352274170315 -4.399510933345957
-0.19500888351600584 -3.9275641107859562
-0.3522933296819348 -4.557550913172923
-0.38528895956983805 -3.850104123571175
-0.23338241909975666 -4.494330016326714
-0.3490768647378491 -4.136869948377263
-0.129062398512027 -4.0543565515642035
-0.28541507480327555 -4.453136597389874
-0.23331422689992753 -4.302681162857174
-0.268357898624623 -4.201971189394198
-0.10568673706452708 -3.9230279080352295
-0.37014298520325756 -3.936313662249167
-0.10811053217729 -4.011133240711836
-0.3964065606168293 -3.972498240654363
-0.199803217075562 -4.249546753463823
-0.1641422193061368 -4.308448802250648
-0.26475590524476195 -4.291299094941689
-0.3186890379123881 -3.887462524787082
-0.15958192218842498 -4.119587303020955
-0.3193928528525327 -4.193665147099755
-0.22850082107960915 -3.8368559733721073
-0.18619778297798795 -4.2606132083225265
-0.20861567317259208 -4.248297572774272
-0.2257450853240224 -3.848551301320454
-0.23814573889984572 -4.179516312485163
-0.18624826664108052 -4.368754777186561
-0.2102305838579627 -4.563788247277283
-0.2246005527767819 -4.273571690912466
-0.18331631596336165 -3.9405159713027373
-0.3342252710838418 -4.53088708190366
-0.18823997095536238 -4.156499070865797
-0.321393652346634 -4.000449128218668
-0.30243124179825004 -4.08130858373461
-0.21650825472590268 -3.9103188120405354
-0.1779824867315118 -4.0350094307377935
-0.27110883726762114 -4.145603344500461
-0.22655663091781508 -4.484710177244761
-0.11448786955018736 -3.914038591749403
-0.17178208504550385 -4.4063307953959825
-0.11798917603629377 -3.9128257774445503
-0.1707139006833297 -4.2039696822645425
-0.1979944570958582 -4.096335186337429
-0.1253559938752396 -4.5535728118782774
-0.25620204550432624 -4.18117572995097
-0.18379566665589417 -4.267531018100616
-0.15529455241037443 -3.8930319428333346
-0.26403594358094984 -4.345324233170867
-0.10757138147882167 -4.254842470044447
-0.36243129060111995 -4.21643343527784
-0.24834596545702686 -3.8323322058082185
-0.3031141813373605 -4.2351953575644785
-0.3957996577013478 -4.272073945357068
-0.24553305340812023 -4.414338836605268
-0.2307798921498917 -4.377940374304511
-0.38951608597044496 -4.143197035972841
-0.2354196935928911 -3.8726152916656953
-0.12723212340052265 -4.054320367482436
-0.17957878753198486 -4.509683497022502
-0.3761632621968146 -4.160227988135882
-0.3910202766084387 -4.132120474283354
-0.35963310936519033 -4.268424821874104
-0.1361767513288915 -4.555760840205904
-0.3346545000304929 -4.327915245051769
-0.15192687936526894 -4.1323781304512455
-0.19135937920717183 -4.345316955013493
-0.23717311038509137 -4.265993984558618
-0.345489350302307 -4.407411807477989
-0.23281064344737556 -4.26778318531808
-0.28901462922632776 -4.427831862528252
-0.14090960387374607 -4.026818009613677
-0.32656498585318633 -4.276752388433121
-0.38172071223393317 -4.226328554919391
-0.10373293883560925 -4.347242802178505
-0.11848459030601555 -4.133324559221149
-0.15487700282453343 -4.476556170237611
-0.16525749075863858 -4.349977146855955
-0.37762655735800243 -4.04778331258316
-0.13059886323503378 -4.505479739324476
-0.19744646771318541 -3.9895754404365213
-0.24183544874699564 -4.468703389595117
-0.21979283916574965 -4.0464746855025515
-0.18752397878612 -4.133369617856607
-0.192956845952799 -4.5328805590274825
-0.3438796333180425 -4.400456241734699
-0.27495377118431763 -4.498759194700045
-0.27967567176154884 -4.498032413989473
-0.26513980279007604 -4.274937124848025
-0.39735123424008983 -4.471108109534683
-0.36026893921302294 -4.417269286627078
-0.37509774374467725 -4.0760699855928015
-0.24561152595098223 -3.8346102654090286
-0.1942549456756199 -3.8404383674843015
-0.21529579994084308 -4.422171074973013
-0.18666469251407963 -4.03051612143279
-0.2415542381535043 -4.445012415450266
-0.1479380861322101 -4.034822953353073
-0.25819668804305873 -3.9849927821799658
-0.21276038141110934 -3.999114432310623
-0.3124124632780954 -4.104751474618301
-0.20493698711272826 -4.282757411773452
-0.26650269966397755 -3.9724813767691116
-0.330275593254016 -4.497428329018771
-0.2938736876543756 -4.406312284869283
-0.13915313078491653 -4.176773555800725
-0.1122025837409722 -3.893714907905801
-0.30355577070415085 -3.9775039882338374
-0.37804532774932664 -4.4431448116446015
-0.32526839443490774 -3.9184784347668082
-0.13530399311088187 -3.9557078784231847
-0.2704017010040533 -4.469126073060733
-0.18150709721297373 -4.479630950699657
-0.30245586292485194 -4.284178723064252
-0.10174233889736112 -4.49338050398241
-0.1842483781492018 -4.039694180563784
-0.20225725741922737 -4.496207120312125
-0.3107437492074542 -4.477552431968145
-0.21743452815971262 -4.489257183316232
-0.388272720224877 -4.58214477643757
-0.13832782119382953 -4.164400413155132
-0.30593082726972076 -4.000860098191367
-0.32016906395070127 -4.410895291991521
-0.3813272820043495 -4.122631036166235
-0.3675142600686336 -4.186216990235653
-0.3307181249478108 -4.220962656281562
-0.10076866913950383 -4.454570201552641
-0.11566558112383629 -4.360832647266459
-0.12121051435774322 -4.0973223258073395
-0.3715114021594923 -4.4958599459875535
-0.35690675783050807 -3.8966367753810864
-0.21423750613133435 -4.3375261406521775
-0.2960100437700731 -4.261827505677318
-0.13304956662099499 -4.195109184719917
-0.39918157791137765 -4.158505656669242
-0.38793993210411243 -4.175148245678769
-0.31797585358637165 -4.0130999864463766
-0.14519974881278241 -4.2277693392091935
-0.18487786058816585 -4.5115465281275196
-0.3315696172878978 -4.186102301454642
-0.3574408294897024 -4.337843650460858
-0.3148136927289915 -4.5414931618788845
-0.3551398747790543 -4.501248113326824
-0.15946776190247886 -4.35359000050464
-0.17365859538901637 -4.501848461569488
-0.2661237221027774 -4.549195955778324
-0.15857937117809406 -3.9994296542944148
-0.16471308019266676 -4.095255525983992
-0.37128255705094104 -4.194468045917972
-0.34073346208089067 -3.968017631096916
-0.24761956536427882 -4.012319784101041
-0.1600799948212084 -4.0305217083935245
-0.10778550401349973 -4.490085424570883
-0.21793555678484755 -3.9958671349251045
-0.19746241126627817 -4.24571546167906
-0.18787027298490228 -3.9660433523061007
-0.31416194775924566 -4.57903574709996
-0.39962616114503785 -4.282314557599894
-0.11234159355122292 -3.8866371577916077
-0.15174197851085747 -4.2277497601088525
-0.2774850585564994 -4.195984350604605
-0.2585950866550295 -4.109862473497503
-0.16540061862503175 -3.979387883880675
-0.3959682552441553 -3.9084818518169078
-0.19545492226956943 -4.527823751715868
-0.21188370953590904 -3.912291388604903
-0.19974700628977585 -4.223838590309949
-0.14127022400293132 -4.327726481738024
-0.10702241662716577 -3.994071545273713
-0.1909594318200687 -4.563108325154723
-0.11885759464177814 -4.5448292797578995
-0.20231301828007853 -4.425365044735303
-0.33579624012908577 -4.2426054282139365
-0.21423890588179265 -3.9431537054345456
-0.3674622069922333 -4.316474817666024
-0.32474628411989154 -3.8657369852272256
-0.1518348140863989 -4.2204879927883905
-0.2548829643304956 -4.105245615095109
-0.39141637379958244 -4.1763443298537934
-0.3466350521764983 -4.238958566315295
-0.10451699093364047 -4.121059293191498
-0.3347232982068622 -4.49562738967707
-0.23039695197898838 -4.200062713435778
-0.37915724011127994 -4.211226503133763
-0.2160233012268207 -4.002703213469089
-0.2929049226323565 -4.572448086138365
-0.33690610215109 -3.9185012674079447
-0.2528158191390564 -4.157268087256298
-0.27509128245887177 -4.390875258261269
-0.3298013254226561 -4.564661298080766
-0.3616608441793868 -4.455093841156721
-0.2074514868869986 -4.2339940703214225
-0.2158744553519381 -3.983977982627937
-0.1818716328359345 -3.9339817860129456
-0.22093676550969618 -3.9011352571698654
-0.2921404792534112 -4.102610233348612
-0.1310243670119497 -4.564158389648794
-0.16171320689457902 -4.060469715529654
-0.15793961476026563 -4.500207320494214
-0.1481533379925224 -4.436792738836567
-0.24270812360267924 -4.357389448107383
-0.35789722133756985 -4.228864107343403
-0.29564291431024203 -3.8421025759609786
-0.3580198923591252 -4.069409802850022
-0.33238723779340373 -4.033357018245551
-0.30876875183765135 -4.432258859479822
-0.32297560034728656 -3.8553757747066966
-0.1044052358212808 -3.8366211355916584
-0.30698025891827807 -3.9672111210998477
-0.2919886552678773 -4.207070294159392
-0.27144783669743916 -4.147083093604672
-0.3037027863034823 -4.236381114136326
-0.26622234750221463 -4.492721520723796
-0.1956094810771595 -4.125969125492657
-0.30418811049407657 -3.8750816723231116
-0.10750879650455863 -4.422092725998147
-0.25486745090022933 -4.068661101457823
-0.17745485754358786 -4.188415434191459
-0.35132020265878255 -3.9155007592054596
-0.3138048427268238 -4.032841321089514
-0.3085433979849869 -4.358390304499261
-0.1523534795575774 -4.242541656389173
-0.11806500822278282 -4.213949220012447
-0.21250963924140162 -4.22269854292189
-0.11980527564716803 -4.326329558263135
-0.3014705460700227 -4.287642888326005
-0.3841827071174396 -4.569078458057989
-0.10262235333762981 -3.9565017761156867
-0.10802080377098733 -4.530857010229573
-0.3991277328201722 -4.006706039403378
-0.1178731165908305 -4.489565084394404
-0.12030940753159675 -3.9017345054206922
-0.13011554527973357 -4.169527687759175
-0.20322367767021038 -4.457366958977643
-0.21136668904044179 -4.1555550263922605
-0.20565033203602207 -4.004984104180319
-0.39158251581578474 -4.572340594347668
-0.35404102299869067 -4.011867248094992
-0.22720634327491587 -3.9867220846931795
-0.21813998904532653 -4.2565241817625035
-0.2547656126891227 -4.543239699323197
-0.28491590651394194 -4.583337405969547
-0.25618039111004254 -4.098562231428568
-0.15203727003239273 -4.573940791305739
-0.25436514053582604 -4.0294789444256915
-0.26687956303147176 -4.00073878479157
-0.3134267354692495 -4.427567604031134
-0.21538707919565495 -3.8688695238616373
-0.35378789631186147 -4.395359566966864
-0.130834001060869 -3.928611729316396
-0.176641135076611 -4.064518087137662
-0.322716227951834 -3.912367945629976
-0.3534798827391513 -4.330083954332337
-0.20692708097998175 -4.428777413497711
-0.1809473278608246 -4.037940766451707
-0.30024567580750466 -3.863926756369602
-0.23445421022337087 -4.128238430710389
-0.34050346078310373 -4.518520711479271
-0.37292307124345037 -4.479646938958972
-0.13239136680447533 -4.323556032714405
-0.15906649764170427 -4.478816658086488
-0.10838725968233481 -4.3498869537308344
-0.24987210205377786 -4.287354932489599
-0.25666856719178993 -3.9464165102113853
-0.3316149509959392 -4.168147482479681
-0.34215768770059407 -4.162097910223792
-0.2363493863874962 -4.07492471404914
-0.19637546417949783 -4.299896186789957
-0.3856222889654389 -4.030863027792121
-0.20174053069857573 -4.550927982139404
-0.1885867199699652 -4.086997537271809
-0.1260075142161417 -4.1144728561763975
-0.14597002753666266 -4.47862573477884
-0.24986522010315454 -4.004368136791148
-0.12453729657681839 -3.8811730224317937
-0.34844127839874967 -4.543827549810352
-0.23504760893272475 -4.03141680337092
-0.2089880688790552 -4.3488229338520235
-0.38127928993107346 -3.9449495447772716
-0.2552653292488871 -4.257035590187276
-0.19770194592100032 -4.322922440731372
-0.27377936998807323 -4.5489565985499265
-0.20958306736931628 -3.906382577309197
-0.2459229022941656 -4.5200521033817616
-0.11332115332029502 -3.93000052995071
-0.3981109378789928 -4.496810688857612
-0.21208678577887916 -4.04582426366944
-0.21498090846584866 -4.50398950741355
-0.14003008425222985 -4.007558986794948
-0.32176557813712037 -4.352859300339903
-0.26298266152594474 -4.166347117442021
-0.3584840768756278 -4.078068772794084
-0.21097589179378248 -4.133713246999778
-0.2978971149387053 -4.49715704109146
-0.32780974721338396 -4.568739830411362
-0.11387948423664518 -4.477392640141936
-0.36049912129352457 -4.550518583465144
-0.27044885202692576 -4.187650417818273
-0.21701403261238172 -4.564277187364158
-0.3788360421097114 -4.0758622678922265
-0.19421059693396886 -4.218717943535416
-0.23855304649357004 -4.556051484140745
-0.2205724754789229 -4.121408467220574
-0.23334734347071245 -4.180903006290701
-0.3569901162308498 -4.127160557561353
-0.17497982431417275 -4.566966944735839
-0.21985699991456406 -4.302195880608809
-0.21440974785021424 -3.9894967324302786
-0.20211943106176625 -4.497995095772737
-0.21123373091529943 -3.852318587200584
-0.2655789093354357 -4.073936950208223
-0.381007554869312 -4.039331737253327
-0.11953764221384905 -3.926015297609611
-0.3061964784611646 -4.080154776655938
-0.3442151487019358 -4.435983925112217
-0.2802304144122053 -4.018803095326067
-0.1253339286871567 -4.366595385678292
-0.17538617667786452 -4.271521852071427
-0.18444833213481515 -3.9000017557551145
-0.2610332591241425 -4.4296555691693165
-0.2266820044557318 -4.248725580655289
-0.330373729876105 -4.299993815380308
-0.34300823626018545 -4.137821896214632
-0.2463015967125642 -4.273204471509685
-0.22952950209122058 -4.404905264940904
-0.12255093988772231 -4.164043094400819
-0.12907104282527077 -4.431286500651066
-0.3692756627543579 -3.944080704473269
-0.2806905413874528 -4.0150145022434485
-0.3848883468167633 -4.194601606603455
-0.32464091311879334 -4.238133670464988
-0.32232038589946876 -4.16773156599441
-0.3792865041085465 -4.1726623661994795
-0.39810230957572534 -4.502558727733419
-0.2869879794958683 -4.223511916871318
-0.2337005903223846 -4.0871288745296654
-0.21974548229258276 -4.43359624342065
-0.3775226593537162 -4.048633465239246
-0.3241286047169953 -4.217237879203832
-0.2945556463969289 -4.306880684209373
-0.32089305540231605 -4.05530994790647
-0.24989483971588403 -4.120991027671251
-0.1574536653509545 -4.136098476896105

0.09635411894630935 1.4905565748966805
0.07118964120345377 1.275234143871243
0.07486285599348179 1.5974294234712054
0.12003812986060178 1.7156978304435206
0.06143948039670779 1.5247181260855036
0.09708344065586952 1.258703885082191
0.1272695258405023 1.8575776367929389
0.11223457335153489 1.437744973167115
0.06910445062814694 1.3001433719985205
0.14324606182846839 1.610257253372564
0.09567730602103733 1.695438594586418
0.060845992371033795 1.5421924768491104
0.09761270556555049 1.5937531282577964
0.15307803657351676 1.2367914628265453
0.08396134448949917 1.6986996235763054
0.07164523718030909 1.8903015393026785
0.10883332240960295 1.6006578710263033
0.06259722848420776 1.8940156916720199
0.15562288201378421 1.2269079630476225
0.06108425040272034 1.2837556494970033
0.09523532093071052 1.6864199899280519
0.1552452923373694 1.8759743706163279
0.1360389548839886 1.4829959827706962
0.15782839973233206 1.5314094642884806
0.1306193656669512 1.9408014747496236
0.1283300405427863 1.9989003219387693
0.1035178463838933 1.837294475635511
0.14705836526306798 1.9115447795573657
0.11067161462089288 1.212560233304356
0.08103356861908381 1.2845865175866102
0.12781340438041044 1.7171126197914246
0.0619608780399387 1.8758025878549018
0.13717691345378114 1.914939920823161
0.07897994911572122 1.3608493436206741
0.13765115908519615 1.8458009397897968
0.06815118402240031 1.9895709152385312
0.1450148335099034 1.4630421002947407
0.10502758246564267 1.7210587811358864
0.11830492705701828 1.9033473621960089
0.1540996916476149 1.5648968044003895
0.15728204826543438 1.844275630616672
0.11715034023254203 1.7625653903398204
0.15267778059029502 1.5071536368838006
0.1517635637843786 1.268223630714818
0.07793889752742121 1.543705535445579
0.1081478510801453 1.4855181240528874
0.10308989285963924 1.6897247767974726
0.11405434065432221 1.869324367546498
0.08467991594688809 1.7881717573349851
0.07215011380843432 1.811912110764042
0.15728345766855478 1.8967181621794307
0.10797236695292951 1.9630746401282513
0.12893551599894068 1.4984813362766183
0.1420096835714172 1.8104519271926929
0.12332020173189388 1.7741856257311914
0.1488325017562659 1.3412551505877488
0.12090663548174546 1.2462957766994545
0.06849567711574737 1.6276992490040614
0.13134035343834288 1.9908440139808095
0.125829820098048 1.7002539904035974
0.11617301320204151 1.8884212662794013
0.09392196243694756 1.8400032733155915
0.1301003926354905 1.4361095053394983
0.13672199188717762 1.441275617813536
0.06050238469338959 1.8786731456076204
0.08208642815145419 1.4762492968140233
0.10243349148167424 1.4989466862022072
0.08002668838828905 1.598210132086078
0.1436696643173384 1.5664732718339474
0.0928002769851643 1.5142388451614812
0.08952833456431009 1.7713690483426434
0.08966462851511273 1.7470557517840968
0.12774604832350578 1.957079022454798
0.08897474342396897 1.5990682731565093
0.11997941954039495 1.7957319739717614
0.08211068477812172 1.9177224088827718
0.12337611084034415 1.4935261120371224
0.07832531172742055 1.7925907662482563
0.08252743513867952 1.2239531967146906
0.10528189095306123 1.9413862776089676
0.11189763372099115 1.7981095630742123
0.09657412355150458 1.4541862941391712
0.15681622585834595 1.3503218596266913
0.11064425990176385 1.3772161274291086
0.14901500592064926 1.3102216992103708
0.1138567481605533 1.513628541199477
0.08900075258911809 1.3106966866246228
0.060092484989138065 1.751074438195408
0.09163243930980669 1.3599188580846524
0.12088071445317511 1.2332001508728896
0.1178145134208343 1.8733950515939903
0.1115870612279414 1.7897956305791936
0.10471654788784636 1.2190511775084425
0.10198845176239892 1.866769901098055
0.06306488018578343 1.6028246097959633
0.09512194588726591 1.8063623014079695
0.07707596712718437 1.9569541721524544
0.14541300785830757 1.3762446942346398
0.1372068508982237 1.840555325777103
0.060661504560138094 1.3677874293294043
