5 100 60

0.280739753653959 1
0.0635229183309316 1
0.9927331104017054 1
0.19273997687199174 1
0.9864370937433042 1

-0.24885188426937715 -3.9552223329205494
-0.3632969045022466 -4.470163305619668
-0.19866336499949502 -4.115395063504864
-0.3069199732451239 -3.9822497270928325
-0.3086372901307303 -4.4301752375153525
-0.2180830181759834 -4.4376016067104365
-0.3732653715123007 -3.842889234184451
-0.10415668087790153 -4.510416132609917
-0.12574816723600457 -3.9219224869179903
-0.14853143361327242 -4.143830537749635
-0.33149528931385996 -4.2816985113110615
-0.17977868676470526 -4.277384628970303
-0.3963673254464681 -4.428529890011793
-0.21070322957053775 -4.115271881310315
-0.18957303010744428 -4.02078444052062
-0.2633019049890031 -4.563592011787683
-0.37073001316862747 -4.266325309429421
-0.1032584407382603 -4.4684320987943025
-0.2801372111606867 -4.35853277115387
-0.152302345025826 -4.137030438161557
-0.2384943082940309 -3.99105531365272
-0.2406958106481551 -4.294604575885932
-0.25806717461801193 -4.407204245043082
-0.3969100047256787 -3.9705457732870553
-0.2734119711231372 -3.9056117417857874
-0.11993771487314597 -4.076086585763634
-0.3452180586791944 -4.330246659427695
-0.3572009676235331 -4.016912299214513
-0.2565494303062727 -4.250037804236638
-0.1050092822955569 -3.840100887786641
-0.3566598889116186 -4.467618090225832
-0.34100221377953366 -4.178835413443108
-0.12730226904692415 -3.8748912170098206
-0.16883634008013432 -4.109300817725676
-0.28747369607839135 -4.487956918348222
-0.3837350003097099 -4.408227012846703
-0.38135540043016053 -4.398309698120383
-0.30439502294185683 -4.354987308345447
-0.230990137601532 -4.251796602801671
-0.3565755245948496 -4.30970017248399
-0.21223588062208948 -4.525542697006551
-0.38833457089535295 -4.095720758546723
-0.3050103504411727 -4.55129298437868
-0.19296276676631977 -4.09690372357467
-0.32606904925386493 -4.437482649572785
-0.1617073439530075 -4.202512949484959
-0.18672170324352969 -4.516924035046217
-0.3351150540457767 -4.469856946789841
-0.17557948353125707 -4.237703606593461
-0.1908644825589633 -4.40983292913785
-0.1219502374607554 -4.402148449323239
-0.242048675898613 -4.580787209623882
-0.12749563520524193 -4.21154792140065
-0.3685925405405479 -4.58414479567786
-0.3830480336329451 -4.5019246533898025
-0.3942004738634712 -4.417807110589492
-0.36435787176302864 -4.362196290369007
-0.22223589068581012 -3.833099668984575
-0.1410447407901474 -4.523089699999732
-0.15132510402982594 -4.43016378737873
-0.19451075395558567 -3.957274522641291
-0.11452581286770547 -4.4461169617878555
-0.33233574625810547 -4.276179867366998
-0.3859116314944117 -4.407404901084124
-0.2288289615236147 -4.341560973833222
-0.19029098548706325 -4.196270905476826
-0.3555653350659789 -4.138230978464323
-0.30120341751330076 -4.308173780737198
-0.20396122515375756 -3.9706767064187227
-0.10415129771258097 -4.3695567374247375
-0.16376606482652428 -4.171890125466696
-0.2612940085570197 -4.389291389982328
-0.195794046559418 -4.267213640447922
-0.12852223967605658 -4.428090205530215
-0.29220707930016515 -3.8594599523093693
-0.13253004680824898 -4.302596234949497
-0.2906074699394366 -4.379483934124589
-0.317191059620447 -4.090549741120497
-0.18196628075220306 -4.025241840350754
-0.2607060240292117 -3.941858158622888
-0.3889695441721814 -4.397953265035408
-0.15249240400512726 -4.357664362333886
-0.277992479392137 -4.477155552472433
-0.1361255438123432 -4.529683329366879
-0.17442017484142214 -3.9174788577995354
-0.14460876576276038 -4.290084022419698
-0.1266909097420213 -3.952820545053729
-0.1438248694441362 -4.039752981900007
-0.2550238755858289 -4.057493230373956
-0.3419903857197048 -3.968799409129387
-0.2408980745055394 -4.138572746766418
-0.3728795961053741 -3.9859090736750167
-0.2964086392397686 -4.579742385598299
-0.3547515870586828 -4.568140748659092
-0.14300952031458142 -4.471489204518684
-0.16877642859863104 -3.980487526544576
-0.1285447290323916 -3.8453467687633545
-0.10259204755819878 -4.153571243186764
-0.27946975224023446 -4.30497398527828
-0.38517961652148697 -4.235568109210716
-0.34426823352533936 -4.317864773033894
-0.33583834076149566 -4.331989527920599
-0.16469668691570472 -4.438534635016193
-0.27053085260281473 -4.09532814180885
-0.38847592891071286 -4.124545602375362
-0.37076987228897257 -3.8846179739180364
-0.35769210097464504 -3.840083737654048
-0.21988070498019704 -3.8447283416479987
-0.26797851238652837 -4.110819027764695
-0.395227790500642 -4.478672677379032
-0.3845531430846457 -4.523479860636631
-0.365060997362241 -4.444302234994086
-0.33045781686051967 -4.026021615604189
-0.27600369112083645 -4.42680487127749
-0.16049976962415036 -4.104277144167447
-0.14320690906577865 -4.233026567394052
-0.36328877358223693 -4.111408571902358
-0.3400985247289775 -4.2109598213400865
-0.3952326597361569 -4.582019223573023
-0.22057328443401117 -3.9882471771553383
-0.1290169252025144 -4.3803145606850595
-0.3480165095593497 -4.538760103559938
-0.26954285683851614 -3.887535634134195
-0.3734488022458751 -4.128255521778696
-0.3254467809654613 -4.400894473055879
-0.1080620864906005 -4.1375516935515835
-0.1528870653435101 -4.501325987492789
-0.27766015253433574 -3.9442168326648095
-0.2863202725381912 -4.073869219180697
-0.36977954215688263 -3.969278314526079
-0.3817764948513991 -4.50616851879269
-0.17623170087337592 -4.295348644218709
-0.22931864070027938 -4.287263979928781
-0.1501783147833405 -4.428995544714281
-0.17801576941642164 -3.9187063735044414
-0.2057910942692638 -4.115352388207691
-0.21726805774696925 -4.21074713286338
-0.13409386334890155 -4.498477971894826
-0.23813266427040242 -4.2654615930368704
-0.1083396267734999 -3.8458994146099945
-0.2364197932120441 -4.063794816376576
-0.18300624811770852 -4.327552367022109
-0.2947197922087855 -4.092345014807127
-0.38835321272606554 -3.901933429536227
-0.34582064875032714 -4.493497899048842
-0.1023883463229352 -4.437636208616039
-0.18564986378381812 -4.208574797557814
-0.10621705108485519 -4.36384681756833
-0.35673361458091835 -4.288888981345492
-0.2887514752750948 -4.577894967969044
-0.32352449990338267 -4.073113177636895
-0.30870819905064983 -4.500445314519938
-0.11233016433414217 -4.159845098034935
-0.38349562363407713 -3.9354725887976514
-0.1637893401490435 -4.526761903453872
-0.2138374620301591 -4.305517282744494
-0.36088556052351545 -4.384616228370168
-0.1299398334008709 -4.251409999587258
-0.14555990543635805 -4.078035198976315
-0.3394783852254272 -4.287994935914126
-0.10621288929257716 -4.029636292862802
-0.13573722972185115 -4.52369683778202
-0.3472408637592302 -4.258734621643486
-0.18135892718660662 -4.58059487438163
-0.12128673595032324 -4.328110775208507
-0.2239843203176894 -4.198527438447182
-0.2034635090019535 -4.083405075086725
-0.20583707572633422 -4.27030845772695
-0.16063123855330674 -4.447140886182079
-0.32465419583103594 -4.331945369844107
-0.13067218532693586 -4.254068361776882
-0.14669877879708437 -4.497674392393344
-0.2995851698164983 -3.8489668916753814
-0.3479144975265661 -4.477666491713729
-0.2293817725288603 -4.584893323344008
-0.3661957506191588 -4.354928930674328
-0.12065710932008727 -4.064474365613054
-0.2162194738252625 -4.154529719449443
-0.13115717515662884 -4.4358967143491785
-0.1526887063554008 -4.584044671446404
-0.10658767177095646 -3.9294920017486503
-0.22477327008391232 -4.04457005695547
-0.15447827790675991 -4.367039491031769
-0.1869322782222042 -4.512392643510568
-0.23323568309542 -4.289063476839653
-0.20569603710440523 -3.9684872258720585
-0.26521398847707434 -3.8712265691533014
-0.3560842401818457 -4.429436331369104
-0.3259484044912352 -4.445730726854801
-0.277208542291178 -4.1313189163999215
-0.2615785417568809 -3.9791163739922846
-0.18941325199611386 -4.014682315131068
-0.16237319599704367 -4.127728808483015
-0.28239239807150285 -4.130048582106415
-0.12902056459305877 -4.1708218880849905
-0.3981683444828462 -3.9471271026562484
-0.13157067347488438 -4.022929396953958
-0.1743553338637049 -3.9110134359131212
-0.12392447246265498 -4.5184253684867635
-0.3563019809833877 -4.175277329330979
-0.30208647391795757 -4.0294143494369745
-0.10410872520528547 -4.02254766832606
-0.32460853303722265 -4.093973991605717
-0.2680588471962035 -3.9378126166909806
-0.16131658811752847 -4.267815184709149
-0.3307712645340215 -4.396359058159166
-0.2545710533588712 -3.8453502021537638
-0.36170959948057124 -4.004440638714157
-0.26114974849619493 -4.556668802201562
-0.1723728872199988 -4.324750915411907
-0.30995130953381356 -4.420452484732873
-0.3776905779309453 -4.407562510974913
-0.3138506381723354 -3.9440342176369487
-0.3133312242616878 -4.428302212358231
-0.39550835880616697 -3.9333024997501735
-0.2191824494039358 -3.864274839879988
-0.2880395481856249 -4.24543020148127
-0.3811166936894961 -3.915358319842018
-0.20881507732954954 -4.445475550913132
-0.1348088212240653 -4.020900157250901
-0.1695573662181833 -4.462412159472002
-0.34860740889862657 -4.386625774449042
-0.19059991015875655 -3.9720575880521833
-0.11658775117706366 -4.554307442279026
-0.14081829919571875 -4.575820680821894
-0.19341134441857902 -4.279768117181937
-0.23861789335763334 -4.05496094087504
-0.379260622802939 -4.575642056585129
-0.3961387833970554 -4.5438848018533555
-0.35043484028791433 -4.174817965542832
-0.35836192943299733 -4.373893380056369
-0.21507810365503707 -4.476685309170115
-0.37435358540703023 -4.223470332731004
-0.2915650138003474 -4.186193705324227
-0.2794700517881388 -4.526781660568357
-0.10387825724478872 -4.1477759710976825
-0.27264427099783795 -3.989258967597222
-0.3701334688864026 -4.499228877800837
-0.17977527641224636 -4.223854453423767
-0.10909973654027566 -3.9991472603516547
-0.17948585552555876 -4.030863857243772
-0.3330708184538776 -4.4948359185799465
-0.16434842966037527 -3.9498625471540922
-0.2185929267391372 -4.557988790526392
-0.11810388096960772 -4.276915685293063
-0.32989484827586313 -4.053615902495638
-0.23373291007401992 -4.5102373242921425
-0.32469639865113825 -4.249080534999741
-0.31084018065204794 -4.3793631937321855
-0.25171498530232456 -4.2319078432781545
-0.1585788083303012 -4.514596706647129
-0.3384232380503693 -4.2048396590858
-0.17249398684710632 -4.480769388983156
-0.345996526504667 -3.9954622443634165
-0.13579866462022272 -3.9979994115560746
-0.14470141916866508 -4.032959836450283
-0.33873633422579896 -4.51715203417601
-0.24969463339508569 -3.993851630845387
-0.2879163112530184 -4.099886488837565
-0.11554644878783615 -4.065519299084911
-0.10682685385523866 -4.41148739326988
-0.3348493305443536 -4.05665568737266
-0.28934225448261497 -4.19407284180291
-0.3265647762244287 -3.9629529340323213
-0.24317356929710743 -4.493869199619433
-0.1253590695529554 -3.9771546937264075
-0.17707251850119576 -4.390666066130812
-0.37414327023000915 -4.419181346209334
-0.10960419240297015 -4.349387077174397
-0.1106178167419184 -4.425520279597178
-0.24468863748065237 -4.2248052317419935
-0.38122860701955325 -4.572970973733761
-0.15468132626251355 -3.9230134700204298
-0.32864408812397183 -4.559728229828727
-0.3988996597455674 -4.33559053362892
-0.31820118074266845 -4.305091363596955
-0.14315240378930788 -3.8450536323465547
-0.3500355242998669 -3.996972785255732
-0.21607889695537472 -4.360426963534719
-0.27882553217213735 -4.422691176533862
-0.17560164518350285 -4.445977428521122
-0.19501507046174213 -4.293579164527481
-0.16632895731482425 -4.435062530828354
-0.1098254249367615 -4.0975296307701345
-0.2562611408736326 -3.905470707187236
-0.23790146296978662 -3.9198027726251157
-0.2606916167547551 -3.921209216190223
-0.281775877285707 -4.3009920410084685
-0.36530455612367735 -3.9575789951302216
-0.3408915785339669 -4.102302881525132
-0.3019165651525294 -3.9454313129366136
-0.20515721811302223 -4.281978090742038
-0.3635864573230609 -3.9408167027843306
-0.1374103771557149 -4.116523765251186
-0.33372956759904027 -4.324638262654394
-0.15588622735623572 -4.144610882721338
-0.3075120831553097 -4.135883331630107
-0.3396482995650731 -4.24643851069332
-0.37362275260488753 -4.368792422873774
-0.26078349280506247 -3.9508089607327674
-0.13568172141591994 -4.024516176142905
-0.22073563258446463 -4.483415541602485
-0.3940439184177336 -4.177725585472477
-0.28217581484413534 -4.200680860673497
-0.1981429672856032 -4.257147957845095
-0.3277780598681545 -4.390841565197935
-0.2716217288924301 -4.271973476349333
-0.15901497238319037 -4.475756778125059
-0.19236906900268513 -4.124606464492692
-0.2616981488913254 -4.443969004800247
-0.3850020306974756 -4.195569958235248
-0.1841322711695898 -3.983316340975728
-0.3757513919432032 -4.511616463522225
-0.10677921654778832 -4.332459742601585
-0.2836874230969307 -3.9988114335686027
-0.2239894700109505 -4.053080206731032
-0.28979966818732683 -4.0342319754088445
-0.38616089600897185 -4.257074789361042
-0.2785363705954483 -4.204802326853252
-0.12860250162002473 -4.351385163033598
-0.3273048536068325 -3.8947152407158114
-0.11008608424630623 -3.941904802639123
-0.26523950992475137 -4.338757539587452
-0.16366338895050733 -3.993846604736503
-0.24809764645537488 -4.509079290151209
-0.2631919885449872 -4.364547924958716
-0.37990924285399263 -3.870186999989696
-0.24355136402546748 -4.466186678312447
-0.23236712234375123 -3.949588246239123
-0.3098043090313312 -4.296374379107913
-0.37256744629391464 -4.174288987141068
-0.364949320529528 -4.098702010360272
-0.11611316831867446 -4.262420372126665
-0.12204675366910589 -4.30957528583411
-0.3058676669962348 -4.529761866408361
-0.2358731020458742 -4.2728381560550055
-0.12757137459506307 -3.8544276505246113
-0.39696341990895884 -4.459994297451049
-0.2582774425118674 -4.1516597480824435
-0.3754743324000722 -3.941514439664476
-0.3564590737973399 -4.326122763031934
-0.1164188790616586 -3.893844555495067
-0.20863071468031327 -4.1051079542073134
-0.29671822631296885 -4.1193773539384395
-0.20054628782142117 -3.981693136017941
-0.17030807278342477 -4.158798088757744
-0.28504857267731787 -3.987598924305635
-0.1513628561362553 -4.0894752019507825
-0.17013244850996367 -4.452561417108798
-0.12818487544710105 -4.475992293493138
-0.2887574464595996 -4.4712241810934605
-0.17981626053171573 -3.964143599330125
-0.308228490237666 -4.158948840122055
-0.38047236012763885 -4.037509688377656
-0.33197922320206164 -4.221134398560736
-0.3667987015229761 -4.488975881192462
-0.3257403568378232 -4.3362553180639365
-0.2418518906139135 -4.337734543677744
-0.23077578096458143 -4.255969354020178
-0.17391566481314635 -4.244745241587149
-0.18562011051958924 -4.331574624638213
-0.149319822038472 -4.314393523437449
-0.36318864650649135 -4.397191179625304
-0.12045519989229242 -4.151835517300633
-0.1340065927028209 -3.968541777130994
-0.16349170232276458 -4.296905886079547
-0.37366090108854466 -3.8741019773883947
-0.10164388386492262 -4.395350608229295
-0.17105204788468056 -3.848971897649823
-0.3671800375772313 -4.221254305145548
-0.25382072830362745 -4.039496613287074
-0.26810443655120414 -4.192231588963347
-0.23278927958558623 -4.439630799195005
-0.18191689037661146 -4.557720226303312
-0.253934758079051 -4.518348444342759
-0.32795818740098714 -4.577483426094312
-0.19975755391781752 -4.323738838619751
-0.1524384148168449 -4.067393942676384
-0.2059138358316733 -4.3495931238372645
-0.10943611139698384 -4.4228829837284644
-0.17761433249809086 -4.255752605499987
-0.21303806501963407 -4.329226935400333
-0.2154335888234489 -4.145678850801995
-0.18156922823037513 -3.9753189307056935
-0.3230685361668258 -3.9682825367763623
-0.3485655819467949 -3.8425120440461322
-0.29672183095992377 -3.8973077897795516
-0.3941190201995563 -3.969017693959624
-0.19488429503474328 -4.16808322990526
-0.3850163578976704 -4.5812066818382755
-0.23828556824654457 -4.429469293778199
-0.18986132231553285 -4.545434726771643
-0.10072336392226167 -4.4103180257053225
-0.26384163080669 -3.932778517788396
-0.38845554347398675 -4.213572819423765
-0.16476319717847776 -4.172495633141609
-0.29247975614455707 -4.1207349390810855
-0.1290431606983799 -4.319825984166166
-0.13766826806732552 -3.916915970892105
-0.344494071663436 -4.359132238166265
-0.3449338906370971 -4.122534013863927
-0.37219180913160577 -4.3515461716459996
-0.13760598553264453 -4.121139212408271
-0.3519514354047626 -4.394639602454292
-0.15828110419622085 -4.560431340391813
-0.1464524582355795 -4.4579246730027435
-0.2238593755908276 -4.106857478683591
-0.12861870742562487 -4.394686579732414
-0.20439535182939395 -4.359764484730021
-0.25002535825229044 -4.311615400584487
-0.10215809010880256 -3.8853296670203177
-0.3719777288273643 -4.22675278768855
-0.10904537520488305 -4.046682486597834
-0.3455136869405362 -3.903646464170939
-0.23512688250149 -4.3592922811185835
-0.2954549610996895 -4.332546284717848
-0.3167289106685824 -3.975476147774155
-0.34911007081813955 -4.534614285563962
-0.31004726562700835 -4.568482948883118
-0.15242884452002373 -4.513210853281996
-0.27122523630992146 -4.1694403397240425
-0.39019041587360864 -3.9507097312567536
-0.2542865490213877 -4.429202282708429
-0.16760368471749565 -4.0709318113020645
-0.22786249510472864 -4.08657084581822
-0.12717244307721615 -4.021472713515238
-0.17080300568907245 -4.249523393456134
-0.27272965250231307 -4.207684452112031
-0.24702795491082064 -4.4213132224284575
-0.20777199301247065 -4.565250445987981
-0.1899179689116973 -4.2150511989533515
-0.26823491263502086 -4.218744657421839
-0.3429880968127602 -4.177528941046511
-0.2904521829791073 -4.49434031857909
-0.3443538039546374 -4.089804523725029
-0.13892571354354216 -4.07188746132971
-0.39058591059648856 -3.8338863445033162
-0.34508839110172984 -3.8687976298691575
-0.14181097224520584 -4.013554242482877
-0.22738616115178586 -3.8877940948576484
-0.3636795546148739 -4.459729549009075
-0.29417669353310916 -4.464047466326217
-0.3592205773827592 -4.357485090639822
-0.39448741933673587 -4.3505829055273635
-0.3136988276181803 -4.145044650143624
-0.22791389396481662 -4.291488784977982
-0.3865133590644312 -4.19905457913481
-0.12545942989333886 -4.016478073430568
-0.1476974344110742 -4.456520793710907
-0.16594463302079032 -4.246806166639841
-0.1496411562922932 -4.406103556806998
-0.22153784376950428 -4.447704503442544
-0.16553864112154176 -4.567135359464352
-0.26445398568816675 -4.181608264077298
-0.2201671280937293 -4.0917637068434205
-0.12930200599733827 -4.519958926440032
-0.37251521874701976 -4.160425413366432
-0.23602301734888412 -3.959720392793809
-0.29087140176976 -4.481120742379411
-0.20499817209231438 -4.273640595304364
-0.3421021355705401 -4.206172864101712
-0.29444288146630365 -4.385850175134794
-0.2046904281022763 -4.118571990583639
-0.3736990059054753 -3.979555505641291
-0.38647286086796695 -4.012644668807042
-0.35193977119299835 -4.138518640687897
-0.11284057869552844 -4.4016382329488115
-0.22153216732175343 -4.292318156781562
-0.15414631920361213 -4.3284657906149215
-0.21996006667900356 -3.954379720639191
-0.20718443345148593 -4.270434249153334
-0.19914874948911832 -4.296517410037698
-0.2810276069812392 -4.325482271581609
-0.30873679337205995 -4.253383911558448
-0.37307822297523613 -4.561053635021266
-0.3245091940869888 -3.8447181695553074
-0.3269922798244935 -4.460300675384971
-0.3541333225509302 -4.425783008351655
-0.32222797937454417 -4.470011031026089
-0.1653030360403868 -3.925624757090635
-0.16318795700592095 -4.1488973598702135
-0.26621010485000474 -4.316317015514984
-0.10498698594322092 -4.374422815898581
-0.17168975136378462 -4.500703224631088
-0.28150407475028716 -4.320762495564811
-0.26448119587577823 -4.094362577645462
-0.3712611499666483 -4.511518405709834
-0.33305760024729925 -3.9285124089305725
-0.12198870298252873 -4.244507452828864
-0.22664762245623438 -4.555760945675639
-0.21144072872359107 -3.850438579885691
-0.28030585083264237 -4.4074223041173
-0.21112132015868051 -4.3745664689936525
-0.2634809432734262 -4.0640184913152835
-0.35545257564620564 -4.3220045748096085
-0.10544493105452091 -4.400715438407515
-0.29144175465553246 -4.2495589768940984
-0.3049636355168621 -4.478207259309365
-0.33622421397247704 -4.025678867876681
-0.16096620807764325 -4.37848026423977

0.15883007505366276 1.5156063663746833
0.13221554903445454 1.5755000666671424
0.1179363362250115 1.514015108934813
0.14357566168683616 1.3501353067852015
0.10035430168479403 1.4181818169348008
0.15228805352249514 1.7936164399375327
0.11744454666748513 1.212301660593247
0.1538541514760438 1.4529307050335316
0.1297406889241302 1.6326995347353708
0.10851624467508765 1.83191334916261
0.13721354781558115 1.2591572919904297
0.15269196048203662 1.744628003343717
0.08018019879328522 1.8636666911532127
0.09124036706633679 1.6665332363888505
0.07397289663083671 1.90930920657133
0.07359570034389262 1.8653883598332799
0.15103632201866968 1.6714906127950795
0.07348752915332837 1.6069871944383791
0.07411912541340172 1.7533109576584063
0.0991580028741268 1.8281887634753597
0.15206898429620097 1.3778629785922372
0.11402201725480277 1.9908272677049086
0.11733390819624112 1.7679005577022409
0.10397597862303298 1.687454542340288
0.0980959070260349 1.5550037485718384
0.1570390579913381 1.6021055456187476
0.12122617027097607 1.594389027442284
0.08648137899932153 1.6261332007374487
0.07317880385603978 1.3464781656665326
0.15474131968207272 1.4025667204241516
0.10658223425805743 1.3168470682759659
0.11591822057446788 1.5994802621161073
0.1451231854165209 1.4240790682701556
0.11577685989145528 1.80711459329385
0.07113786867928935 1.952140334096114
0.1047382796313292 1.932963069926029
0.10648085986053563 1.6404600327387293
0.06550217520020647 1.5933431870809456
0.1460767992979401 1.372703854063424
0.07764813139581635 1.3400232543927555
0.07699967096830734 1.9519022409461666
0.11001396041081984 1.8741018754338234
0.07350500537148362 1.5092722973435286
0.1224946752727705 1.78848427391968
0.1532851581555043 1.6337540761016769
0.08611378649649414 1.2367357106905144
0.10877575670855563 1.4227721094438126
0.1518907710039225 1.8330993799572144
0.10094802643634238 1.9758844528384043
0.08719858484312375 1.3444116148559166
0.08217660730989693 1.286872633900184
0.1548434249507214 1.8937930844733057
0.11528558379171913 1.6996747289577416
0.15074646044599227 1.2327150472539292
0.1400818722782977 1.5098307192231544
0.15066143884789238 1.720061335150608
0.08022817478295655 1.4762857421796935
0.12412098316057513 1.3881134553865682
0.11139655376494789 1.4555642293622357
0.10819151690657447 1.7377267406981738
0.06099872580010198 1.7689265560374239
0.11883148250407041 1.7365802810726345
0.0675126186233518 1.3904707080000331
0.10167028278810306 1.6815579293026148
0.14453626809631687 1.899021366153122
0.15890933136647556 1.4900405074326482
0.07263897217275359 1.3232359062092367
0.159625471709959 1.88809118723352
0.09591327611735265 1.2197538184578745
0.060597841852345305 1.87331313466654
0.0931465855769738 1.289519385012932
0.07579055230735354 1.4632962706941464
0.1076035561405086 1.2739259861388355
0.11054606273649711 1.6661243799658254
0.12496166768568828 1.539841512940031
0.06400233463020989 1.9355885791606657
0.131605772112286 1.4028807871953701
0.060278403823115626 1.9525071198839838
0.11516088537661553 1.6781567585109167
0.12499590011848996 1.861766074286724
0.1145532930624686 1.7957017987505957
0.13860873764208848 1.856558732494284
0.08667515285459194 1.261632044893374
0.14105055256141213 1.3697846833685574
0.06612664118470392 1.9779405915230837
0.07107839963329939 1.9567876630437875
0.13965145756477454 1.6479387099663538
0.06323624304719579 1.744184540826434
0.066310765743925 1.4564263837331137
0.1306595193711004 1.6808406992671625
0.15983842838204002 1.5079580662743357
0.09388619918306643 1.9805586418654004
0.08562432436883258 1.9450660737151346
0.15749024975159592 1.4329203188370385
0.09973429894212923 1.4490255367547695
0.1149366231163349 1.6175568939126341
0.1553689876220735 1.9718420821914808
0.1568417125873639 1.6068669605878652
0.07483000192302437 1.2662050181626798
0.10910354546195636 1.5251498186234336
