5 50 20

0.8796170961908113 1
0.7113332604622661 1
0.2784089700244058 1
0.9734477594895935 1
0.6348554684466772 1

-0.1506424471659908 -3.3861789471293084
-0.36105526711514563 -3.7926455190324067
-0.221872610146123 -3.4223721716690925
-0.28721640941550247 -3.294178436428054
-0.10700989850383086 -3.1551805454250506
-0.3294825391401963 -3.5257258590996168
-0.10986927732006063 -3.2463931546579032
-0.3066343106906609 -3.5871414646719826
-0.1610238396747779 -3.8550248026072462
-0.21183801659867443 -3.255690677319258
-0.26523628240321084 -3.761811735700257
-0.15893976642575877 -3.5612466529642632
-0.2102228697708806 -3.3853906605298305
-0.3213621897527571 -3.652601266558745
-0.32801757151194477 -3.592691456000125
-0.25876223214934696 -3.7110340036449534
-0.30334860274907016 -3.734919602572591
-0.1290881043594278 -3.336248497703309
-0.14806400159834526 -3.374902355175827
-0.23251724463834808 -3.1759698290860885
-0.24738636331212482 -3.5682221971542636
-0.297117709157117 -3.70811060499097
-0.15591981275051006 -3.3556994196458168
-0.2819158383324799 -3.601221412412696
-0.10937955493244095 -3.353725322139443
-0.3074490948213735 -3.834437490049641
-0.38311016394887576 -3.1790042449229308
-0.20751634502191116 -3.582876995845179
-0.32864652452609794 -3.8810513145701773
-0.37260208488802365 -3.888396907686074
-0.2760201256807059 -3.1808596342336375
-0.1759330813913673 -3.2507228563624757
-0.15042155425278944 -3.403798354559538
-0.30840083044696026 -3.568795739971546
-0.3634319926414417 -3.1438713646272536
-0.20772331615429762 -3.2994095224314623
-0.28098635967917407 -3.272562119452856
-0.22008348400111183 -3.463699107348356
-0.2963422609583346 -3.3061575426221768
-0.22209318225354854 -3.709957628269193
-0.11053548812615605 -3.4314827437898017
-0.20565653205274723 -3.25024567310676
-0.2654281471142167 -3.407844614425773
-0.15131292047842235 -3.2495307604938626
-0.14770970942100226 -3.6927578706782382
-0.25602619521378045 -3.531937517258492
-0.3830161028906217 -3.1854417866916385
-0.26780631358827345 -3.349747535914739
-0.10475413000062644 -3.569547533040345
-0.14513089418620811 -3.5380319889741063
-0.2574106370687017 -3.458565825793091
-0.1991512063765186 -3.833403728994778
-0.1846239965941209 -3.6031628879649196
-0.18311398903324702 -3.7670117654199045
-0.13473254893665765 -3.268791899141124
-0.10236862984294776 -3.359692690246245
-0.2519441466145191 -3.715002060324485
-0.2568848528894094 -3.3634467619193447
-0.24592898807128544 -3.1890981003818766
-0.19123234441439088 -3.2436516740361867
-0.10084468542104108 -3.52896781916258
-0.2316348918553331 -3.4660453721190545
-0.22748277441220413 -3.169228221885765
-0.14139918229013315 -3.851763800967359
-0.15382849882065894 -3.5561481669705812
-0.1183854590454958 -3.2062188902984214
-0.16056455312457402 -3.278359275854052
-0.13150288471177918 -3.6095272629277013
-0.2437432374181184 -3.2957702314920674
-0.33509779456463756 -3.3971929241283236
-0.18063884852215395 -3.4597372190334563
-0.1184356255936097 -3.5153007571005874
-0.32529467796821365 -3.502832200859334
-0.31944237819348686 -3.4823957189049306
-0.29882473924402136 -3.4067669293667326
-0.30209200542434356 -3.3175333642422924
-0.3078250202028793 -3.4355730382458285
-0.30089289695621746 -3.5691544315897588
-0.11348804569871551 -3.5943415738128923
-0.27371837732700544 -3.835830358339166
-0.26709095322856696 -3.1911353573359023
-0.20063599163951717 -3.390222729625168
-0.11264792044188648 -3.2913637861167664
-0.1456993533363229 -3.283585190717486
-0.24842551778753708 -3.584289887417171
-0.33709419916233374 -3.267867657494358
-0.2394967973728122 -3.4604603711628235
-0.25374967131234705 -3.272354938134359
-0.33770783409350896 -3.700327621949034
-0.2020578762042488 -3.213882969009422
-0.29059056133412725 -3.2497916097064774
-0.3690453454521677 -3.8857040226346578
-0.260487158620165 -3.4637359928799296
-0.22324994526518258 -3.667312630584024
-0.28218600392037657 -3.3946864134419097
-0.3912376644253623 -3.8292382692912983
-0.22373297258571856 -3.26336558289534
-0.1799676875552739 -3.226679927526125
-0.3422088952325546 -3.4444282432046838
-0.35336474527962314 -3.2286624237984736
-0.27337830954894415 -3.890715859986359
-0.2992293136471429 -3.1812996558129587
-0.28106630523773335 -3.7421020715885893
-0.2583836572314484 -3.543937245908871
-0.14167196651047742 -3.4663563697498985
-0.15303835773147267 -3.6709466473845813
-0.3648305003144622 -3.5552422659807728
-0.13695542097496255 -3.2304956844601143
-0.2500480828385384 -3.5745176484655694
-0.13920926546724866 -3.622488598908929
-0.21833344430252324 -3.690824659284204
-0.16781107267411038 -3.3890101591419284
-0.2900230341336884 -3.2316786586940376
-0.26873620805739235 -3.2486160016430934
-0.2878542069963409 -3.1730530546040345
-0.27879246499866006 -3.6465730381315584
-0.35451356809862344 -3.369735830568072
-0.2122174205566643 -3.3201298298668513
-0.32638159109629783 -3.7231682938552133
-0.1419612845325111 -3.266477532432239
-0.20495040791101796 -3.578581737134779
-0.3513575796160183 -3.358069077893888
-0.17885239837457448 -3.555522370881532
-0.19986230524935833 -3.605619302067865
-0.23584420689237168 -3.7842227372285198
-0.16726245678872786 -3.6556763018107046
-0.36842457575497206 -3.7827387627446587
-0.261063279906166 -3.2453228011679016
-0.12005234869652776 -3.842546893469894
-0.3352963338397295 -3.6729342790214843
-0.27095853785521273 -3.4321658406435143
-0.10787663103322254 -3.6991284210398963
-0.3240404429707222 -3.3832984024616386
-0.126015486185366 -3.758862719693891
-0.31244876384288145 -3.350205777780086
-0.18420336340363536 -3.6269362695448963
-0.18981962104484174 -3.8189192976116084
-0.31158705690524774 -3.5045937917101373
-0.13107981901243354 -3.5665970486872625
-0.371120767851041 -3.439061030193764
-0.29614897534257645 -3.7760934895012572
-0.2198270894509944 -3.5107832693262626
-0.39928206900517377 -3.529123887837666
-0.22300933438338438 -3.5108162656491135
-0.16021243782147743 -3.3719946824322626
-0.29542713038397955 -3.385145009241544
-0.28811787270355205 -3.2134848236989617
-0.3159791386879901 -3.8616404152266153
-0.2504460290771617 -3.3437040714870214
-0.3372993469292607 -3.4745270385529645
-0.38372118647451314 -3.465987833032552
-0.2074512075802786 -3.5869233311153983
-0.3945379767490084 -3.615669493992246
-0.10219720178497432 -3.238942708133785
-0.28981918773843196 -3.384578686749168
-0.16817495668325735 -3.568287035762826
-0.2963621370718914 -3.4115654581326487
-0.14249881049435686 -3.812703734589729
-0.2829122766072848 -3.729309088355172
-0.2679108299876015 -3.5269830764827286
-0.14333311542239496 -3.7332544076656218
-0.3378857649933148 -3.69135152101675
-0.2927195392634938 -3.512112731967311
-0.33015799252571865 -3.180997814935255
-0.237348297000512 -3.5185643348120057
-0.11591114642468359 -3.3593505685858727
-0.3082969647907691 -3.5586194744994923
-0.24160866829075367 -3.7059331592133122
-0.24314131733928973 -3.5683966094924084
-0.22855465798009014 -3.701812682271486
-0.1974605551340175 -3.851006542625558
-0.3257122845001167 -3.8499477612515833
-0.33723712017916196 -3.8904282999422932
-0.3678114787413117 -3.317872422561038
-0.35217171623184634 -3.777173761717578
-0.21672085879475195 -3.1414515877511637
-0.3471282803405125 -3.413713852115988
-0.30533265847489066 -3.617389088301889
-0.21023935456309373 -3.70854058381505
-0.20489023965973593 -3.5496769404144484
-0.14583218831038297 -3.872394122099434
-0.1292146261471454 -3.883702187580933
-0.23668492556647186 -3.678234458118829
-0.3718411214102998 -3.169477970388625
-0.12896554131981708 -3.352827835037428
-0.31126366850765946 -3.156696992782432
-0.1555370916771276 -3.1634741230936148
-0.2781802050204752 -3.2191334144622004
-0.27747880212064235 -3.253594631575007
-0.23798507019319246 -3.3889262833710054
-0.16249133574477656 -3.211972530555234
-0.2185536027172445 -3.3418562903693587
-0.2826018468534572 -3.701359259183026
-0.3222217482753478 -3.28838270265203
-0.10822579107334851 -3.7908214201721067
-0.22642080455507915 -3.2016112417636906
-0.1890865242017548 -3.26599335289673
-0.31133600280365775 -3.618428660863183
-0.33866922030455465 -3.529876997040899
-0.23868380724305827 -3.806407359787934
-0.1967213171135703 -3.2701520901974335
-0.1553425524426813 -3.4489500246479095
-0.2007864688645438 -3.5270726114268025
-0.16568297428432277 -3.778928142441414
-0.2092405596843263 -3.461788229729312
-0.21324962748302387 -3.1401196789965846
-0.11680150403468936 -3.6526558969532132
-0.11809003250498418 -3.6140869493204035
-0.3530322476320411 -3.214099589761646
-0.13064823798588798 -3.1752560905074887
-0.1269363001084442 -3.6198823316182076
-0.20060594453249458 -3.1685524152757356
-0.3814731165751529 -3.638690087388812
-0.2999782698947927 -3.4960924749314017
-0.17157972208520833 -3.7900499276072432
-0.29691243433612335 -3.3508583598859025
-0.2833889125601249 -3.4217839419265754
-0.3066812510542926 -3.179685801632156
-0.22835955184026346 -3.707450179805009
-0.1661673194993846 -3.8347752418745342
-0.25909128326786424 -3.7931457137845888
-0.13335203478006152 -3.75154766510313
-0.369825930513749 -3.2857524698497746
-0.2615641442570188 -3.470943488483101
-0.2534295471723188 -3.790422835716403
-0.3129860619049285 -3.6403049228934785
-0.1116684080146334 -3.228142715991712
-0.15643655005658696 -3.4198487638657693
-0.24108883295053607 -3.186745069972692
-0.38162209461643587 -3.140024376828198
-0.31367508713181863 -3.770885400323583
-0.14128167309389805 -3.6769874543830356
-0.23835782905927488 -3.5894788789936136
-0.20232032969043423 -3.4727754930384402
-0.26559378460677774 -3.6587924496018425
-0.16521037733690982 -3.883820938756963
-0.22282200140277345 -3.2959643096181472
-0.3223283840309991 -3.2800238611080696
-0.30306813637476593 -3.8273140504107865
-0.11323973575920004 -3.7997292699339966
-0.14940026228381886 -3.7864652040503306
-0.15208841461181774 -3.8406657846938
-0.3925594302177141 -3.826555211988299
-0.38648176506834175 -3.771818476145929
-0.3349792660422571 -3.325536167509473
-0.35900734481182056 -3.542379138509217
-0.20880579861181606 -3.3288873304509172
-0.3331465017241028 -3.306416279281692
-0.18656720894173603 -3.44514193872901
-0.3933636939393273 -3.5250372661046545

0.11715577995982207 1.7837973970398737
0.09810000962220744 1.625591515359361
0.09410813297355738 1.4865084290880084
0.06720348068289445 1.5548026009839648
0.09189575682314288 1.8507384990156646
0.0902761368946754 1.6820126456170774
0.12741933713169584 1.6239433053961607
0.13441038802691868 1.6849392566280905
0.10016187566606756 1.4994915304959449
0.06500372746323381 1.5586344133497971
0.10883736900904167 1.7487158707824102
0.08112938986626977 1.8621870345396614
0.15589505527116945 1.2985670230045696
0.0722180612950337 1.8708543263326631
0.15913826729257197 1.577079380390438
0.15055409328563568 1.8530590457233571
0.1450700726554286 1.7145937359323815
0.15282291672131365 1.9894614719758716
0.07216937308206943 1.419958600805342
0.0916400280223639 1.442399710429197
0.08401464617488455 1.809979715670025
0.08550310350288168 1.4743644444921646
0.14419379021978607 1.9432852655341768
0.11665981023761843 1.9602526432573608
0.13958938536513624 1.7387058442207284
0.08798432234594036 1.8924603066398542
0.13686060782938025 1.4977409721685084
0.13624295370878992 1.9867193878081224
0.07522071094652302 1.8133362860301807
0.10861779054616924 1.5177882870571127
0.08543534301450081 1.9308184270230242
0.14404822675305784 1.2298167980812733
0.12939755823804944 1.9682728247434942
0.10274907934467092 1.5476969212970264
0.13797850774314074 1.3298835988228663
0.07361826545215412 1.6288580586309953
0.09641386683000619 1.7027081945477858
0.10381123496594044 1.4894406961757691
0.1405997374667245 1.4690257164467329
0.14234332394106974 1.4233665566327645
0.08297570521741657 1.6821138530162445
0.08052052126592014 1.373341797522499
0.0878214709447243 1.3481396687617078
0.08154284727534869 1.2886314940651875
0.11013411455279074 1.4351351994520392
0.13428054750724455 1.2541266750768032
0.11914208691841521 1.321133247583914
0.14780185526778455 1.435068015022023
0.1349235595306131 1.700122279827455
0.14091318841029293 1.8337204906803277
