5 50 30

0.5400655153246203 1
0.7573642740700571 1
0.6986542938016652 1
0.7490559370347246 1
0.10921925023107437 1

-0.3106207174146576 -3.3059596158521516
-0.16798920374928683 -3.627562285188718
-0.2405039092239017 -3.216698790658501
-0.38963567348227707 -3.567400843659264
-0.16180913902759117 -3.6831700019925764
-0.30161932021068516 -3.8064375652087508
-0.17123923369728575 -3.709042249723321
-0.10781768422304627 -3.233767866189293
-0.32607582215158043 -3.471057005429992
-0.10281040413439296 -3.8791853654967885
-0.15383301790293788 -3.37133702554119
-0.3506196984290327 -3.626460940146977
-0.22988633764259886 -3.8209733292554993
-0.1273877602237275 -3.751437783206942
-0.34077948480634296 -3.2639115727238512
-0.19500295214236427 -3.8390861823011044
-0.24014817828408544 -3.727395780806585
-0.13402525383786718 -3.1666665333355266
-0.3368922994148482 -3.437135833384821
-0.13917662384386942 -3.6712900717626096
-0.22885999552146766 -3.494404321325961
-0.3563318155673902 -3.1532454160222727
-0.1678424712176445 -3.844787364913484
-0.13019066706872223 -3.394540335447189
-0.29255438811316614 -3.6322379687757143
-0.2076896444461654 -3.3278444217992735
-0.22365819413595436 -3.884020168405381
-0.3655850594420975 -3.157118900396008
-0.17769524248555552 -3.6477670285113324
-0.3706546254573724 -3.673897259417571
-0.15392755809185518 -3.5771963885155147
-0.3389175537898343 -3.754282119463878
-0.22016564321988216 -3.661661083715565
-0.3492348652604693 -3.70570631923577
-0.2409606282958347 -3.6094607838327972
-0.3926935339880095 -3.740692680655124
-0.1524186611120487 -3.803026391397356
-0.2510226635359979 -3.762299592765496
-0.3071623437719018 -3.643345490187097
-0.3459348967018588 -3.219763876599984
-0.12065289787605249 -3.865893833568581
-0.2748440266966779 -3.2888064439084097
-0.3354965969061766 -3.6747695086508285
-0.33647185164924787 -3.170333401883921
-0.20119272704385638 -3.344668312240203
-0.19102821767655215 -3.3228583811710735
-0.17435310273210386 -3.490015170715188
-0.17433135753570655 -3.467193391533648
-0.20107551554950198 -3.5386711080181716
-0.3241460120676587 -3.7815230844792405
-0.21803127352536408 -3.6790499115896593
-0.21790423007635523 -3.5957867558837835
-0.265227442897317 -3.3376891703535967
-0.1875191579200708 -3.5118160980709145
-0.134585108006741 -3.416422506933573
-0.22261576163576227 -3.3905733484713196
-0.17542882677574123 -3.261877704549236
-0.1992216799347056 -3.4011033733817606
-0.39548111432422645 -3.6792144077706355
-0.223997011946263 -3.4110052368141996
-0.13115327844105978 -3.342883152587
-0.12246033006357726 -3.589860815893192
-0.14091458025686454 -3.849127862771391
-0.35003476735157807 -3.887884582387747
-0.27188298099189806 -3.819248715323538
-0.10213209403964674 -3.6880742697580073
-0.35257600142580864 -3.577374942641674
-0.3242328082309856 -3.262024785400991
-0.1589298894468461 -3.174490773890854
-0.16244538309518508 -3.7121322646758736
-0.2535270364120069 -3.67551987875449
-0.23594149987662755 -3.7659379694767443
-0.20997268536333197 -3.8236975607164636
-0.23068307596960724 -3.751485226303999
-0.3774399316498099 -3.2165315819541616
-0.11344010077366018 -3.265259777530513
-0.32276166718003113 -3.6792165582961
-0.3250221216836659 -3.389580419616673
-0.1421833230138192 -3.675873667505307
-0.2636071964997916 -3.2373177977943812
-0.2513458385537407 -3.5732477008950534
-0.16473566063068046 -3.167292339383708
-0.36049881718225996 -3.602208357753782
-0.320394999895491 -3.636051498703571
-0.14003200273868072 -3.6157811083403235
-0.32946977956420875 -3.4932942964657494
-0.3530962196688703 -3.303705531669928
-0.13063045634817588 -3.8774254571313027
-0.3681109560451218 -3.8837654891908877
-0.25105117113029374 -3.8754046115383236
-0.21338811525349216 -3.221899454160914
-0.35723288490721616 -3.6331008945045866
-0.36397890887263623 -3.597993567050959
-0.1931111180425908 -3.4488231652011074
-0.3781293150543344 -3.139333816071753
-0.21597877635548374 -3.416866174768975
-0.1774280946929816 -3.799026712566478
-0.16821009454110494 -3.3107560569973495
-0.2632062311223683 -3.392828816748404
-0.36856592366992696 -3.7198358761199115
-0.3208025486417023 -3.437940806578669
-0.12449379319250242 -3.76314106149285
-0.378510439375783 -3.432953383748985
-0.28269875640521336 -3.318898105309775
-0.3764301405601523 -3.4866438256014245
-0.2106459298352706 -3.586858463674239
-0.37011954600301744 -3.694885301350204
-0.1810557067387441 -3.2366987481743967
-0.18903331684744157 -3.153042153603446
-0.35400753980807764 -3.4765062476073183
-0.3319508429119125 -3.8676620963524986
-0.3515056538779142 -3.538003197790556
-0.2696899764540073 -3.871679234243879
-0.1940829549849705 -3.382338523804852
-0.12677407814685393 -3.835032390341518
-0.3382787026576361 -3.864895405499536
-0.2319989724891725 -3.684734930017062
-0.35689509368299305 -3.6802675841652794
-0.1755939613174964 -3.7092634166876577
-0.25965944026636667 -3.5285071470537335
-0.31332588682957485 -3.375384996282267
-0.3088808893543965 -3.236570342385316
-0.30811593280982297 -3.1706877007896948
-0.15650972214186365 -3.2943663117762156
-0.39432055486996154 -3.4913925282525473
-0.16406715312121864 -3.1441732823020345
-0.12763355714886537 -3.2610135137395506
-0.14193320738957838 -3.588547745561853
-0.33971718547452057 -3.2564866184535344
-0.20720048614492712 -3.15885543320494
-0.27231706882416395 -3.753036545484763
-0.19110521854181836 -3.6719633344368243
-0.20845459498391078 -3.861060174309324
-0.31828601342248874 -3.2349950523517306
-0.3317299536006261 -3.832617411187964
-0.23637258778673137 -3.394269649302117
-0.263193683511855 -3.5631004010765057
-0.10979359367614627 -3.763675642095773
-0.2391116187624629 -3.6399262299139865
-0.34943654201653046 -3.4621601399453663
-0.35281854242942734 -3.6580635537018154
-0.14581692272870844 -3.34214020984645
-0.383976471958577 -3.5126077994192646
-0.3095776951641894 -3.529624689725723
-0.35242512137020315 -3.411807402878912
-0.16823313003388884 -3.777204191032223
-0.22886767871561328 -3.8578231601396875
-0.30774735069108805 -3.884657906185038
-0.37820203799301627 -3.5539234489819
-0.17305472123399476 -3.2482128255665117
-0.323319516554244 -3.510647344361413
-0.3076990480173688 -3.4466527190166327
-0.17928577380071414 -3.373845166232064
-0.2677501147160528 -3.58775053777987
-0.367904257451175 -3.816124423300512
-0.32175114206722527 -3.525859160854135
-0.3315438490750785 -3.1853291760244664
-0.3833907604484503 -3.4575904901537875
-0.32663167443500934 -3.7441465490956833
-0.11622260591308758 -3.1535281307994305
-0.30279791938967615 -3.3688285242246745
-0.3187515770467447 -3.7348918464969296
-0.2526419399754315 -3.4286475890221877
-0.25825678747187275 -3.3111655302418725
-0.3396073624847116 -3.775020168867765
-0.3381646557663345 -3.3752559136272553
-0.24135564188764472 -3.850600084359088
-0.3447265343204968 -3.8604871076923315
-0.3700472385996868 -3.681426619590428
-0.12411449925758766 -3.8704527227610974
-0.10662786949233466 -3.297451580801621
-0.14760750887839524 -3.5318223125564936
-0.17787311461832978 -3.628781465291242
-0.38888468597964293 -3.659359224622081
-0.3820472794308836 -3.7164171833671973
-0.3275908926476521 -3.6391727137031884
-0.11067928337068966 -3.7577814292270335
-0.3611510670103074 -3.571265502596183
-0.20915404266456775 -3.7687710110238912
-0.2687121862312133 -3.6097590553440355
-0.28609387390012664 -3.5733932552132535
-0.16400876936228453 -3.2344299315954568
-0.1073058891321505 -3.6280078237933133
-0.14366504910167072 -3.6203474815493033
-0.3746186750299146 -3.8460247162487526
-0.1829999976487088 -3.3257157618230018
-0.3162205386716192 -3.549645353902071
-0.2215246408909977 -3.8445931682362335
-0.33930485055287446 -3.3406890315109106
-0.13618651533125709 -3.384526652588821
-0.12360710924867546 -3.59826144281891
-0.37191228140973753 -3.411014139309386
-0.3544105215584187 -3.6920656794237026
-0.12785825167309428 -3.5954761838453977
-0.11470777592286696 -3.533208833782428
-0.383663954050813 -3.4073104119919098
-0.1283209088161314 -3.858652112328088
-0.1774218066895582 -3.2522980173347618
-0.32607094920252927 -3.829334142957013
-0.25250994383468706 -3.7835418862285364
-0.386255117285155 -3.8244552395986884
-0.3366967135631942 -3.5061581836821683
-0.20729954921105911 -3.5639914607472973
-0.234977654701106 -3.2317242820106626
-0.3095051892948503 -3.6403176797883785
-0.38919880421781 -3.6600478541975767
-0.20660923399638548 -3.3131329139478587
-0.2624984800363515 -3.259038052153156
-0.21589627206907294 -3.7178567113287935
-0.24747288246162347 -3.584672078715072
-0.18093943987442362 -3.522700230776973
-0.31238969497178953 -3.80208233217545
-0.23650384279518907 -3.71143362334888
-0.24035825555259355 -3.3835464251458314
-0.230509599224585 -3.280425190903961
-0.36588275268004644 -3.5335785336025687
-0.19943014018060856 -3.592224970941693
-0.24261317658057452 -3.5417286413827873
-0.3304386529373873 -3.519815385800696
-0.18004253132615883 -3.3116676152358404
-0.1364112269248316 -3.868998168035249
-0.10990767295599985 -3.5849263797785307
-0.2576018746714728 -3.616721057837711
-0.11501105437815029 -3.7536889293267017
-0.34006491402729605 -3.4242447895922554
-0.3580815007156998 -3.6782902162484015
-0.14184677090456155 -3.1781791005437383
-0.21330970443420866 -3.612769563576228
-0.3487489271715189 -3.4708811614046557
-0.11958597506277169 -3.7866314904194374
-0.12402524701712214 -3.5400009833201125
-0.2628379764087633 -3.8401591673041335
-0.13783735377285417 -3.696506491154103
-0.1692063130903217 -3.3214847721007743
-0.1281240240903489 -3.6107650034386407
-0.38503754654346334 -3.2983824830479476
-0.35784223951640176 -3.460074039542527
-0.27565348991753946 -3.42794877228248
-0.34037050152199266 -3.8535335010494927
-0.18646596046423614 -3.7967340521169928
-0.24422746078513574 -3.4593916289009314
-0.39459855003498284 -3.296750822982449
-0.26101662893943345 -3.6393124292108303
-0.1337103767913692 -3.3858560142506224
-0.23104705040415172 -3.4381258970596056
-0.13104971597445303 -3.528619705803294
-0.10958289079407013 -3.2069175249431554
-0.21483076092341594 -3.677977731639154
-0.34562502550057095 -3.4019946701349464
-0.11269535405989217 -3.140671635227717

0.15590248628405123 1.7111706443174053
0.07992851503069984 1.903793471968061
0.13161361462115387 1.7260453957908752
0.08539056633479886 1.693222940747221
0.08618529915513481 1.4629106145637858
0.10008813355938574 1.8448322515429767
0.0859826051314823 1.3276509153387737
0.1195034063054996 1.5598402343976896
0.09980434241364258 1.7646638121833549
0.11169265370193793 1.9758834869943225
0.15714902729878308 1.4599843277316429
0.11977321331974086 1.993614663864317
0.06695607611885566 1.3629756043312224
0.10795537375911657 1.3844964085825098
0.09462338359280587 1.9531016259096146
0.10409359113089772 1.320392998069927
0.09059469611889329 1.4196029892313078
0.10876130052459568 1.6325059344587711
0.06375675783474773 1.3396925441285936
0.11285836269494376 1.517723657839878
0.13019133241959063 1.4291228696437177
0.10499164217471409 1.7389923563222252
0.10351864893450191 1.896155105994798
0.1500725379230493 1.7742601129218885
0.14020358160903912 1.7075741943074383
0.15348379014454738 1.7551044375471962
0.12985961983255204 1.9314609237186862
0.13587818680201283 1.5489735129352453
0.09685615347136739 1.7178402829934587
0.06105373044044289 1.4456892037613436
0.09054384289002038 1.5335443033022786
0.08201683646965943 1.8662760977929211
0.09111733711240955 1.492774860250899
0.148544749360222 1.3373326575597395
0.0988020892614577 1.3902479724814003
0.06460367426558122 1.61339064406967
0.159496026211433 1.6666092940421118
0.07748404265937565 1.8235411279983524
0.11958555974707563 1.886995012786456
0.14515368863692515 1.4850944383997158
0.10316149894568785 1.5526082452324528
0.1490660999121427 1.8923003989578295
0.11750313177206842 1.8163874111204483
0.14554928813048046 1.8070997435335063
0.08934797516003692 1.2284857537104752
0.08872653492751723 1.758694799538436
0.06805302947081267 1.7075773781039265
0.06805012064658186 1.5754497142888813
0.08157900602986642 1.340395084317813
0.1414828060018703 1.390307244971659
