5 50 30

0.6891338325748415 1
0.40605132243617637 1
0.8243940803431626 1
0.18544477076242083 1
0.9657158691906494 1

-0.3942403803685811 -3.574310148111333
-0.36560801546901955 -3.5890615682551745
-0.10548171328454081 -3.7620890749303504
-0.30009335278676674 -3.553003826121698
-0.12054002780255968 -3.735354704230798
-0.3770529322680533 -3.8305849023561747
-0.21584145107578603 -3.451153555702259
-0.34572872986742 -3.1639495627672476
-0.1812458952126026 -3.6912132900784638
-0.10627824118953938 -3.6836141388560426
-0.38157895514368784 -3.2104625898371943
-0.22254760613026126 -3.587853405134349
-0.26358069319681454 -3.841455912465393
-0.287676900237204 -3.5647144960137958
-0.12585800072793502 -3.642267621890543
-0.253760299467491 -3.4117679741470823
-0.17663127333921963 -3.8906602400779438
-0.2418064962790421 -3.2605542037032538
-0.2995229289260451 -3.889025015435067
-0.242502733833167 -3.6929776857010026
-0.2816956967405142 -3.260534332189676
-0.1379225818011205 -3.435099914910589
-0.22711814430173966 -3.662691893710915
-0.2750034462118049 -3.51873826637322
-0.1258474191592061 -3.3686550018966654
-0.20993577462770932 -3.487342577338251
-0.3822084252077307 -3.6078529588845907
-0.21298169462095948 -3.7520900629381706
-0.20915839371589634 -3.792472115829711
-0.26922257581456793 -3.2693239177147655
-0.17119051900458632 -3.6892672333093675
-0.20958066977693843 -3.4586915401960048
-0.15264324600994697 -3.870913731503501
-0.36928570182300835 -3.7920834371537824
-0.21648264838775147 -3.789277379598591
-0.3409997491272062 -3.7368002289824487
-0.3191493220241587 -3.858998714837361
-0.20914128947857585 -3.5335561882491744
-0.2369390233323828 -3.4191531496110787
-0.3031603418219311 -3.3773505584844377
-0.168340621217348 -3.3892467239815707
-0.16057975653446604 -3.787420316964542
-0.30581858687502267 -3.38581405687882
-0.25477006424919635 -3.5473462741204314
-0.2508281675942764 -3.4054429573354086
-0.36764583132055695 -3.7083875104122983
-0.11300615159083005 -3.335341661596778
-0.11819082877667242 -3.7064925542491114
-0.3812815843891481 -3.645096692279504
-0.3493782717680956 -3.2582586063424475
-0.3558472434175482 -3.2040117352323767
-0.22314151991720213 -3.5617343267653836
-0.24653665932525276 -3.4597043976170605
-0.21711191574749147 -3.8708170186244266
-0.36786704671916204 -3.2828016412077723
-0.18185749915250682 -3.2578220841439594
-0.2521920497885062 -3.536186889089824
-0.39498348019141943 -3.7097146506349192
-0.22592067881889943 -3.6937885948965485
-0.26596147060919806 -3.6099862049518725
-0.10703471213012317 -3.4484420145010652
-0.25853636115194933 -3.4794269841765577
-0.39777469497794693 -3.5498297238549728
-0.3668419039417891 -3.647868195157741
-0.13944773887271716 -3.22170309740298
-0.33747031063545113 -3.4583910115268135
-0.26519411032609697 -3.609423066189766
-0.2870232143071422 -3.6471286751154834
-0.15429799157871185 -3.426766427414789
-0.2189730043362821 -3.551007919741809
-0.3285252342745498 -3.1501229987018773
-0.32550240164778527 -3.8838437903731053
-0.20114797555245886 -3.5138517601806782
-0.22965943860391472 -3.642650104551061
-0.3122425044719586 -3.7860239621268423
-0.21956371266535094 -3.8093277363725018
-0.1507854103968451 -3.5001994515541734
-0.25157241908723704 -3.4687273896255544
-0.3787746027778344 -3.6708698432298577
-0.3049881286301114 -3.7385000176919525
-0.15542878546593608 -3.4811755313873416
-0.29628524234877307 -3.6851189883158044
-0.27860664639847094 -3.765838915986739
-0.27741798917445953 -3.618051900878447
-0.3841917623061723 -3.710873854393242
-0.17302854829963554 -3.7808381458015003
-0.2342019706883376 -3.155789922850346
-0.24528603621587675 -3.5128681827431834
-0.23266462808745092 -3.2475840172851482
-0.3061822799373383 -3.438373094415208
-0.3148215573346941 -3.167120196509149
-0.3224673084699977 -3.217673832238763
-0.25393920096046463 -3.277635442680997
-0.3693046487759167 -3.167425540811468
-0.11781900837675546 -3.596195152892662
-0.19339119794595727 -3.7464298095261155
-0.19624650395452978 -3.3374599988488476
-0.17535558228316733 -3.5727273018878476
-0.22741898238841518 -3.312134966461904
-0.14247216957018166 -3.6730285614807983
-0.2766817635758179 -3.7521953076905374
-0.22300552856635833 -3.315914705978872
-0.27656046580607857 -3.585862702523571
-0.3793668190080272 -3.733294002409704
-0.32028178659978285 -3.4506923437370003
-0.22216137489739796 -3.1707142631997
-0.19498483839981332 -3.52040084712395
-0.3473311507515363 -3.5493314771322813
-0.3304102625085333 -3.381594531923783
-0.3697547271159684 -3.2516656233722676
-0.10057411111903819 -3.8407928956433026
-0.3890063288914747 -3.28934401559827
-0.15557158117879166 -3.7385847639241274
-0.1370168073765372 -3.6913979130013823
-0.3996658473636869 -3.745458083940983
-0.2443111460585462 -3.595545813002181
-0.2601998425192793 -3.6949472146424007
-0.1210223669575265 -3.660644203077536
-0.2947789540726193 -3.5436665825065425
-0.21285985136653454 -3.6493614926239837
-0.2697430959037304 -3.4504730827560466
-0.1612227342453916 -3.5713358693944888
-0.37876071186547805 -3.706525470856313
-0.36212468011449195 -3.1577969075928807
-0.10566158395990755 -3.356980501310579
-0.15837409168479008 -3.7041014904352685
-0.1994486139224813 -3.6314159551463705
-0.39365312672854186 -3.177207812433904
-0.29693337534805836 -3.7822332380941197
-0.25457422915123407 -3.8766098783315317
-0.12309876841063405 -3.5944016961484557
-0.11999738488510664 -3.7275598936018737
-0.20456481087151246 -3.4931872314487213
-0.10867930334167641 -3.83254973761845
-0.2178609663014278 -3.777841882772333
-0.33085341543343205 -3.8630606023487233
-0.22602664975667677 -3.74689852292473
-0.12914392890421017 -3.378731553240547
-0.39410169949128193 -3.4011186781563425
-0.3826537677547978 -3.4155865631202675
-0.3470903651504777 -3.7704908524468115
-0.22970473264385574 -3.308625589572972
-0.2753883277502752 -3.1710522058278108
-0.23926345281594308 -3.862451852355865
-0.17681418945534147 -3.4316058815115618
-0.30874253720899225 -3.4446344715322064
-0.1518223070300119 -3.5689786675580577
-0.13574158393539337 -3.551111413621856
-0.11419120872796146 -3.7047989814331928
-0.10004261896909655 -3.2960536495553163
-0.30629863103012794 -3.3152203714127015
-0.1940095237998354 -3.3502230082847673
-0.25362064551335517 -3.690140004065225
-0.285831398854763 -3.8775714326988795
-0.33071398947525577 -3.2919524885085614
-0.3466636510039114 -3.3878361364902627
-0.2571998236846592 -3.79516457147329
-0.3435198832866452 -3.333974645744941
-0.12420376728119831 -3.524388652330833
-0.2704118288522731 -3.1862203930896893
-0.353390554275447 -3.7243003579773624
-0.3403274067494677 -3.3403695949692245
-0.2555972802198288 -3.407322217065862
-0.3940755111121671 -3.5705779811582525
-0.35373389877367006 -3.3249175350052482
-0.3254169134216811 -3.880273419638316
-0.33946636371311706 -3.458115843936678
-0.2767637398358217 -3.222516351181614
-0.24568744135611376 -3.6814612166409324
-0.20743023895883694 -3.8768724287957395
-0.17012702810324937 -3.509640903026323
-0.13532100752495224 -3.2572014157007194
-0.21305071330936917 -3.358148368749295
-0.17972091145700408 -3.380420033151753
-0.14786064036100754 -3.748023018024626
-0.2364999471359497 -3.727024845181582
-0.31765521652313566 -3.799068329723623
-0.154231709211127 -3.4584339629574026
-0.2047394911485894 -3.839107868997832
-0.3079077337742618 -3.6190320263725315
-0.30496127347061097 -3.4316160920421277
-0.16680057169043636 -3.8798392762121074
-0.29627747354924683 -3.62346969584011
-0.3514106945327147 -3.654031220465808
-0.1485252338815906 -3.6008509699960225
-0.3641007384057452 -3.6477330652496076
-0.1293491348832954 -3.5515342541588324
-0.24152065568348238 -3.2421584416150564
-0.3989670684329383 -3.420422463746949
-0.16559213817938268 -3.8010668267904357
-0.17105061439764221 -3.4685698966312755
-0.12588161526226532 -3.820565984869655
-0.1388020635830371 -3.4285224172431708
-0.25170307262470026 -3.7104439999146823
-0.26289681327574926 -3.670065522475361
-0.21748569073401716 -3.142133876289538
-0.37774026327046756 -3.5478926494588174
-0.3869495037502455 -3.79873070230419
-0.1529708040320877 -3.719306332431333
-0.3459477702047927 -3.5261729194290354
-0.20804280623390248 -3.8207626779453925
-0.2358348520923577 -3.3597609588980455
-0.33354910312451524 -3.259915001744675
-0.39739457575864195 -3.777226177152538
-0.226803261322418 -3.656785865422595
-0.3532780490029186 -3.4996849018677443
-0.11502941357680257 -3.241276925413697
-0.25257867493467256 -3.617140771616646
-0.19997493229407665 -3.804608514322792
-0.312949475839935 -3.8058910217722643
-0.2599865713983706 -3.3169324805436378
-0.10067261231761315 -3.161268413006996
-0.16519192844101782 -3.6099418780740073
-0.19527450615057218 -3.75077617108062
-0.25040842704480337 -3.7584258826481522
-0.3899036707639353 -3.8109811994351643
-0.1339376981425236 -3.620893757604862
-0.1946016196098602 -3.338525821752142
-0.2839807183969234 -3.23584867228724
-0.24470065911976963 -3.7098786452226507
-0.358351217705242 -3.5207010072313474
-0.3442793950598272 -3.550350090900598
-0.17966374038043273 -3.384681831042619
-0.17842720019562314 -3.195230039945291
-0.22752728230624583 -3.2125176795924615
-0.3972680879199783 -3.468758238775218
-0.2668680613461951 -3.3866465407093496
-0.36151335841977944 -3.5492098501411733
-0.25872596312795526 -3.5192559132408117
-0.33725786934556623 -3.564931363648669
-0.20634164691927157 -3.7253655944930384
-0.3530985183728337 -3.207515167861907
-0.3884793999431674 -3.453788051046401
-0.15418496052027508 -3.2139741752927167
-0.1960681492664654 -3.485004345703525
-0.33481925474114693 -3.4639252864818353
-0.3624477400994902 -3.607949534031934
-0.3161219204279771 -3.624161971497896
-0.3474476609748375 -3.7899614449096775
-0.35171395144289375 -3.374587082545873
-0.13058270662588978 -3.2534852531121605
-0.2726250695558461 -3.4793405104805974
-0.34046789380508125 -3.8261553361150162
-0.3144233684160324 -3.377387838174153
-0.3680723112676391 -3.1445523204451367
-0.20930641132196304 -3.3029269170102946
-0.21966127456489237 -3.218353420688111
-0.13542208635887482 -3.2948568465251764
-0.2482736131633883 -3.631217437304714
-0.2874761805149123 -3.7668581829784733

0.07332936693434458 1.7853624703322741
0.12404541853575696 1.7018150642615595
0.1476202574975195 1.824807102062394
0.14797098363281383 1.4114204010210585
0.06079687553738912 1.3489787954056123
0.11969864555348231 1.6895126491830412
0.0866305260439796 1.3660550203871669
0.0635548312849735 1.3589626289011956
0.1275650036380866 1.3130848829325454
0.14216199028169355 1.7271273331246109
0.08088993019433638 1.268055053955718
0.0610033075938667 1.9984987494968118
0.10291685488312005 1.8364983987436792
0.09481132746281487 1.4272601029767389
0.14919415298337607 1.9755746032015618
0.07499164094408438 1.278901271596243
0.13947095307146862 1.7114474064197014
0.0807918621772166 1.5243389375587695
0.13592426622863313 1.572329707932038
0.07179608195637267 1.3535660612955196
0.14131565677164368 1.6272208960153045
0.11318390243481424 1.4339774052165524
0.09142416174264995 1.926626632802581
0.1435569801900711 1.2504278692417339
0.09118250749793412 1.9539359022292844
0.09972821844616105 1.7217687341254697
0.07643700591452782 1.7673776042813234
0.07439805358524294 1.403206277718417
0.14068143439491537 1.5114889929557904
0.15674219999995387 1.3143873495254013
0.0830953742990963 1.4485333398858704
0.07106025032375549 1.3806672926770456
0.09392787667927627 1.660439827126009
0.0925193954071952 1.6789047465015612
0.1189167659172137 1.3464339546397992
0.14358757586194695 1.2853022667961513
0.12700239029726695 1.2222721697683836
0.09287140655543771 1.668557837173925
0.10760080492394841 1.2293396273688375
0.06873332335553936 1.810318746263361
0.11076194993789676 1.7361899509861791
0.10192670330172945 1.819600158616374
0.14781027812970415 1.9023878030413455
0.12448060321940023 1.9495362191574472
0.12036878016834636 1.9623769237910407
0.11801227408504003 1.7014439571375015
0.06745557584419085 1.6281551199365456
0.06044309066725016 1.6668598153553515
0.07045520534749874 1.3813688229783438
0.1242239506441021 1.7858973512123875
