5 50 20

0.24849207110067406 1
0.6207518419381002 1
0.4332566179696026 1
0.07376026528145774 1
0.08838195043175734 1

-0.3733901655475382 -3.3074323120865134
-0.38596568177099183 -3.3702123437394143
-0.10924138181121418 -3.47998234314323
-0.3791145562284579 -3.7643090830457604
-0.10502649688993482 -3.340059305584089
-0.18532510548929912 -3.1442935701188333
-0.3874386140663093 -3.6696720624098123
-0.3777186193132619 -3.1416715471293317
-0.23052858888003083 -3.878222024735326
-0.2934766659071553 -3.6227297963938483
-0.22113227890839973 -3.2950027592229945
-0.38702243774964146 -3.16922670417494
-0.1752234380451893 -3.3824422726178636
-0.28041220896310803 -3.703415494372943
-0.10781524141083099 -3.1427055772883516
-0.3753750178440954 -3.3392022472035734
-0.22544067157242048 -3.851248173875374
-0.35653907664721385 -3.5716045120299498
-0.328373350340441 -3.6837719854940745
-0.32652283134233706 -3.219495069080825
-0.3238721272756815 -3.3508313360075306
-0.1573980333055508 -3.1477494054910555
-0.1538032605917575 -3.6667879021652117
-0.18919050749931482 -3.5211021533652516
-0.15813386100241697 -3.237079974575836
-0.2899666645783569 -3.761736635902317
-0.1908057614005486 -3.46416478568437
-0.19861905925094264 -3.4090144121934562
-0.3222169616693096 -3.2499621797906073
-0.18205147228374668 -3.1533502986951336
-0.12687901838320592 -3.2385553575112795
-0.2721359995573768 -3.8045247300083695
-0.2167852591801023 -3.7931111890572926
-0.1874400770035587 -3.150336758991042
-0.1790501563866109 -3.770376670164285
-0.14643881714527546 -3.744133229144551
-0.117779982933437 -3.6422885441402415
-0.2888515617577847 -3.508017153367344
-0.21278175541939312 -3.8654193074043586
-0.37639948635594295 -3.2147921097336782
-0.16612842087617435 -3.4109220595003165
-0.17726981204756526 -3.2740977708952888
-0.10787697356854559 -3.7273850980983756
-0.2364115812276872 -3.713474925399039
-0.37872206533122776 -3.7160979593536694
-0.17970166139811566 -3.6789898421188134
-0.2583497696171191 -3.295262126231404
-0.19930847320979003 -3.4781137532746427
-0.3286133366508023 -3.6039320950306357
-0.12124586379181285 -3.456530433432581
-0.3046622911304773 -3.724506616929739
-0.13342175498567033 -3.2712091768445575
-0.1957145096896688 -3.2745033889554085
-0.3816761947726865 -3.258029576440024
-0.3757777315834692 -3.273665821771025
-0.3966299052973918 -3.240946063230048
-0.31236445152307746 -3.635397119335275
-0.2049711836574189 -3.185444525106678
-0.37727141248923873 -3.3076899476075243
-0.34088573353109275 -3.572547705423505
-0.21818185848456667 -3.4583647497717567
-0.1013739261462126 -3.6222278533062995
-0.15866835632564386 -3.3748063461490125
-0.24944983074436933 -3.360379952159353
-0.27589456978645205 -3.824319680137068
-0.1873496157959742 -3.1678596014121854
-0.15775557057084363 -3.4033632275347303
-0.12932683829126962 -3.4381460430291626
-0.31649701350598053 -3.2343956006691243
-0.31678547973092835 -3.823986541339916
-0.14841724353384428 -3.149123308075952
-0.39490608518144227 -3.352842492521996
-0.24270622383392354 -3.4529478662949606
-0.15918435907016665 -3.2559765931376567
-0.3832112734226737 -3.537033769307927
-0.18563048941972063 -3.857566072612205
-0.2140643835237695 -3.6472795174833608
-0.25571805508443946 -3.5420566441866237
-0.1034609168209229 -3.8787579114812547
-0.38426687839228796 -3.2019466119346602
-0.15907065848637292 -3.1985445242752917
-0.3663694959564773 -3.4256160645961558
-0.32505158932495204 -3.8393771846228577
-0.3294879387939632 -3.818024192417057
-0.14444587592765862 -3.773326262155089
-0.3339104007320891 -3.1960750851483106
-0.34933655178123224 -3.8284313879760865
-0.22339173797877993 -3.2901711515381065
-0.24239855701178328 -3.8584501250574434
-0.31750326718253286 -3.676653926458963
-0.37104581774688794 -3.8154514844768532
-0.212319300284357 -3.7104840994174046
-0.14504099745113896 -3.7327450910165596
-0.3876964169063887 -3.7016522463782846
-0.1945466478175907 -3.6727044238485007
-0.21605658757477894 -3.6910626362094314
-0.38275988583066106 -3.5296134078669628
-0.22486073498881828 -3.4884258359663978
-0.16676799894126848 -3.3040265614008693
-0.30880502110665475 -3.4639225260263258
-0.34531863474840113 -3.3665829221928236
-0.3369555897116898 -3.865473156553525
-0.39292957417938784 -3.308106461370964
-0.19661655640789344 -3.232994439289313
-0.36577192666419367 -3.40820698539945
-0.1961537571560248 -3.5330860038521306
-0.3640115789698169 -3.4963940500633197
-0.22002394572013864 -3.8384690158623576
-0.3080751419252217 -3.808200258760193
-0.3056867885309567 -3.583320708777986
-0.33819095525536513 -3.180307292323241
-0.2023182292870295 -3.595183776843054
-0.17737140726240594 -3.7039553030053747
-0.11281204192181288 -3.157666045576593
-0.17512309553960878 -3.170500326975546
-0.37785572563993947 -3.2493073281555658
-0.22890395435180197 -3.667800082640983
-0.3152797442867145 -3.6060809903367916
-0.22732625545408358 -3.7594707761944304
-0.25788678928668646 -3.866388798265332
-0.1649375017947301 -3.3445266388567987
-0.2651929024327667 -3.3057895457895046
-0.3752291252014137 -3.215804809198345
-0.11784228510306932 -3.2310767526948423
-0.36347705241996625 -3.677434676342109
-0.39479341579820576 -3.3314304777521255
-0.3425717341820291 -3.2165431080728624
-0.17498374050472584 -3.32302983678609
-0.2329724918254317 -3.241195463291191
-0.3594420662538454 -3.611737006108348
-0.1115477229903829 -3.3969207381226627
-0.27381123908426797 -3.727290964444258
-0.36925285837701016 -3.359311506144749
-0.3139365015968288 -3.434623382436795
-0.375148673491474 -3.185985608984679
-0.1613028264173158 -3.624795652556691
-0.13925188560789725 -3.581950806639619
-0.16892938007886224 -3.631956387418332
-0.18599299131341296 -3.3844592797682944
-0.17874660302242978 -3.5882069585913197
-0.2732164438030651 -3.3163955626467283
-0.3414264516004644 -3.8326768880191335
-0.194753249727355 -3.4172782594843394
-0.12598510249115535 -3.8432870121681773
-0.19436382288276718 -3.244942932808564
-0.11888779252853476 -3.304882461786285
-0.2517653262076492 -3.5033630646072815
-0.14853645610471455 -3.7487208954535682
-0.3754390533179664 -3.2714009797545045
-0.22454893088569197 -3.3443281237224887
-0.16787707077890474 -3.411840949996852
-0.26928456674311163 -3.7351358141356097
-0.22081393698059265 -3.6729897128549687
-0.20409885337216788 -3.6053460103102513
-0.21568061288804977 -3.263655805403111
-0.11057802084234114 -3.2968559775687982
-0.2744280220031548 -3.4447912962376037
-0.3592703852466951 -3.1877760921112013
-0.1230550893439894 -3.6059683417790316
-0.22313000997977853 -3.1847493702482255
-0.1756669601911626 -3.6415755039910085
-0.23362710785107313 -3.226276629325678
-0.35697770984858146 -3.498622659650596
-0.2775337666205721 -3.678005186637979
-0.20130934366342051 -3.531640064812603
-0.3907744428503459 -3.2575101233313752
-0.3693353607351561 -3.251356259891569
-0.15758972417029637 -3.3340831982521397
-0.2211349059378001 -3.797283897980609
-0.3427616110436318 -3.5379701530825582
-0.24779484409606464 -3.656196116184852
-0.37626755971713677 -3.5232454134385436
-0.25591190907567485 -3.7841653858874684
-0.23593800554544153 -3.3987571654442292
-0.3131809179855095 -3.772650138351642
-0.3017328694442325 -3.554023541965623
-0.3281560749004495 -3.308528593918977
-0.3808239608458402 -3.2607070073172313
-0.36175927082821324 -3.271875366610148
-0.2537745744488087 -3.397199539141662
-0.3074792219235392 -3.410714019388555
-0.28521148488056763 -3.221853652889912
-0.23465358371358888 -3.337489752535249
-0.35485368494361297 -3.238795217556023
-0.3792260632529737 -3.8894852283777617
-0.3634228003172942 -3.882982210658183
-0.35540859593739293 -3.3126913345556033
-0.30410999577248315 -3.352539389823752
-0.32815591020393736 -3.8529616231321175
-0.11249276446353129 -3.5628289120162506
-0.36341787088651456 -3.839533929117499
-0.17423573644407359 -3.370608134750368
-0.3580297773342223 -3.2863441564613636
-0.14842433982494874 -3.863012252203023
-0.3541724811196406 -3.582808596390915
-0.3028045405031021 -3.269743199898999
-0.3627291830918534 -3.600211964746249
-0.38938981533372896 -3.2884129482962026
-0.33264670398326585 -3.623619240341604
-0.2202424649620347 -3.2951957991282788
-0.1455688928163829 -3.3701407075101866
-0.10481202636562575 -3.8093312708238156
-0.25334661793600977 -3.4141830198294243
-0.22057440059440198 -3.8228302054286196
-0.31032075767172457 -3.2490558822173092
-0.21182125919336 -3.44042447318176
-0.3246570244217529 -3.532303661111792
-0.39333081151930394 -3.8018754041541727
-0.37041598713738294 -3.273375429026229
-0.35653922568355667 -3.142980692750255
-0.2611233345114521 -3.7473745941886114
-0.25910670782415174 -3.3200289167793233
-0.3270400413761346 -3.774025943398991
-0.33745564268337147 -3.2163291331260444
-0.15318983136275552 -3.6264934784137406
-0.3053963252067984 -3.477056943760363
-0.17733493158948083 -3.738106322958765
-0.19303203940472366 -3.3810258428535476
-0.30047627477681915 -3.4094975424660094
-0.22856376836398198 -3.3481077816952745
-0.2741150935749294 -3.827716185446309
-0.20488957528288268 -3.304773620589051
-0.26452781863161257 -3.7464723400952895
-0.2420889542365013 -3.8730023558043576
-0.269300359505569 -3.554373932584184
-0.12264413996026008 -3.257597993781904
-0.2505842627062092 -3.1406109680222336
-0.39549622784758554 -3.1979365909564774
-0.22145982785914473 -3.492417175372526
-0.17636553503612298 -3.2774069129268826
-0.23836083288425147 -3.2802299859807116
-0.34384547871784515 -3.76616637225462
-0.2911065379539932 -3.567908444211932
-0.10190733568539945 -3.6924531652602846
-0.11303833910667116 -3.452370064780144
-0.33126733500033506 -3.472501069647961
-0.12621711871520452 -3.844811623028855
-0.2939149453602251 -3.4116822222735825
-0.22239765629192332 -3.524132139972981
-0.1363064269609376 -3.4002950338756515
-0.18396335422386823 -3.2070430334961313
-0.2766609877552388 -3.569910242368983
-0.35164556197514796 -3.4416501008879825
-0.2892920112882052 -3.4106477001807036
-0.15853729363551475 -3.2647084708338108
-0.21414174035908023 -3.307275830621751
-0.18947974851101776 -3.5060704254171693
-0.3776430598839181 -3.707212566359792
-0.3105705820482634 -3.5747035950582244
-0.17100331966284285 -3.519410013243085

0.15990031667334392 1.6245817044041133
0.13538365861282203 1.9890073853172188
0.11132034683927819 1.535465199275071
0.06625087788276528 1.254165731783435
0.07415473011009384 1.5627446015856339
0.11931877077329633 1.8191642795324805
0.1346573638436566 1.7455155689264674
0.0684015304230288 1.601175081531918
0.12365813932207376 1.8611202049287876
0.15175619711855634 1.9276781749594725
0.1255336883962877 1.6029473782583175
0.15693667660844277 1.5219833212588916
0.13100170968104424 1.3390689739915336
0.07033693505448563 1.6365695065877774
0.1445660171388352 1.433382166659381
0.0947185531052864 1.8991553309329414
0.12179402234881645 1.4212695472564234
0.12779793104262235 1.9078990315392526
0.14101475947330266 1.930603543622643
0.14552235744357986 1.3047279188843819
0.062461046122679255 1.311097190221772
0.15828802658754632 1.9792780404191042
0.13965077437312742 1.7712534387352683
0.15476875296461842 1.4638519203958316
0.13386026384640404 1.9103492188799014
0.12025123068967344 1.9405113033691843
0.08928313099186991 1.5700207075592638
0.14938809140857762 1.5341839173039333
0.09452783392797133 1.510813648601439
0.14875167263519834 1.3835628286096386
0.1275300623912872 1.8370623491837406
0.08797332445410569 1.9700686605545306
0.1594200678543044 1.9240992170075408
0.0647635627469779 1.4785847713152906
0.06910160255776479 1.7106372322494945
0.06331647940844973 1.6453516597848137
0.09061211662214257 1.8583648883287214
0.06747557408692198 1.8808279748406695
0.15060557413213 1.9619985721460467
0.06351034058917054 1.9444431187227535
0.08786176122127136 1.6433750005784464
0.09953068224974568 1.803719423354207
0.14025414093044097 1.497345279657913
0.10097808242169518 1.618488203207939
0.060130249835885316 1.3165308483717777
0.11703014475487539 1.9467551423945233
0.08967968205300031 1.625657502182338
0.08977899027242331 1.434486136123387
0.14609862290640127 1.4974720113163773
0.07644543916517543 1.5649083525837169
