5 50 20

0.5448398599102181 1
0.22296132215144038 1
0.3315876419855065 1
0.06356755617014276 1
0.8786789688176293 1

-0.13559472052822252 -3.50574339204132
-0.2560598635712087 -3.2461013985966876
-0.27357259269707646 -3.336214805773437
-0.34390239443298426 -3.670370997153896
-0.2252460658557718 -3.7462639691673143
-0.2894732455737179 -3.654174235860259
-0.3813931202755641 -3.4117314906210208
-0.32726572811375254 -3.274567211111102
-0.1341475897828303 -3.3030245583411597
-0.3104439553676402 -3.222219672138775
-0.14215632072041362 -3.2277421032899394
-0.36418868736987 -3.801295354116286
-0.31593645740745946 -3.569263636808295
-0.2978668231456087 -3.866492138525875
-0.16974016698232303 -3.5438999071674124
-0.20650533831407747 -3.2119764016521177
-0.23882673164870305 -3.4721174632175744
-0.2420617695157179 -3.88478518134424
-0.32664435444744133 -3.211964611226011
-0.3610628518881498 -3.4021068842974858
-0.3120595407610148 -3.3511579964303784
-0.13175910447951955 -3.245328963304717
-0.27586649586963163 -3.1473816841120694
-0.2711568425397716 -3.571093569947974
-0.18698424342712017 -3.499917675875637
-0.25094766329330254 -3.6573332506438168
-0.12743666729435682 -3.805543870676267
-0.33993138027631103 -3.766627688659471
-0.2274932438498217 -3.83128220123798
-0.3930599562575602 -3.2633123958657237
-0.14378914273265087 -3.1531787984383426
-0.35881101491200906 -3.7733802197476494
-0.3532496258813243 -3.672483005584243
-0.36279500188737823 -3.3017473088208766
-0.1317589601829432 -3.6097848850043723
-0.19142988599270055 -3.248857357826587
-0.11576187766046214 -3.6253642648974056
-0.3243931389876421 -3.870748211024956
-0.14343324737113083 -3.6200654625294035
-0.3086865083158272 -3.8172186447541248
-0.2781548867851946 -3.586208901385218
-0.3473989781735602 -3.269885967076982
-0.39552966996709155 -3.5489721646712633
-0.1722473363914967 -3.271079574173773
-0.32142495637932783 -3.63339689039936
-0.12949465280981476 -3.7407752957499247
-0.3214000601782022 -3.2250047387765033
-0.34344242716552 -3.5661894207733438
-0.367936122168411 -3.390493482670533
-0.1475081871581777 -3.185216217582026
-0.3253483485497699 -3.396974792305381
-0.14836155436595866 -3.4452163962876354
-0.2666966702884178 -3.2024779457611796
-0.3193965898088273 -3.2669633817828934
-0.3452778640429789 -3.757340360122312
-0.23797747343628559 -3.611247558906214
-0.2952772692637315 -3.8360708005522213
-0.10015330226257463 -3.6591939920595156
-0.2553941010458646 -3.3386248086030568
-0.31358677752762976 -3.6296379137067887
-0.12725330055290174 -3.8223675202831977
-0.3732123581382533 -3.176409195856291
-0.16097835089184973 -3.2278700589328357
-0.1928649215384469 -3.2239913398079434
-0.27051231260708364 -3.2854920951645097
-0.36255926348457146 -3.1949426687165454
-0.15206145230281032 -3.4835154681770795
-0.17865845125907853 -3.4057524797813747
-0.3448734697588293 -3.4829326054500385
-0.18172204202830872 -3.5560131180814762
-0.24045196178666156 -3.586117087813396
-0.22035579999233568 -3.614706221011204
-0.3138060054324392 -3.246894208983189
-0.39823481409441613 -3.374973362371353
-0.14443902193493885 -3.879038688252234
-0.2287059628154763 -3.7433514630584215
-0.2892165051405168 -3.246848993424218
-0.31503309907261656 -3.7299368748412123
-0.18307399755639137 -3.324722217447535
-0.1989161988220043 -3.5401789828855863
-0.30004810855381064 -3.5455098977076305
-0.20994318396452477 -3.308209086248522
-0.30205417067909507 -3.185325696292174
-0.29142099640096747 -3.2359036636674574
-0.23490077239135568 -3.2379991203844574
-0.10618730694371964 -3.464865728578801
-0.23817109631879302 -3.215641021753294
-0.1881239734701391 -3.8372494749818307
-0.22802990681618232 -3.4631780864586714
-0.20390698487724623 -3.775080485965299
-0.3417451445990311 -3.5564438916006473
-0.33469020777085473 -3.1814514045460127
-0.15826274386107891 -3.314881567611598
-0.2863158405726782 -3.5435768020192073
-0.28568225142585046 -3.584713043468834
-0.15013091307405355 -3.3997475810895756
-0.24652238570310742 -3.244290807758652
-0.23117278973333494 -3.209454561458047
-0.21996684188897975 -3.748823458101539
-0.16809715983072662 -3.328055017299111
-0.3800932615341222 -3.6842384331286184
-0.18899887345351116 -3.349952602372415
-0.3334957909824402 -3.622822804935896
-0.2143581100537279 -3.870454845941875
-0.3289393061951571 -3.4971035544797076
-0.14207226949733576 -3.244597466761989
-0.29469262063019974 -3.1810704442986117
-0.30177707071448073 -3.4992456095308273
-0.3157323678325813 -3.248913131207084
-0.23232774434214953 -3.3899079880304237
-0.1484496394609619 -3.742175207888301
-0.29064715022026993 -3.660031656065404
-0.27386841151298 -3.602273934580128
-0.2027919737955017 -3.4695955411740638
-0.2666381239066472 -3.4370060080522835
-0.22498027806753354 -3.5449142096877093
-0.10173317831162049 -3.4609617430260506
-0.15749320778175052 -3.2884727950278148
-0.2873054616611203 -3.2029679678338088
-0.24558753023701296 -3.424930733865933
-0.2299653432134397 -3.387370974426828
-0.1135477131283339 -3.366674198480347
-0.3277212569954346 -3.7343998998148535
-0.10177640979793662 -3.1714048253136364
-0.15610990037486683 -3.240761437567001
-0.2439652032211591 -3.664856633513774
-0.14202014302767613 -3.497305972938618
-0.3046810348147813 -3.873013666309564
-0.38408394648107613 -3.43255864745424
-0.15402970064309524 -3.7463808091212867
-0.19827309885512256 -3.152933828727004
-0.1375331423777711 -3.146576226457819
-0.10670735454270369 -3.544138469368134
-0.27626971049944915 -3.414959211473693
-0.2017117772583851 -3.393151980236566
-0.33522369394146956 -3.8092890971290174
-0.1593290510269166 -3.2917945237786363
-0.3742535884753818 -3.205943235878077
-0.13974716656699443 -3.3031351343220896
-0.18340019234604668 -3.147899752723804
-0.33465161179507513 -3.8748073216492043
-0.16167100321835404 -3.6473567412296233
-0.13291067969091486 -3.6117890610172183
-0.373421595552197 -3.553551482697652
-0.23671796736015033 -3.7971487602761584
-0.3892529107812038 -3.845115597252555
-0.3621200374083737 -3.4133143483211428
-0.19925991670401674 -3.546370613107996
-0.26558570130398484 -3.810481472513059
-0.33315533632278493 -3.5266411502153887
-0.2093225959554329 -3.5567504578871088
-0.2792979777211315 -3.5382720444430733
-0.2576013814790337 -3.697591314555388
-0.19608336957721462 -3.223301253323018
-0.1777403993475874 -3.526082208644151
-0.28466930597397255 -3.709010059226745
-0.1420625031268134 -3.1962401365147537
-0.18372937226492433 -3.8493872957518556
-0.31551360844424664 -3.2562443659839193
-0.1955511938897154 -3.750775649091858
-0.3383150003024078 -3.5384223261489804
-0.10649879341011786 -3.7758638502703046
-0.15620702203169165 -3.215369855308438
-0.2722745504545262 -3.7126751405074163
-0.12960028054014533 -3.5640679946400216
-0.2390350919935932 -3.3891517395932382
-0.28884627694805964 -3.6319950186739014
-0.20559698906680127 -3.608210409717084
-0.3511090456664425 -3.5696123458889826
-0.2219188791435101 -3.353000497105574
-0.3603335664946161 -3.3755132599041016
-0.15079206684031968 -3.269156034021301
-0.27145408424318196 -3.4333857600265842
-0.39675220413958445 -3.6245514017514746
-0.3107542169108411 -3.7723202382437084
-0.2717345996506543 -3.385097807595709
-0.2151745419780513 -3.3566014451548636
-0.303083061430331 -3.274273099621501
-0.2477657472588611 -3.7422469273366055
-0.35735195376010387 -3.5107831051075813
-0.36473998910679656 -3.3403888290968933
-0.29056191699171485 -3.178840634982044
-0.2180963321811604 -3.631630585604922
-0.16193714660630082 -3.3813432567054447
-0.2409670807001046 -3.566852124928092
-0.25088980681435996 -3.32763626071735
-0.21642084833979022 -3.8036868593736486
-0.17627636339701666 -3.143731396808718
-0.1155534026997056 -3.5800516187594815
-0.14107420669978088 -3.474689608933566
-0.27629983476679293 -3.3920922975865975
-0.26238705032072007 -3.703791999195576
-0.14474728240017248 -3.6967845252342952
-0.1780858415346302 -3.212320457065029
-0.145407996805626 -3.1860733506452164
-0.2005548635225795 -3.384393173910165
-0.19080086721150985 -3.6120321015058128
-0.26929249943662803 -3.4183254821512716
-0.39946207684956575 -3.387361966207428
-0.22975883998227584 -3.4577862933361283
-0.28027990959693105 -3.4246408072658125
-0.2331471570443075 -3.8498635009745525
-0.20801065049441694 -3.5632848254072775
-0.3985573458936126 -3.488056938370764
-0.12410315900212998 -3.754122371255128
-0.27189045564135694 -3.601079377595038
-0.36638243209587795 -3.1565374920783027
-0.1291164432785311 -3.6807341378621174
-0.34444784436133496 -3.401271786652248
-0.39483183736857114 -3.620241354247077
-0.3024309305143781 -3.4578589765798475
-0.30567632944634776 -3.7939318291469872
-0.16878225532654106 -3.711116640120705
-0.26884720137176044 -3.398840359603651
-0.28945046627157167 -3.8091970230409586
-0.16659665864925216 -3.383938367876808
-0.2756268551599037 -3.6287012865593877
-0.3901338317978698 -3.219758687326639
-0.2943754196203088 -3.225643516982255
-0.295879003827971 -3.220351025101772
-0.1726922509928555 -3.522174812776326
-0.17684860731016888 -3.4250607126787003
-0.14593109424411932 -3.562451286916876
-0.29965262133058856 -3.8404902202336757
-0.12518071516038604 -3.3954192126243736
-0.2553470665728559 -3.5484959690409044
-0.2156032663800305 -3.298157152560224
-0.2918491496357194 -3.3212807190076843
-0.29112263168814906 -3.8643474475199713
-0.16199448346289477 -3.7038366700679717
-0.2774432890153497 -3.663053613321541
-0.34763671715228517 -3.3098062453239
-0.20483215128229568 -3.2922607022651342
-0.3676165399632728 -3.3972936329613126
-0.3849909071876828 -3.769197372288556
-0.10682986367934388 -3.4956082773099846
-0.16335813117996378 -3.5267216940695545
-0.24931237033529569 -3.733051427844796
-0.24836434425466228 -3.882861660254517
-0.20270263031300204 -3.6683670067577383
-0.3347416832494941 -3.728152926729747
-0.3431338939295887 -3.620829640980594
-0.18047756087512137 -3.3074713161337046
-0.20773323610867642 -3.1588733682136354
-0.21584006599000174 -3.676933323487242
-0.24864200775447973 -3.2570783402644397
-0.298698962644005 -3.8018397554878574
-0.17123312074500782 -3.4670986934507058
-0.3714845236999383 -3.5805253899394853
-0.3642174525762432 -3.6363767088030494

0.07288009419433511 1.5302566197014502
0.11467509465440051 1.6474538154141265
0.14717396911519925 1.5548240256772048
0.1335089488405561 1.7712332861099005
0.06346424763991884 1.2096752491396765
0.12639859665115283 1.582311612203023
0.09082586403094106 1.708959106539929
0.08747553421092984 1.3508483560850824
0.06136241056464718 1.6788856321144636
0.12368502894144416 1.5765372085752951
0.15638440503573475 1.2510552550926188
0.15004483791404077 1.7475785134214459
0.0855059650117099 1.412341540584916
0.10109169152790945 1.9355496857895873
0.06918156625524435 1.8993543179440953
0.10582287370732718 1.8379854444348218
0.13954542399730652 1.9285064207909008
0.07726634470896263 1.588471046094621
0.06751636973031779 1.9557680534436757
0.11685773502486496 1.8605575810208228
0.10977244051400306 1.38914840436225
0.10871872744229577 1.7761963280863249
0.06356057240893506 1.3046828115768627
0.13014974425477588 1.7608697015195995
0.14189334303990117 1.376725972856889
0.14741648137090924 1.2520499506120037
0.06269968734672252 1.5066496103512859
0.08800407593584132 1.7791014270007364
0.11815875785569233 1.8501540357246506
0.07761045880818687 1.5427675301742336
0.1288171195999343 1.4205218161153503
0.1311208080780245 1.9275071611087
0.08378619201188112 1.3561114724371544
0.10819948949779987 1.3102171036888361
0.06489098978706874 1.2493251880066192
0.06892295535112997 1.3997918118863932
0.09443565500009883 1.9678667763526343
0.1430253049445635 1.7877017938603816
0.15241749583082442 1.9227090186370503
0.09587077403793598 1.3724696479593048
0.07326364538329078 1.76165346847925
0.08872314630464403 1.935371845381964
0.060394248808804465 1.8688936690464404
0.09620653223614119 1.2688834704965106
0.09606007452480449 1.6709359597592297
0.10077756391515114 1.9437982289077356
0.14814874504856224 1.6774592242596658
0.08444155931263755 1.7850176288638875
0.06479368038540342 1.4701032840608903
0.0765071540133368 1.6521698332164663
