5 50 30

0.7363442622062121 1
0.737876104585354 1
0.7921745359912787 1
0.8915311981135589 1
0.3960527795661306 1

-0.12779785388046144 -3.7990845581672246
-0.23699122400113426 -3.794840521825051
-0.2542682327531992 -3.184006840479461
-0.2695490382751494 -3.2778815355468107
-0.34398488659556414 -3.284889288176295
-0.1963779410807062 -3.3280318248324097
-0.18767315798631995 -3.656758577442231
-0.21273811266175288 -3.5226365628230987
-0.20050698728759447 -3.6436218302890833
-0.229688053143474 -3.327330655434583
-0.26987335835250464 -3.78158997591578
-0.16658198985537637 -3.146276377657941
-0.2599258244670135 -3.4514204390486505
-0.22893896255261556 -3.413547491207546
-0.14592303031902526 -3.2655958242042686
-0.280118008732923 -3.717146162242348
-0.1457498278525619 -3.368717602060552
-0.2327796070894616 -3.4175463310202394
-0.182665982958941 -3.5402767032651847
-0.37257944860034176 -3.751712004609792
-0.34254405695704915 -3.812073551977286
-0.3529795231783384 -3.296588394851612
-0.24703166565662876 -3.3229591404949623
-0.3630986179519769 -3.641273326933243
-0.23642661829683917 -3.369352610126192
-0.17077235825176784 -3.246080799108412
-0.20693036599470935 -3.6592631733730214
-0.34695006948173285 -3.661715459924855
-0.11588137116419878 -3.493711363232455
-0.21003544337710614 -3.8455081146790504
-0.36412564958821403 -3.326226488708632
-0.13786244460543085 -3.404776941393753
-0.2513551038127843 -3.4389426240238166
-0.3921014107897545 -3.204960977961915
-0.15691037027173171 -3.164763316965342
-0.16067528942815973 -3.5166461712008847
-0.35725526499901444 -3.4200841317695208
-0.2418167100637606 -3.452080479762547
-0.23594776233792855 -3.478420648522537
-0.18240038528258307 -3.5261086159834085
-0.24228769288143082 -3.3600796780662114
-0.20128709881013987 -3.3424190230502897
-0.35024650939846463 -3.1966790696690577
-0.3592054534850381 -3.7827820362231663
-0.10369444664881877 -3.5839734663163014
-0.10592843185931095 -3.767918816642576
-0.2533483253417789 -3.347769348434456
-0.22022676251276882 -3.340594156047005
-0.3969662471321296 -3.5530993355578104
-0.3235239059015193 -3.3614051214619485
-0.3231568883412555 -3.730126641059571
-0.14199493259443396 -3.4971251347008936
-0.14735108280173975 -3.4374397242527706
-0.12353715441517948 -3.8629395545682907
-0.20849339815511053 -3.6981158321968097
-0.2966661991696225 -3.499911080677788
-0.38572239147727244 -3.289927761872077
-0.25499694360943786 -3.2847777981753916
-0.17527333847737717 -3.2172112209635397
-0.3952870322940299 -3.352129756393418
-0.17116732148548838 -3.3674127593699303
-0.23465642319715332 -3.497561321617349
-0.3047366119529624 -3.603409775553341
-0.3768458602703726 -3.422298049870666
-0.18921409558211508 -3.201798709857731
-0.24053791465284038 -3.750544222565914
-0.24464990983472157 -3.5139162587750654
-0.11419567480890841 -3.379322578196549
-0.2694962645551243 -3.4735814458030747
-0.2546023165341921 -3.716399948783116
-0.18499437869266058 -3.823707910237339
-0.26770235763646655 -3.3783611981190553
-0.26875666468072557 -3.219810945776279
-0.20170608727963124 -3.193101977820433
-0.20155310715451671 -3.7575910906373537
-0.3779592442059958 -3.3284335094420188
-0.25709195014812525 -3.4026193152935553
-0.3824754791090327 -3.8723163980449717
-0.17704827512462962 -3.37682004193849
-0.11406976017396342 -3.2495645060874967
-0.265067127128165 -3.5125813717406906
-0.10555278383062766 -3.53686658572576
-0.278978069365677 -3.791717716834209
-0.19187216210429514 -3.8189682657092416
-0.22357688183688124 -3.6927388300249397
-0.13467074979018512 -3.144959419466577
-0.11060483111995928 -3.3069250498297857
-0.1624151878337401 -3.608630196473454
-0.18254502153460844 -3.565083463945939
-0.2966859258397294 -3.7161428257468767
-0.1351086546674805 -3.8638885856530516
-0.3772795717679681 -3.7188216337983486
-0.3913797896434651 -3.404219667460352
-0.3416380447240658 -3.6156274074784545
-0.30360846582540096 -3.6598544228130465
-0.19893191350193104 -3.337702872378919
-0.12411780993027083 -3.809361263965682
-0.23469227922153868 -3.690271554825091
-0.308258611852417 -3.162842859611007
-0.13650334295925826 -3.4206445819790448
-0.2993464976473022 -3.8068753102371473
-0.30873263143605245 -3.148761690735925
-0.36325114851231377 -3.6087912359885004
-0.35963307113483 -3.8288454366103775
-0.18738514437929715 -3.1794742902668123
-0.16133479808405604 -3.691044616898222
-0.14281276808547017 -3.262252440587104
-0.3855315494997256 -3.7009746001117274
-0.1976811508055355 -3.5993122243455415
-0.36860547409492433 -3.272370744135058
-0.1355890093147758 -3.278322540201028
-0.10698099048714527 -3.2522866414468705
-0.12526230948815453 -3.7464748678258357
-0.38668181798379947 -3.8909624781395697
-0.185715540560425 -3.6424215584694846
-0.21091199692693782 -3.485472120115009
-0.2933970265929309 -3.853609831045158
-0.14805529159296527 -3.7650378480206412
-0.12712962820003082 -3.3218102095913395
-0.13130274424206978 -3.2070344971497535
-0.3125461662048862 -3.1726616378069283
-0.1581769432591075 -3.391537369933776
-0.11171180273237852 -3.696920537481661
-0.3656951249574788 -3.6463660044544586
-0.13545299729320676 -3.2928825638857853
-0.13471668151685573 -3.1904242888594636
-0.2189364079608773 -3.739812313178572
-0.22121805736181746 -3.1764645327230174
-0.17285887888272325 -3.5319572976943236
-0.27543476616204116 -3.5780053181087905
-0.29505745845725784 -3.70784367305441
-0.20512868573961235 -3.583039401127808
-0.3885081967969962 -3.588304348589633
-0.39935992707133733 -3.174978891885125
-0.2897100332930832 -3.4765739737358032
-0.19424102170736585 -3.7439738611629605
-0.18842102023979418 -3.437260058698315
-0.2261795821915444 -3.5178122521516
-0.39911294198376374 -3.697535672331631
-0.29532253438665507 -3.854709750005036
-0.3679262624516099 -3.4467820825156417
-0.13093439523308537 -3.8409514631057657
-0.3458874590282964 -3.442265998765185
-0.10190999573383741 -3.3773550662242657
-0.3035538967503282 -3.1774990115989485
-0.39698798006540487 -3.4642743717870976
-0.3288076239094405 -3.5877049087133837
-0.18981374527593667 -3.5326790108741037
-0.24673466831060162 -3.7727121982737275
-0.37244928440365743 -3.253242609238492
-0.3864929022176001 -3.368006037356028
-0.1621904990491203 -3.3676273284445193
-0.313838084477952 -3.2827046429149123
-0.26491834593121294 -3.809343062968695
-0.25251462287675164 -3.743436635176688
-0.2704415291613449 -3.1857027084294955
-0.2425380358995629 -3.3271323757296614
-0.3313309859815001 -3.832663181672935
-0.3509082990085882 -3.2552652149964825
-0.2877605334291056 -3.5385890643200226
-0.12648979755406142 -3.1957164168506615
-0.20983334669550177 -3.336265234879389
-0.358720537729343 -3.333611267258658
-0.2636131783106036 -3.40316500930076
-0.22512569487370404 -3.8252744490802764
-0.3468131082780252 -3.71660393390804
-0.256147581182892 -3.8363789211336967
-0.36050966125729444 -3.7964501288156023
-0.33417152622205426 -3.1415511948967265
-0.38425332322510836 -3.610086534451589
-0.23467124389287775 -3.164834322312805
-0.19410458441564082 -3.5434462782947587
-0.2927679753731601 -3.262906481489483
-0.13648185149256814 -3.7626487309533236
-0.34662560440547624 -3.7469525923138507
-0.32451710974629944 -3.7161209835369924
-0.2146869763736716 -3.507588866384521
-0.3559137042927957 -3.3785213648682415
-0.15580709022494502 -3.7858549395027836
-0.2910834798804288 -3.153430412278202
-0.1777067977025048 -3.5951944132135263
-0.37595900311666036 -3.81386609173144
-0.2045454723365587 -3.2279241042150777
-0.16062766515746046 -3.3058566053323086
-0.32807624268769847 -3.634361738047587
-0.17739881698281637 -3.413927965721392
-0.21317511781724433 -3.256235595438157
-0.16048125792608153 -3.240727004448195
-0.23572424091509786 -3.5731752764522415
-0.15192852012926503 -3.6883857573742236
-0.13196570113585898 -3.168025235895002
-0.10265917766198474 -3.2321563487987475
-0.2824817395888356 -3.463581224549363
-0.3963587450285843 -3.4982689264464613
-0.3143318788811635 -3.3509632663855973
-0.37688230431335373 -3.564688552712868
-0.14069950515964597 -3.6701269775188474
-0.3988481853659978 -3.733016900423898
-0.23180794388157974 -3.5036142278640927
-0.19191281685480155 -3.3644666966889476
-0.2973062531868019 -3.5989818282689243
-0.3845271359752495 -3.6922731281799197
-0.27653157781289867 -3.310898595929829
-0.22144212949734624 -3.647099046522871
-0.10049989319731384 -3.4751611467020243
-0.3404864084231491 -3.4389010919223466
-0.37376435765860644 -3.805075613432923
-0.2482429581265758 -3.3373952663891524
-0.3609967117944989 -3.7852013788384995
-0.1805831063957825 -3.308758117826578
-0.3885097963060101 -3.8874373392296664
-0.32269869286142694 -3.5597598665543915
-0.3099270229381572 -3.4926785489168166
-0.1090773729604988 -3.43156628649268
-0.12821432058836923 -3.823878907867435
-0.14597695069548872 -3.2851184282951733
-0.37184263767187276 -3.3529096108746534
-0.16293818646932876 -3.4411159626354664
-0.19672291950323703 -3.8802449725711274
-0.2951380574583725 -3.565401942030948
-0.2892662906259147 -3.4876238902220904
-0.21761323570383187 -3.5636182353621417
-0.16978867589786226 -3.2171858518082965
-0.1691596838879347 -3.4687007092356263
-0.24368485262151005 -3.6811108520170412
-0.22357886637599558 -3.7917505484614042
-0.29076071494390776 -3.684148789519176
-0.33966895193164687 -3.870724900956851
-0.21378303707286442 -3.693571958581986
-0.256209651516465 -3.152509985911757
-0.2644613004551066 -3.2690661005386947
-0.3570034495051779 -3.248742295160028
-0.12673673033540794 -3.6914879143270953
-0.309387323124035 -3.3322256220626327
-0.24352265905312767 -3.4268569738176486
-0.2890201323334024 -3.8270931129681016
-0.30950709964239903 -3.4125155738692956
-0.1989433289564881 -3.6143966882182372
-0.21732312611115223 -3.156534681075486
-0.2522872470232378 -3.539480086133907
-0.3194018044757887 -3.5863055726741524
-0.35211387422785506 -3.6231202312563715
-0.22951066953515847 -3.46502002518395
-0.35669786196893527 -3.2288492648974376
-0.30339373736144576 -3.3347929789890984
-0.2709646394902563 -3.472537322180382
-0.2703549132174038 -3.59046626264636
-0.38517694975981626 -3.146728608834825
-0.1851381995898297 -3.257876064563969
-0.32385599915525776 -3.310068289832712

0.12555742273263004 1.3842164009141458
0.14175139870433423 1.5171199416868713
0.09628963765656781 1.6019401525411827
0.13851393284413455 1.6484719844256401
0.1538303069024085 1.82797307228252
0.12003489048167643 1.9553377010557722
0.09881683419252615 1.319107742453826
0.09670993242954173 1.638785654317867
0.09206532819076721 1.774117275190157
0.10121856681937969 1.371999500745794
0.09491599849516055 1.5054805874602224
0.10610990995703001 1.5852295783675117
0.10974022944779861 1.8271042356810008
0.1083547584659304 1.627553091322347
0.13477626643190044 1.430657022909625
0.08556059012030391 1.6754884404053476
0.0846347541249034 1.739661161488099
0.130682529462942 1.781533519833544
0.06112286390912843 1.2809397447432256
0.1426934541323005 1.6767111612403025
0.1501854308032577 1.8493186577431997
0.08011790823643469 1.89429280153265
0.1340422232016718 1.8241903392465029
0.13286321971202522 1.571140819000206
0.14768403674516306 1.6738440976830176
0.14091839770550574 1.6322742321171517
0.06728866621695227 1.6552134129364404
0.06927867154045866 1.7546090038328728
0.09742678629111315 1.6871548494062687
0.11272941363696076 1.9927438632368157
0.11957781926462176 1.9892668358850685
0.09642658366937801 1.2169600754957925
0.1514899969313641 1.6044515291100865
0.10746085869132316 1.5806811988568361
0.14746806159010017 1.6339946615615757
0.12485254208220191 1.575839222318895
0.0815897805307681 1.2220313885375071
0.12152894519704613 1.5753469961425197
0.0681781285010424 1.6098219033394363
0.10386734496746339 1.7385280081712935
0.15104074017852592 1.986079559372055
0.12758505686888733 1.841734885932824
0.12400506080387831 1.5777831472062573
0.11503275622417947 1.37031908840325
0.1350497847426007 1.6657134839795384
0.11664215235040057 1.2578486566722977
0.1355872944453958 1.6175115871878143
0.07804066111916044 1.9188594468488207
0.08794737254909232 1.667916555922035
0.06698865383766991 1.2572269650675134
